-----------the k_s test p-value [metric:degree distribution]
k=5,k=30
[0.9999999966334423, 0.99974824493667935] #[data:Facebook]
[0.98757942036027679, 0.030865344907445483] #[data:Wiki Votes]

-----------the k_s test p-value:[metric:betweenness distribution]
[0.99999517966571738, 0.99879741545020395]#[data:Facebook]
[0.99999411442696839, 0.99999411442696839]#[data:Wiki Votes] changed decimal = 0.001


-----------the k_s test p-value:[metric:closeness distribution]
[0.99723310005693655, 0.34949439565293478]#[data:Facebook] changed decimal = 0.005
[0.99999995491001226, 0.95500033420834296]#[data:WikiVotes] changed decimal = 0.001



----------------degree distribution:WiKi Votes
[(1, 2315), (2, 641), (3, 387), (4, 245), (5, 165), (6, 160), (7, 138), (8, 111), (9, 89), (10, 110), (11, 86), (12, 93), (13, 64), (14, 65), (15, 59), (16, 53), (17, 47), (18, 56), (19, 33), (20, 44), (21, 42), (22, 41), (23, 28), (24, 38), (25, 26), (26, 38), (27, 31), (28, 39), (29, 37), (30, 32), (31, 36), (32, 22), (33, 28), (34, 26), (35, 20), (36, 22), (37, 29), (38, 25), (39, 29), (40, 25), (41, 27), (42, 27), (43, 23), (44, 30), (45, 28), (46, 26), (47, 27), (48, 28), (49, 22), (50, 27), (51, 26), (52, 27), (53, 16), (54, 21), (55, 26), (56, 18), (57, 28), (58, 24), (59, 17), (60, 22), (61, 24), (62, 13), (63, 19), (64, 22), (65, 13), (66, 24), (67, 22), (68, 7), (69, 16), (70, 22), (71, 15), (72, 21), (73, 17), (74, 10), (75, 18), (76, 11), (77, 13), (78, 10), (79, 15), (80, 12), (81, 15), (82, 5), (83, 8), (84, 12), (85, 11), (86, 10), (87, 19), (88, 7), (89, 16), (90, 5), (91, 8), (92, 8), (93, 11), (94, 7), (95, 6), (96, 10), (97, 10), (98, 10), (99, 8), (100, 9), (101, 8), (102, 3), (103, 10), (104, 8), (105, 9), (106, 4), (107, 8), (108, 4), (109, 9), (110, 7), (111, 6), (112, 9), (113, 5), (114, 12), (115, 9), (116, 8), (117, 5), (118, 9), (119, 8), (120, 3), (121, 6), (122, 4), (123, 7), (124, 7), (125, 4), (126, 12), (128, 3), (129, 3), (130, 5), (131, 2), (132, 2), (133, 5), (134, 3), (135, 2), (136, 3), (138, 5), (139, 6), (140, 2), (141, 4), (142, 3), (143, 3), (144, 8), (145, 2), (146, 5), (147, 8), (148, 3), (149, 3), (150, 4), (152, 3), (153, 1), (154, 4), (155, 1), (156, 3), (157, 5), (158, 2), (159, 4), (160, 4), (161, 1), (162, 4), (163, 4), (164, 3), (166, 1), (167, 2), (168, 3), (169, 2), (170, 1), (171, 2), (172, 3), (173, 2), (175, 3), (176, 1), (177, 2), (178, 2), (179, 4), (180, 1), (181, 4), (182, 1), (184, 1), (186, 3), (187, 2), (188, 1), (189, 2), (190, 4), (191, 3), (192, 2), (193, 3), (194, 4), (195, 3), (197, 2), (199, 1), (200, 1), (202, 3), (203, 1), (204, 4), (205, 4), (206, 1), (207, 1), (208, 2), (210, 2), (211, 2), (212, 4), (213, 1), (214, 2), (216, 2), (217, 2), (218, 2), (219, 1), (221, 2), (222, 1), (223, 1), (224, 3), (226, 2), (227, 3), (228, 2), (229, 1), (230, 2), (231, 1), (232, 1), (233, 2), (234, 1), (238, 2), (239, 1), (243, 1), (244, 2), (245, 1), (246, 1), (247, 1), (248, 2), (249, 1), (250, 1), (251, 1), (253, 1), (254, 1), (255, 1), (256, 1), (257, 2), (258, 1), (260, 1), (263, 3), (264, 1), (265, 1), (266, 2), (268, 2), (269, 1), (271, 1), (274, 2), (275, 3), (276, 1), (281, 1), (287, 1), (288, 1), (291, 2), (292, 1), (297, 1), (298, 3), (302, 1), (303, 1), (305, 1), (309, 2), (311, 2), (314, 3), (318, 1), (321, 1), (328, 1), (331, 1), (332, 1), (334, 1), (346, 1), (352, 1), (353, 1), (356, 1), (361, 2), (362, 1), (365, 1), (368, 1), (372, 1), (378, 1), (384, 1), (387, 1), (395, 1), (399, 3), (403, 1), (406, 1), (410, 2), (414, 1), (425, 1), (435, 1), (446, 1), (467, 1), (477, 1), (495, 1), (517, 1), (533, 1), (618, 1), (688, 1), (732, 1), (740, 1), (743, 1), (773, 1), (1065, 1)]
[1, 2, 3, 4, 5, 6, 7, 8, 9, 10, 11, 12, 13, 14, 15, 16, 17, 18, 19, 20, 21, 22, 23, 24, 25, 26, 27, 28, 29, 30, 31, 32, 33, 34, 35, 36, 37, 38, 39, 40, 41, 42, 43, 44, 45, 46, 47, 48, 49, 50, 51, 52, 53, 54, 55, 56, 57, 58, 59, 60, 61, 62, 63, 64, 65, 66, 67, 68, 69, 70, 71, 72, 73, 74, 75, 76, 77, 78, 79, 80, 81, 82, 83, 84, 85, 86, 87, 88, 89, 90, 91, 92, 93, 94, 95, 96, 97, 98, 99, 100, 101, 102, 103, 104, 105, 106, 107, 108, 109, 110, 111, 112, 113, 114, 115, 116, 117, 118, 119, 120, 121, 122, 123, 124, 125, 126, 128, 129, 130, 131, 132, 133, 134, 135, 136, 138, 139, 140, 141, 142, 143, 144, 145, 146, 147, 148, 149, 150, 152, 153, 154, 155, 156, 157, 158, 159, 160, 161, 162, 163, 164, 166, 167, 168, 169, 170, 171, 172, 173, 175, 176, 177, 178, 179, 180, 181, 182, 184, 186, 187, 188, 189, 190, 191, 192, 193, 194, 195, 197, 199, 200, 202, 203, 204, 205, 206, 207, 208, 210, 211, 212, 213, 214, 216, 217, 218, 219, 221, 222, 223, 224, 226, 227, 228, 229, 230, 231, 232, 233, 234, 238, 239, 243, 244, 245, 246, 247, 248, 249, 250, 251, 253, 254, 255, 256, 257, 258, 260, 263, 264, 265, 266, 268, 269, 271, 274, 275, 276, 281, 287, 288, 291, 292, 297, 298, 302, 303, 305, 309, 311, 314, 318, 321, 328, 331, 332, 334, 346, 352, 353, 356, 361, 362, 365, 368, 372, 378, 384, 387, 395, 399, 403, 406, 410, 414, 425, 435, 446, 467, 477, 495, 517, 533, 618, 688, 732, 740, 743, 773, 1065]
[2315, 641, 387, 245, 165, 160, 138, 111, 89, 110, 86, 93, 64, 65, 59, 53, 47, 56, 33, 44, 42, 41, 28, 38, 26, 38, 31, 39, 37, 32, 36, 22, 28, 26, 20, 22, 29, 25, 29, 25, 27, 27, 23, 30, 28, 26, 27, 28, 22, 27, 26, 27, 16, 21, 26, 18, 28, 24, 17, 22, 24, 13, 19, 22, 13, 24, 22, 7, 16, 22, 15, 21, 17, 10, 18, 11, 13, 10, 15, 12, 15, 5, 8, 12, 11, 10, 19, 7, 16, 5, 8, 8, 11, 7, 6, 10, 10, 10, 8, 9, 8, 3, 10, 8, 9, 4, 8, 4, 9, 7, 6, 9, 5, 12, 9, 8, 5, 9, 8, 3, 6, 4, 7, 7, 4, 12, 3, 3, 5, 2, 2, 5, 3, 2, 3, 5, 6, 2, 4, 3, 3, 8, 2, 5, 8, 3, 3, 4, 3, 1, 4, 1, 3, 5, 2, 4, 4, 1, 4, 4, 3, 1, 2, 3, 2, 1, 2, 3, 2, 3, 1, 2, 2, 4, 1, 4, 1, 1, 3, 2, 1, 2, 4, 3, 2, 3, 4, 3, 2, 1, 1, 3, 1, 4, 4, 1, 1, 2, 2, 2, 4, 1, 2, 2, 2, 2, 1, 2, 1, 1, 3, 2, 3, 2, 1, 2, 1, 1, 2, 1, 2, 1, 1, 2, 1, 1, 1, 2, 1, 1, 1, 1, 1, 1, 1, 2, 1, 1, 3, 1, 1, 2, 2, 1, 1, 2, 3, 1, 1, 1, 1, 2, 1, 1, 3, 1, 1, 1, 2, 2, 3, 1, 1, 1, 1, 1, 1, 1, 1, 1, 1, 2, 1, 1, 1, 1, 1, 1, 1, 1, 3, 1, 1, 2, 1, 1, 1, 1, 1, 1, 1, 1, 1, 1, 1, 1, 1, 1, 1, 1]
----------------k=5
[(1, 2294), (2, 641), (3, 389), (4, 240), (5, 165), (6, 156), (7, 135), (8, 111), (9, 92), (10, 106), (11, 88), (12, 94), (13, 62), (14, 63), (15, 58), (16, 54), (17, 46), (18, 56), (19, 33), (20, 44), (21, 42), (22, 41), (23, 28), (24, 38), (25, 26), (26, 39), (27, 30), (28, 39), (29, 37), (30, 32), (31, 36), (32, 22), (33, 28), (34, 26), (35, 20), (36, 22), (37, 29), (38, 25), (39, 29), (40, 25), (41, 27), (42, 27), (43, 23), (44, 30), (45, 28), (46, 26), (47, 27), (48, 28), (49, 22), (50, 27), (51, 26), (52, 27), (53, 16), (54, 21), (55, 26), (56, 18), (57, 28), (58, 24), (59, 17), (60, 22), (61, 24), (62, 13), (63, 19), (64, 22), (65, 13), (66, 24), (67, 22), (68, 7), (69, 16), (70, 22), (71, 15), (72, 21), (73, 17), (74, 10), (75, 18), (76, 11), (77, 13), (78, 10), (79, 15), (80, 12), (81, 15), (82, 5), (83, 8), (84, 12), (85, 11), (86, 10), (87, 19), (88, 7), (89, 16), (90, 5), (91, 8), (92, 8), (93, 11), (94, 7), (95, 6), (96, 10), (97, 10), (98, 10), (99, 7), (100, 10), (101, 8), (102, 3), (103, 10), (104, 8), (105, 9), (106, 4), (107, 8), (108, 4), (109, 9), (110, 7), (111, 6), (112, 9), (113, 5), (114, 11), (115, 10), (116, 8), (117, 5), (118, 9), (119, 8), (120, 2), (121, 6), (122, 4), (123, 8), (124, 7), (125, 4), (126, 12), (128, 3), (129, 3), (130, 4), (131, 3), (132, 2), (133, 8), (134, 1), (135, 1), (136, 3), (137, 1), (138, 4), (139, 5), (140, 9), (141, 1), (143, 3), (144, 8), (145, 3), (146, 4), (147, 8), (148, 2), (149, 4), (150, 4), (152, 21), (154, 2), (156, 2), (157, 3), (158, 1), (159, 2), (160, 1), (162, 1), (163, 2), (164, 4), (166, 1), (167, 3), (168, 2), (169, 2), (170, 1), (171, 1), (172, 4), (173, 2), (175, 1), (176, 2), (177, 3), (178, 3), (179, 3), (180, 1), (181, 3), (182, 1), (184, 1), (185, 1), (186, 3), (187, 1), (188, 2), (189, 2), (190, 3), (191, 2), (192, 3), (193, 3), (194, 5), (195, 1), (196, 1), (197, 3), (199, 1), (201, 1), (202, 2), (203, 2), (204, 2), (205, 6), (206, 1), (207, 1), (208, 2), (210, 2), (211, 1), (212, 3), (213, 2), (214, 2), (215, 1), (216, 1), (217, 2), (218, 2), (219, 1), (221, 2), (222, 1), (223, 1), (224, 3), (226, 2), (227, 4), (228, 2), (229, 1), (230, 2), (231, 1), (234, 3), (235, 1), (238, 2), (240, 1), (244, 2), (245, 1), (246, 2), (248, 2), (249, 1), (250, 2), (251, 2), (253, 1), (256, 1), (257, 1), (258, 2), (259, 1), (260, 1), (261, 1), (263, 2), (264, 2), (266, 2), (268, 2), (269, 1), (271, 1), (274, 2), (275, 2), (276, 1), (277, 1), (281, 1), (287, 1), (288, 1), (291, 2), (292, 1), (297, 1), (298, 3), (303, 1), (305, 1), (306, 1), (309, 2), (311, 2), (315, 2), (318, 1), (321, 1), (328, 1), (329, 1), (332, 1), (334, 1), (335, 1), (343, 1), (352, 2), (353, 1), (361, 1), (362, 2), (365, 1), (368, 1), (376, 1), (382, 1), (386, 1), (387, 1), (395, 1), (399, 2), (402, 1), (404, 1), (409, 2), (413, 1), (414, 1), (425, 1), (435, 1), (446, 1), (472, 1), (477, 1), (493, 1), (517, 1), (533, 1), (618, 1), (688, 1), (732, 1), (740, 1), (744, 1), (773, 1), (1065, 1)]
[1, 2, 3, 4, 5, 6, 7, 8, 9, 10, 11, 12, 13, 14, 15, 16, 17, 18, 19, 20, 21, 22, 23, 24, 25, 26, 27, 28, 29, 30, 31, 32, 33, 34, 35, 36, 37, 38, 39, 40, 41, 42, 43, 44, 45, 46, 47, 48, 49, 50, 51, 52, 53, 54, 55, 56, 57, 58, 59, 60, 61, 62, 63, 64, 65, 66, 67, 68, 69, 70, 71, 72, 73, 74, 75, 76, 77, 78, 79, 80, 81, 82, 83, 84, 85, 86, 87, 88, 89, 90, 91, 92, 93, 94, 95, 96, 97, 98, 99, 100, 101, 102, 103, 104, 105, 106, 107, 108, 109, 110, 111, 112, 113, 114, 115, 116, 117, 118, 119, 120, 121, 122, 123, 124, 125, 126, 128, 129, 130, 131, 132, 133, 134, 135, 136, 137, 138, 139, 140, 141, 143, 144, 145, 146, 147, 148, 149, 150, 152, 154, 156, 157, 158, 159, 160, 162, 163, 164, 166, 167, 168, 169, 170, 171, 172, 173, 175, 176, 177, 178, 179, 180, 181, 182, 184, 185, 186, 187, 188, 189, 190, 191, 192, 193, 194, 195, 196, 197, 199, 201, 202, 203, 204, 205, 206, 207, 208, 210, 211, 212, 213, 214, 215, 216, 217, 218, 219, 221, 222, 223, 224, 226, 227, 228, 229, 230, 231, 234, 235, 238, 240, 244, 245, 246, 248, 249, 250, 251, 253, 256, 257, 258, 259, 260, 261, 263, 264, 266, 268, 269, 271, 274, 275, 276, 277, 281, 287, 288, 291, 292, 297, 298, 303, 305, 306, 309, 311, 315, 318, 321, 328, 329, 332, 334, 335, 343, 352, 353, 361, 362, 365, 368, 376, 382, 386, 387, 395, 399, 402, 404, 409, 413, 414, 425, 435, 446, 472, 477, 493, 517, 533, 618, 688, 732, 740, 744, 773, 1065]
[2294, 641, 389, 240, 165, 156, 135, 111, 92, 106, 88, 94, 62, 63, 58, 54, 46, 56, 33, 44, 42, 41, 28, 38, 26, 39, 30, 39, 37, 32, 36, 22, 28, 26, 20, 22, 29, 25, 29, 25, 27, 27, 23, 30, 28, 26, 27, 28, 22, 27, 26, 27, 16, 21, 26, 18, 28, 24, 17, 22, 24, 13, 19, 22, 13, 24, 22, 7, 16, 22, 15, 21, 17, 10, 18, 11, 13, 10, 15, 12, 15, 5, 8, 12, 11, 10, 19, 7, 16, 5, 8, 8, 11, 7, 6, 10, 10, 10, 7, 10, 8, 3, 10, 8, 9, 4, 8, 4, 9, 7, 6, 9, 5, 11, 10, 8, 5, 9, 8, 2, 6, 4, 8, 7, 4, 12, 3, 3, 4, 3, 2, 8, 1, 1, 3, 1, 4, 5, 9, 1, 3, 8, 3, 4, 8, 2, 4, 4, 21, 2, 2, 3, 1, 2, 1, 1, 2, 4, 1, 3, 2, 2, 1, 1, 4, 2, 1, 2, 3, 3, 3, 1, 3, 1, 1, 1, 3, 1, 2, 2, 3, 2, 3, 3, 5, 1, 1, 3, 1, 1, 2, 2, 2, 6, 1, 1, 2, 2, 1, 3, 2, 2, 1, 1, 2, 2, 1, 2, 1, 1, 3, 2, 4, 2, 1, 2, 1, 3, 1, 2, 1, 2, 1, 2, 2, 1, 2, 2, 1, 1, 1, 2, 1, 1, 1, 2, 2, 2, 2, 1, 1, 2, 2, 1, 1, 1, 1, 1, 2, 1, 1, 3, 1, 1, 1, 2, 2, 2, 1, 1, 1, 1, 1, 1, 1, 1, 2, 1, 1, 2, 1, 1, 1, 1, 1, 1, 1, 2, 1, 1, 2, 1, 1, 1, 1, 1, 1, 1, 1, 1, 1, 1, 1, 1, 1, 1, 1, 1]
----------------k=30
[(1, 2167), (2, 616), (3, 361), (4, 235), (5, 171), (6, 141), (7, 156), (8, 94), (9, 89), (10, 113), (11, 80), (12, 81), (13, 62), (14, 57), (15, 62), (16, 45), (17, 47), (18, 46), (19, 31), (20, 45), (21, 49), (22, 34), (23, 28), (24, 36), (25, 31), (26, 34), (27, 36), (28, 28), (29, 35), (30, 33), (31, 33), (32, 23), (33, 26), (34, 26), (35, 19), (36, 22), (37, 30), (38, 25), (39, 30), (40, 23), (41, 27), (42, 27), (43, 23), (44, 30), (45, 28), (46, 26), (47, 27), (48, 27), (49, 23), (50, 24), (51, 26), (52, 26), (53, 18), (54, 22), (55, 24), (56, 18), (57, 22), (58, 22), (59, 24), (60, 20), (61, 26), (62, 14), (63, 15), (64, 24), (65, 16), (66, 18), (67, 17), (68, 15), (69, 16), (70, 22), (71, 16), (72, 16), (73, 17), (74, 17), (75, 13), (76, 18), (77, 8), (78, 35), (79, 5), (80, 11), (81, 17), (82, 1), (83, 4), (84, 36), (85, 6), (86, 1), (87, 10), (88, 10), (89, 39), (91, 4), (92, 2), (93, 2), (94, 49), (95, 1), (96, 2), (97, 2), (98, 2), (99, 1), (100, 3), (101, 84), (102, 1), (104, 1), (105, 1), (108, 2), (110, 31), (111, 1), (114, 2), (115, 1), (116, 1), (118, 5), (119, 2), (120, 5), (121, 6), (122, 5), (123, 30), (124, 3), (125, 1), (126, 4), (127, 2), (128, 2), (129, 1), (130, 4), (131, 1), (132, 3), (133, 2), (134, 1), (135, 2), (136, 2), (138, 3), (139, 20), (140, 1), (141, 1), (142, 1), (143, 2), (144, 3), (145, 3), (146, 7), (147, 7), (148, 2), (149, 3), (150, 3), (151, 1), (152, 2), (153, 2), (154, 3), (155, 1), (156, 3), (157, 4), (158, 3), (159, 3), (160, 3), (161, 3), (162, 4), (163, 3), (164, 5), (166, 1), (167, 1), (168, 3), (169, 2), (170, 2), (171, 1), (172, 5), (173, 1), (175, 2), (176, 2), (177, 2), (178, 2), (179, 3), (180, 1), (181, 4), (182, 1), (184, 1), (186, 3), (187, 1), (188, 2), (189, 1), (190, 6), (191, 4), (192, 1), (193, 3), (194, 2), (195, 3), (197, 2), (199, 1), (200, 1), (202, 3), (203, 1), (204, 3), (205, 5), (206, 3), (208, 2), (209, 1), (210, 2), (211, 2), (212, 3), (213, 1), (214, 2), (215, 1), (216, 3), (217, 1), (219, 1), (221, 2), (222, 1), (223, 1), (224, 3), (226, 2), (227, 3), (228, 3), (229, 1), (230, 1), (231, 2), (232, 1), (233, 1), (234, 1), (238, 2), (239, 1), (243, 1), (244, 2), (245, 1), (246, 1), (247, 1), (248, 2), (249, 1), (250, 1), (251, 1), (252, 1), (254, 1), (255, 1), (256, 1), (257, 2), (258, 2), (260, 2), (263, 2), (264, 1), (265, 1), (266, 2), (268, 2), (269, 1), (270, 1), (272, 1), (274, 3), (275, 2), (281, 1), (287, 1), (288, 1), (291, 2), (292, 1), (297, 1), (298, 3), (302, 1), (303, 1), (305, 1), (308, 1), (309, 1), (311, 2), (314, 2), (318, 1), (321, 1), (328, 1), (331, 1), (332, 1), (333, 1), (346, 1), (352, 1), (353, 1), (356, 1), (361, 2), (362, 1), (364, 1), (368, 1), (372, 1), (378, 1), (384, 1), (387, 1), (395, 1), (399, 3), (406, 2), (410, 2), (414, 1), (425, 1), (432, 1), (435, 1), (443, 1), (467, 1), (477, 1), (495, 1), (517, 1), (533, 1), (618, 1), (688, 1), (732, 1), (740, 1), (743, 1), (773, 1), (1065, 1)]
[1, 2, 3, 4, 5, 6, 7, 8, 9, 10, 11, 12, 13, 14, 15, 16, 17, 18, 19, 20, 21, 22, 23, 24, 25, 26, 27, 28, 29, 30, 31, 32, 33, 34, 35, 36, 37, 38, 39, 40, 41, 42, 43, 44, 45, 46, 47, 48, 49, 50, 51, 52, 53, 54, 55, 56, 57, 58, 59, 60, 61, 62, 63, 64, 65, 66, 67, 68, 69, 70, 71, 72, 73, 74, 75, 76, 77, 78, 79, 80, 81, 82, 83, 84, 85, 86, 87, 88, 89, 91, 92, 93, 94, 95, 96, 97, 98, 99, 100, 101, 102, 104, 105, 108, 110, 111, 114, 115, 116, 118, 119, 120, 121, 122, 123, 124, 125, 126, 127, 128, 129, 130, 131, 132, 133, 134, 135, 136, 138, 139, 140, 141, 142, 143, 144, 145, 146, 147, 148, 149, 150, 151, 152, 153, 154, 155, 156, 157, 158, 159, 160, 161, 162, 163, 164, 166, 167, 168, 169, 170, 171, 172, 173, 175, 176, 177, 178, 179, 180, 181, 182, 184, 186, 187, 188, 189, 190, 191, 192, 193, 194, 195, 197, 199, 200, 202, 203, 204, 205, 206, 208, 209, 210, 211, 212, 213, 214, 215, 216, 217, 219, 221, 222, 223, 224, 226, 227, 228, 229, 230, 231, 232, 233, 234, 238, 239, 243, 244, 245, 246, 247, 248, 249, 250, 251, 252, 254, 255, 256, 257, 258, 260, 263, 264, 265, 266, 268, 269, 270, 272, 274, 275, 281, 287, 288, 291, 292, 297, 298, 302, 303, 305, 308, 309, 311, 314, 318, 321, 328, 331, 332, 333, 346, 352, 353, 356, 361, 362, 364, 368, 372, 378, 384, 387, 395, 399, 406, 410, 414, 425, 432, 435, 443, 467, 477, 495, 517, 533, 618, 688, 732, 740, 743, 773, 1065]
[2167, 616, 361, 235, 171, 141, 156, 94, 89, 113, 80, 81, 62, 57, 62, 45, 47, 46, 31, 45, 49, 34, 28, 36, 31, 34, 36, 28, 35, 33, 33, 23, 26, 26, 19, 22, 30, 25, 30, 23, 27, 27, 23, 30, 28, 26, 27, 27, 23, 24, 26, 26, 18, 22, 24, 18, 22, 22, 24, 20, 26, 14, 15, 24, 16, 18, 17, 15, 16, 22, 16, 16, 17, 17, 13, 18, 8, 35, 5, 11, 17, 1, 4, 36, 6, 1, 10, 10, 39, 4, 2, 2, 49, 1, 2, 2, 2, 1, 3, 84, 1, 1, 1, 2, 31, 1, 2, 1, 1, 5, 2, 5, 6, 5, 30, 3, 1, 4, 2, 2, 1, 4, 1, 3, 2, 1, 2, 2, 3, 20, 1, 1, 1, 2, 3, 3, 7, 7, 2, 3, 3, 1, 2, 2, 3, 1, 3, 4, 3, 3, 3, 3, 4, 3, 5, 1, 1, 3, 2, 2, 1, 5, 1, 2, 2, 2, 2, 3, 1, 4, 1, 1, 3, 1, 2, 1, 6, 4, 1, 3, 2, 3, 2, 1, 1, 3, 1, 3, 5, 3, 2, 1, 2, 2, 3, 1, 2, 1, 3, 1, 1, 2, 1, 1, 3, 2, 3, 3, 1, 1, 2, 1, 1, 1, 2, 1, 1, 2, 1, 1, 1, 2, 1, 1, 1, 1, 1, 1, 1, 2, 2, 2, 2, 1, 1, 2, 2, 1, 1, 1, 3, 2, 1, 1, 1, 2, 1, 1, 3, 1, 1, 1, 1, 1, 2, 2, 1, 1, 1, 1, 1, 1, 1, 1, 1, 1, 2, 1, 1, 1, 1, 1, 1, 1, 1, 3, 2, 2, 1, 1, 1, 1, 1, 1, 1, 1, 1, 1, 1, 1, 1, 1, 1, 1, 1]










--------------------Facebook(k=5)
[number of added edges]=75.0
[number of deleted edges]=25.0
[number of modified edges]=100.0
--------------------Facebook(k=30)
[number of added edges]=599.5
[number of deleted edges]=619.0
[number of modified edges]=1218.5


--------------------WiKi Vote
[number of added edges]=100037.5
[number of deleted edges]=99547.5
[number of modified edges]=199585.0
--------------------WiKi Vote
[number of added edges]=99019.5
[number of deleted edges]=97052.5
[number of modified edges]=196072.0

correct data=
facebook,
k=5, add=75,delete=25,total=100
k=30, add=160, delete=466
wiki
K=5, add=69, delete=150, total=
k=30, add=316, delete=1556, total=


Wiki data



