=============degree
-----------the k_s test p-value:FaceBook-degree
[0.9999999966334423, 0.8690061941676579, 0.99871233885780797, 0.99999776325849943, 0.95433013468647176] #p-value
[0.0220264317181,0.0556740486774,0.0352422907489,0.0264317180617,0.0475540080411] #stats
0.0220264317181,0.999999996633
0.0556740486774,0.869006194168
0.0352422907489,0.998712338858
0.0264317180617,0.999997763258
0.0475540080411,0.954330134686
-----------the k_s test p-value:WiKi Vote-degree
[0.98757942036027679, 0.93589334821648762, 0.20010716764215539, 0.9546768606170426, 0.054758078386439472] #p-value
[0.0363758389262,0.0433333333333,0.0866666666667,0.0418390804598,0.109010238908] #stats
0.0363758389262,0.98757942036
0.0433333333333,0.935893348216
0.0866666666667,0.200107167642
0.0418390804598,0.954676860617
0.109010238908,0.0547580783864



=============betweenness

-----------the k_s test p-value:FaceBook
[0.99999999998180822, 0.85089645838129169, 0.99757230301070232, 0.2279558038341466, 0.99867263889512992]
0.0506912442396,0.999999999982
0.148185483871,0.850896458381
0.0948766603416,0.997572303011
0.259176863181,0.227955803834
0.0885028949545,0.998672638895


-----------the k_s test p-value:WiKi Vote-betweenness
[0.99999411442696839, 0.99885838218749823, 0.99885838218749823, 0.99885838218749823, 0.99885838218749823]
0.08,0.999994114427
0.103333333333,0.998858382187
0.103333333333,0.998858382187
0.103333333333,0.998858382187
0.103333333333,0.998858382187


==============closeness


-----------the k_s test p-value:WiKi
[0.99999967176091897, 1.0000000000000002, 0.9999996717609192, 0.99999967176091942, 0.99696923730497833]
0.0666666666667,0.999999671761
0.0333333333333,1.0
0.0666666666667,0.999999671761
0.0666666666667,0.999999671761
0.1,0.996969237305

-----------the k_s test p-value:FaceBook (decimal = 0.05)
[0.99995651489925841, 0.99995651489925841, 0.99995651489925841, 0.99995651489925841, 0.84705434199782703]
0.166666666667,0.999956514899
0.166666666667,0.999956514899
0.166666666667,0.999956514899
0.166666666667,0.999956514899
0.333333333333,0.847054341998

-----------the k_s test p-value:WiKi （decimal = 0.05)
[0.99999947988722604, 0.99999947988722604, 0.99999947988722604, 0.99999947988722604, 0.99999947988722604]
0.125,0.999999479887
0.125,0.999999479887
0.125,0.999999479887
0.125,0.999999479887
0.125,0.999999479887



-----------the k_s test p-value:WiKi (decimal = 0.001)
[0.99999995491001226, 0.99999761178147384, 0.99293221577852675, 0.99990541467114136, 0.98255461420418588]
0.0235791543756,0.99999995491
0.0265486725664,0.999997611781
0.0398230088496,0.992932215779
0.0308538627123,0.999905414671
0.0430057444496,0.982554614204


-----------the k_s test p-value:FaceBook (decimal = 0.001)
[0.99996235167494574, 0.52276390704310194, 0.90190537141297655, 0.0072380068052269641, 0.0010123559985650177]
0.0428571428571,0.999962351675
0.106984126984,0.522763907043
0.0749206349206,0.901905371413
0.215714285714,0.00723800680523
0.254122137405,0.00101235599857


==================ACC APL
CLOSENESS
GENEREATED DATA



