=============degree
-----------the k_s test p-value:FaceBook-degree
[0.9999999966334423, 0.8690061941676579, 0.99871233885780797, 0.99999776325849943, 0.95433013468647176] #p-value
[0.0220264317181,0.0556740486774,0.0352422907489,0.0264317180617,0.0475540080411] #stats
0.0220264317181,0.999999996633
0.0556740486774,0.869006194168
0.0352422907489,0.998712338858
0.0264317180617,0.999997763258
0.0475540080411,0.954330134686
-----------the k_s test p-value:WiKi Vote-degree
[0.98757942036027679, 0.93589334821648762, 0.20010716764215539, 0.9546768606170426, 0.054758078386439472] #p-value
[0.0363758389262,0.0433333333333,0.0866666666667,0.0418390804598,0.109010238908] #stats
0.0363758389262,0.98757942036
0.0433333333333,0.935893348216
0.0866666666667,0.200107167642
0.0418390804598,0.954676860617
0.109010238908,0.0547580783864
-----------the k_s test p-value:Man10000-degree
[0.99999999999996381, 0.99999907409640221, 0.99999441838963388, 0.99088017485199109, 0.85220633183251582]
0.0164511341955,1.0
0.0236737660015,0.999999074096
0.0252175382276,0.99999441839
0.0374531835206,0.990880174852
0.0519766957969,0.852206331833


=============betweenness

-----------the k_s test p-value:FaceBook
[0.99999999998180822, 0.85089645838129169, 0.99757230301070232, 0.2279558038341466, 0.99867263889512992]
0.0506912442396,0.999999999982
0.148185483871,0.850896458381
0.0948766603416,0.997572303011
0.259176863181,0.227955803834
0.0885028949545,0.998672638895

-----------the k_s test p-value:WiKi Vote-betweenness
[0.99999411442696839, 0.99885838218749823, 0.99885838218749823, 0.99885838218749823, 0.99885838218749823]
0.08,0.999994114427
0.103333333333,0.998858382187
0.103333333333,0.998858382187
0.103333333333,0.998858382187
0.103333333333,0.998858382187



-----------the k_s test p-value:Man10000
[1.0, 0.99999643959101725, 0.99999643959101725, 0.99999643959101725, 0.99999643959101725]
0.047619047619,1.0
0.0844155844156,0.999996439591
0.0844155844156,0.999996439591
0.0844155844156,0.999996439591
0.0844155844156,0.999996439591


==============closeness


-----------the k_s test p-value:WiKi
[0.99999967176091897, 1.0000000000000002, 0.9999996717609192, 0.99999967176091942, 0.99696923730497833]
0.0666666666667,0.999999671761
0.0333333333333,1.0
0.0666666666667,0.999999671761
0.0666666666667,0.999999671761
0.1,0.996969237305


-----------the k_s test p-value:FaceBook (0.018)
[0.99999999999405231, 0.82810472891460341, 0.82810472891460341, 0.95579777889662831, 0.82810472891460341]
0.0769230769231,0.999999999994
0.230769230769,0.828104728915
0.230769230769,0.828104728915
0.192307692308,0.955797778897
0.230769230769,0.828104728915



-----------the k_s test p-value:FaceBook (0.03)
[0.99999994504210776, 0.95747454413296273, 0.95747454413296273, 0.99909856800964114, 0.95747454413296273]
0.111111111111,0.999999945042
0.222222222222,0.957474544133
0.222222222222,0.957474544133
0.166666666667,0.99909856801
0.222222222222,0.957474544133

-----------the k_s test p-value:WiKi (0.03)
[0.99999999994070854, 0.99999999994070854, 0.99999999994070854, 0.99999999994070854, 0.99999999994070854]

0.0833333333333,0.999999999941
0.0833333333333,0.999999999941
0.0833333333333,0.999999999941
0.0833333333333,0.999999999941
0.0833333333333,0.999999999941


-----------the k_s test p-value:Man10000 (0.03)
[0.99999517966571738, 0.99999517966571738, 0.99999517966571738, 0.99999517966571738, 0.99999517966571738]

0.142857142857,0.999995179666
0.142857142857,0.999995179666
0.142857142857,0.999995179666
0.142857142857,0.999995179666
0.142857142857,0.999995179666



for data:Man10000, the ACC and APL =
0.050625323494,2.74682320232
0.0506169077013,2.74686506651
0.050620977541,2.74712365237
0.0505832772536,2.74720134013
0.0505915103441,2.74773789379
0.0505863155887,2.74785048505