node,betweenness
1 0.0880200512212
2 0.00278791742041
3 1.55571350473e-06
4 0.00214863738259
5 0.000743241698074
6 0.000464663823617
7 0.000555579437869
8 0.0268229630508
9 0.000129857197471
10 0.0118352866664
11 0.00167791986843
12 0.000127226213886
13 0.0
14 0.00172864163295
15 0.00137046285322
16 0.0
17 2.51433983293e-05
18 4.10666690005e-07
19 0.0
20 6.66112568975e-06
21 9.72937635738e-06
22 0.0399573233829
23 0.000120105352598
24 6.86034893759e-06
25 1.07702757104e-06
26 0.00633799451567
27 0.000483519575253
28 2.49217455198e-07
29 9.42962874531e-07
30 0.000172837137105
31 0.0105988987674
32 0.0129136243662
33 0.000369845762277
34 0.0
35 0.0021446047128
36 0.0
37 2.72641785895e-08
38 0.0
39 0.0001998648058
40 5.90956410837e-06
41 0.0173540586957
42 2.51845097575e-05
43 0.0
44 0.00501023555412
45 0.00070464820601
46 0.00217902241783
47 5.11203348554e-07
48 0.0
49 0.0011155179469
50 0.00222270523356
51 1.3734041317e-05
52 1.76330160973e-05
53 0.0
54 0.00181601342629
55 3.77084710139e-05
56 0.000303495692838
57 0.00260306052244
58 4.91870111894e-06
59 0.0580604429521
60 7.3226382664e-05
61 0.00109030943728
62 6.13444018264e-08
63 3.95998948377e-06
64 0.0
65 6.17689939748e-06
66 1.46034464306e-05
67 6.68311980482e-05
68 0.00198907018594
69 1.47226564383e-07
70 0.000106597416011
71 0.0
72 0.000221737755697
73 0.000234549695884
74 8.36243228417e-05
75 0.0
76 4.74732796548e-05
77 1.7273693301e-05
78 1.74891916187e-05
79 0.000422259019626
80 1.63210791459e-05
81 9.35738091049e-05
82 6.13444018264e-08
83 6.13373091613e-05
84 1.76330160973e-05
85 0.00543337386927
86 4.17836596904e-05
87 0.000459417159476
88 9.18240318555e-05
89 0.000302609932139
90 5.98853759247e-05
91 8.22333801733e-05
92 1.12222169311e-06
93 1.91587697199e-05
94 0.000314064800955
95 0.000248540747882
96 9.93594706185e-07
97 1.29256497446e-06
98 4.08962678843e-08
99 0.0035494153933
100 6.71381429374e-06
101 5.31651482496e-07
102 1.37753053212e-06
103 4.20800560166e-06
104 9.93914542985e-05
105 5.38388013847e-05
106 9.56127136715e-06
107 6.55047896858e-07
108 0.379217540909
109 2.41927608696e-05
110 7.09690762247e-05
111 0.000250973202878
112 8.56850855865e-06
113 3.24439627567e-05
114 0.0210633987441
115 0.0
116 8.17927037651e-06
117 4.18015754266e-06
118 6.25995527958e-07
119 2.2327197584e-05
120 0.00132364295039
121 0.000117027675519
122 3.43386879504e-05
123 0.000568761436991
124 1.06644980271e-05
125 1.75496271833e-06
126 9.53446714605e-09
127 2.0664466948e-06
128 5.27288385513e-05
129 2.25894739682e-05
130 7.21397013547e-07
131 1.96955347852e-05
132 0.0
133 3.62049868877e-05
134 8.00232230431e-05
135 1.24991183947e-05
136 0.0
137 0.022201055065
138 6.23954735158e-06
139 0.0
140 1.22688803653e-08
141 9.16271144741e-08
142 1.64765655462e-05
143 0.0020876609626
144 1.15152205714e-06
145 2.7296195506e-06
146 0.0
147 0.00015730794348
148 2.45377607306e-08
149 1.84744368466e-05
150 2.17442707765e-06
151 2.6896529045e-05
152 3.40802232369e-08
153 7.27590245311e-07
154 0.0
155 0.0
156 4.08962678843e-08
157 0.000177185883514
158 4.08962678843e-08
159 3.92124571584e-05
160 1.67951078606e-05
161 0.0
162 0.000225604671268
163 5.84232398347e-08
164 1.08452014149e-05
165 3.12814981339e-08
166 1.55953724796e-06
167 4.36713717764e-07
168 5.09086757221e-07
169 2.37559661384e-05
170 0.00108467842032
171 0.00080094727939
172 0.00460340208131
173 6.3494873777e-05
174 0.00155383534832
175 9.61062295281e-08
176 9.33274552851e-06
177 1.18692317598e-05
178 3.001323402e-06
179 3.25731141258e-05
180 4.21770846882e-07
181 1.18358609859e-05
182 7.26493984038e-07
183 4.08962678843e-08
184 0.0
185 6.22622734335e-05
186 1.79429068325e-05
187 8.5785133392e-05
188 5.4470528962e-06
189 0.000990346313441
190 6.17689939748e-06
191 1.84033205479e-07
192 0.0
193 5.44244673713e-06
194 3.08548161362e-07
195 1.60749501147e-05
196 0.0
197 8.35077075435e-06
198 4.50797607688e-05
199 0.000763401894808
200 9.67220791764e-05
201 0.000446286714804
202 0.0
203 2.24117538976e-05
204 0.000810374009319
205 1.12699053284e-05
206 0.0
207 1.43136937595e-07
208 0.0
209 2.42559815028e-08
210 0.0
211 0.0
212 1.97993565407e-05
213 1.74502698461e-05
214 0.000801647211082
215 6.72216603741e-06
216 0.0
217 0.0
218 1.13020199647e-05
219 0.0
220 1.4392018073e-06
221 0.0
222 3.0152981858e-07
223 2.75457985565e-06
224 3.08513297211e-05
225 5.15813715294e-05
226 2.24023482379e-06
227 1.48428005178e-06
228 6.84847869293e-06
229 0.0
230 2.20569334835e-05
231 4.58291594551e-06
232 4.47466121567e-05
233 1.4888411823e-05
234 0.0
235 0.0
236 3.09734265742e-06
237 7.97373097939e-05
238 1.76330160973e-05
239 7.02562856578e-06
240 0.000715733168519
241 6.13444018264e-08
242 0.0
243 1.76280101692e-05
244 4.6758066281e-07
245 0.0
246 2.97940206395e-07
247 8.54908697215e-05
248 3.15649446796e-07
249 2.70115468059e-05
250 2.55795290554e-05
251 1.11101561216e-07
252 4.60806763727e-05
253 0.000176450616173
254 4.08962678843e-08
255 6.25238583086e-07
256 0.0
257 0.0
258 2.30854219839e-05
259 1.8433828566e-05
260 1.12222169311e-06
261 8.48466206357e-06
262 4.10593546828e-05
263 0.0
264 2.04481339421e-08
265 0.0
266 4.57496416445e-05
267 7.34130474278e-07
268 0.0
269 1.84347327831e-07
270 6.71743581395e-05
271 1.41707956494e-07
272 0.00164843413739
273 0.000145722631802
274 0.0
275 3.38206116816e-05
276 7.26493984038e-07
277 3.63299212355e-06
278 0.00051146678397
279 2.29329663582e-06
280 0.0
281 0.000201635190795
282 4.62615980981e-05
283 0.0
284 2.12641981806e-06
285 4.68164070826e-05
286 0.000670500598138
287 0.0
288 0.0
289 5.91017697171e-08
290 1.75269719504e-08
291 3.11027850317e-07
292 0.000594435327414
293 0.0
294 0.0
295 3.06722009132e-08
296 3.46799796239e-07
297 2.04481339421e-08
298 1.12431177196e-05
299 5.61481754014e-08
300 2.29998606978e-05
301 1.25115615154e-07
302 5.08517226461e-07
303 1.16834127243e-05
304 1.24696779783e-05
305 0.00139262251436
306 0.0
307 0.0
308 1.21361135379e-05
309 0.000161277200875
310 0.0
311 6.97370072625e-06
312 2.01474260901e-07
313 2.9798892866e-05
314 0.000719200277459
315 2.61239386083e-06
316 0.00555758009028
317 0.0
318 2.53794776635e-05
319 3.01946548244e-07
320 2.23229409575e-06
321 1.17911522924e-05
322 0.0
323 0.00172119816988
324 9.25872396534e-05
325 0.000367081672561
326 7.13473999256e-05
327 3.99077910436e-06
328 0.0
329 0.0
330 0.000180595756161
331 3.76614338501e-06
332 2.22996144117e-05
333 0.000131127523822
334 8.94362429803e-08
335 4.83551955147e-05
336 0.0
337 0.0
338 9.35624035362e-07
339 1.19694355418e-06
340 0.00035234977016
341 2.0719574739e-06
342 2.43097078471e-06
343 6.22247176268e-05
344 1.32850409327e-05
345 1.85049150473e-06
346 1.71590287831e-05
347 3.12091316664e-05
348 9.77540280266e-06
349 0.0326820305473
350 1.53361004566e-08
351 9.62023489538e-05
352 4.08680226752e-06
353 1.85172137116e-06
354 0.00180324283029
355 3.04403660953e-06
356 2.20535948832e-05
357 6.13444018264e-08
358 5.73575131233e-05
359 0.0
360 1.12915223105e-05
361 0.000166111527512
362 5.66829834588e-06
363 3.38842351692e-06
364 0.00333028656918
365 2.04481339421e-07
366 5.47919629244e-08
367 0.00150444115658
368 4.32900325119e-05
369 2.26692111796e-05
370 9.50601289816e-05
371 0.00375711620419
372 5.61170593149e-08
373 4.84825732372e-06
374 0.00316815245843
375 0.00100844688089
376 2.28643829291e-05
377 0.00500453888258
378 0.0
379 0.0004997748246
380 0.0
381 2.84251532273e-08
382 1.8771888608e-06
383 1.92678923132e-07
384 6.13444018264e-08
385 4.08962678843e-08
386 2.67639211374e-07
387 6.13444018264e-08
388 0.000205764617282
389 0.000594242575422
390 0.00157999538218
391 1.17225532006e-07
392 0.000854407469712
393 0.000196865157141
394 0.0
395 0.000654396719115
396 0.00118377336476
397 5.74853129503e-06
398 0.000184784125944
399 5.94208763511e-05
400 4.08962678843e-08
401 0.00108004340036
402 0.0
403 0.000672860434321
404 2.20412187421e-06
405 0.000485132183477
406 8.31090378282e-05
407 1.22688803653e-07
408 3.02554358382e-05
409 0.00132732253088
410 0.000138736901949
411 2.02420541002e-06
412 6.13444018264e-08
413 0.0014749770337
414 1.11632281762e-05
415 0.0449762370935
416 0.000423487097691
417 6.33176961951e-05
418 0.00070806872821
419 0.000324523600886
420 0.0022807349797
421 0.000400407544313
422 3.50773087109e-05
423 0.000536974384724
424 0.000196765482051
425 3.93767208751e-06
426 7.52105277748e-06
427 4.23495075619e-06
428 7.18172429937e-05
429 0.0531337535693
430 1.27014370448e-07
431 4.20072364088e-05
432 0.000990061914572
433 0.00014398897122
434 1.66727182192e-05
435 0.000117215761783
436 2.44348437451e-05
437 0.00101631565224
438 1.37002497412e-06
439 0.000404845648662
440 0.000127609719812
441 4.19445647359e-06
442 4.08962678843e-08
443 1.38311884588e-06
444 0.0
445 7.30222614233e-05
446 4.19924944638e-05
447 6.91930163752e-06
448 0.0
449 0.0
450 0.000102376766749
451 9.5384862491e-06
452 0.000113028587757
453 0.000141023925539
454 3.06722009132e-07
455 0.0
456 0.000192393108654
457 0.000238443612702
458 8.11586167057e-05
459 1.38393169426e-05
460 2.0765814083e-05
461 0.000570279110159
462 0.000205666558906
463 1.23347223021e-05
464 0.000203224911605
465 1.04069221358e-05
466 0.000564518039109
467 2.47737007376e-08
468 0.0
469 0.0
470 8.87908054819e-05
471 1.98722738946e-06
472 3.55475430766e-05
473 6.09732897383e-05
474 5.13982611657e-05
475 2.37381947309e-06
476 0.00424779993043
477 0.0
478 6.28780118721e-07
479 2.42056722828e-06
480 0.000115445314301
481 3.33499816967e-05
482 3.42131165648e-05
483 3.02104251596e-05
484 0.00936980038007
485 0.00236515754407
486 0.0
487 3.91330465627e-06
488 1.04460055943e-05
489 1.94394343681e-06
490 3.50448758659e-06
491 1.18737264905e-06
492 8.75426390474e-07
493 0.000732591179638
494 4.25861286866e-05
495 4.86092881828e-06
496 1.27854189514e-06
497 5.02665809604e-05
498 0.000655185985046
499 8.55375916431e-06
500 0.0
501 0.000493409374444
502 4.08962678843e-08
503 1.17309160011e-06
504 0.000158296244407
505 0.000240128698697
506 2.85270103536e-06
507 0.000144127178779
508 0.000516650913586
509 7.06299843833e-05
510 1.74071634533e-07
511 7.15955858426e-05
512 0.000418823254179
513 3.14419470317e-05
514 0.00144748329709
515 0.000552618569309
516 0.000176940556169
517 8.47308198843e-05
518 0.0011327267573
519 5.32031277041e-05
520 2.01130291871e-06
521 0.000169266064072
522 1.92634588776e-06
523 2.59257092145e-07
524 5.57084835885e-05
525 0.000502348489321
526 0.000829562644044
527 0.00185622923569
528 0.00020463648878
529 7.35107544236e-06
530 1.33273124784e-06
531 4.49858946727e-08
532 0.000246307210301
533 1.49271377778e-06
534 7.48718041886e-07
535 2.44962142735e-05
536 5.54241918968e-06
537 1.50072390427e-06
538 5.44305746012e-05
539 0.001281787673
540 2.74182494076e-05
541 2.38039942389e-06
542 1.50255475559e-05
543 0.00113286674696
544 1.73927999429e-05
545 0.00117181592123
546 8.1795170649e-05
547 0.000105729168366
548 7.53252878429e-06
549 2.53800314489e-05
550 4.06659724386e-05
551 0.0
552 3.91969826573e-06
553 4.08962678843e-08
554 0.00129885141616
555 7.99214976115e-05
556 0.000222418521885
557 0.00013709345828
558 3.45710490555e-05
559 3.25113777277e-05
560 0.000669719753495
561 0.000240043917389
562 0.00106037419246
563 5.02439862578e-08
564 0.0581646642852
565 4.45486867848e-06
566 3.95880275666e-06
567 0.00163758231782
568 0.0718564607773
569 2.82807783361e-06
570 2.71707493575e-06
571 3.05071668012e-05
572 0.0
573 0.0
574 3.043763234e-06
575 5.79420242361e-06
576 8.13468713109e-08
577 1.11535276048e-08
578 7.4816922065e-08
579 2.12727070531e-07
580 1.25251214354e-05
581 0.00181403204368
582 0.0
583 3.02692016911e-08
584 3.64932888309e-07
585 1.43252540864e-05
586 0.0
587 0.000158050578053
588 0.000169923067576
589 3.33730147822e-07
590 7.91462639934e-06
591 0.000258791656248
592 0.000101793693185
593 1.25898429614e-05
594 6.189991317e-07
595 0.0288048132832
596 1.11535276048e-08
597 0.00173496268332
598 1.9741742227e-06
599 1.63596647237e-07
600 2.09109897166e-07
601 3.0923164033e-07
602 0.000338605662957
603 0.0
604 3.21801060952e-07
605 0.000129650270148
606 3.74610924695e-07
607 0.000897536361592
608 0.0
609 0.0
610 0.000566663237564
611 1.55295268211e-06
612 2.24041719297e-07
613 4.54596522333e-07
614 0.0
615 8.93246882308e-06
616 3.426258331e-07
617 7.18556929995e-06
618 4.65530218324e-06
619 1.06442371348e-05
620 2.94072494546e-06
621 3.64702822037e-05
622 5.5502077843e-08
623 6.79417558623e-07
624 6.05364349755e-07
625 0.0
626 8.86555238225e-07
627 4.44625198159e-07
628 2.12727070531e-07
629 3.35074463758e-08
630 5.64785796139e-05
631 9.65561781631e-05
632 7.62938308823e-07
633 1.96050584732e-07
634 3.46693520131e-07
635 5.73975553355e-05
636 4.04063677551e-05
637 2.71176250155e-06
638 0.00195733451532
639 0.0
640 2.64710072305e-05
641 1.56752451777e-07
642 0.00140455482881
643 0.0
644 3.0923164033e-07
645 1.56493660523e-05
646 0.000119026843911
647 1.63355832636e-05
648 1.17630663263e-06
649 0.0
650 4.67127166622e-05
651 2.01573542926e-07
652 0.00126674751012
653 0.0
654 1.37665644435e-05
655 1.19218774628e-05
656 7.70648162753e-07
657 0.0
658 4.65464130549e-07
659 2.12727070531e-07
660 2.12727070531e-07
661 0.0
662 3.0923164033e-07
663 2.55246319675e-07
664 2.19327381501e-06
665 4.06166233374e-07
666 1.04099590978e-07
667 4.94087487134e-05
668 0.0
669 0.0
670 3.0762229248e-05
671 1.20567473847e-07
672 2.2874358551e-07
673 2.39872340475e-08
674 0.0
675 0.0
676 2.01573542926e-07
677 1.10511772802e-06
678 8.45684250598e-06
679 5.22288588583e-05
680 3.89578978308e-06
681 5.69105664345e-05
682 2.86862300644e-07
683 1.40297901816e-06
684 9.5548023845e-05
685 6.51107601637e-07
686 9.47667016821e-07
687 0.0277159706737
688 3.74760093413e-06
689 0.000479473038456
690 8.29610005653e-08
691 2.67009580581e-08
692 2.89681897514e-07
693 0.0
694 5.12278224263e-06
695 0.000353681929397
696 0.00024879640402
697 0.00421468455575
698 0.000983097753022
699 0.04999812663
700 0.0
701 5.79596384174e-08
702 1.9198466371e-05
703 8.73914295861e-08
704 0.000623712128586
705 1.14655608176e-07
706 0.00101606780368
707 0.00134015607882
708 5.32089656795e-07
709 0.000375676602777
710 2.791579533e-05
711 1.86828503427e-07
712 1.11164072436e-05
713 1.29719066846e-06
714 0.00279126947871
715 1.03082938085e-06
716 5.20935960007e-07
717 6.21713153749e-07
718 0.0
719 5.12131385595e-05
720 0.0019213303955
721 0.000115293172209
722 0.00371084158946
723 5.95044612989e-05
724 2.08897258798e-07
725 0.000188004796617
726 5.25809158512e-08
727 0.00782868896768
728 6.67668189611e-05
729 0.000389732827389
730 2.58224639083e-05
731 6.02368302924e-07
732 4.42882480383e-06
733 1.10239784965e-06
734 4.4898259813e-07
735 3.74081291753e-06
736 1.90849250127e-08
737 0.000211898985339
738 0.0120139722638
739 3.68402927789e-05
740 0.000304924785721
741 5.15626287416e-07
742 1.03656730484e-06
743 1.31715194207e-06
744 0.0
745 0.0
746 0.00162435152727
747 3.20305412394e-07
748 0.00141782035452
749 1.42629203333e-06
750 0.0
751 0.0
752 1.33855236367e-07
753 0.0050150443173
754 9.60073457058e-06
755 7.11193947611e-05
756 1.29334644621e-06
757 1.69841226803e-07
758 1.84033205479e-07
759 1.05090440735e-06
760 3.51589863706e-07
761 2.31339982972e-05
762 8.06528399915e-08
763 1.58278293919e-07
764 1.52585555578e-06
765 2.35545850001e-06
766 5.87276571403e-07
767 0.000107846592039
768 2.58814952468e-07
769 2.07407370017e-06
770 3.76319437488e-05
771 7.16232429587e-06
772 2.54681508249e-06
773 0.000121164238093
774 0.000178290487105
775 0.00037211091378
776 0.0
777 4.34641843927e-05
778 1.55352489583e-06
779 1.40217733188e-05
780 9.63168995619e-05
781 0.000128371069831
782 0.000274425598954
783 3.65570281441e-06
784 6.88061180197e-07
785 0.000228250400735
786 0.0
787 4.22692140204e-07
788 2.96120472956e-06
789 6.54340286149e-08
790 1.10083989659e-06
791 0.00330698572574
792 6.88420509386e-08
793 1.85931316066e-06
794 1.63905958352e-06
795 3.32891653197e-07
796 3.78990190121e-05
797 2.37198353729e-07
798 3.02709883109e-06
799 0.000235514015605
800 1.2027973021e-06
801 0.000334695627248
802 0.0
803 0.0
804 0.00048841256169
805 0.000139134352271
806 0.00167121295502
807 1.79617382268e-06
808 1.03367649108e-06
809 4.57270172307e-08
810 4.85884266718e-07
811 0.000267834196032
812 3.15156904291e-06
813 3.06511981836e-07
814 7.35492413327e-07
815 1.7672822976e-05
816 0.000178655526902
817 3.16069727506e-07
818 2.47771213367e-06
819 3.18036131289e-06
820 0.00039979167521
821 0.00037684542132
822 1.06946804063e-05
823 2.24987896603e-06
824 0.000791278042003
825 0.000504130690148
826 1.27080840792e-05
827 2.95247830865e-07
828 0.000114382277092
829 0.00223965375655
830 0.000203407932279
831 0.00117949282484
832 2.51015741303e-05
833 9.9525081256e-07
834 2.87822091046e-06
835 0.00407533461657
836 1.3675280124e-06
837 8.3528192852e-07
838 6.52501052803e-05
839 5.32463208732e-05
840 1.49412567274e-06
841 0.016807073098
842 0.0
843 7.18964042979e-05
844 6.23489043879e-05
845 2.95028835906e-06
846 5.4216132315e-05
847 2.18586778092e-07
848 2.24696286362e-05
849 8.57952917561e-05
850 7.0319200878e-06
851 1.25497987768e-06
852 0.0
853 0.0
854 0.00012275559551
855 0.0
856 0.0
857 0.000984649696997
858 0.000283073254785
859 0.0
860 0.0
861 0.0248517755662
862 1.15678014873e-07
863 0.00236055321158
864 1.51318852149e-07
865 1.35078314999e-07
866 0.00257508349195
867 9.61062295281e-08
868 1.43136937595e-07
869 0.0
870 8.20307497332e-08
871 2.29019100152e-07
872 1.33321833303e-06
873 2.04481339421e-08
874 0.0
875 2.04481339421e-08
876 0.0
877 1.51318852149e-07
878 0.0
879 1.00928807792e-07
880 1.26778430441e-07
881 5.38848844326e-08
882 1.51316191172e-07
883 6.58748638912e-08
884 0.0
885 3.06722009132e-08
886 5.7254775038e-07
887 1.53361004566e-08
888 0.0
889 0.0
890 7.37303947692e-07
891 2.80991799361e-07
892 0.0
893 0.0
894 1.04406114086e-07
895 2.45377607306e-08
896 9.61062295281e-08
897 0.000115528272038
898 2.02081363837e-05
899 2.59411774594e-06
900 0.0
901 4.60804937693e-06
902 7.50988893008e-07
903 1.15552184886e-06
904 1.13165449042e-06
905 4.47814133333e-07
906 3.22460509349e-06
907 1.24377560468e-05
908 1.63867996863e-06
909 0.000385266861119
910 1.06432537169e-06
911 0.0
912 0.0
913 5.55166836529e-07
914 2.9772306385e-05
915 1.15207411187e-06
916 9.58475942101e-05
917 0.000799755220742
918 0.000398666552385
919 0.0
920 0.000685771623375
921 1.58539141694e-06
922 0.000369384793842
923 5.6182017495e-06
924 8.05812790198e-07
925 1.61727491102e-05
926 0.000736806344387
927 3.02343929604e-06
928 9.4605115949e-05
929 2.72641785895e-08
930 3.73175380288e-07
931 0.000134879450854
932 2.40391650392e-06
933 9.85236888427e-06
934 4.71876201514e-06
935 8.31925444475e-06
936 4.57251431344e-07
937 5.00202601994e-06
938 8.5882162557e-08
939 6.51154730244e-07
940 1.81808832547e-06
941 1.38960968364e-06
942 2.04070729914e-05
943 1.58330247199e-05
944 8.550205902e-07
945 0.000555351155075
946 0.0
947 0.00214645281142
948 2.3750485394e-05
949 5.93571423499e-06
950 2.00717732148e-06
951 4.96601503973e-07
952 0.000108369025496
953 3.82397555744e-06
954 4.73792138493e-05
955 1.35984821352e-05
956 2.09593372907e-07
957 4.49858946727e-07
958 1.28074904386e-05
959 1.30057272426e-07
960 3.35865254668e-06
961 2.64015863705e-05
962 5.99577746083e-06
963 8.45680010094e-05
964 5.42534112944e-06
965 4.67296825079e-06
966 9.70062589675e-07
967 1.08281048658e-05
968 4.59450485609e-05
969 4.3094575257e-05
970 9.12095926806e-07
971 4.83582806626e-07
972 2.57752082711e-06
973 1.93235113654e-07
974 9.7645248653e-06
975 2.39795566346e-07
976 0.000938619719075
977 7.86287013457e-05
978 3.5451694126e-06
979 2.70788972631e-05
980 7.88713737769e-08
981 0.000224066281066
982 1.56386273373e-06
983 1.88919512281e-05
984 0.000441360543225
985 2.76588951457e-05
986 1.1090678362e-07
987 1.9478975466e-07
988 1.05629217621e-06
989 1.34250257412e-06
990 1.73057075873e-06
991 0.00100360568804
992 1.70242496824e-05
993 8.23033003837e-07
994 0.00018936062446
995 9.83159131374e-05
996 4.13556777825e-05
997 4.23090019851e-07
998 9.30812426005e-06
999 3.37680527487e-07
1000 5.28723556805e-06
1001 1.60629522907e-06
1002 2.42382959504e-05
1003 4.08962678843e-08
1004 2.69103958721e-05
1005 0.00154099002507
1006 7.54111406393e-08
1007 9.32333690143e-05
1008 1.55488638499e-06
1009 3.32074378369e-06
1010 9.84068505149e-05
1011 1.92715523654e-05
1012 7.88958319419e-06
1013 1.37409405718e-05
1014 0.000108998434559
1015 0.000263992617261
1016 1.02114417759e-06
1017 0.0
1018 3.69331234205e-05
1019 0.000531596375757
1020 0.000109638093371
1021 1.19068589762e-05
1022 4.67318450737e-05
1023 2.47439604006e-08
1024 1.12805538914e-06
1025 1.51570958883e-05
1026 6.56778890329e-05
1027 1.45485644433e-05
1028 0.0
1029 0.000229067617125
1030 0.000621894843837
1031 1.0939751659e-06
1032 1.00639137542e-07
1033 0.000111431275785
1034 1.09112396881e-06
1035 0.0
1036 5.78010711622e-06
1037 3.70049245895e-06
1038 0.000573478764461
1039 2.04481339421e-07
1040 4.41011121089e-07
1041 4.29250021945e-06
1042 1.99513904965e-05
1043 7.48703728538e-07
1044 1.04387723775e-06
1045 5.9824055484e-07
1046 1.37002497412e-06
1047 0.0
1048 7.3754675288e-06
1049 4.27360969103e-05
1050 4.45745338213e-05
1051 5.63253144043e-07
1052 7.26764371916e-05
1053 0.000127830157048
1054 1.39251792146e-06
1055 7.79004655443e-06
1056 1.3505199205e-06
1057 1.00161264138e-05
1058 2.45377607306e-07
1059 5.92347985573e-07
1060 3.98340355763e-05
1061 0.000241675043492
1062 1.7882822593e-07
1063 5.21680787174e-06
1064 1.9359330039e-07
1065 7.3983341273e-06
1066 0.0
1067 2.34673436957e-05
1068 1.59281385729e-05
1069 8.79956283828e-06
1070 1.91950316871e-07
1071 0.000522345362805
1072 0.0
1073 3.47572149796e-06
1074 1.23557849345e-06
1075 0.000684806923507
1076 3.81525176235e-05
1077 0.00013064080962
1078 0.000151022534994
1079 5.40763653107e-05
1080 1.27664562579e-05
1081 4.3689986251e-05
1082 7.84516047312e-07
1083 4.09804168766e-06
1084 1.42650509922e-05
1085 2.70444266326e-07
1086 0.0930973014035
1087 0.000973009789117
1088 7.2590569079e-07
1089 0.000107040607016
1090 7.14722422848e-07
1091 7.61052580755e-07
1092 4.39815602249e-06
1093 6.80738295109e-06
1094 4.73015561569e-07
1095 7.81366572759e-07
1096 9.36522191615e-06
1097 0.0
1098 1.28814302615e-06
1099 0.000452060084425
1100 7.36127966021e-06
1101 0.000613661542042
1102 2.33326269986e-05
1103 4.92967375406e-06
1104 1.14962210968e-06
1105 8.32762405183e-05
1106 4.08962678843e-08
1107 1.63521666316e-05
1108 2.38343162778e-05
1109 2.37986199659e-06
1110 0.000201051553737
1111 3.89031039995e-05
1112 1.53361004566e-08
1113 4.75031079584e-06
1114 1.28236328474e-05
1115 8.68364121844e-05
1116 1.07217603641e-06
1117 7.73961381652e-07
1118 2.21588245064e-05
1119 8.83079423023e-07
1120 0.0
1121 7.35306900009e-06
1122 3.75662003837e-06
1123 0.000722391339867
1124 1.64344124355e-05
1125 0.00105347086699
1126 1.05563643242e-05
1127 0.000884923230956
1128 3.27178482209e-06
1129 0.000105714098763
1130 1.23939759134e-05
1131 7.94443927215e-06
1132 6.27935259901e-06
1133 2.13427809764e-05
1134 6.58489790201e-07
1135 6.38558521234e-07
1136 1.22006067716e-05
1137 0.000469338449746
1138 5.94383084638e-07
1139 2.19525323679e-06
1140 0.000123315120009
1141 8.08205028896e-07
1142 1.16856481348e-06
1143 3.61407421042e-06
1144 3.54166554601e-06
1145 8.85532571175e-07
1146 0.0
1147 6.82140924234e-05
1148 2.04481339421e-07
1149 0.000141188485798
1150 0.000146011773489
1151 2.00630361496e-06
1152 6.17004504745e-07
1153 4.80606189588e-07
1154 1.76673964347e-05
1155 8.32531167645e-07
1156 4.05856159058e-05
1157 1.3279370597e-05
1158 7.15684687975e-08
1159 8.08245136998e-05
1160 0.000378399452508
1161 3.02141227256e-05
1162 4.63589118234e-06
1163 2.94453128767e-07
1164 8.14830037737e-06
1165 3.69656068127e-07
1166 0.00191155638187
1167 0.0008714318266
1168 3.40498233933e-06
1169 2.37685214061e-07
1170 3.72948762313e-06
1171 2.01137211801e-05
1172 0.00188093789163
1173 1.7575974676e-05
1174 0.000921057738048
1175 6.30609469882e-07
1176 5.40540529683e-05
1177 0.0
1178 3.20013296195e-06
1179 0.000265912277454
1180 5.71440397552e-05
1181 2.29313092629e-06
1182 6.32914651333e-06
1183 0.000198224166527
1184 7.91669372931e-06
1185 3.33145265597e-05
1186 2.45603426056e-05
1187 4.47846691176e-08
1188 3.99147072047e-05
1189 0.000520075216083
1190 2.11775861723e-05
1191 2.65573504331e-06
1192 0.000106664950826
1193 5.68742747704e-05
1194 0.000416229359251
1195 1.22688803653e-07
1196 3.61855247083e-06
1197 5.56370053396e-05
1198 0.00016254730906
1199 2.84346752915e-06
1200 8.40371879897e-05
1201 9.20166027397e-08
1202 2.26052312738e-06
1203 1.50293784475e-06
1204 3.92852027858e-07
1205 7.34726069426e-05
1206 1.07056472603e-05
1207 0.0
1208 5.9350596371e-06
1209 0.0
1210 1.19347416079e-05
1211 8.17396731235e-05
1212 4.4948211192e-05
1213 3.72543671815e-06
1214 1.75216931526e-06
1215 3.55757350343e-05
1216 1.24793214224e-05
1217 1.32387571114e-06
1218 0.000236494944876
1219 6.30970990215e-07
1220 4.61978620832e-06
1221 2.67848790291e-07
1222 0.000162124648511
1223 5.17008646362e-05
1224 9.34377065452e-06
1225 0.0
1226 3.06209924929e-06
1227 0.000190946652811
1228 2.82447739151e-05
1229 3.50771434976e-06
1230 8.87825837521e-06
1231 0.000151703418829
1232 0.000178844998429
1233 9.81331766415e-07
1234 0.0
1235 6.65679533822e-07
1236 0.000511425047479
1237 1.33190142347e-05
1238 0.000186693528085
1239 8.70423261641e-05
1240 4.88383620197e-08
1241 2.93308257971e-06
1242 3.04018977945e-06
1243 1.42008959314e-05
1244 1.87582957042e-05
1245 1.18569425231e-06
1246 5.59816099178e-05
1247 1.31511946266e-05
1248 8.80164904988e-06
1249 6.74788420091e-07
1250 4.42015437942e-07
1251 3.33713491078e-05
1252 1.40643395587e-07
1253 0.0
1254 0.0
1255 3.27170143074e-07
1256 4.32924284654e-05
1257 0.00116491574063
1258 9.2673411616e-05
1259 1.50734254033e-05
1260 2.21914907627e-05
1261 3.76837462896e-06
1262 2.26807627811e-05
1263 0.0
1264 4.65772085087e-07
1265 1.22688803653e-07
1266 3.54872377256e-06
1267 1.74753566063e-06
1268 1.02198406377e-05
1269 1.42508887767e-06
1270 1.70401555708e-05
1271 0.0
1272 6.67739373669e-06
1273 2.85466429659e-05
1274 0.00132133008914
1275 0.000201439576624
1276 2.74214151277e-05
1277 0.0
1278 0.000109998253367
1279 5.00023158396e-06
1280 1.88861157649e-06
1281 1.01951310573e-05
1282 4.81839648729e-06
1283 0.000326466678663
1284 2.5384285947e-05
1285 2.13126184272e-05
1286 1.86167957895e-06
1287 2.11983253026e-06
1288 1.92571136067e-06
1289 6.56432554437e-06
1290 0.00069190071888
1291 1.71458236417e-05
1292 1.17427024382e-05
1293 4.98820513879e-06
1294 1.1158749767e-06
1295 3.72244462763e-06
1296 1.88122832268e-07
1297 6.86267214585e-06
1298 9.20166027397e-08
1299 7.88677475466e-06
1300 3.16962278931e-06
1301 3.31296859039e-05
1302 1.77898765297e-07
1303 1.03445009006e-05
1304 1.16621630551e-05
1305 1.26871302505e-05
1306 0.000306337537776
1307 6.07945848755e-06
1308 0.000120480341429
1309 2.92857753321e-06
1310 4.17732775183e-06
1311 1.13607465018e-06
1312 1.30762893399e-05
1313 0.000261376547634
1314 4.35061879958e-05
1315 4.13580254007e-06
1316 1.60008454707e-06
1317 7.1393844394e-07
1318 0.000599487064464
1319 8.73006911735e-05
1320 1.65172407333e-07
1321 0.000108371621558
1322 5.81537964532e-06
1323 3.9096648734e-05
1324 5.89573047939e-06
1325 8.50910574286e-06
1326 1.14421608801e-06
1327 0.0
1328 0.000186303025318
1329 8.63701098682e-05
1330 6.46782622033e-05
1331 0.000189333071484
1332 3.65624539128e-05
1333 1.83250327425e-05
1334 5.90374330919e-07
1335 0.000618196351353
1336 1.892356849e-05
1337 1.1823887702e-06
1338 1.96601069304e-05
1339 0.000423098762857
1340 1.76655022733e-05
1341 1.99622250882e-06
1342 1.57024315541e-05
1343 8.90423287117e-07
1344 4.12980851102e-05
1345 1.65006104554e-05
1346 0.000311177320756
1347 0.0
1348 5.60869011066e-05
1349 7.06304014244e-06
1350 1.87057738543e-05
1351 6.57724249574e-06
1352 2.50724169361e-06
1353 0.00108417638403
1354 6.13444018264e-08
1355 1.9347080576e-07
1356 6.54151393731e-05
1357 2.03148499682e-06
1358 2.69931837108e-05
1359 0.000193239465479
1360 1.12047791334e-05
1361 0.000239261753518
1362 0.00188628917589
1363 0.0
1364 1.80826997283e-07
1365 6.95034319741e-07
1366 9.23718940866e-07
1367 4.64749614537e-05
1368 5.79394988606e-05
1369 2.09593372907e-07
1370 0.00030793185806
1371 1.11272507428e-05
1372 1.94549684687e-05
1373 0.0
1374 0.000156233791135
1375 6.65185367389e-05
1376 5.90519417666e-06
1377 0.000992296167859
1378 0.00127128176601
1379 5.34834841831e-07
1380 1.73449581158e-06
1381 4.47223614342e-06
1382 5.01356343024e-07
1383 1.59350244495e-06
1384 0.0
1385 6.84124707695e-06
1386 3.37248181207e-05
1387 0.0
1388 1.88357936879e-06
1389 6.5413636478e-06
1390 9.09994516018e-07
1391 6.21667586011e-05
1392 0.000194887328462
1393 6.47670826231e-06
1394 1.74225933334e-05
1395 0.0
1396 0.0
1397 4.8194871547e-06
1398 2.3611824373e-06
1399 2.68400469021e-06
1400 6.05195242115e-05
1401 2.09402038453e-06
1402 6.73601956677e-07
1403 4.0516844405e-06
1404 0.0
1405 0.000868773172051
1406 0.0036500939991
1407 4.50938717538e-06
1408 5.25945269004e-06
1409 0.000108805425744
1410 3.40942467063e-05
1411 4.30450068606e-05
1412 1.54448095231e-06
1413 1.22561677728e-05
1414 0.000195991872173
1415 3.14586676033e-09
1416 7.19496237101e-06
1417 1.97721940467e-05
1418 1.84033205479e-07
1419 2.4689254365e-06
1420 0.00130270109415
1421 0.00467054341221
1422 5.42265563073e-05
1423 2.66209054289e-06
1424 9.61903191954e-06
1425 3.61055622178e-06
1426 0.000138860643504
1427 8.75610151217e-05
1428 5.77803540007e-05
1429 1.26314764277e-05
1430 1.83945746996e-05
1431 0.0
1432 0.000200864156351
1433 6.50335264658e-06
1434 1.08973659711e-06
1435 2.2777724704e-06
1436 0.000100381530589
1437 1.68718676877e-05
1438 2.58178826517e-05
1439 2.40486435436e-05
1440 2.86673967747e-08
1441 9.69907193024e-05
1442 2.91395369953e-06
1443 5.51530320349e-07
1444 1.11393643952e-07
1445 9.55574417088e-06
1446 2.86603433172e-06
1447 6.48474451541e-05
1448 4.71319218228e-05
1449 0.000175050203169
1450 2.16775290223e-05
1451 0.000567701601786
1452 3.85190920771e-06
1453 1.62200835224e-06
1454 1.07369620249e-05
1455 6.35759979508e-06
1456 0.0
1457 1.93241175751e-05
1458 2.02839960204e-06
1459 0.000115829522401
1460 4.26161915411e-05
1461 2.76025591639e-05
1462 1.03395168739e-06
1463 1.26481770625e-05
1464 2.81537513984e-07
1465 3.39616862793e-06
1466 0.0214318671608
1467 0.0
1468 5.90385429845e-05
1469 5.81015694763e-07
1470 4.54391222929e-05
1471 8.23290434316e-06
1472 0.00135404579228
1473 0.000112934916632
1474 7.84299610922e-05
1475 2.04481339421e-08
1476 0.000158971994628
1477 3.96065306049e-07
1478 3.65965094429e-06
1479 7.05984703328e-07
1480 2.24201627133e-05
1481 8.35386061575e-05
1482 1.50776738529e-06
1483 1.3062762765e-05
1484 0.000610582519932
1485 1.23865642217e-06
1486 0.000130547267051
1487 0.0
1488 8.36232788042e-05
1489 0.000176696722686
1490 5.57273047209e-07
1491 2.32835533248e-08
1492 1.69702271873e-05
1493 4.02512735472e-06
1494 1.37140788358e-07
1495 8.1695530093e-05
1496 0.000458884366641
1497 0.000134048274788
1498 1.74406070655e-05
1499 8.17738900538e-08
1500 1.01948553512e-06
1501 8.50974785322e-05
1502 2.98534544968e-06
1503 2.32810482286e-05
1504 2.69403739572e-06
1505 2.72198917444e-05
1506 0.00341280655783
1507 2.54938578421e-08
1508 8.95260447499e-06
1509 2.73976911649e-06
1510 0.000487107769225
1511 3.06722009132e-08
1512 0.000131133973971
1513 5.27440025767e-05
1514 0.000209954945479
1515 8.30125503151e-06
1516 3.08403769848e-05
1517 2.26438295791e-05
1518 6.78984839748e-07
1519 0.000226345754475
1520 1.79889932359e-05
1521 2.47743411984e-05
1522 0.0
1523 0.000605768767395
1524 0.000260810576947
1525 1.72140135013e-06
1526 2.53547391211e-05
1527 3.01691403356e-06
1528 3.09608834113e-06
1529 5.56220189489e-05
1530 3.92846617346e-05
1531 6.16425988056e-06
1532 8.48456549234e-06
1533 2.0883571017e-06
1534 5.76807207781e-06
1535 0.00448921942105
1536 6.15400244206e-06
1537 0.000677690047049
1538 0.000373531152017
1539 1.25771601663e-05
1540 5.16588312767e-06
1541 0.000409317701167
1542 4.43049098262e-06
1543 3.16556005123e-06
1544 1.52597389302e-05
1545 5.03094782209e-06
1546 0.000204366493395
1547 0.0
1548 1.20928251447e-05
1549 9.41600506734e-06
1550 0.000229338186196
1551 9.78196488166e-07
1552 4.01009011108e-05
1553 2.49674297022e-06
1554 0.000603897322563
1555 0.000201717160227
1556 0.000243536874542
1557 9.91103841955e-07
1558 4.38089262507e-05
1559 0.0
1560 0.000397370412696
1561 0.0
1562 1.70718130796e-05
1563 1.21666396956e-06
1564 1.99424187575e-05
1565 2.86148490488e-06
1566 9.45226260322e-06
1567 4.98184975284e-06
1568 6.15790445934e-05
1569 1.76590975545e-07
1570 2.47339280785e-05
1571 2.46440875975e-05
1572 1.1625843801e-05
1573 8.88915839977e-07
1574 4.13800199299e-05
1575 0.000266263355607
1576 2.86209430784e-06
1577 1.34379036563e-05
1578 0.0332545945338
1579 3.95480740958e-06
1580 9.43760028099e-09
1581 8.37700895933e-06
1582 0.0
1583 3.09078239629e-06
1584 3.06265057732e-05
1585 0.000298013070815
1586 5.75373112146e-06
1587 0.0
1588 3.24690977258e-06
1589 4.47947318543e-05
1590 0.000266545064512
1591 0.000319317202972
1592 0.000297834444218
1593 2.93350505111e-07
1594 0.000486554507848
1595 3.88699671638e-06
1596 5.31308742516e-05
1597 1.53067786437e-05
1598 1.77597186736e-05
1599 7.92477917538e-05
1600 1.11211292627e-06
1601 2.50814356631e-05
1602 5.7283446461e-07
1603 3.10048491297e-07
1604 1.96382010761e-05
1605 0.00113002444547
1606 9.85166050657e-06
1607 8.2240456192e-05
1608 2.04481339421e-07
1609 1.48054617794e-05
1610 9.23876629399e-05
1611 0.000197538755506
1612 3.45077940109e-05
1613 9.34961765654e-05
1614 0.000268598302677
1615 1.88723099448e-05
1616 1.74600844304e-06
1617 1.47854666762e-05
1618 0.000433586900837
1619 0.000154365168747
1620 0.00063291922991
1621 0.000131250009982
1622 0.000832081899586
1623 0.0002464073789
1624 8.44909922371e-06
1625 5.27932138102e-06
1626 1.51014066214e-06
1627 0.000131675371945
1628 0.0
1629 2.68608165657e-05
1630 8.60580963378e-07
1631 7.68006361429e-05
1632 7.39465950143e-08
1633 9.46578797904e-06
1634 2.07487405784e-06
1635 9.04768853502e-06
1636 2.22110175359e-06
1637 0.000120684084562
1638 4.65290820895e-05
1639 2.69646738047e-06
1640 2.82238741251e-05
1641 7.48716288959e-08
1642 2.55139599562e-06
1643 0.00142825351955
1644 7.46130126249e-06
1645 1.49940547717e-05
1646 1.80505285747e-05
1647 4.79308266624e-06
1648 5.15140107349e-06
1649 1.54266685435e-07
1650 3.49553516027e-06
1651 1.10765588299e-05
1652 0.0
1653 6.44907969419e-06
1654 3.63734788015e-06
1655 7.07412554614e-07
1656 4.95051498614e-06
1657 0.00139889650607
1658 0.0
1659 4.20380673722e-06
1660 6.33364852353e-06
1661 6.70980267848e-06
1662 3.59877274855e-05
1663 0.000149805052689
1664 0.00107006594135
1665 2.04481339421e-07
1666 1.58575817627e-05
1667 0.00461731343056
1668 5.90960562583e-06
1669 1.12594177089e-05
1670 1.6367427141e-05
1671 3.43156731761e-06
1672 0.000124779982488
1673 3.52867905995e-06
1674 1.19231634662e-05
1675 4.01076781686e-05
1676 3.28504604292e-05
1677 1.12958053771e-06
1678 7.88155434156e-06
1679 1.19603036589e-05
1680 4.53558971031e-06
1681 0.000219880033275
1682 4.20734701461e-06
1683 8.51157752954e-06
1684 0.000100321695164
1685 0.248113570673
1686 1.52677542213e-05
1687 0.000135409397273
1688 0.000814161614437
1689 0.000554283190566
1690 1.61266925561e-05
1691 0.0
1692 4.75264808558e-06
1693 0.000197010891953
1694 6.13444018264e-08
1695 3.49267790483e-05
1696 2.67832053686e-06
1697 2.07195334035e-06
1698 2.27258683295e-05
1699 1.25889193363e-06
1700 0.000106963152248
1701 8.76669354015e-07
1702 1.01011948187e-06
1703 0.000418121180298
1704 5.86448585573e-05
1705 3.55977048992e-06
1706 4.79156420739e-05
1707 8.09376370143e-06
1708 4.49767580079e-05
1709 4.33650923676e-07
1710 3.45517967364e-05
1711 9.34963570979e-07
1712 1.84033205479e-07
1713 9.71605029675e-06
1714 1.84033205479e-07
1715 4.31697141146e-05
1716 7.13828155388e-06
1717 8.59754626326e-05
1718 3.17615255634e-05
1719 0.0329589976789
1720 1.15719600787e-05
1721 2.72611217317e-05
1722 1.40804526941e-05
1723 1.28942379855e-05
1724 1.53199390142e-06
1725 1.08772181548e-05
1726 5.98981817708e-05
1727 0.000784169494538
1728 1.23130999496e-05
1729 1.9944529369e-06
1730 3.59420003231e-05
1731 0.000163704552857
1732 8.99717893455e-08
1733 7.23388864525e-06
1734 1.77208604871e-06
1735 3.3079901562e-06
1736 1.19794844545e-05
1737 3.26827784536e-05
1738 3.73221506553e-06
1739 3.69611094627e-06
1740 1.08906320378e-06
1741 4.90527997465e-05
1742 2.09564681054e-05
1743 2.44146102769e-05
1744 1.31387198957e-05
1745 1.51518669155e-05
1746 8.20174477463e-05
1747 8.22019308613e-05
1748 1.42028796106e-06
1749 2.78115736141e-07
1750 1.08429061068e-06
1751 2.57754635473e-05
1752 7.47186881913e-06
1753 1.31461364084e-05
1754 7.15496134864e-06
1755 8.26912266986e-06
1756 0.0
1757 7.79917645123e-07
1758 2.00999583522e-05
1759 0.00121993432445
1760 6.18312621584e-08
1761 6.13444018264e-08
1762 0.000100383280356
1763 0.0
1764 3.14441394156e-06
1765 6.07128338978e-07
1766 1.9080714429e-05
1767 4.92745944683e-06
1768 1.45817671258e-05
1769 0.000130376694805
1770 6.08185211224e-05
1771 2.13812388646e-05
1772 2.53821407427e-07
1773 5.75705163906e-06
1774 5.54890046782e-07
1775 8.84924813296e-06
1776 9.52697149577e-09
1777 0.0
1778 2.36934263017e-07
1779 6.95008183813e-05
1780 8.86869314932e-06
1781 6.32385599988e-05
1782 5.33504995177e-06
1783 0.000205405584098
1784 0.000251959940454
1785 4.42864431758e-07
1786 1.02541610265e-05
1787 0.000227113053062
1788 1.04636915744e-05
1789 1.44159344292e-07
1790 1.26026080659e-05
1791 2.88403497658e-05
1792 3.9632258119e-05
1793 8.38246939985e-07
1794 2.13892496257e-05
1795 6.42213215177e-05
1796 6.99822123814e-06
1797 4.14491992815e-06
1798 1.88122832268e-07
1799 9.57321196062e-07
1800 2.7710777871e-05
1801 0.000556076352115
1802 2.69512177251e-06
1803 4.37052960261e-08
1804 3.86286648189e-05
1805 5.43378190909e-05
1806 2.12897038945e-06
1807 0.000265173799204
1808 2.02183314691e-05
1809 7.83481978132e-05
1810 0.000133413075086
1811 1.32827604271e-05
1812 5.53806086681e-06
1813 3.89612365562e-06
1814 0.00025794260652
1815 6.94121201273e-07
1816 1.74899675815e-06
1817 1.62716040143e-05
1818 2.66131075644e-05
1819 9.00589338058e-06
1820 0.000153870655697
1821 1.79930358193e-05
1822 2.16304507569e-07
1823 6.69495871772e-07
1824 2.1082082609e-05
1825 8.89441661347e-05
1826 0.00016948895858
1827 8.53125764978e-06
1828 0.000107716262781
1829 3.50181857552e-05
1830 1.64816768731e-06
1831 5.63448201384e-06
1832 3.00501843609e-05
1833 2.46317089941e-06
1834 0.000443979924825
1835 0.0
1836 0.00195104407884
1837 5.02292438636e-05
1838 6.58124814774e-06
1839 2.0857096621e-07
1840 3.7388904797e-05
1841 5.54197541868e-07
1842 3.35612915954e-06
1843 1.73895815449e-05
1844 1.01215121648e-05
1845 0.000218401325086
1846 3.54735918824e-05
1847 0.000136440443595
1848 0.000427117535746
1849 1.17642427522e-06
1850 1.11548171479e-05
1851 9.25758151624e-06
1852 1.27346893243e-05
1853 7.3521891698e-05
1854 1.91935512872e-07
1855 0.0
1856 4.16795180121e-07
1857 0.0
1858 1.20188927035e-05
1859 1.75089358101e-05
1860 0.000113824204338
1861 9.18077962487e-06
1862 4.66791217731e-05
1863 6.93693334774e-06
1864 0.000174375568354
1865 2.53878176027e-05
1866 3.983402716e-08
1867 0.000105512716891
1868 2.70935544008e-05
1869 0.000172185382015
1870 4.62134437277e-07
1871 2.02666409625e-06
1872 3.15652699346e-05
1873 1.32024365145e-05
1874 1.02183662382e-06
1875 1.6170399843e-07
1876 7.17057067355e-06
1877 3.62043930058e-05
1878 3.72240189832e-06
1879 5.32229281921e-06
1880 0.000134984919269
1881 6.80358710444e-07
1882 5.06457471513e-05
1883 1.38340746728e-05
1884 8.55635680763e-05
1885 4.70867591868e-07
1886 9.74855529021e-06
1887 2.33627041594e-05
1888 6.06187034762e-08
1889 0.000143106739168
1890 2.81892132202e-06
1891 4.90755214612e-07
1892 7.31524823896e-06
1893 9.62635228661e-09
1894 3.60468432538e-05
1895 2.6598808069e-05
1896 3.75493626487e-06
1897 1.03993366906e-06
1898 3.33418208426e-05
1899 1.0218782712e-05
1900 3.87106829937e-05
1901 2.14948587483e-06
1902 3.77439488402e-06
1903 0.000124938589716
1904 3.65031707568e-06
1905 4.68168717088e-06
1906 3.70544972649e-08
1907 1.12944518018e-06
1908 1.62487059806e-06
1909 3.33856568005e-06
1910 0.000204753806759
1911 7.54123386451e-06
1912 0.000188070796763
1913 0.196350498118
1914 1.41350592445e-05
1915 1.53631828023e-06
1916 4.49364596236e-07
1917 5.27541662534e-05
1918 8.88777316978e-06
1919 4.99302969581e-06
1920 5.33703231593e-06
1921 4.86551372909e-05
1922 3.7883671114e-06
1923 8.51668120592e-07
1924 2.24709713007e-05
1925 2.47439604006e-08
1926 1.7756286937e-05
1927 0.000434987947684
1928 2.7898055579e-06
1929 4.8272186787e-07
1930 2.75295464471e-06
1931 6.43124469485e-07
1932 1.4604888806e-06
1933 1.78282298396e-05
1934 3.87971508377e-07
1935 9.84683873387e-07
1936 2.73625550719e-06
1937 3.09833579376e-06
1938 6.13444018264e-08
1939 7.84128086107e-06
1940 3.21049364999e-05
1941 2.08817031429e-05
1942 0.00197349468812
1943 4.25961372811e-06
1944 1.23757457536e-05
1945 3.04795317102e-06
1946 0.000124371569945
1947 8.12324821823e-06
1948 0.000129755616545
1949 7.42223429365e-05
1950 2.03998905093e-07
1951 1.16611751339e-07
1952 9.08892231217e-05
1953 3.92523643187e-06
1954 1.34323469938e-06
1955 0.000681370218083
1956 3.87156312244e-05
1957 6.6456435312e-07
1958 1.25009274672e-06
1959 7.68748741859e-07
1960 0.00112792387919
1961 0.00210252832086
1962 4.90755214612e-07
1963 8.3765102724e-06
1964 1.21444851349e-06
1965 0.000170003911289
1966 2.18510240652e-06
1967 2.21004749551e-05
1968 0.0
1969 1.65240892757e-06
1970 0.0
1971 0.000619863620068
1972 7.40029734038e-06
1973 0.000110810619197
1974 9.8072045071e-05
1975 2.70997916304e-07
1976 1.62548067663e-05
1977 5.14887544045e-05
1978 1.06135552366e-07
1979 1.71278826629e-07
1980 7.96208664339e-06
1981 5.19726468219e-06
1982 3.14752237204e-06
1983 1.73083054828e-05
1984 2.71866620724e-05
1985 9.81426883358e-06
1986 0.000255417291221
1987 0.000995903437832
1988 0.000368450333071
1989 1.72672852802e-05
1990 1.5276525502e-06
1991 1.69491616624e-06
1992 6.56710549717e-05
1993 2.01182144701e-07
1994 1.9320293664e-05
1995 5.65975852034e-06
1996 9.58997611132e-05
1997 2.45377607306e-08
1998 2.01591108261e-06
1999 6.69736011808e-05
2000 1.06535927238e-06
2001 9.82246267187e-07
2002 7.76261459486e-05
2003 3.00884268454e-05
2004 0.000621016942674
2005 6.68686818367e-05
2006 3.67313293422e-06
2007 2.57764158365e-06
2008 0.00121626940293
2009 2.80431551207e-07
2010 4.5276441272e-05
2011 5.64876768544e-06
2012 1.34385499917e-06
2013 7.96195667717e-08
2014 4.73482621361e-08
2015 6.78041532309e-08
2016 1.37002497412e-07
2017 1.0209672306e-07
2018 6.44116219178e-07
2019 6.93293711974e-05
2020 4.75494760955e-07
2021 3.13575077356e-06
2022 9.70483307737e-08
2023 2.83903869602e-06
2024 4.87972260555e-06
2025 6.37067380857e-05
2026 4.19759469499e-07
2027 0.000190847076923
2028 4.61649432347e-05
2029 2.17661193173e-05
2030 0.00042452651091
2031 7.87783941821e-06
2032 0.000238703711202
2033 0.000167753058918
2034 5.59597067736e-06
2035 8.89493826483e-07
2036 5.45789401606e-06
2037 1.14168808927e-06
2038 3.11512848902e-05
2039 0.000439246089918
2040 2.91419487158e-05
2041 1.72361297438e-05
2042 8.07701290715e-07
2043 6.71765203059e-05
2044 6.26986090806e-06
2045 8.78032998728e-07
2046 5.3598657689e-06
2047 1.34485711819e-06
2048 0.00181073702459
2049 2.62390735688e-06
2050 8.54649187464e-06
2051 2.0009544521e-07
2052 2.72166381101e-07
2053 3.06815331527e-05
2054 5.40530582595e-05
2055 0.000269871072112
2056 1.98047405574e-06
2057 2.28511592216e-05
2058 1.11456169551e-05
2059 2.62910275573e-05
2060 6.39145721821e-06
2061 6.27990315522e-05
2062 2.70719954071e-06
2063 0.000115830221184
2064 3.59171266005e-05
2065 9.37763523993e-06
2066 3.90681531423e-05
2067 1.26924488541e-07
2068 2.12251246908e-06
2069 0.00564810816545
2070 1.66944583896e-05
2071 1.24843698866e-06
2072 8.48581060121e-05
2073 0.000176811990219
2074 9.56799398712e-06
2075 3.55471580101e-06
2076 8.14984261779e-06
2077 1.15002867165e-06
2078 1.75705153734e-06
2079 1.41486645764e-05
2080 0.0
2081 3.15548786951e-07
2082 0.00484048519424
2083 1.52312392326e-06
2084 4.17693963811e-06
2085 2.3400781365e-05
2086 1.06142708989e-05
2087 2.75696216079e-06
2088 0.000189652683553
2089 1.24594930813e-05
2090 2.59942709511e-06
2091 6.21853565411e-06
2092 8.51709419909e-06
2093 5.56988158815e-06
2094 1.75152733624e-05
2095 4.90755214612e-08
2096 1.08076572911e-05
2097 1.21265292221e-06
2098 7.43377919048e-07
2099 1.41342680082e-06
2100 2.41156528228e-06
2101 0.0
2102 6.49652303612e-05
2103 0.00323151138105
2104 1.17063307193e-05
2105 5.70244675736e-06
2106 1.56191093894e-06
2107 4.08962678843e-08
2108 1.36851635385e-05
2109 3.14780585463e-06
2110 1.91433341783e-06
2111 0.00117096784902
2112 0.000317289013688
2113 6.19604737489e-06
2114 2.30187564949e-07
2115 1.67471680972e-06
2116 3.1297273695e-06
2117 0.000119044643413
2118 0.000706511420546
2119 7.4163760194e-06
2120 1.12811603226e-06
2121 7.45515630559e-06
2122 6.60487310924e-06
2123 2.93412088304e-06
2124 1.19188587498e-05
2125 4.91384872542e-06
2126 5.92645668702e-05
2127 3.82905992455e-05
2128 0.000102161991782
2129 0.000233347135935
2130 1.46068533799e-05
2131 4.58676906586e-07
2132 1.81150776111e-05
2133 0.000220862653206
2134 0.000927899713817
2135 0.00051920957703
2136 1.92904390725e-05
2137 7.45749700871e-07
2138 3.42793865493e-05
2139 8.91008634324e-05
2140 5.68480901709e-06
2141 5.18289434695e-06
2142 1.26397659097e-06
2143 0.00724970423177
2144 0.000547634940675
2145 4.56742425423e-05
2146 1.63340344776e-05
2147 7.58252372375e-06
2148 4.27699107384e-06
2149 4.00687739091e-05
2150 6.63952057105e-05
2151 1.75979872609e-05
2152 1.97093909622e-05
2153 7.6701771576e-06
2154 8.81016520084e-05
2155 8.22725665279e-06
2156 8.86997571208e-05
2157 8.19110028463e-06
2158 3.10133493841e-05
2159 8.69850183678e-08
2160 2.26227707595e-06
2161 3.57295011374e-06
2162 2.21407282385e-05
2163 2.09662483826e-06
2164 2.22600692294e-05
2165 2.32570849927e-06
2166 4.2089940361e-06
2167 6.85367265376e-07
2168 0.0
2169 0.0
2170 3.88670100324e-05
2171 7.92860441971e-07
2172 9.60363462295e-05
2173 1.19384809973e-05
2174 1.40538733666e-05
2175 0.000157983625186
2176 1.98492957338e-07
2177 0.000402392385288
2178 3.53914164956e-07
2179 6.13444018264e-08
2180 2.0076781677e-06
2181 3.57618028321e-05
2182 1.90689425355e-06
2183 9.66983013936e-08
2184 6.15985121883e-05
2185 1.08112465581e-05
2186 1.36697696777e-05
2187 5.00468851556e-07
2188 7.65033080988e-05
2189 9.56627066884e-06
2190 0.000871730992819
2191 4.24388399179e-06
2192 2.33523419066e-05
2193 1.43633597172e-06
2194 1.43271566193e-06
2195 0.00288526570784
2196 0.0
2197 1.66763932234e-05
2198 4.28311017108e-06
2199 1.26539387812e-05
2200 0.00047373899987
2201 7.55410615828e-06
2202 7.20323596554e-06
2203 2.73177956752e-06
2204 8.40889144502e-05
2205 0.0
2206 1.65176513907e-07
2207 1.35766923353e-05
2208 4.33267189214e-06
2209 1.16588311133e-06
2210 4.16147317655e-06
2211 2.39100364412e-05
2212 2.72739434414e-05
2213 2.25708543283e-06
2214 1.52434468255e-06
2215 5.19918226425e-06
2216 2.75899812514e-05
2217 3.5327393937e-06
2218 1.1071735069e-06
2219 1.56170870477e-05
2220 0.0
2221 8.1552571492e-06
2222 2.05205711032e-05
2223 2.44002645623e-05
2224 0.000106408749621
2225 6.29485306759e-05
2226 6.51790985544e-05
2227 0.00190101460839
2228 2.71741094281e-07
2229 9.51069384777e-06
2230 3.66205991088e-05
2231 1.02240669711e-08
2232 1.0829490502e-05
2233 7.69158374683e-05
2234 0.000116892400707
2235 1.65196474907e-06
2236 5.30926912428e-05
2237 1.17532792418e-05
2238 2.33775943273e-06
2239 1.34567287257e-06
2240 2.72020357234e-05
2241 1.24677608472e-05
2242 3.96163945027e-05
2243 0.00254568128471
2244 1.26868996981e-05
2245 1.00482235064e-05
2246 4.2064732681e-08
2247 3.95345201234e-05
2248 0.000200793328068
2249 8.25873537856e-07
2250 6.88682740223e-06
2251 0.000111619402499
2252 5.40083018245e-07
2253 1.11535276048e-08
2254 4.55605677435e-06
2255 4.106574726e-05
2256 5.23472228919e-07
2257 3.50539439008e-08
2258 5.21366834391e-06
2259 6.38829413007e-07
2260 4.85370684251e-05
2261 2.98199722034e-06
2262 2.1040390914e-06
2263 8.65137198083e-07
2264 1.1655436347e-07
2265 5.36523491316e-05
2266 4.39923931799e-07
2267 0.00635179503213
2268 4.23472393446e-05
2269 0.000848808008616
2270 0.0
2271 1.20670840044e-07
2272 7.89325929735e-06
2273 4.18657671144e-06
2274 1.49582431615e-05
2275 3.22680779917e-06
2276 6.81824864697e-06
2277 4.40461271226e-06
2278 2.24883078438e-06
2279 0.000138903543502
2280 6.32187131938e-05
2281 9.36546825137e-06
2282 2.42456445314e-07
2283 0.000203605181266
2284 0.000475419212987
2285 8.4922790389e-05
2286 1.34009458072e-05
2287 6.46452854035e-06
2288 4.07545366145e-06
2289 4.8347690243e-06
2290 0.00100140885841
2291 5.09666185155e-06
2292 1.13700073177e-06
2293 0.00021872969517
2294 1.56886500682e-05
2295 0.000121144975204
2296 4.33477420706e-06
2297 5.89600547506e-06
2298 1.87579144087e-06
2299 1.75192798021e-05
2300 4.20105171317e-06
2301 2.05958993588e-05
2302 5.30775133898e-07
2303 0.000209890742347
2304 2.06102623105e-06
2305 1.27568239662e-05
2306 8.31324140206e-07
2307 1.07120810468e-06
2308 2.44508631676e-06
2309 3.0948328871e-06
2310 2.72472618612e-05
2311 9.50902223785e-07
2312 1.42461073682e-06
2313 1.63248512428e-07
2314 0.000223596395865
2315 8.27089717369e-07
2316 6.66768217986e-06
2317 1.21428277993e-06
2318 1.37091472897e-05
2319 4.17991621472e-05
2320 0.000108643984036
2321 2.21286412255e-07
2322 6.48205845966e-07
2323 2.88471482824e-05
2324 6.53409193611e-06
2325 0.000105212457026
2326 0.000284247435382
2327 7.40417788853e-06
2328 0.001739854359
2329 0.000395161387803
2330 5.70125695423e-05
2331 2.20819699862e-05
2332 1.11002187069e-05
2333 4.04289113929e-05
2334 0.0015267582308
2335 1.58007867227e-05
2336 1.23466904152e-05
2337 0.000162204483582
2338 3.09561151348e-05
2339 1.4438858355e-05
2340 1.16462561047e-05
2341 1.05755217221e-05
2342 6.75756908395e-06
2343 1.03064504047e-05
2344 4.33508649902e-05
2345 0.000153501246696
2346 4.90692683584e-05
2347 1.32784976319e-06
2348 0.00357962704827
2349 7.99896913727e-06
2350 6.70419494488e-07
2351 5.3492072854e-06
2352 2.85654167429e-05
2353 4.52954364988e-06
2354 1.16003485976e-06
2355 5.55619140815e-06
2356 3.00176805339e-05
2357 4.01878102741e-06
2358 1.92849939675e-06
2359 1.12464736682e-07
2360 2.24884807739e-06
2361 8.57343107615e-07
2362 1.92483705921e-05
2363 1.02783711999e-06
2364 5.06044283628e-06
2365 0.000103499005726
2366 3.53273372848e-06
2367 5.98128874919e-06
2368 2.38392480474e-05
2369 0.000153453489274
2370 1.11063665185e-05
2371 3.44949478588e-06
2372 8.08822397555e-06
2373 4.23271233351e-05
2374 2.98456100627e-06
2375 3.75815405353e-06
2376 0.0
2377 1.70120284173e-05
2378 4.06642132186e-05
2379 5.06403385347e-05
2380 1.38863248522e-05
2381 0.0
2382 6.2207727955e-06
2383 0.0
2384 6.17696474503e-07
2385 0.000373798045363
2386 7.9395615997e-05
2387 3.53892162502e-06
2388 9.72597925883e-06
2389 2.06526152816e-07
2390 9.55157596989e-05
2391 4.65714522578e-06
2392 1.09851669182e-05
2393 6.75908716744e-06
2394 4.58171068288e-06
2395 0.000106514722136
2396 8.98407556779e-05
2397 1.41048747878e-05
2398 9.26504456074e-06
2399 0.000156213770465
2400 0.000155686309463
2401 1.0471398978e-06
2402 1.55370857834e-05
2403 5.48568097485e-07
2404 9.34958049917e-07
2405 1.27393824283e-05
2406 5.12335291777e-06
2407 7.37507052266e-06
2408 1.66272224104e-06
2409 3.13055730238e-06
2410 8.41703823621e-06
2411 2.21634229256e-05
2412 1.09337541195e-05
2413 8.87971229111e-06
2414 1.89786368878e-05
2415 8.86608957458e-06
2416 0.00328633953785
2417 4.12388405154e-06
2418 0.000139494664879
2419 1.22666467295e-06
2420 0.000240475109566
2421 7.93393076745e-06
2422 8.48597558599e-07
2423 3.06722009132e-08
2424 5.17166947991e-06
2425 3.80650666438e-07
2426 1.35791852091e-05
2427 2.19034433882e-06
2428 7.87377842306e-07
2429 1.58970899235e-05
2430 3.29490786954e-05
2431 5.30886801468e-06
2432 0.0
2433 1.37667145872e-05
2434 8.64793996429e-06
2435 0.000625553863768
2436 4.10857198245e-07
2437 2.43965258818e-05
2438 8.17925357686e-08
2439 2.97707750811e-05
2440 3.47618277017e-07
2441 6.87426627647e-06
2442 0.0
2443 1.46058099587e-09
2444 1.03141167873e-05
2445 1.07608950747e-07
2446 2.38585560709e-05
2447 4.20830109006e-06
2448 5.68558348673e-05
2449 9.00870150983e-06
2450 1.74378648159e-05
2451 5.79850655359e-07
2452 0.000114262657971
2453 2.72837133589e-07
2454 4.50001427464e-06
2455 1.22334031582e-06
2456 1.62955806798e-06
2457 8.00451497772e-07
2458 0.0
2459 5.92526080765e-05
2460 6.48154980823e-05
2461 5.41675303366e-06
2462 9.0198016993e-05
2463 3.58304236954e-05
2464 4.12008324026e-05
2465 9.22796776684e-06
2466 6.01170055571e-06
2467 2.76791554254e-07
2468 2.14995545926e-06
2469 0.00125691482728
2470 1.73599231865e-06
2471 0.0
2472 8.61062795799e-05
2473 0.000215483612428
2474 2.38214498386e-05
2475 7.93291670933e-06
2476 4.01443930995e-05
2477 3.53318217583e-06
2478 1.37009142509e-06
2479 2.16932568497e-05
2480 1.53775942018e-06
2481 3.87857849985e-06
2482 1.75269719504e-08
2483 6.1861730752e-06
2484 0.0
2485 2.94029837317e-06
2486 3.24888230631e-06
2487 1.24024082701e-06
2488 2.42456445314e-07
2489 1.04632375886e-05
2490 2.43440306196e-06
2491 8.57414156611e-07
2492 0.00014340035998
2493 5.92974678715e-06
2494 2.44685528519e-07
2495 4.97359380811e-05
2496 3.66660219209e-06
2497 4.88548032364e-08
2498 3.31966379242e-06
2499 0.000172251742878
2500 1.34309609808e-05
2501 6.05848757296e-06
2502 0.000181814369804
2503 3.57490624932e-05
2504 1.58189313234e-07
2505 4.66659612422e-06
2506 0.0
2507 8.68820545356e-06
2508 1.43366681367e-05
2509 5.31308072221e-05
2510 0.00021408395722
2511 0.000198792568816
2512 0.000142897075629
2513 0.000450160686004
2514 3.73965812357e-07
2515 1.73301110336e-07
2516 7.10430561768e-07
2517 1.96222244453e-05
2518 0.0
2519 1.13437750792e-05
2520 2.25621098294e-06
2521 7.10693769693e-06
2522 5.67186238428e-06
2523 4.00555227433e-07
2524 3.53822270191e-06
2525 3.36606215715e-07
2526 3.0872861197e-06
2527 5.62128704796e-05
2528 1.22688803653e-07
2529 7.97477223744e-08
2530 8.94880882986e-05
2531 2.13798273045e-05
2532 4.61362948818e-06
2533 1.23900487265e-06
2534 6.59225356111e-05
2535 1.58671055624e-06
2536 1.06943740517e-06
2537 6.1061512184e-06
2538 2.14050387011e-05
2539 7.5814620541e-05
2540 2.60005250922e-06
2541 2.89126103538e-05
2542 0.0
2543 0.00128330354741
2544 0.00647161021246
2545 1.46162785091e-05
2546 5.49665314778e-07
2547 5.08529135443e-06
2548 5.31088358707e-05
2549 4.08962678843e-08
2550 3.11504827907e-06
2551 1.77698675672e-05
2552 1.06074956829e-05
2553 1.81235986959e-06
2554 1.27063781855e-05
2555 1.24926419694e-06
2556 7.30758058933e-05
2557 3.06520639856e-06
2558 4.14107540701e-06
2559 5.5507920167e-06
2560 3.88081800121e-06
2561 4.92126425044e-05
2562 7.37637360496e-06
2563 1.38824772977e-06
2564 1.56311231781e-06
2565 1.10312679739e-05
2566 2.45377607306e-08
2567 3.7530866991e-06
2568 7.30123591665e-05
2569 3.52234337811e-08
2570 0.0
2571 7.60149532969e-06
2572 1.22155132732e-05
2573 3.2140847923e-06
2574 4.95047037709e-06
2575 1.96706549521e-06
2576 1.02700249183e-05
2577 2.81312586744e-06
2578 4.1560133562e-06
2579 3.56194869866e-06
2580 1.04455321521e-06
2581 2.73297174804e-08
2582 1.29648671969e-05
2583 2.03523474554e-05
2584 5.18644489037e-05
2585 2.40919172539e-07
2586 9.89441002025e-07
2587 5.35610161275e-06
2588 1.77452515782e-06
2589 7.14479814591e-05
2590 3.09364708014e-05
2591 1.122743042e-05
2592 8.55351897304e-07
2593 8.33086772404e-05
2594 5.54841683474e-06
2595 0.00280861840126
2596 0.0
2597 0.0
2598 8.01818911066e-05
2599 0.000144988371149
2600 1.64911112212e-07
2601 9.11194120677e-06
2602 8.21768087869e-06
2603 1.85018929483e-05
2604 3.12327693856e-05
2605 1.66811442753e-05
2606 1.10310600105e-05
2607 4.11276468818e-07
2608 1.05069930091e-05
2609 7.55678904624e-05
2610 2.11443062433e-07
2611 2.78373910993e-05
2612 3.96395641726e-05
2613 6.03014309944e-06
2614 1.07440705234e-07
2615 2.44829043285e-06
2616 7.7569636824e-06
2617 0.000105045828424
2618 0.000103983082046
2619 7.09537022978e-06
2620 4.71572071324e-06
2621 2.95209211037e-06
2622 2.45377607306e-08
2623 3.29479142786e-06
2624 6.31121867245e-06
2625 2.87143930964e-05
2626 6.30989057812e-06
2627 2.0751956057e-06
2628 1.24772133388e-06
2629 3.20466683355e-06
2630 0.000119896995118
2631 5.72345494861e-06
2632 4.51414927632e-06
2633 3.27170143074e-08
2634 1.05657798709e-06
2635 3.06722009132e-07
2636 1.03178234312e-05
2637 4.31114089881e-05
2638 4.37762747593e-06
2639 3.74043687075e-06
2640 1.10673190445e-06
2641 7.54374444545e-05
2642 1.26997937989e-06
2643 0.000545691782232
2644 4.329543242e-05
2645 4.6362352414e-06
2646 3.00117336225e-06
2647 8.73182802341e-06
2648 6.12775002015e-05
2649 2.81400288485e-06
2650 5.73049483111e-05
2651 3.79861248376e-07
2652 3.03995591273e-07
2653 1.79787462041e-06
2654 2.22392293146e-05
2655 2.70015869388e-06
2656 4.16687903329e-06
2657 1.97568807908e-06
2658 2.03358901824e-06
2659 9.23250431688e-07
2660 5.03669097897e-05
2661 4.35799982837e-05
2662 5.79463101715e-05
2663 1.40915194872e-05
2664 1.56331362974e-05
2665 2.89135337553e-05
2666 2.6859972145e-05
2667 9.4237126317e-06
2668 9.70281382255e-06
2669 3.11169095993e-05
2670 0.000380241894833
2671 6.04292405871e-07
2672 0.0
2673 6.68488675106e-06
2674 4.59376623644e-06
2675 1.76432957082e-05
2676 2.19077032894e-05
2677 1.92028233777e-05
2678 2.12965503549e-05
2679 4.54119446849e-07
2680 5.11088267042e-05
2681 1.51560575338e-05
2682 1.24252271346e-05
2683 9.26365773523e-07
2684 4.0053910067e-05
2685 3.66404507769e-06
2686 9.17216486915e-07
2687 3.39325545002e-06
2688 1.04662659624e-06
2689 1.50030879896e-06
2690 1.12536859945e-05
2691 1.46088724163e-05
2692 0.0
2693 1.84033205479e-08
2694 3.06024752088e-05
2695 4.23419091441e-05
2696 1.33681683086e-07
2697 8.25620360414e-06
2698 1.91706566911e-06
2699 0.00030741651389
2700 5.50240695171e-08
2701 4.01411475094e-06
2702 6.53013570602e-07
2703 6.84738712235e-06
2704 2.9348076995e-07
2705 0.0
2706 5.40688165865e-06
2707 0.00202195868002
2708 2.06480084283e-05
2709 3.98827837747e-06
2710 1.61861585962e-06
2711 9.71453699212e-07
2712 1.3259211192e-05
2713 9.44443079902e-06
2714 1.24542259314e-05
2715 6.13444018264e-08
2716 1.67274914402e-05
2717 0.000616554225593
2718 1.82273532522e-06
2719 4.30896258463e-05
2720 0.000270264881088
2721 2.46114959282e-05
2722 0.0
2723 0.0
2724 1.01082384721e-06
2725 9.93230998354e-05
2726 3.69368677231e-06
2727 6.91320152185e-06
2728 1.85965291981e-06
2729 7.97087887368e-06
2730 0.00208371359787
2731 0.000118668177508
2732 3.62387678405e-06
2733 1.75269719504e-08
2734 2.84868577041e-06
2735 2.62449409304e-05
2736 7.54228690098e-06
2737 0.0
2738 7.17365495655e-06
2739 0.00197002347033
2740 9.1824050875e-06
2741 0.0
2742 2.62628046187e-05
2743 9.00915765984e-05
2744 2.27006481424e-05
2745 2.54059915179e-06
2746 1.34042553224e-05
2747 8.6096333745e-07
2748 7.35260899323e-07
2749 0.000588512709616
2750 1.1457528741e-05
2751 1.73501417107e-05
2752 0.000653665398067
2753 3.61051196175e-06
2754 1.04068748931e-05
2755 0.000129598616321
2756 2.95727081473e-05
2757 4.87590404784e-06
2758 3.25663491341e-05
2759 1.87043948196e-05
2760 8.39885975507e-06
2761 2.63774057955e-06
2762 1.36677933597e-05
2763 3.80418441925e-06
2764 0.00173250671842
2765 3.76940281613e-05
2766 4.83434520679e-06
2767 2.52382190497e-06
2768 0.0
2769 1.22886411498e-05
2770 7.14092688736e-07
2771 0.000445670757293
2772 7.40372932808e-07
2773 3.2603231102e-05
2774 8.72588019431e-06
2775 2.45377607306e-08
2776 1.31793792315e-05
2777 1.09738318823e-07
2778 3.21856066276e-05
2779 0.00203983405739
2780 4.60951942577e-07
2781 6.15844829318e-05
2782 4.78360220195e-05
2783 4.82746807074e-05
2784 1.36616561789e-05
2785 1.10741933974e-05
2786 2.07387948319e-05
2787 0.000222392952987
2788 3.06278006818e-05
2789 0.0
2790 2.42352349128e-06
2791 6.54247340085e-07
2792 1.9048092156e-06
2793 0.0
2794 6.10058636694e-05
2795 6.05877301924e-07
2796 7.34435098005e-06
2797 1.70821137374e-05
2798 3.75395111267e-06
2799 4.0541964203e-08
2800 1.36320892948e-08
2801 1.86324617473e-05
2802 1.79273429763e-07
2803 2.89159672099e-07
2804 7.0274547923e-06
2805 5.84848089413e-07
2806 1.53892963539e-06
2807 0.000178729707474
2808 3.83110837816e-06
2809 0.0
2810 5.76064439104e-06
2811 0.000693794190306
2812 2.59009696601e-07
2813 1.61276600936e-05
2814 2.82389922365e-05
2815 0.0
2816 0.000941994904089
2817 3.181145409e-07
2818 0.0
2819 6.90153468182e-06
2820 1.17126856954e-05
2821 1.83362666022e-06
2822 2.56129951746e-06
2823 7.74336654988e-06
2824 3.95974597279e-06
2825 0.0
2826 1.19421552135e-05
2827 1.02828422825e-05
2828 2.92041009664e-05
2829 0.00076200924637
2830 1.62352019385e-06
2831 2.26568834212e-06
2832 3.79349708728e-06
2833 9.44197630535e-06
2834 2.70681577377e-05
2835 4.29410812785e-07
2836 5.07689528759e-06
2837 1.55244034223e-05
2838 7.89826026373e-07
2839 0.0
2840 0.000130441055519
2841 1.33371466235e-05
2842 3.31603590715e-05
2843 0.0
2844 2.69414908971e-06
2845 8.26117532733e-06
2846 9.66783882359e-06
2847 4.24408621355e-06
2848 1.96418932324e-06
2849 7.11988461708e-06
2850 2.23382287487e-05
2851 2.71728030807e-06
2852 2.42887895493e-06
2853 3.82816884229e-08
2854 1.14231588072e-05
2855 8.03530838486e-06
2856 0.0
2857 6.08233018278e-06
2858 0.0
2859 3.47492135931e-06
2860 2.95905760393e-06
2861 0.0
2862 5.98107917808e-07
2863 0.000832194083468
2864 0.000164031477258
2865 2.45535992257e-05
2866 1.92234469411e-05
2867 2.1255919152e-05
2868 3.44189629853e-05
2869 1.54428667977e-05
2870 0.00162233628302
2871 5.46728967661e-06
2872 2.6788419316e-05
2873 2.52550326847e-05
2874 0.00176034483404
2875 7.27589011966e-06
2876 2.08286722447e-05
2877 1.04844441891e-06
2878 7.3254196385e-05
2879 2.79482181371e-06
2880 8.83253162228e-08
2881 0.00120913952907
2882 3.80729187192e-05
2883 1.19806590488e-06
2884 2.6901216467e-05
2885 3.73085498381e-07
2886 0.0
2887 2.97666406958e-07
2888 7.56404087216e-06
2889 2.43509862961e-06
2890 2.75622256327e-06
2891 0.00231800491865
2892 1.37638969499e-06
2893 1.85756969334e-05
2894 8.96796731463e-07
2895 2.76862526202e-05
2896 8.07329877218e-07
2897 2.09405755909e-05
2898 8.58076596605e-06
2899 4.62074715056e-08
2900 8.76348597521e-09
2901 8.11839603536e-08
2902 6.67374560696e-05
2903 0.0
2904 7.28736970875e-07
2905 6.25967381881e-05
2906 0.000735920683865
2907 3.26672328993e-05
2908 1.70501350498e-06
2909 3.19289900584e-07
2910 4.0948354078e-05
2911 3.09019547719e-05
2912 1.70329136293e-05
2913 0.000134072734152
2914 4.03406195826e-05
2915 0.000457252448884
2916 0.00199830550592
2917 2.75841189104e-05
2918 2.78382298383e-07
2919 1.12055313115e-06
2920 3.17926677682e-05
2921 0.000317669739315
2922 2.24444870852e-05
2923 0.0
2924 7.20025229858e-06
2925 4.94535705178e-06
2926 3.04301835452e-05
2927 4.34522846271e-07
2928 5.46629908953e-05
2929 6.03250921891e-05
2930 5.56265180819e-06
2931 1.75269719504e-08
2932 2.60933051845e-05
2933 8.62513363664e-06
2934 1.0256199753e-06
2935 3.6340516588e-06
2936 6.41048999086e-07
2937 0.00140585908215
2938 1.64982653529e-05
2939 2.00633692488e-05
2940 0.000319629828904
2941 1.94868556385e-05
2942 1.80114883533e-06
2943 7.25567952714e-07
2944 4.38204514259e-05
2945 6.0087084147e-05
2946 7.7644230673e-06
2947 0.000137669569131
2948 4.541274939e-07
2949 3.20481541082e-06
2950 4.05398861213e-06
2951 3.29173077273e-05
2952 0.000199305757756
2953 6.13444018264e-08
2954 1.79444394321e-06
2955 1.51564489941e-06
2956 1.86072654614e-05
2957 0.000976565073172
2958 2.42339598834e-06
2959 4.29798572708e-05
2960 2.96295707869e-07
2961 2.94602557157e-05
2962 9.82950242051e-07
2963 1.34466071341e-05
2964 3.27170143074e-08
2965 2.24092805868e-05
2966 6.49969271311e-06
2967 6.67657563452e-05
2968 1.15880672661e-05
2969 1.6658911179e-05
2970 2.25936834425e-05
2971 1.18473442989e-06
2972 1.58623522154e-07
2973 2.55505664058e-07
2974 2.62219456825e-05
2975 1.5739945469e-05
2976 6.13444018264e-08
2977 0.000162055235942
2978 1.88926770995e-06
2979 9.18799441528e-06
2980 3.13758276923e-05
2981 0.0
2982 2.54574992212e-06
2983 4.88732871694e-08
2984 1.49388224257e-06
2985 3.9871290081e-06
2986 9.99797226695e-06
2987 3.88026865559e-05
2988 1.87974940757e-06
2989 1.24690757988e-05
2990 3.13374764813e-05
2991 7.82180273439e-07
2992 7.17789476502e-06
2993 4.3322798216e-05
2994 8.15589844655e-06
2995 0.000871272664443
2996 3.99408594111e-06
2997 0.000336230977303
2998 1.63701918017e-06
2999 2.76453150836e-07
3000 1.97023271067e-05
3001 0.000495379310769
3002 2.24563200118e-05
3003 9.50813816681e-05
3004 0.0
3005 1.48418765344e-05
3006 4.72581549103e-05
3007 0.0
3008 6.64180814066e-06
3009 5.70525407463e-08
3010 3.41549438498e-06
3011 1.91492475435e-05
3012 6.09917297634e-05
3013 2.57792545771e-07
3014 1.86488522512e-06
3015 4.59300380487e-06
3016 2.16148140632e-06
3017 9.03506875059e-06
3018 0.000296978977235
3019 7.44255654707e-06
3020 0.000142044316265
3021 0.000122716101205
3022 3.41590771252e-06
3023 2.59707264452e-05
3024 3.91562027744e-06
3025 3.85398696615e-06
3026 1.97268668698e-05
3027 4.49172545778e-05
3028 8.53046225491e-05
3029 1.24222413699e-06
3030 0.000656680041559
3031 6.89150799884e-08
3032 0.0
3033 1.33283926627e-06
3034 0.000452809574218
3035 4.96643591303e-05
3036 6.11690213074e-05
3037 9.26401757332e-06
3038 0.0
3039 0.00192549763845
3040 1.28648419008e-06
3041 3.6899067607e-06
3042 5.73519500931e-06
3043 6.39079236161e-06
3044 6.12560503e-06
3045 1.63585071537e-07
3046 6.58429912937e-07
3047 1.55207794436e-05
3048 2.43676796241e-06
3049 1.48678553726e-06
3050 2.68996313988e-05
3051 1.89197885106e-06
3052 0.00261982300341
3053 2.00678445478e-05
3054 1.57791433587e-07
3055 0.00895090881916
3056 2.45377607306e-08
3057 2.9405201734e-05
3058 1.70140613736e-05
3059 1.44241740041e-07
3060 0.0
3061 0.000752602815027
3062 1.33648029725e-06
3063 2.1958704378e-05
3064 1.31160173429e-07
3065 1.50399369787e-05
3066 1.01088520062e-05
3067 1.14728637225e-06
3068 4.65932433548e-06
3069 8.98473720711e-07
3070 1.99568010177e-06
3071 8.52806847235e-06
3072 0.0
3073 3.87089457965e-05
3074 1.24080991399e-05
3075 2.45377607306e-08
3076 1.59351335504e-05
3077 0.00214993002315
3078 4.73403289916e-05
3079 4.06982056216e-05
3080 2.36628398477e-05
3081 1.17343984983e-05
3082 1.37497757654e-05
3083 9.69687201035e-05
3084 2.62758521157e-07
3085 0.000111145042377
3086 1.16459399247e-05
3087 6.77463481276e-06
3088 3.89314786691e-05
3089 8.48615339585e-07
3090 0.00137842955507
3091 0.000116380823837
3092 0.0
3093 4.2295290579e-07
3094 3.6702110731e-06
3095 4.90993106334e-08
3096 1.92334067028e-06
3097 2.17329397483e-05
3098 4.16214323181e-05
3099 1.39728468433e-05
3100 4.31601684279e-07
3101 8.94947228139e-05
3102 0.000283456079138
3103 2.14945539531e-06
3104 2.21004885418e-06
3105 4.46661088426e-05
3106 1.85362334186e-06
3107 1.35144674159e-05
3108 5.45736303687e-05
3109 0.00032955026087
3110 2.5176765922e-06
3111 6.07645204735e-06
3112 0.000123940755337
3113 1.4674631313e-07
3114 3.54417578858e-05
3115 5.22112189345e-05
3116 3.29616565298e-05
3117 8.79384026495e-05
3118 0.000715382073823
3119 3.17202489662e-05
3120 4.81957705521e-05
3121 1.34398493605e-05
3122 1.22688803653e-07
3123 2.89681897514e-08
3124 8.17403216776e-06
3125 2.07080216063e-05
3126 0.0
3127 1.75269719504e-08
3128 2.45377607306e-08
3129 1.83156856882e-07
3130 6.46034504167e-06
3131 6.16405404813e-07
3132 1.75269719504e-08
3133 0.00238415432833
3134 4.71621603566e-07
3135 0.0
3136 0.00015832794472
3137 7.04202267881e-05
3138 3.19869889626e-05
3139 2.867506919e-06
3140 2.420479729e-06
3141 9.79917070655e-05
3142 5.28925064637e-07
3143 4.61643759463e-06
3144 2.04481339421e-08
3145 3.12758021817e-06
3146 0.000770979541059
3147 2.05598945876e-05
3148 0.0
3149 1.25653165642e-05
3150 0.00161373763728
3151 7.70361905265e-05
3152 1.35467451156e-06
3153 8.95560030887e-05
3154 1.77868728612e-05
3155 0.000165501545075
3156 1.10361500048e-06
3157 7.74995731945e-07
3158 3.25813935782e-06
3159 8.51515815539e-06
3160 3.80335291324e-07
3161 6.88940369963e-06
3162 3.85593382909e-07
3163 6.05504396249e-05
3164 1.27443307895e-06
3165 2.62491110466e-06
3166 1.42846392263e-06
3167 4.79933007831e-06
3168 1.29242468907e-06
3169 7.43080500935e-05
3170 6.508045264e-06
3171 4.90589287798e-06
3172 4.02042293414e-06
3173 3.29930492841e-05
3174 0.000583881067343
3175 0.000263588410341
3176 2.68411787029e-08
3177 4.99793651241e-06
3178 3.38349306958e-05
3179 1.7953286168e-05
3180 5.92949404347e-05
3181 1.75269719504e-08
3182 1.75269719504e-08
3183 0.000593322511893
3184 0.0
3185 2.88712427656e-05
3186 6.83771654998e-05
3187 5.19665541524e-05
3188 7.96423548347e-06
3189 2.60171899328e-05
3190 1.53256027659e-06
3191 1.73030906087e-06
3192 2.46686249898e-05
3193 8.84135330415e-07
3194 4.04824488135e-06
3195 1.2013072041e-06
3196 1.93954797121e-05
3197 1.61560879626e-05
3198 1.15160113597e-06
3199 9.38108580761e-05
3200 6.53999267256e-06
3201 7.09891050025e-07
3202 7.18202803055e-05
3203 1.7047365373e-07
3204 1.77063072487e-05
3205 0.000466929040889
3206 1.19862494259e-05
3207 8.44906171512e-06
3208 1.17869837715e-05
3209 2.73479185666e-06
3210 2.57639148179e-06
3211 4.04713219903e-06
3212 8.5770765168e-06
3213 1.11132167887e-05
3214 9.29135273909e-06
3215 6.45548413951e-05
3216 9.42921613023e-06
3217 3.55797530593e-07
3218 1.91092680293e-07
3219 2.89681897514e-08
3220 1.47065552634e-05
3221 8.00766985493e-06
3222 7.62130108212e-06
3223 1.40336529488e-05
3224 6.28168217794e-06
3225 2.39588857559e-05
3226 1.23927702809e-05
3227 2.78963983036e-05
3228 1.84033205479e-07
3229 6.82822775223e-06
3230 5.21123599696e-06
3231 0.0
3232 8.75890593496e-06
3233 6.35509685399e-05
3234 5.75495567425e-05
3235 4.94896311284e-06
3236 1.77163438313e-07
3237 9.52420536743e-06
3238 8.28861466317e-06
3239 2.34785406381e-06
3240 8.02684885424e-06
3241 3.54139566055e-05
3242 5.71628113415e-07
3243 2.70112943009e-06
3244 5.3733612982e-06
3245 1.1470606461e-06
3246 1.7031951219e-05
3247 6.97042363264e-07
3248 0.000997627513812
3249 9.64733543371e-05
3250 1.39575286904e-06
3251 3.99175140523e-07
3252 4.46937784736e-07
3253 2.83865269767e-05
3254 3.69543247721e-05
3255 1.58314722063e-06
3256 1.27368201185e-05
3257 6.03428411956e-05
3258 9.79606539394e-06
3259 0.000108473714014
3260 8.51056814315e-06
3261 1.03948484381e-05
3262 1.885222629e-05
3263 4.51464949676e-07
3264 0.00028233594184
3265 3.03349882178e-06
3266 0.00141552883598
3267 1.53361004566e-08
3268 3.09672751547e-05
3269 0.0
3270 7.424133202e-07
3271 2.45377607306e-08
3272 1.84033205479e-07
3273 2.83343200268e-05
3274 3.55389607535e-06
3275 9.25477572805e-05
3276 1.48831364197e-05
3277 7.82704178872e-06
3278 3.21043941998e-05
3279 1.63238005682e-05
3280 2.6905106458e-05
3281 0.000138552370507
3282 6.44817179866e-07
3283 0.0
3284 1.6513553444e-07
3285 0.000177096174896
3286 2.6075291197e-06
3287 4.72999939356e-06
3288 2.53048671735e-05
3289 2.33351198517e-05
3290 4.16877363625e-05
3291 3.08912880626e-07
3292 0.000173035334861
3293 1.74247755407e-06
3294 0.0011013620615
3295 1.02019765338e-05
3296 2.76172095231e-05
3297 2.70733869249e-05
3298 9.44662569211e-06
3299 2.41165456157e-05
3300 3.62449408166e-05
3301 1.77935722422e-06
3302 7.68077313255e-06
3303 0.000120632091929
3304 3.55218482274e-05
3305 4.926988226e-05
3306 1.19767641661e-07
3307 4.07961608657e-06
3308 4.80118030261e-06
3309 7.37593402913e-08
3310 3.10617540457e-06
3311 3.06722009132e-08
3312 1.96616672521e-08
3313 2.12307431935e-06
3314 0.000955784077136
3315 2.25513705762e-07
3316 5.87757248903e-06
3317 5.30742099855e-06
3318 0.0
3319 1.36087336173e-06
3320 1.79571361876e-05
3321 0.000101300320723
3322 0.000461056826289
3323 1.75269719504e-08
3324 1.64690630589e-07
3325 6.83494179986e-05
3326 1.31588746706e-06
3327 4.24989872071e-06
3328 5.75933148221e-05
3329 8.14196621178e-06
3330 3.85027677007e-06
3331 0.000118636735501
3332 4.13783846172e-05
3333 1.49628767888e-05
3334 1.57450631355e-07
3335 6.73814699427e-08
3336 4.20790178915e-05
3337 0.0
3338 2.84639748236e-06
3339 1.21573450892e-07
3340 1.26164254093e-05
3341 0.000237646693076
3342 1.09671889431e-05
3343 0.00180467616839
3344 2.60278904035e-06
3345 0.0011160693341
3346 3.33574080575e-05
3347 1.37381286412e-05
3348 4.66789270379e-05
3349 3.25404122144e-05
3350 8.48694930666e-07
3351 0.00133647820595
3352 2.93122107351e-05
3353 2.93015018248e-08
3354 5.61245686258e-05
3355 2.89681897514e-08
3356 0.000392450543321
3357 6.15561735275e-07
3358 2.09097406324e-06
3359 7.72394994547e-07
3360 1.73668912319e-06
3361 5.73878668188e-05
3362 1.18600299942e-05
3363 2.88676351304e-05
3364 0.000128765781428
3365 5.311118631e-06
3366 3.36509748685e-05
3367 6.32113570249e-05
3368 1.77798545184e-07
3369 5.52099616438e-08
3370 1.54194968424e-05
3371 4.52337508417e-08
3372 1.74783540096e-07
3373 0.0
3374 1.06428149477e-05
3375 2.52709723905e-06
3376 3.06722009132e-08
3377 0.0
3378 9.00739578535e-06
3379 0.000300196152038
3380 2.23166696945e-06
3381 5.30057508604e-06
3382 0.000180346366459
3383 1.28435117417e-07
3384 3.030077074e-06
3385 4.69927830667e-06
3386 0.000161952610495
3387 4.64628035642e-05
3388 0.00264336946102
3389 4.10075194316e-07
3390 7.36132821917e-08
3391 4.13298369416e-06
3392 3.69040321824e-06
3393 1.35678284974e-06
3394 0.000597415001897
3395 1.48290514043e-05
3396 1.41909708221e-05
3397 0.00321430435985
3398 0.000152106572181
3399 5.5502077843e-08
3400 3.65049113193e-06
3401 9.68583388764e-06
3402 0.0
3403 1.38875115994e-06
3404 0.000237366102543
3405 1.74064218609e-05
3406 1.78517520519e-06
3407 0.00011254480511
3408 0.0
3409 0.0
3410 1.01872468756e-05
3411 5.11713665437e-06
3412 5.78023037292e-05
3413 2.66243644084e-05
3414 0.0
3415 5.55241534879e-07
3416 7.67348697816e-06
3417 8.06369380573e-06
3418 2.48310721939e-05
3419 5.18169877304e-07
3420 2.19559733833e-05
3421 9.59251380862e-06
3422 4.36311144439e-06
3423 1.25263826844e-05
3424 1.44013286193e-07
3425 1.53361004566e-08
3426 5.37104318214e-07
3427 0.000135205103995
3428 1.21573450892e-07
3429 3.93387574223e-07
3430 3.06722009132e-08
3431 2.54720286873e-06
3432 1.05381397983e-05
3433 1.71417921021e-06
3434 2.36737404969e-05
3435 5.87847036771e-05
3436 6.10873090376e-06
3437 8.48354128433e-08
3438 0.201205172992
3439 3.05645235313e-06
3440 3.14901262709e-07
3441 0.000354729813132
3442 3.05699602435e-07
3443 2.12385096853e-05
3444 3.57581606347e-06
3445 3.06722009132e-08
3446 0.0
3447 3.27754375473e-07
3448 1.7307884801e-07
3449 0.000145258450573
3450 8.29673543323e-05
3451 1.08074920883e-05
3452 0.0
3453 4.27731468764e-07
3454 0.0
3455 0.000615424585959
3456 8.93082881464e-06
3457 0.000770440847561
3458 1.18565655333e-07
3459 9.22494822624e-07
3460 2.19472654243e-06
3461 5.40645930727e-06
3462 1.7429599884e-07
3463 7.46576620237e-07
3464 2.31474025274e-06
3465 8.40872077477e-06
3466 6.85349544215e-08
3467 5.11555140692e-06
3468 0.0
3469 7.89478653229e-06
3470 4.18129213476e-06
3471 2.32128135993e-06
3472 2.41749570265e-06
3473 2.1880831119e-07
3474 3.4023127798e-07
3475 1.80910575235e-06
3476 4.56545099542e-06
3477 8.26576491277e-07
3478 2.59691301065e-07
3479 5.47979007628e-07
3480 8.40497973077e-08
3481 2.02535194194e-06
3482 7.52863113325e-08
3483 1.28234585434e-06
3484 1.57773286975e-06
3485 1.54453086765e-06
3486 1.23388254734e-06
3487 2.34623185712e-06
3488 0.000287229678901
3489 8.11389325389e-05
3490 0.0
3491 1.51506066701e-06
3492 1.39830484669e-06
3493 3.89565720618e-07
3494 5.2588057274e-07
3495 1.06330296499e-07
3496 0.00113711566695
3497 5.60337293255e-06
3498 1.44655986407e-06
3499 1.77497251936e-07
3500 3.02766268935e-06
3501 1.36317794746e-06
3502 0.000470274708983
3503 2.04481339421e-07
3504 9.43799123977e-07
3505 7.09550247793e-07
3506 4.88306885927e-06
3507 1.85943686646e-05
3508 5.91243187127e-07
3509 6.21120256598e-06
3510 8.16157324595e-07
3511 1.62429357034e-06
3512 7.88508507413e-06
3513 1.19556176854e-06
3514 9.20166027397e-08
3515 5.35884219335e-05
3516 1.01715303153e-06
3517 5.1518675127e-08
3518 7.4274270922e-07
3519 3.97809250614e-05
3520 6.24724197648e-07
3521 5.63459343713e-07
3522 5.16929772214e-05
3523 5.59061719185e-07
3524 7.52863113325e-08
3525 1.48104240782e-06
3526 0.000502932863122
3527 1.1573092604e-05
3528 6.18671210112e-07
3529 5.81743778884e-05
3530 9.28818186465e-06
3531 6.8910211385e-07
3532 2.87442339987e-07
3533 1.78809330302e-06
3534 1.20758935159e-06
3535 4.21194267296e-06
3536 2.69556555376e-06
3537 1.47854614212e-06
3538 1.02240669711e-07
3539 1.7387876294e-06
3540 1.48263576891e-06
3541 0.000333154018298
3542 5.1263328799e-08
3543 5.30596652486e-06
3544 8.7025353074e-07
3545 2.8627387519e-07
3546 0.000436242504886
3547 2.7929229803e-06
3548 2.33677604513e-06
3549 5.32235714894e-07
3550 1.59539262179e-06
3551 0.000326672046251
3552 6.82967673668e-07
3553 7.60520098545e-08
3554 7.61493558891e-06
3555 2.60021984574e-06
3556 4.58220109028e-06
3557 0.000266368432525
3558 2.94338232609e-05
3559 9.22366770032e-06
3560 4.5670431473e-06
3561 0.0
3562 0.000984506708688
3563 8.40497973077e-08
3564 1.55949474592e-06
3565 2.1813378833e-06
3566 0.0
3567 1.37002497412e-06
3568 9.91261254333e-08
3569 1.15980892434e-05
3570 1.01677183151e-06
3571 0.0
3572 6.76136648702e-07
3573 0.0
3574 3.23003378949e-06
3575 4.08227397576e-07
3576 0.0
3577 8.51743343469e-05
3578 0.000537501769867
3579 1.364569022e-05
3580 6.85349544215e-08
3581 3.48786741813e-07
3582 1.89875529463e-08
3583 0.0
3584 1.1582863516e-06
3585 2.39019159788e-05
3586 2.40703748119e-07
3587 1.32933367841e-05
3588 3.12289920929e-07
3589 3.06722009132e-08
3590 0.0
3591 3.68757654619e-06
3592 4.80973949619e-07
3593 0.000557542034821
3594 1.6676785176e-05
3595 1.89875529463e-08
3596 1.10279653038e-07
3597 0.000209210949984
3598 0.0
3599 1.37002497412e-07
3600 3.13202048053e-06
3601 6.44116219178e-07
3602 2.66801368498e-06
3603 1.71587953901e-06
3604 1.15760406621e-07
3605 0.00035596062806
3606 5.89753898746e-05
3607 5.52099616438e-08
3608 2.30041506849e-07
3609 8.49843308563e-07
3610 0.0152202608578
3611 3.71708126242e-06
3612 0.000120640943949
3613 5.96277459144e-06
3614 8.40497973077e-08
3615 5.13403072054e-07
3616 2.94576102679e-06
3617 9.59017481887e-07
3618 1.19651526582e-05
3619 2.05474837796e-05
3620 8.17925357686e-08
3621 6.8044352752e-07
3622 1.73631976291e-06
3623 4.32762658917e-07
3624 7.3474056025e-07
3625 1.38390049358e-06
3626 6.51516336065e-06
3627 1.20707041621e-06
3628 4.68648756239e-07
3629 5.26316957243e-06
3630 7.19313078307e-06
3631 8.29281960723e-08
3632 2.0964784679e-07
3633 3.37394210045e-07
3634 0.00113762538026
3635 8.19154524814e-07
3636 1.8798265016e-06
3637 9.99765628874e-07
3638 1.63585071537e-07
3639 6.33892152207e-07
3640 8.76348597521e-09
3641 6.35772543984e-05
3642 2.76049808219e-07
3643 3.51817015381e-05
3644 1.9353352704e-06
3645 3.80335291324e-07
3646 2.93022780776e-06
3647 3.94674229322e-07
3648 7.36132821917e-08
3649 2.56410865525e-06
3650 8.40497973077e-08
3651 0.0
3652 0.000272508186752
3653 3.61931970776e-07
3654 0.0
3655 0.0143895989646
3656 1.32191432132e-07
3657 7.07798721722e-07
3658 1.3886141868e-07
3659 5.25134904016e-07
3660 9.99232145306e-07
3661 4.60083013698e-07
3662 1.55990050359e-07
3663 3.01025743248e-06
3664 3.04595244587e-07
3665 9.61062295281e-07
3666 1.22688803653e-07
3667 9.56494421282e-09
3668 1.8207042651e-06
3669 9.43760028099e-09
3670 0.0
3671 1.31467199267e-06
3672 8.72112912633e-07
3673 2.11203580168e-05
3674 1.84033205479e-07
3675 0.00056361493633
3676 1.3437345162e-07
3677 0.0
3678 0.000791693327096
3679 2.8627387519e-07
3680 1.54251958974e-06
3681 2.27165302955e-05
3682 7.84526505966e-08
3683 5.04192559774e-07
3684 1.00240682869e-06
3685 0.00109570157495
3686 2.63254233495e-07
3687 0.0
3688 2.32201447074e-05
3689 0.0
3690 0.0
3691 9.07427241696e-06
3692 0.0
3693 0.000292721014394
3694 3.77974555213e-06
3695 3.06722009132e-07
3696 8.40497973077e-08
3697 2.65290194883e-07
3698 2.87668095591e-05
3699 1.08761499957e-06
3700 0.0
3701 0.0
3702 6.93775973037e-07
3703 4.35538726671e-06
3704 2.99353102063e-05
3705 0.0
3706 2.52683296456e-05
3707 2.1252708889e-06
3708 1.61553962352e-06
3709 3.86492201983e-08
3710 0.0
3711 1.18148511746e-06
3712 2.94250884936e-06
3713 6.25655180346e-08
3714 8.16133768956e-07
3715 2.81759024632e-06
3716 5.61707948283e-08
3717 0.0
3718 0.0
3719 1.50193938931e-06
3720 4.34648611584e-06
3721 9.34479721156e-07
3722 0.000342649948137
3723 6.67254866403e-06
3724 0.000185748772456
3725 2.49467234094e-07
3726 6.34588396527e-07
3727 9.77286199872e-07
3728 2.53556860883e-07
3729 1.97049136195e-06
3730 0.0
3731 1.09125523213e-06
3732 6.49789300231e-05
3733 0.0
3734 0.0
3735 7.77742072223e-06
3736 1.02775255988e-07
3737 4.52612070742e-07
3738 6.23337022297e-05
3739 7.40545744194e-06
3740 2.20889894455e-07
3741 2.16865985923e-06
3742 0.000128200845629
3743 8.17925357686e-08
3744 6.34588396527e-07
3745 0.0
3746 1.99369305936e-07
3747 0.0
3748 4.2702696756e-06
3749 0.0
3750 2.45377607306e-08
3751 0.000376547010743
3752 6.13444018264e-08
3753 1.46287643919e-06
3754 1.36253402531e-06
3755 3.24156035019e-07
3756 8.04074872531e-06
3757 0.00141956161531
3758 2.55489321893e-07
3759 1.74224827951e-05
3760 1.61645869384e-06
3761 2.00302206836e-06
3762 1.04611293003e-06
3763 6.90426930349e-07
3764 1.20084543477e-06
3765 9.57783602368e-06
3766 0.0
3767 1.22688803653e-08
3768 1.06549383649e-06
3769 3.19765712395e-06
3770 4.01245443118e-07
3771 1.03788885566e-06
3772 6.69676386605e-07
3773 4.6056987403e-07
3774 1.98735777021e-07
3775 7.25796402562e-07
3776 1.32299426606e-06
3777 1.11833588651e-06
3778 3.4094080031e-07
3779 2.58950456252e-07
3780 0.000119265474852
3781 1.96241496003e-06
3782 1.75269719504e-08
3783 8.20099376322e-06
3784 2.23070552096e-08
3785 1.13104708346e-06
3786 3.23206474309e-05
3787 1.88291252364e-06
3788 7.15684687975e-08
3789 5.74206800561e-08
3790 4.948448414e-07
3791 7.57043282979e-05
3792 3.56480905459e-06
3793 9.81799405901e-07
3794 1.98208396929e-05
3795 6.12355540656e-06
3796 4.2300672688e-08
3797 7.85268484949e-07
3798 0.000382569476609
3799 0.0
3800 2.21657771933e-06
3801 8.99525439008e-06
3802 6.13444018264e-08
3803 9.56568431437e-07
3804 4.74822402918e-06
3805 0.000232884244714
3806 2.03020758426e-07
3807 1.13633201479e-07
3808 0.0
3809 0.0
3810 2.06053898294e-06
3811 6.54717367727e-06
3812 0.0
3813 4.0282823866e-07
3814 0.0
3815 1.08521167993e-07
3816 7.22938338294e-08
3817 6.13444018264e-08
3818 7.20816749494e-07
3819 6.50186993009e-07
3820 1.55894040139e-07
3821 0.0
3822 7.43514952351e-06
3823 2.9409761328e-06
3824 2.6425287596e-06
3825 0.000180699917339
3826 1.02754055419e-05
3827 4.27132751737e-06
3828 2.06526152816e-07
3829 3.23861443242e-05
3830 1.35167823632e-05
3831 0.00605279799374
3832 3.89592964866e-06
3833 6.47705503348e-07
3834 3.12364000631e-06
3835 6.77266981781e-08
3836 8.58529039949e-07
3837 4.5639111435e-06
3838 4.67273566293e-07
3839 0.000163960519886
3840 1.06330296499e-07
3841 7.87872797195e-08
3842 3.17780908094e-06
3843 8.60460965892e-06
3844 2.2848797979e-07
3845 0.0
3846 7.26791484764e-07
3847 0.0
3848 2.38425241765e-06
3849 2.45377607306e-08
3850 3.06722009132e-08
3851 1.22240218268e-06
3852 0.000865853698529
3853 1.79345851185e-06
3854 0.0
3855 0.0
3856 1.40978924404e-06
3857 0.0
3858 2.05911278858e-08
3859 9.2184128972e-06
3860 4.90755214612e-07
3861 0.0184562326477
3862 0.000901703925553
3863 8.84517226688e-07
3864 3.66459771863e-07
3865 0.0
3866 1.11535276048e-08
3867 1.44340946601e-06
3868 1.71929310006e-06
3869 4.44274692766e-07
3870 8.68711840683e-06
3871 4.11991143931e-06
3872 8.76348597521e-09
3873 0.0003156979879
3874 5.01086683359e-06
3875 8.42356894344e-08
3876 0.0
3877 1.02240669711e-08
3878 0.00110910228291
3879 5.03941639449e-07
3880 0.0
3881 1.03672039087e-06
3882 2.5472665348e-06
3883 1.05648692034e-07
3884 8.40497973077e-08
3885 2.72525835853e-05
3886 0.0
3887 0.000373341202412
3888 3.47618277017e-07
3889 7.63007512241e-07
3890 6.4484494994e-08
3891 1.62903467072e-07
3892 4.61595604543e-06
3893 7.21098030128e-08
3894 2.63099323389e-07
3895 4.0297429676e-07
3896 1.71076302945e-06
3897 1.41284680507e-06
3898 0.0
3899 6.36149413746e-07
3900 0.0
3901 6.71810139663e-06
3902 6.61643191128e-07
3903 0.000111009831488
3904 1.10585635518e-06
3905 6.04149411927e-07
3906 2.58961010567e-07
3907 1.42168730486e-05
3908 3.22400720396e-06
3909 3.98738611872e-07
3910 3.0314148031e-06
3911 0.0
3912 0.0
3913 1.15837350981e-07
3914 9.65567078938e-06
3915 8.20310973312e-07
3916 1.97043178994e-06
3917 4.78486334246e-07
3918 2.40318685856e-07
3919 2.06567049084e-05
3920 8.76348597521e-09
3921 1.99484382014e-07
3922 3.05234426635e-06
3923 0.0
3924 1.1655436347e-07
3925 5.80758264794e-06
3926 2.45377607306e-08
3927 6.60028234138e-06
3928 6.67282055157e-06
3929 7.66805022831e-09
3930 9.29378573304e-07
3931 0.000404224733445
3932 5.18343966509e-06
3933 6.95236554033e-08
3934 3.11149339951e-06
3935 2.35505798104e-07
3936 0.0
3937 1.22688803653e-08
3938 1.09869367565e-06
3939 0.000468752860016
3940 0.0
3941 3.2400997692e-07
3942 7.77029089802e-07
3943 0.0
3944 0.000183503942066
3945 1.08312735294e-06
3946 8.79098937826e-06
3947 1.75269719504e-08
3948 4.95956592573e-06
3949 0.000927010807529
3950 1.84573620448e-06
3951 3.71424998233e-06
3952 3.54979163725e-06
3953 2.04481339421e-08
3954 3.06722009132e-08
3955 4.08962678843e-08
3956 0.0
3957 4.76676772926e-06
3958 9.50725875926e-07
3959 6.65646901387e-07
3960 0.0
3961 9.8487861752e-07
3962 0.00013424662875
3963 0.000446114624767
3964 9.61062295281e-08
3965 2.16613898894e-06
3966 0.0
3967 0.00011647022033
3968 1.6995408988e-06
3969 9.97312455982e-05
3970 1.18146341154e-06
3971 2.34821476621e-07
3972 1.06925699809e-05
3973 3.81876101135e-07
3974 4.36226857432e-08
3975 0.0
3976 3.86492201983e-08
3977 3.05719229055e-07
3978 4.93601475014e-08
3979 1.22688803653e-07
3980 1.05765538514e-06
3981 0.0248200336362
3982 5.5502077843e-08
3983 1.58589884531e-06
3984 0.0
3985 0.0
3986 9.61062295281e-08
3987 3.69234875755e-07
3988 0.0
3989 2.52534454186e-07
3990 0.000488505919878
3991 0.0
3992 2.04481339421e-08
3993 0.0
3994 6.44116219178e-08
3995 6.54924518547e-07
3996 6.39150243792e-07
3997 1.53361004566e-07
3998 3.09351054925e-07
3999 2.20985904675e-06
4000 1.22688803653e-07
4001 6.12421611567e-07
4002 0.0
4003 4.8053114764e-07
4004 0.0
4005 8.72112912633e-07
4006 0.0
4007 0.0
4008 0.0
4009 0.0
4010 2.46838188302e-07
4011 0.0
4012 2.04481339421e-08
4013 0.0
4014 1.02240669711e-07
4015 1.46510879695e-06
4016 0.0
4017 0.0
4018 6.92315392041e-07
4019 2.97958523157e-08
4020 2.07694617612e-07
4021 5.60278870015e-07
4022 6.35060617003e-07
4023 0.0
4024 4.47741104283e-06
4025 0.0
4026 0.0
4027 3.96839856577e-07
4028 5.76637377169e-07
4029 0.0
4030 0.0
4031 4.54211478095e-06
4032 0.00171012242748
4033 0.0
4034 0.0
4035 0.0
4036 0.0
4037 0.0
4038 7.15684687975e-08
4039 6.33892152207e-07
