node,pagerank
1 0.00616055981243
2 0.000239969827857
3 0.000201140821932
4 0.000236453899027
5 0.000237260087279
6 0.000200270684229
7 0.000175790511153
8 0.000264470005631
9 0.000236109126564
10 0.000610895312298
11 0.000133226069701
12 5.22806509702e-05
13 5.22806509702e-05
14 0.000329284343659
15 0.000285301554938
16 5.22806509702e-05
17 0.000136835020883
18 0.000255399897822
19 5.80558684417e-05
20 0.00037499698694
21 0.000289858499929
22 0.000697313608433
23 0.00016171772433
24 0.00040132206373
25 0.000225699432394
26 0.000786763357117
27 0.000679117288678
28 9.79911642971e-05
29 0.000252332364266
30 0.000188169035003
31 0.000208745315094
32 0.000303420817834
33 0.000150241668411
34 9.13309347117e-05
35 9.23493901281e-05
36 7.30871094204e-05
37 0.000183584404748
38 5.22806509702e-05
39 0.000139416373294
40 0.000191984090054
41 0.000509099624592
42 0.000457670567251
43 7.17207704753e-05
44 5.22806509702e-05
45 0.000135497717194
46 0.000157518470779
47 0.00013220442486
48 7.98135842665e-05
49 0.000287858418533
50 0.000154731756434
51 0.000151058173701
52 0.000139112731027
53 8.16962300956e-05
54 0.000414907681839
55 0.000132104749947
56 0.000194208319239
57 0.000807786913692
58 0.000211627605729
59 0.00021346769075
60 0.000220553684225
61 0.000116360333681
62 9.93353574048e-05
63 0.000289581450988
64 9.62986969993e-05
65 0.00014210305235
66 0.000157690703851
67 0.000175680500213
68 0.000768597947407
69 0.0002133215001
70 0.000138922301857
71 7.634941076e-05
72 0.0001007255096
73 0.000267439415356
74 0.00015516876213
75 5.22806509702e-05
76 0.000172864852609
77 8.19493216049e-05
78 0.000119085491842
79 0.000215822203325
80 0.000150479701006
81 0.000311465906012
82 0.000106882218405
83 0.000378285858321
84 0.000139112731027
85 0.000188727205254
86 0.000178959240378
87 0.00015074857683
88 0.000170383979283
89 0.00027947345261
90 0.000216668593179
91 8.86827071699e-05
92 0.000236109126564
93 0.000284218814988
94 0.000178125497427
95 0.000295408356316
96 0.000171151460942
97 0.000144526378773
98 0.000108897733514
99 0.000492041338055
100 0.00029723254261
101 0.000173892704118
102 0.000263311250576
103 0.000152489559121
104 0.000185110940845
105 0.000340884654446
106 0.000178536041673
107 0.000126024317116
108 0.00694522547089
109 0.000198142486785
110 0.000394907583464
111 0.000154889606715
112 0.000289103562626
113 9.82950230362e-05
114 0.000414479500803
115 5.22806509702e-05
116 0.00041143022667
117 0.000321699953506
118 0.00011131915005
119 0.000390613246049
120 0.000720713665456
121 8.92513623114e-05
122 0.000169707158814
123 0.000639504030392
124 0.000205412820701
125 0.000111533782621
126 7.52892565343e-05
127 0.000125015780332
128 0.000241181938455
129 0.000301819854355
130 0.000121773413381
131 0.00022701989787
132 0.000172239116968
133 0.000205190755725
134 0.000230901507692
135 0.000215187063994
136 0.000170309810869
137 0.000629558405225
138 0.000322359716749
139 7.11484980796e-05
140 0.000153878592511
141 0.000217754873606
142 0.000306367010856
143 0.000441715764447
144 0.000291750591058
145 0.000288054850005
146 8.86827071699e-05
147 0.000142681996177
148 0.000170268435127
149 0.000242649028074
150 0.000269047968175
151 0.000192592717546
152 0.000151984070325
153 0.000124169387766
154 6.16258524776e-05
155 7.77079104964e-05
156 0.000102351843117
157 0.000162497344054
158 0.000105352624097
159 0.000295182334804
160 0.000202521599181
161 6.89743983624e-05
162 0.000275138653139
163 0.000168092425046
164 0.000120594433655
165 7.3234758587e-05
166 0.000147070428497
167 0.000108510976939
168 0.000163504731404
169 0.000164347921905
170 0.000408134721363
171 0.000498130046567
172 0.000377325245558
173 0.000432718943682
174 0.000220413885641
175 0.000127167149133
176 0.000375291513685
177 0.000173502569235
178 0.000256669101925
179 0.000186474647976
180 0.00012838887161
181 0.000273611319568
182 0.000237260087279
183 0.000114580231611
184 6.31691609693e-05
185 0.000264643235084
186 0.000291258546963
187 0.000458559091701
188 0.000227551399958
189 0.0005010074139
190 0.00014210305235
191 0.000102073053047
192 7.53745714695e-05
193 0.000171874630341
194 0.000156612115992
195 0.000260121249196
196 0.000215822203325
197 0.000185105918096
198 0.000241023899951
199 0.00026102312513
200 0.000488490727775
201 0.000579698603108
202 0.000128278466733
203 0.000102307623183
204 0.000590903575755
205 0.00029288765331
206 8.16962300956e-05
207 9.31713652237e-05
208 6.97337144921e-05
209 0.000108005937355
210 5.22806509702e-05
211 5.22806509702e-05
212 0.000323669093413
213 0.000210478496849
214 0.000438335445917
215 0.00033489615677
216 5.22806509702e-05
217 7.25204657012e-05
218 0.000153684987063
219 0.000215822203325
220 0.000177946211546
221 0.000108813146673
222 0.000118466431613
223 0.000157693476973
224 0.000284019475113
225 0.000310503419101
226 0.000233984765302
227 0.000267510984751
228 0.000337892133285
229 7.99847508364e-05
230 0.000112748729988
231 0.00025363915621
232 0.000261451116211
233 0.000266725553147
234 9.11875137498e-05
235 6.11096342851e-05
236 9.43214986844e-05
237 0.000402991005911
238 0.000139112731027
239 0.00025896174171
240 0.000614634050784
241 8.46177225872e-05
242 8.53399386014e-05
243 0.000313214180319
244 0.000189681115763
245 9.11875137498e-05
246 0.000148445532954
247 0.000177618202022
248 8.35628233057e-05
249 0.000244950226863
250 0.000318125888686
251 8.89933232101e-05
252 0.000216643174743
253 0.000658457222382
254 0.000108897733514
255 0.000237560258638
256 8.53399386014e-05
257 9.11875137498e-05
258 0.000221061345994
259 0.000188718224103
260 0.000236109126564
261 0.000156977452011
262 0.00040523811237
263 0.000108813146673
264 0.000173344079965
265 0.000154889606715
266 0.000294963591976
267 0.000249450108557
268 7.24477171914e-05
269 0.000143092398906
270 0.000135401065066
271 9.39959436335e-05
272 0.000748253988792
273 0.000494538971038
274 0.000215822203325
275 0.00017980264877
276 0.000237260087279
277 0.00020954701776
278 0.000707520836885
279 0.000236130376135
280 6.99106617588e-05
281 0.00047368216901
282 0.000238758416673
283 9.11875137498e-05
284 0.00010387900462
285 0.000240471559582
286 0.000503147815649
287 8.26558299463e-05
288 5.22806509702e-05
289 7.97448535462e-05
290 0.000105199767935
291 0.000170956062347
292 0.000401697864414
293 5.22806509702e-05
294 9.82950230362e-05
295 7.83943684476e-05
296 0.000138659121137
297 0.000173344079965
298 0.000270507208376
299 0.000142355112757
300 0.00027599670589
301 0.000122726111636
302 9.69442657548e-05
303 0.000269971737906
304 0.000247591551704
305 0.000565719045889
306 6.88692758372e-05
307 0.000215822203325
308 0.0001140700381
309 0.00027181368185
310 0.000170309810869
311 0.000267904669212
312 0.000112680033862
313 0.000505120776398
314 0.00040273288042
315 0.000170279756658
316 0.000592545998921
317 6.53750743827e-05
318 0.000117141281464
319 0.000145041827488
320 0.000216668593179
321 0.000305102796445
322 9.19992605337e-05
323 0.000772753004347
324 0.000421164678744
325 0.000325561094575
326 0.000404158787321
327 0.000353160820176
328 0.000123282908591
329 0.000215822203325
330 0.000392715054978
331 0.000224752499185
332 0.000236575440059
333 0.000467051881192
334 0.000169626494955
335 0.000312223851538
336 5.22806509702e-05
337 7.38326691292e-05
338 0.000198538984945
339 0.000111127855452
340 0.000348627337339
341 0.000104919631289
342 0.000152106927104
343 0.00035893597939
344 0.000341585665994
345 0.000130751317308
346 0.000195592977141
347 0.00035850591249
348 0.000122675781306
349 0.00235439357429
350 8.40565112775e-05
351 0.000218016431281
352 0.000130004300579
353 0.000175590067383
354 0.000629172478911
355 0.000223417569572
356 0.000311335687221
357 8.84268685896e-05
358 0.000200290331643
359 4.59131611748e-05
360 0.00024098976219
361 0.000311372827583
362 0.000220261275146
363 0.00016798635039
364 0.000580677698066
365 0.000207923927542
366 7.52349681564e-05
367 0.000597155621817
368 0.000255540612621
369 0.000245370725296
370 0.000266894400465
371 0.000473389259557
372 7.13169265437e-05
373 0.000165771644281
374 0.000644766528132
375 0.000447907284913
376 0.000136091418538
377 0.00090621981391
378 6.91818762723e-05
379 0.000402940636831
380 6.64749801916e-05
381 0.000140445103146
382 0.000145152637874
383 0.000125466138662
384 8.19717689404e-05
385 9.44640885662e-05
386 8.4824674041e-05
387 9.79847589765e-05
388 0.000279338921611
389 0.000263797904629
390 0.00039870629239
391 7.87216856426e-05
392 0.000408395171516
393 0.000263231130181
394 0.000164595410123
395 0.000255016068268
396 0.000516346068736
397 0.000234410588861
398 0.000387666460032
399 0.000232917523175
400 0.000185539967952
401 0.000468178481197
402 7.39240563854e-05
403 0.000388594677575
404 0.000178415452466
405 0.000340066972751
406 0.000121943804927
407 9.16891383496e-05
408 0.000162753045675
409 0.000363808387936
410 0.000247780725433
411 0.000145975634003
412 9.1446577097e-05
413 0.000673361635967
414 0.000156660230948
415 0.00183127408386
416 0.000204698721301
417 0.000160592193755
418 0.000400376291544
419 0.000191156369456
420 0.000418247819392
421 0.000238602272465
422 0.000202539334168
423 0.000521242399496
424 0.000392569963624
425 0.000196379751078
426 0.000170136491976
427 0.000160422786759
428 0.000131044268963
429 0.000783563540853
430 0.000124959539181
431 0.000264579615167
432 0.000491818580526
433 0.000388197835528
434 0.000124672398044
435 0.000259329741143
436 0.000121488140005
437 0.00042026902292
438 0.000216839656373
439 0.000466240278647
440 0.000301519868906
441 0.000125952912068
442 0.000185539967952
443 0.000116057923998
444 7.07965311856e-05
445 0.000327519100131
446 0.000216960147656
447 0.000150353828863
448 4.59131611748e-05
449 5.97720471884e-05
450 0.000123199385413
451 0.000192886920416
452 0.000187570867945
453 0.000309239314916
454 0.000145473159969
455 8.84851172036e-05
456 0.000325470095724
457 0.000401703996145
458 0.000222201054254
459 0.000211753590202
460 0.000128359325739
461 0.000468447942037
462 0.000362320817731
463 0.000178435882481
464 0.000331114154028
465 0.000114351229869
466 0.000507977977103
467 0.000115822393599
468 0.000108375914712
469 7.07965311856e-05
470 0.000220376967125
471 0.000160658650764
472 0.00022288572443
473 9.68773487288e-05
474 0.000235647338424
475 0.000183210355912
476 0.000788908678013
477 0.000144331390862
478 0.000143677174552
479 0.00010837254137
480 0.000256710333677
481 0.000103755347301
482 0.000239509122641
483 0.000237679879949
484 0.00130290660426
485 0.000621524048913
486 7.97728391984e-05
487 0.000187191942137
488 0.000232103486168
489 0.000196673589535
490 0.000209529573214
491 0.000130008146439
492 0.000114440194673
493 0.000462577010651
494 0.000363339905721
495 0.000173296896062
496 0.000178231823464
497 0.000289477344878
498 0.000546001747597
499 0.000141816059036
500 8.5094184278e-05
501 0.000557087007526
502 0.000185539967952
503 0.000113335046555
504 0.000377169165885
505 0.000377019691179
506 0.00015681047754
507 0.00047799870128
508 0.000434970910853
509 0.000159802922772
510 0.000177971824216
511 0.000228681529211
512 0.00021057457753
513 0.000208077435995
514 0.000587365845576
515 0.000411628985351
516 0.000405980097781
517 0.000221582863165
518 0.00067432912792
519 0.000214716587233
520 0.000212401445991
521 0.000341419793444
522 0.000130175352667
523 0.000133377174118
524 0.000308409195143
525 0.000420888249093
526 0.000444973434176
527 0.000465712212092
528 0.000305155583675
529 0.000136258548934
530 0.000114202093034
531 7.07766768028e-05
532 0.000348696182253
533 0.000239944577246
534 9.55519106716e-05
535 0.000107583304477
536 0.00011669909843
537 0.000169622771348
538 0.00026931096069
539 0.000533865624003
540 0.000211663107146
541 9.58691719957e-05
542 0.000105081029934
543 0.000391901179706
544 0.000189768123507
545 0.000446219228455
546 0.00031712641828
547 0.000250045166428
548 0.00026780204577
549 0.000249621402471
550 0.00011125096184
551 4.59131611748e-05
552 0.000196429094041
553 9.44640885662e-05
554 0.000582041109419
555 0.00020414655326
556 0.000302881631556
557 0.000347824946537
558 0.000281877214263
559 0.000171241804625
560 0.000523578466734
561 0.000220766127976
562 0.000508425319878
563 7.79702056999e-05
564 0.000742922713625
565 0.000212115374622
566 0.000158370952315
567 0.000525977169904
568 0.000484637829279
569 0.00013844034514
570 0.000131450568372
571 0.000265030888112
572 5.93748954235e-05
573 0.000108375914712
574 0.000351694899754
575 0.000146501706481
576 0.000152267358054
577 0.000171897424528
578 0.000249385118486
579 0.000269939404102
580 0.000424710148948
581 0.000504114023215
582 8.18091319598e-05
583 0.000239459809776
584 0.00028083978318
585 0.000192128086265
586 4.69484793491e-05
587 8.27400559734e-05
588 0.000110402072103
589 0.000172208631266
590 0.000238762561488
591 0.000153390010431
592 0.000314768944475
593 0.000447703409533
594 7.80070633204e-05
595 0.000201802984226
596 0.000219964448813
597 0.000366310003297
598 0.000244716881409
599 0.000187904606573
600 0.000260450357646
601 0.00027092487108
602 0.000193824707138
603 4.69484793491e-05
604 0.000209485368924
605 0.000253931927069
606 0.000207968755201
607 0.000543486886098
608 4.69484793491e-05
609 4.69484793491e-05
610 0.000305053684944
611 7.05258910548e-05
612 0.000190113312676
613 0.000180000775954
614 4.69484793491e-05
615 0.000225673678518
616 0.000271088874913
617 0.000244966088889
618 0.000290051344652
619 0.00027293012362
620 0.000285707780669
621 0.000207726120364
622 0.000111205174339
623 0.000171350504281
624 0.000201603024808
625 4.69484793491e-05
626 0.000242145037674
627 0.0001730327526
628 0.000269939404102
629 0.000153466690867
630 0.000105936423383
631 0.000415327102305
632 0.000150736216207
633 0.000250725094025
634 0.000179554542836
635 0.000151442469227
636 0.00024561257249
637 0.000274021325348
638 0.000670388921472
639 4.69484793491e-05
640 0.000138416536787
641 0.000259871091792
642 0.000399031045316
643 8.18091319598e-05
644 0.00027092487108
645 0.000267589333514
646 0.000229698983999
647 0.000117740209171
648 0.000220215100973
649 5.68520809459e-05
650 8.50269301426e-05
651 0.000250567407264
652 0.000459208326269
653 6.48396765046e-05
654 0.000298955493186
655 0.000350109658338
656 9.28867099035e-05
657 4.69484793491e-05
658 0.000109461425828
659 0.000269939404102
660 0.000269939404102
661 6.8883262526e-05
662 0.00027092487108
663 0.000270358571485
664 0.000126699461395
665 0.000200816191765
666 0.000211915082791
667 0.000198939703796
668 7.42625294436e-05
669 4.69484793491e-05
670 0.000240337092602
671 0.000259456577475
672 7.06315135417e-05
673 0.000111283236924
674 6.48396765046e-05
675 4.69484793491e-05
676 0.000260185797283
677 0.000144437121084
678 0.000248715704235
679 0.000289157706013
680 0.000104996122473
681 0.000292772788197
682 0.000261012959586
683 0.000171612781848
684 0.000235759853792
685 0.000232038714721
686 0.000198166710115
687 0.00221935934077
688 0.000297555736416
689 0.000459195732028
690 0.000156136839661
691 0.000118612330416
692 0.000123229728374
693 4.8242962674e-05
694 0.000164504704746
695 0.000540332230702
696 0.000407783655129
697 0.000312631213077
698 0.000539603949153
699 0.00131711709707
700 6.36712952865e-05
701 0.000102756183479
702 0.000227074241348
703 0.000157748138873
704 0.000446649378047
705 8.97471583406e-05
706 0.000680428850177
707 0.000193103807315
708 0.000183354746569
709 0.00033300784113
710 0.00019309456806
711 0.000110890327649
712 0.000219456045201
713 0.000229354395092
714 0.000749348143796
715 0.000250733190971
716 0.000125189940544
717 0.00015379923606
718 0.000118866301238
719 0.000314346373492
720 0.000636411310376
721 0.000226131404495
722 9.06588592037e-05
723 0.000168358254429
724 0.000148325244526
725 0.000475027082804
726 0.000155419846422
727 0.000359024187564
728 0.000288313981278
729 0.000392292253654
730 0.000238662776962
731 0.000180417663708
732 0.000264906357766
733 0.000258483672144
734 0.000134210342447
735 0.000267065172256
736 9.07215792293e-05
737 0.000233990793508
738 0.000180815796676
739 0.000269779508136
740 0.000322445514651
741 0.000131986242024
742 0.000195673994151
743 0.000190284835872
744 7.82564934835e-05
745 5.86338142285e-05
746 0.000578287602472
747 0.00016347261385
748 0.00059024839241
749 0.000218219469216
750 7.3875062256e-05
751 5.82990326431e-05
752 0.000144891935381
753 0.000372465838614
754 0.000197708419988
755 0.000307936516381
756 0.000217644525269
757 0.000129297431683
758 0.000120689523793
759 0.00022555081725
760 0.000130479971055
761 0.000302232492979
762 0.000111484105657
763 0.00015418902078
764 0.00017820200884
765 0.000294958586191
766 0.000168813802819
767 0.000355028444782
768 0.000154931276258
769 0.000232051424924
770 0.000223463115925
771 0.000320203631922
772 0.00025637787075
773 0.000210720043092
774 0.000358953419443
775 0.000393803498592
776 7.3875062256e-05
777 0.000240161706059
778 0.000206935268947
779 0.000184239345374
780 0.000202330906708
781 0.000341674371091
782 0.000509679377165
783 0.000222296538665
784 0.000205116477686
785 0.000415668523842
786 7.2949346801e-05
787 0.000150836169953
788 0.000312251633542
789 9.37498298812e-05
790 0.000230309118454
791 8.61412158552e-05
792 0.000139575850051
793 0.000251849625185
794 0.000233474786911
795 0.000166347090459
796 0.000215215159699
797 0.000135555207725
798 0.000286147795893
799 0.000162198469881
800 0.000159995025966
801 0.000399770760738
802 4.8242962674e-05
803 0.000108176572949
804 0.000249113617076
805 0.000270246547853
806 0.000655159827155
807 0.000270895084308
808 0.00022339497664
809 0.000124609713501
810 0.000206487110002
811 0.000330934520972
812 0.000147899522404
813 0.000110571479147
814 0.000149497439715
815 0.000274612482211
816 0.000389908028223
817 0.000160962152535
818 0.000264357579713
819 0.00026360877903
820 0.000393705210763
821 0.000387098030481
822 0.000119424206336
823 0.000260705292548
824 0.000556250819337
825 0.000564755713498
826 0.00014188739714
827 0.00013853104757
828 0.000446184827332
829 0.000788690589126
830 0.000373426140675
831 0.000547694445485
832 0.00017802481133
833 8.77683403232e-05
834 0.000271129774495
835 0.000416404796561
836 0.000222151465647
837 0.000151816305375
838 0.000160370170512
839 0.000237357907159
840 0.000263794662779
841 0.000293174678392
842 6.22469570179e-05
843 0.000374567000483
844 0.000156108387557
845 0.000163108173785
846 0.000245888374117
847 0.000105045717401
848 0.000279155022877
849 0.000257272525631
850 0.000322284468372
851 0.000160175728032
852 7.4829785388e-05
853 0.000118866301238
854 0.000433906519738
855 6.64463501116e-05
856 0.000118866301238
857 0.000530609466084
858 0.000205287366922
859 0.00015709845952
860 7.8540606895e-05
861 6.05655744998e-05
862 0.00019157053524
863 0.000296227027803
864 0.000213676323594
865 0.000135959184053
866 0.000100159676774
867 0.000161892699279
868 0.000227542229371
869 0.000100159676774
870 0.000126257091449
871 0.000213477172398
872 0.000200813983618
873 0.000200419609208
874 0.000174955719829
875 0.000200419609208
876 5.37033976965e-05
877 0.000213676323594
878 0.000125827031037
879 0.00019611724163
880 0.000187182313994
881 0.000116192076157
882 0.000212543413228
883 0.00016282112046
884 5.37033976965e-05
885 0.000121618423642
886 0.00026068215842
887 0.000167493801171
888 0.000174955719829
889 0.00017806642386
890 0.000247203046215
891 0.000127275789146
892 5.37033976965e-05
893 5.37033976965e-05
894 0.000114520439046
895 0.000134443018711
896 0.000185323733545
897 0.00058348907058
898 0.000246175032802
899 0.000206828850037
900 6.8221771191e-05
901 0.000126696348308
902 0.000273923367543
903 0.000225173123306
904 0.000272002916853
905 8.61946902691e-05
906 0.00013561612688
907 0.000246545269034
908 8.61183731472e-05
909 0.000290940727989
910 0.000176382723544
911 9.83063899408e-05
912 4.28057947497e-05
913 0.000127372950402
914 0.000257890572892
915 0.000124800150317
916 0.000228944838926
917 0.000422534468569
918 0.000734259389198
919 4.28057947497e-05
920 0.000168376820865
921 9.99836672918e-05
922 0.000323956520918
923 0.000148417982439
924 0.000102700702176
925 0.000313073184462
926 0.000485692795531
927 0.000102329035289
928 0.00024872726869
929 0.000115046394636
930 8.71259234077e-05
931 0.000327802975617
932 0.000137536837732
933 0.000217368439652
934 0.00015813340264
935 0.000248939405535
936 7.50132180893e-05
937 0.000238423023871
938 9.63192682679e-05
939 0.000236147421863
940 0.000168310007327
941 0.000141087277251
942 0.000286034903712
943 0.000327522602563
944 0.000120635136812
945 0.000265119178122
946 5.78534422809e-05
947 0.000478994428005
948 0.000347677542522
949 0.000246320661733
950 0.000180678837183
951 0.000115933206968
952 0.000168394278982
953 0.0002485478248
954 0.000335800967525
955 0.000283582670254
956 0.000162840216587
957 0.000156636494248
958 0.000309181549811
959 0.000202168287807
960 0.000164695434464
961 0.000320451937531
962 0.000143561363284
963 0.00019809178415
964 0.000264597854603
965 0.00020919637401
966 0.000134658513995
967 0.000329947142978
968 0.000337968825077
969 0.000244011951995
970 0.000181412603951
971 0.000157390791575
972 0.000195624071794
973 9.6790977821e-05
974 0.000145575343212
975 0.000118850769218
976 0.00026010269377
977 0.00016877489663
978 0.000206793451206
979 0.000325453456348
980 0.00016050909877
981 0.00039202423763
982 0.000230053117902
983 0.000239353353792
984 0.000200360548791
985 0.000221128263423
986 9.34351058335e-05
987 0.000108044691816
988 9.17700993962e-05
989 0.000205636506794
990 0.00018252522154
991 0.000270228609392
992 0.000162600690612
993 0.000250450539811
994 0.000442349256643
995 0.000165884717033
996 0.000260738314874
997 7.14207106572e-05
998 0.000292227886394
999 7.87198839621e-05
1000 0.000236301908432
1001 0.00017743407684
1002 0.000239951961191
1003 0.000115146640774
1004 0.000301832284558
1005 0.000346464838448
1006 0.000128553162726
1007 0.00041403402961
1008 0.000115593527346
1009 9.46683607818e-05
1010 0.000277898667494
1011 0.000274473383031
1012 0.000231578206404
1013 0.000198089033697
1014 0.000123087897617
1015 0.000475701134445
1016 0.000185781083638
1017 0.000148936080766
1018 0.000430968915454
1019 0.000259500460095
1020 0.000280419900054
1021 0.00029226560226
1022 0.000291373547635
1023 5.93400326899e-05
1024 0.000110393468861
1025 0.000279754529585
1026 0.000197496741194
1027 0.000262137694115
1028 8.96378835037e-05
1029 0.000212509484376
1030 0.000311274859571
1031 0.00017681003836
1032 6.69137835563e-05
1033 0.000394886137908
1034 0.000174663587421
1035 5.67941308415e-05
1036 0.000195851664813
1037 0.000276891517585
1038 0.000264128755855
1039 7.00173422429e-05
1040 0.000109242471729
1041 0.000216855453957
1042 0.000346019878612
1043 0.000127997349214
1044 0.00018315241091
1045 0.000153432948686
1046 0.000167419752096
1047 9.03975427738e-05
1048 0.000221547571208
1049 0.000331653956219
1050 0.000268818692839
1051 0.000129527284735
1052 0.000307257901341
1053 0.000408651241954
1054 0.000116734964045
1055 0.000191800019116
1056 0.000143300278799
1057 0.000222448297082
1058 9.06100361784e-05
1059 8.57514068337e-05
1060 0.000471057234097
1061 0.000250681877455
1062 0.000123687412368
1063 0.000180312537585
1064 9.91596661399e-05
1065 0.000239314475747
1066 5.13791589917e-05
1067 0.000340498606257
1068 0.000355110095701
1069 0.000176580401405
1070 9.78177618062e-05
1071 0.000517115842315
1072 8.1217900979e-05
1073 0.000202789135971
1074 0.000112785009943
1075 0.000223996766382
1076 0.000263272957216
1077 0.000403054349996
1078 0.000141558375105
1079 0.000508289152539
1080 0.000351907246376
1081 0.000358061844436
1082 0.000169230051452
1083 0.000273086385832
1084 0.000316077173184
1085 8.59105514803e-05
1086 0.000597924441732
1087 0.000660179075619
1088 0.000105770053762
1089 0.000155556020682
1090 0.000139552135495
1091 0.000132173993329
1092 0.000112313553802
1093 0.000177817898845
1094 9.39014175223e-05
1095 0.00011314123462
1096 0.000166652927716
1097 4.28057947497e-05
1098 0.000290477630411
1099 0.00023342420631
1100 0.000285545881848
1101 0.000303759195219
1102 0.000358876881075
1103 0.000262319380829
1104 8.12039292425e-05
1105 0.000504408078673
1106 0.000115146640774
1107 0.000216433619696
1108 0.000400519484831
1109 0.000226057667623
1110 0.000276427949905
1111 0.000266128670931
1112 0.000146649958242
1113 0.000182931082858
1114 0.000295501252994
1115 0.000254834780689
1116 0.000185471909094
1117 0.000117635160847
1118 0.000358104807784
1119 0.000281284333188
1120 4.28057947497e-05
1121 0.000252966623186
1122 0.00018464113479
1123 0.000306283974455
1124 0.000249158536354
1125 0.000406017297584
1126 0.00033767732493
1127 0.000567594770313
1128 0.000201280205337
1129 0.000321109683615
1130 0.000288092808045
1131 0.000217331057617
1132 0.000243584829137
1133 0.000402167763985
1134 8.39700353973e-05
1135 0.000127714572252
1136 0.000235552258959
1137 0.000313443334728
1138 0.000239603080349
1139 0.000211756676985
1140 0.000187084143757
1141 0.00010106335328
1142 0.000154448700674
1143 0.000218447130207
1144 0.00010106049672
1145 0.000216304195945
1146 4.28057947497e-05
1147 0.000432288288863
1148 6.36793517242e-05
1149 0.000333117187923
1150 0.000306946604463
1151 0.000128695144591
1152 6.7161083764e-05
1153 0.000126115336915
1154 0.000394423645132
1155 0.00010745980754
1156 0.0002723989616
1157 0.000296030668944
1158 7.4148732311e-05
1159 0.000314997505403
1160 0.00038625728918
1161 0.000277644414881
1162 0.000152669792179
1163 9.76596305558e-05
1164 0.000294116467177
1165 0.000111293697316
1166 0.000237861438158
1167 0.000306914491191
1168 0.000204534422249
1169 8.16007890631e-05
1170 0.000158741248984
1171 0.000220796403705
1172 0.000242051068607
1173 0.000330706513288
1174 0.000393220135223
1175 0.000192943719614
1176 0.000396131223259
1177 4.70962564642e-05
1178 0.000207430078132
1179 0.000139884724705
1180 0.000283301073222
1181 0.000158213066122
1182 0.000262634408518
1183 0.000227999334434
1184 0.000235802505649
1185 0.00044702924612
1186 0.00043717246147
1187 0.000153531948846
1188 0.000190625687031
1189 0.000232751331409
1190 0.000276703811182
1191 0.000198446617073
1192 0.000329139493305
1193 0.000445886614668
1194 0.000128634716073
1195 0.000102083782672
1196 0.000175366280188
1197 0.000125034037321
1198 0.000186815379432
1199 0.000245868106411
1200 0.000606097383701
1201 7.32663622255e-05
1202 0.000191140102689
1203 0.000161048612878
1204 0.00010795101009
1205 0.000495431169845
1206 0.000306822231552
1207 4.28057947497e-05
1208 0.000228047907372
1209 9.22660167453e-05
1210 0.000240642881458
1211 0.000266686155998
1212 0.000490415556665
1213 0.000221502232319
1214 0.000172985013274
1215 0.000365183180611
1216 0.000237653621228
1217 0.000286448897483
1218 0.000288793002792
1219 0.000169158236321
1220 0.000182788271376
1221 7.58278082759e-05
1222 0.000374196490886
1223 0.00043351528015
1224 0.000158974235149
1225 6.73446257517e-05
1226 0.000223535678487
1227 0.000250197557842
1228 0.000391017405791
1229 0.000189022304836
1230 0.000236564050131
1231 0.000363485466856
1232 0.000350362501949
1233 0.000238053766113
1234 4.9587279845e-05
1235 0.000142875131023
1236 0.000497787926345
1237 0.000321533116739
1238 0.000354228827483
1239 0.000450248357672
1240 6.45066376203e-05
1241 0.000143505290894
1242 0.000141051050279
1243 0.000280276452351
1244 0.000337701252782
1245 0.000114654453855
1246 0.000211774383632
1247 0.000236971075199
1248 0.000160688346465
1249 9.47965824063e-05
1250 0.000134385520214
1251 0.000393533781825
1252 0.000135340374809
1253 7.28038207908e-05
1254 8.1217900979e-05
1255 0.000113230905683
1256 0.00037189885308
1257 0.000394053456523
1258 0.000264967572952
1259 0.000278652408811
1260 0.000344562833388
1261 0.000267014294912
1262 0.000341590472129
1263 4.53456110106e-05
1264 6.66851818581e-05
1265 8.39932299537e-05
1266 0.000127870041038
1267 0.00014400889757
1268 0.000340232525008
1269 0.000126348732621
1270 0.000366455394953
1271 5.62435766171e-05
1272 0.000287660775291
1273 0.000276143753387
1274 0.000338339667447
1275 0.000229333811326
1276 0.000381580218726
1277 4.53678244972e-05
1278 0.000574145744958
1279 0.000142156228776
1280 0.000218276970669
1281 0.000249880497957
1282 0.000218217560761
1283 0.000339037325506
1284 0.000249849385685
1285 0.000291299096453
1286 0.000181242941973
1287 0.000136078586518
1288 0.000203062843926
1289 0.000276242078977
1290 0.00025228712015
1291 0.000270677387008
1292 0.000327494340626
1293 0.000265987306423
1294 0.000159539302542
1295 0.000159294128183
1296 8.2669289826e-05
1297 0.000186454050048
1298 0.000100351438402
1299 0.000330599915946
1300 0.000226432644757
1301 0.000205596377147
1302 8.09343510924e-05
1303 0.00030905972871
1304 0.000250999670724
1305 0.000304057125813
1306 0.000335706798622
1307 0.000195278594463
1308 0.000295063543514
1309 0.000173728017518
1310 0.0002235854662
1311 0.000200235703176
1312 0.000185042422698
1313 0.00026860021569
1314 0.000221113328513
1315 0.000214598231701
1316 0.000219710985088
1317 0.000176679970912
1318 0.000220140712581
1319 0.00025773463962
1320 0.000222662078623
1321 0.000386915383351
1322 0.000166081075944
1323 0.000422070882009
1324 0.000241940167978
1325 0.000217478838649
1326 0.000185657597189
1327 5.80973232263e-05
1328 0.000258256632951
1329 0.00020919948791
1330 0.000405904905108
1331 0.000373468209824
1332 0.000420502809978
1333 0.000272526637863
1334 0.000265900031813
1335 0.000359711037499
1336 0.000365329580882
1337 0.000177709847692
1338 0.000276104369233
1339 0.000444276728247
1340 0.000300188574701
1341 0.000200412589012
1342 0.000355110954137
1343 0.000101489774837
1344 0.000260164071776
1345 0.000279337683567
1346 0.00044682912612
1347 6.3949545203e-05
1348 0.000373318372248
1349 0.00027112455631
1350 0.000273271263972
1351 0.0001770002051
1352 0.000209150464441
1353 0.000670752966849
1354 6.65260272739e-05
1355 7.13957793253e-05
1356 0.000262949693055
1357 0.000187015553129
1358 0.000227513426879
1359 0.000460063368526
1360 0.000264677800852
1361 0.00034526454687
1362 0.000422239181276
1363 5.54510252974e-05
1364 0.000181460343869
1365 0.000100862879819
1366 0.000144969975006
1367 0.000430217383614
1368 0.000475200373313
1369 0.000162840216587
1370 0.00027632513704
1371 0.000326335411859
1372 0.000288230144624
1373 8.76579815392e-05
1374 0.00038057832041
1375 0.000266080349888
1376 0.00023099291352
1377 0.000527732062306
1378 0.000553234069861
1379 0.000259015304313
1380 0.000246581681538
1381 0.000253440954337
1382 0.000147994971105
1383 0.000217043269357
1384 6.72405378616e-05
1385 0.000138947742526
1386 0.000130462725567
1387 4.28057947497e-05
1388 0.000129474665783
1389 0.000258754980281
1390 0.000160446222141
1391 0.000541697100282
1392 0.000496336247219
1393 0.000190051576703
1394 0.000205370413596
1395 6.02780463427e-05
1396 4.81739920617e-05
1397 0.000276649685629
1398 0.000108961561217
1399 0.000160302152925
1400 0.000504437669957
1401 0.000156877332207
1402 7.71912785741e-05
1403 0.000228669451861
1404 0.000148936080766
1405 0.000241190053336
1406 0.000275719769202
1407 0.000183621289412
1408 0.000147820273979
1409 0.000225958088906
1410 0.000337337320593
1411 0.000213180901126
1412 7.88287228381e-05
1413 0.000165128600195
1414 0.000288312455895
1415 7.11760443043e-05
1416 0.000235424979457
1417 0.000325432790409
1418 5.70986905604e-05
1419 0.000154495519847
1420 0.000193990041234
1421 0.000441709997787
1422 0.000234514564244
1423 0.000117306884345
1424 0.000290550432901
1425 0.000179618804299
1426 0.000246162384663
1427 0.000305139732257
1428 0.000386394697229
1429 0.000224102775928
1430 0.000223063581481
1431 4.93919105701e-05
1432 0.000659994737642
1433 0.00026619460114
1434 0.000226961864569
1435 0.000139220522773
1436 0.000274011433381
1437 0.000201010099676
1438 0.000216922438459
1439 0.000176823434177
1440 9.16740215405e-05
1441 0.000166332711304
1442 0.000160089131225
1443 7.93739131683e-05
1444 0.000101345136101
1445 0.000214008631288
1446 0.000106765535814
1447 0.000233479839667
1448 0.000427263100653
1449 0.000252912984541
1450 0.000288495094797
1451 0.00020547879629
1452 0.000170043151569
1453 0.000275004197564
1454 0.000213412883702
1455 0.000265759143848
1456 7.02563125222e-05
1457 0.000380419414919
1458 0.000198099150225
1459 0.000147100975722
1460 0.000471546823566
1461 0.000181449492956
1462 9.01380867822e-05
1463 0.000388123912362
1464 6.79590188156e-05
1465 0.000180021248879
1466 0.000357257073226
1467 4.28057947497e-05
1468 0.00037928475292
1469 0.000252886142339
1470 0.000425952388403
1471 0.000243153466496
1472 0.000503592009773
1473 0.000595971990407
1474 0.000342000778129
1475 7.33414829122e-05
1476 0.00036291372293
1477 7.44504204697e-05
1478 0.000105417063082
1479 0.000160887267663
1480 0.000389767834397
1481 0.000312889242883
1482 0.000132255702643
1483 0.000340633151356
1484 0.000302002008564
1485 0.000104311891601
1486 0.000173145790342
1487 9.27481677592e-05
1488 0.000355966872409
1489 0.000392326099087
1490 0.000138771839545
1491 8.71403217282e-05
1492 0.000356603824009
1493 0.000118078471856
1494 0.000215919852958
1495 0.00025815554257
1496 0.000331601831079
1497 0.000331759233078
1498 0.000192131135397
1499 6.5511012811e-05
1500 0.000192020081143
1501 0.000211369099321
1502 0.000110626462617
1503 0.000354825269162
1504 0.000171946265131
1505 0.000387348534867
1506 0.000533267180031
1507 7.98153212126e-05
1508 0.000272044988179
1509 0.000179604815172
1510 0.000393393968445
1511 6.16651075706e-05
1512 0.000280237819795
1513 0.000226111390109
1514 0.000205095962768
1515 0.00022639190229
1516 0.000342854400669
1517 0.000441005552905
1518 0.000134091815475
1519 0.000132141579696
1520 0.000154050171866
1521 0.000356502164558
1522 6.9022175028e-05
1523 0.000447646120915
1524 0.000259809730526
1525 0.000143914827494
1526 0.000363529358239
1527 0.000158147108575
1528 0.000104181332599
1529 0.000243976192405
1530 0.000292089987421
1531 0.000300199090201
1532 0.000183926729312
1533 0.000139851369959
1534 0.000279810233566
1535 0.000285814116955
1536 0.00021648183715
1537 0.000543816439404
1538 0.0001647045484
1539 0.000229696270249
1540 0.000242368832777
1541 0.000310906628979
1542 0.000242266730346
1543 0.000181009047946
1544 0.000223682754621
1545 0.000144074090925
1546 0.000314744613686
1547 6.92827150701e-05
1548 0.0003459498923
1549 0.000308972874344
1550 0.000347154102616
1551 0.000193979553831
1552 0.00048489807885
1553 9.57393218131e-05
1554 0.000238892085741
1555 0.00047952460778
1556 0.000327366259645
1557 0.000106331263167
1558 0.000436835282088
1559 5.07675446208e-05
1560 0.000529300551928
1561 4.28057947497e-05
1562 0.000184616767898
1563 0.000129856339691
1564 0.000337893680108
1565 0.000159779408727
1566 0.000278537882991
1567 0.000176067897443
1568 0.000303810598608
1569 0.000236197999708
1570 0.000302381500693
1571 0.000373174723873
1572 0.000214655209517
1573 0.000152447227279
1574 0.000417113346304
1575 0.00042245116814
1576 0.000141356080564
1577 0.000312786368245
1578 0.000530333609637
1579 0.000187277051306
1580 7.30261816408e-05
1581 0.00025515645716
1582 4.28057947497e-05
1583 0.000218668764543
1584 0.000446920267709
1585 0.000636100807968
1586 0.000186267236346
1587 9.03975427738e-05
1588 0.000255422207055
1589 0.000224468188794
1590 0.000571254384486
1591 0.000310913156633
1592 0.000480492318948
1593 0.000140519281387
1594 0.000301186212545
1595 0.000121061157459
1596 0.000204101162017
1597 0.000360096037465
1598 0.000330122288561
1599 0.000403694474934
1600 0.000116312473905
1601 0.000348841280859
1602 0.000259115798805
1603 0.000103402245888
1604 0.000409900560266
1605 0.000447546785518
1606 0.000273385920625
1607 0.000197895973866
1608 9.7135356045e-05
1609 0.000344398580364
1610 0.000284786395584
1611 0.000501629188394
1612 0.000340370970479
1613 0.000534365944941
1614 0.000512797191743
1615 0.000230016478849
1616 0.000233143426652
1617 0.000313228777166
1618 0.000342484437771
1619 0.000126145437645
1620 0.000332993517813
1621 0.000427062435273
1622 0.000541688333856
1623 0.000504322877819
1624 0.000293537584071
1625 0.000261585033588
1626 0.000176511664383
1627 0.000216716894403
1628 8.96378835037e-05
1629 0.000384846803952
1630 0.000188564793234
1631 0.00042542177693
1632 8.73897431644e-05
1633 0.000243458166561
1634 0.000176167450596
1635 0.000280513354106
1636 0.00018126075923
1637 0.000357995862592
1638 0.000316817666692
1639 0.000183578919821
1640 0.000264263295225
1641 0.000103174281635
1642 0.000146930437121
1643 0.00027777856233
1644 0.000293329854313
1645 0.000227797393779
1646 0.000345051134725
1647 0.000123891863571
1648 0.000245833115215
1649 0.000209138311664
1650 0.000197782245427
1651 0.000173202119793
1652 5.1134344255e-05
1653 0.000246472522765
1654 0.000226401436833
1655 9.07245482422e-05
1656 0.000270661576336
1657 0.000290784631417
1658 9.83063899408e-05
1659 0.000127992972702
1660 0.000252148607602
1661 0.000185897268221
1662 0.000389700221613
1663 0.000412575686972
1664 0.000666193331085
1665 9.40449825932e-05
1666 0.000363972489839
1667 0.000318913189739
1668 0.00022683411589
1669 0.000347717445577
1670 0.000393758256263
1671 0.000102087428166
1672 0.00023387607562
1673 0.000208491564304
1674 0.000258315146499
1675 0.000185804925786
1676 0.000369642472546
1677 0.000179711030503
1678 0.000230804741772
1679 0.000145661131
1680 0.00018477043668
1681 0.000300410218072
1682 0.000191028275858
1683 0.000194662490186
1684 0.000391078523718
1685 0.00637028028575
1686 0.000288425370665
1687 0.000241923340381
1688 0.000395371990594
1689 0.000335621085571
1690 0.000357741340971
1691 4.8463145991e-05
1692 0.000286678769271
1693 0.000324141671843
1694 8.05379756053e-05
1695 0.000249154904382
1696 0.000203773504759
1697 0.000120367935317
1698 8.17098536153e-05
1699 0.000180450064507
1700 0.000276340570057
1701 8.98715031777e-05
1702 0.000104036696512
1703 0.000262971397739
1704 0.000484428149611
1705 0.000162685278611
1706 0.000264213924816
1707 0.00023133366536
1708 0.000514127744429
1709 0.000118488428749
1710 0.000419636123491
1711 8.45827782065e-05
1712 7.89785009933e-05
1713 0.000307848026521
1714 6.68614160378e-05
1715 0.000516341873167
1716 0.000306180257198
1717 0.000289285804572
1718 0.000402647232889
1719 0.000526107738192
1720 0.000190620291561
1721 0.00025225553361
1722 0.000333662737796
1723 0.000213664517277
1724 0.000164657377777
1725 0.000204515882415
1726 0.000381226881539
1727 0.000195859286701
1728 0.000214036620536
1729 0.000170893248407
1730 0.000400451073518
1731 0.000663003421892
1732 9.64056473099e-05
1733 0.000250228345824
1734 0.000302000681355
1735 0.000173158908342
1736 0.000321704723639
1737 0.000439103677368
1738 0.00023891500543
1739 0.000183115641209
1740 0.000140751882942
1741 0.000236460444695
1742 0.000314004743018
1743 0.000385996857485
1744 0.000206914358378
1745 0.000241377981961
1746 0.000147552576859
1747 0.000565727822074
1748 0.000189542391773
1749 0.000121606293776
1750 0.000136840876251
1751 0.000366975081003
1752 0.000259219852277
1753 0.000332888181488
1754 0.000254753249187
1755 0.000194630733485
1756 4.70251293924e-05
1757 0.000140984635239
1758 0.000374830582395
1759 0.000248027955682
1760 8.58685755955e-05
1761 7.13994159058e-05
1762 0.000413679991166
1763 6.54656657938e-05
1764 0.000211295133304
1765 0.000141702610926
1766 0.000235762444215
1767 0.000257003673363
1768 0.000237507765357
1769 0.000617601690582
1770 0.000114789607196
1771 0.000335134089295
1772 9.48767061638e-05
1773 0.000201168257473
1774 0.000165014587835
1775 0.000173685872736
1776 6.19381466543e-05
1777 9.83063899408e-05
1778 7.00810124e-05
1779 0.000256475864298
1780 0.00017438274941
1781 0.000132146541647
1782 0.000189981405017
1783 0.000226944650054
1784 0.000656979510537
1785 0.000154646907563
1786 0.000242566220969
1787 0.000463108871669
1788 0.000300438359609
1789 0.000157087307258
1790 0.00030345684833
1791 0.000223882434746
1792 0.000397023640163
1793 8.2542540229e-05
1794 0.000409576749397
1795 0.000342357740467
1796 0.000266507005099
1797 0.000217638319418
1798 7.48786461077e-05
1799 0.000275092234863
1800 0.000430168896086
1801 0.000700179658649
1802 0.000165567972265
1803 0.000119006936672
1804 0.000243133886917
1805 0.000545830833498
1806 0.00012308739682
1807 0.000295503777357
1808 0.000314160399568
1809 0.000160578586922
1810 0.00033313159349
1811 0.000299064087886
1812 0.000208661008604
1813 0.000226142524156
1814 0.000503363084664
1815 0.000112117151242
1816 0.000186769706206
1817 0.000369574364874
1818 0.000114518873876
1819 0.000183722471865
1820 0.000278046377439
1821 0.000337003195524
1822 0.000107697816321
1823 0.000136438855537
1824 0.000367318390532
1825 0.000291426365859
1826 0.000276817853779
1827 0.00029732799669
1828 0.000586995761338
1829 0.000305507239252
1830 0.000146080155452
1831 0.000119665374216
1832 0.000336334572003
1833 0.000160149733429
1834 0.000532483706831
1835 4.28057947497e-05
1836 0.000546605408279
1837 0.000117976299507
1838 0.000305014100044
1839 0.000104539053369
1840 0.000469137021925
1841 0.00013063313715
1842 0.000240776247425
1843 0.000348105408814
1844 0.000152534520457
1845 0.000417204471506
1846 0.000329354781869
1847 0.000172347322163
1848 0.000223386778327
1849 0.000194778053794
1850 0.000338628825037
1851 0.000183969245058
1852 0.000179940004226
1853 0.000146060456468
1854 0.000101898739631
1855 5.55369581579e-05
1856 7.4517948594e-05
1857 5.65159609637e-05
1858 0.000342681962122
1859 0.000208681071526
1860 0.000228797578836
1861 0.000158599542909
1862 0.000332692992673
1863 0.00026681108608
1864 0.00022677074265
1865 0.000323815106402
1866 8.31306487757e-05
1867 0.000288569332554
1868 0.000369295665095
1869 0.000354998255407
1870 0.000130771182701
1871 0.000158538136531
1872 0.00040128302563
1873 0.000252823702933
1874 0.000200476700293
1875 7.48142763513e-05
1876 0.000157735771467
1877 0.000386742413534
1878 0.000208292741832
1879 0.000227601378288
1880 0.000419854239847
1881 0.000260108553672
1882 0.000293384023348
1883 0.000308062261381
1884 0.000121251073111
1885 0.000169331447889
1886 0.000160676122815
1887 0.000318682895633
1888 8.48906440661e-05
1889 0.000713474171962
1890 0.000221619510703
1891 0.000148260341325
1892 0.000232422901351
1893 0.000118499552345
1894 0.000403298295237
1895 0.000323556696049
1896 0.000295369804513
1897 0.000136152439433
1898 0.000226272881842
1899 0.000301232366005
1900 0.000375129173182
1901 0.000114499830876
1902 0.000126614955225
1903 0.000378267635555
1904 0.000204916799371
1905 0.000227208576371
1906 0.000123572667183
1907 0.000172437700133
1908 0.000166934826741
1909 0.000113688591035
1910 0.000258351115839
1911 0.000256711602769
1912 0.000237730390046
1913 0.00387735271131
1914 0.000105109624907
1915 0.000250614254797
1916 0.000128412094114
1917 0.0002613247778
1918 0.000345474922404
1919 0.000296811768293
1920 0.00028914157708
1921 0.000366741219241
1922 0.000214313170755
1923 0.000159797910302
1924 0.000259349285989
1925 7.62204402089e-05
1926 0.000241155788498
1927 0.000462957886343
1928 0.000286249708461
1929 0.000138955451837
1930 0.000278693121468
1931 0.000123937073589
1932 0.00021180883296
1933 0.000289723007136
1934 0.000123766971536
1935 0.000128762394698
1936 0.000263281924527
1937 0.000209912525398
1938 7.42490451729e-05
1939 0.000343557860494
1940 0.000261099496784
1941 0.000287740498845
1942 0.000533564948577
1943 0.000125830015622
1944 0.000352044601555
1945 0.000165583554866
1946 0.000441045216097
1947 0.000346407783876
1948 0.00037277786334
1949 0.000326740577282
1950 9.85283288348e-05
1951 9.52618831939e-05
1952 0.000327455215283
1953 9.21533411085e-05
1954 0.000234194220326
1955 0.00033033462613
1956 0.00028854804155
1957 0.000152704606217
1958 0.000216073113871
1959 0.000192130794981
1960 0.000369299956567
1961 0.000366053491594
1962 0.000114526778035
1963 0.000339841691935
1964 0.000176667119791
1965 0.000542434363483
1966 0.000162252044386
1967 0.00032963168142
1968 4.84811054114e-05
1969 0.000190165201146
1970 4.9788172975e-05
1971 0.000264005694171
1972 0.000323067336428
1973 0.000347418741445
1974 0.000322002759117
1975 8.61233451449e-05
1976 0.000307602989628
1977 0.000214305541665
1978 9.12432158365e-05
1979 0.000148214122191
1980 0.000323237409033
1981 0.000301744574286
1982 0.000195122124706
1983 0.00011779627381
1984 0.000375218498201
1985 0.0003292122487
1986 0.000436101925508
1987 0.00028776861706
1988 0.000142829486856
1989 0.000216024944087
1990 0.000179318062594
1991 0.000189177880415
1992 0.000260136554859
1993 0.000164395755442
1994 0.000374422997248
1995 0.000206120768418
1996 0.000324681403141
1997 8.04109272777e-05
1998 0.000253922867073
1999 0.000282723270786
2000 0.000187430729954
2001 0.000185637968163
2002 0.000306601603535
2003 0.000271278630915
2004 0.000193013125378
2005 0.000262835168166
2006 0.000286542979244
2007 0.000275992675827
2008 0.000493451786836
2009 8.74209546201e-05
2010 0.000234364903056
2011 0.000264528580089
2012 0.000216065556082
2013 0.000103902683781
2014 7.81634702642e-05
2015 8.49393898511e-05
2016 8.51199867297e-05
2017 0.000117265728957
2018 0.000129261003694
2019 0.000286135058921
2020 9.04256374175e-05
2021 0.000291207289897
2022 8.99268565876e-05
2023 0.000261874111218
2024 0.000218957480162
2025 0.000274376928348
2026 0.000173949054337
2027 0.000282232860209
2028 0.000234097402222
2029 0.000326712902851
2030 0.000172650213468
2031 0.000339601434928
2032 0.000263067095164
2033 0.000446625991705
2034 0.000316075924118
2035 0.000149120019975
2036 0.000258578701828
2037 0.000140472599193
2038 0.000342358214904
2039 0.000430181058228
2040 0.000339449280566
2041 0.000291177207366
2042 0.000135619563672
2043 0.00030087758154
2044 0.000318523765373
2045 9.34298453342e-05
2046 0.000320457325815
2047 0.00023436727228
2048 0.000841138259671
2049 9.67637673557e-05
2050 0.000318187543516
2051 0.000141222442562
2052 0.000123005686216
2053 0.000324692473162
2054 0.000349995796438
2055 0.000492599139591
2056 0.00015781436583
2057 0.00024972155101
2058 0.000154978802021
2059 0.000175184591532
2060 0.000347445651769
2061 0.000221654355021
2062 0.000258559182015
2063 0.00024827692168
2064 0.000266917855276
2065 0.000339960596707
2066 0.000103656251511
2067 8.24978471085e-05
2068 0.000116867685851
2069 0.000431804341721
2070 0.000320831236693
2071 0.000134864850962
2072 0.000367814867613
2073 0.000397532006474
2074 0.00035403142801
2075 0.00029606171933
2076 0.000175791747833
2077 0.00017836736551
2078 0.000238602230587
2079 0.000370775420653
2080 4.15273188038e-05
2081 9.99420590095e-05
2082 0.000518152422833
2083 0.000170532585351
2084 0.000274837540418
2085 0.000283324182906
2086 0.000195171628759
2087 0.00025661433989
2088 0.000476182931351
2089 0.000362125589269
2090 0.000211264136001
2091 0.000341949872875
2092 0.000293286122719
2093 0.000140666667977
2094 0.000329385507014
2095 0.00013909967178
2096 0.000286505172977
2097 0.000104003610738
2098 0.000209873177023
2099 0.000225954529138
2100 0.000119646154502
2101 9.71246171505e-05
2102 0.000242223616924
2103 0.000412034126022
2104 0.00033954182363
2105 0.000328020624419
2106 0.000124573223521
2107 0.000105239356933
2108 0.000318777784698
2109 0.000299377582128
2110 0.000253594340105
2111 0.000164027067817
2112 0.000557931208248
2113 0.000297139786303
2114 0.000146187248386
2115 0.000149394951814
2116 0.000256286216205
2117 0.000315059041404
2118 0.000486873518952
2119 0.00034096822768
2120 0.000154968158012
2121 0.000230774686449
2122 0.000292887713108
2123 0.000270562261867
2124 0.000368326712522
2125 0.000309429975047
2126 0.000370568490134
2127 0.000466612437884
2128 0.000355283986846
2129 0.00030977438203
2130 0.000343929470639
2131 0.000118296272355
2132 0.000361470937768
2133 0.000304927684698
2134 0.000578830768855
2135 0.000269888774445
2136 0.000276383589308
2137 0.000157572985514
2138 0.000162003046557
2139 0.000418358067034
2140 0.000323439408067
2141 0.000312520040591
2142 0.000136549408869
2143 0.000427732248821
2144 0.000342040499287
2145 0.000253020837919
2146 0.000251175372338
2147 0.000225764288385
2148 0.000131650631673
2149 0.000282422591115
2150 0.000396060012432
2151 0.000353079718055
2152 0.000268491328125
2153 0.000191998227113
2154 0.00041370598648
2155 0.00029701459312
2156 0.000178566988745
2157 0.000275891563803
2158 0.000211150268536
2159 0.000109015582373
2160 0.000255169615004
2161 0.000234726471897
2162 0.000271222807434
2163 0.000144952361
2164 0.000123318650505
2165 0.000187977965095
2166 0.000247021283521
2167 9.65018300748e-05
2168 0.000106339296843
2169 8.33201318245e-05
2170 0.0003363240132
2171 0.000185511412889
2172 0.000335942830566
2173 0.000353166299281
2174 0.000274320486308
2175 0.000385821244604
2176 7.22752652634e-05
2177 0.000422933339871
2178 7.22671279706e-05
2179 6.67123559866e-05
2180 0.000189921042284
2181 0.000346096852889
2182 0.000176378994108
2183 7.37863250906e-05
2184 0.000400377674564
2185 0.000341490770783
2186 9.44709518174e-05
2187 0.00011754416206
2188 0.000442670659835
2189 0.000352804043249
2190 0.00033353583316
2191 0.000306654641125
2192 0.000271501823955
2193 0.000221675761223
2194 0.00014441616552
2195 0.00033325306324
2196 4.15273188038e-05
2197 0.000332910664265
2198 0.000194989904608
2199 0.000190155666628
2200 0.000547679450887
2201 0.000317813479662
2202 0.000343595743058
2203 0.000258032223264
2204 0.000326174514351
2205 9.7443063453e-05
2206 9.22404676594e-05
2207 0.000380471383515
2208 0.000199480536772
2209 9.29126053354e-05
2210 0.000180354338656
2211 0.000202118313518
2212 0.000275779667255
2213 0.000261724881311
2214 0.000202973923043
2215 0.000187193954196
2216 0.0001974504836
2217 0.00025218842962
2218 0.000178023953558
2219 0.000374629251969
2220 6.10704109575e-05
2221 0.000351871621465
2222 0.000167020299216
2223 0.00019045740819
2224 0.000360875318407
2225 0.00039161590756
2226 0.000227836311556
2227 0.000227614393215
2228 9.81644173449e-05
2229 0.000275660890438
2230 0.000387887949391
2231 6.93249797499e-05
2232 0.000305702718798
2233 0.000292369010454
2234 0.000420739075807
2235 0.000107009128752
2236 0.000256566595734
2237 0.000323429747931
2238 0.000237326707652
2239 0.000144607334596
2240 0.00016002834299
2241 0.000365737559082
2242 0.000361393145907
2243 0.000196465319295
2244 0.000205380212907
2245 0.000361669891861
2246 0.000137431333707
2247 0.000302309393593
2248 0.000389248725366
2249 0.000172751748622
2250 0.000103059827023
2251 0.000349760075587
2252 0.000109640379492
2253 6.8416658649e-05
2254 0.000290676738647
2255 0.000289555774138
2256 0.000121403050149
2257 7.81291885959e-05
2258 0.000288438419747
2259 0.00011987815784
2260 0.00022192113801
2261 0.000188810935635
2262 0.000244255736048
2263 7.93428019444e-05
2264 0.000117412066766
2265 0.000244760528436
2266 0.000101382264318
2267 0.000454777989363
2268 0.000269852893066
2269 0.000444743166477
2270 4.15273188038e-05
2271 0.000102122620037
2272 0.000329714565276
2273 0.000153708019742
2274 0.000286357442931
2275 0.000140762103173
2276 0.000335401036609
2277 0.000285867629589
2278 0.000151570341418
2279 0.000327525876412
2280 0.000388157480722
2281 0.00020798983246
2282 0.000170382122006
2283 0.000474677880671
2284 0.000518396570459
2285 0.000294486419968
2286 0.000186286240639
2287 0.000215572296872
2288 0.000152313065188
2289 0.000101577323941
2290 0.000568006724723
2291 0.000332000033082
2292 0.000124331107621
2293 0.000431755834404
2294 0.000178496853453
2295 0.000381870776727
2296 0.000102162513949
2297 0.000190562730685
2298 0.000211327870854
2299 9.78556986836e-05
2300 0.000286113400539
2301 0.000259846169777
2302 0.000170328970756
2303 0.000385025347571
2304 0.000101705460536
2305 0.000234164097731
2306 8.5145454063e-05
2307 0.000218422638454
2308 0.000262092639809
2309 0.000287291192953
2310 0.000369859173259
2311 0.000123397266049
2312 0.000124407102654
2313 9.68511949332e-05
2314 0.000754126552103
2315 0.000177757489266
2316 0.000232518075956
2317 0.000120968611275
2318 0.000325360681121
2319 0.000197979795345
2320 0.000374420289829
2321 0.000172824613413
2322 0.000121126798201
2323 0.000294872979262
2324 0.000332714787846
2325 0.00036876064231
2326 0.000338514824168
2327 0.00032764480719
2328 0.000391826710429
2329 0.000509576617668
2330 0.000238241318708
2331 0.000167709303986
2332 0.000346698301845
2333 0.000317024226467
2334 0.000484226352824
2335 0.000273363924969
2336 0.000294341323219
2337 0.000451647514095
2338 0.000195178910703
2339 0.000327525304763
2340 0.000335408755475
2341 0.000358399241678
2342 0.000251932961202
2343 0.000270187805199
2344 0.000250773495676
2345 0.000380668573008
2346 0.000229304028044
2347 0.000200554301421
2348 0.000628932856704
2349 0.000281504144605
2350 0.000186783704449
2351 0.000104485239616
2352 0.000332765054707
2353 0.000306743853261
2354 0.000177097293174
2355 0.000322798974362
2356 0.000139002473182
2357 0.000312338009936
2358 0.000149365600982
2359 7.77656175694e-05
2360 0.00027129032332
2361 0.000135428134234
2362 0.000375716799174
2363 0.000138488637925
2364 0.000305754821661
2365 0.000335665063607
2366 0.000285622804001
2367 0.000197982227981
2368 0.000211650735083
2369 0.000269360534444
2370 0.000357760167045
2371 0.000290814405092
2372 0.000308312986183
2373 0.000325976499086
2374 0.000132433942233
2375 0.000306199224065
2376 9.91561945938e-05
2377 0.000335141163683
2378 0.000297218362345
2379 0.000261318636619
2380 0.000162258911506
2381 5.68533301769e-05
2382 0.000320484258218
2383 5.6057920521e-05
2384 8.55515175444e-05
2385 0.000578969419018
2386 0.000202909317387
2387 0.000260407728246
2388 0.000154173509571
2389 8.44319389463e-05
2390 0.000143722498699
2391 0.000178889969925
2392 0.000182552862918
2393 0.000188614941897
2394 0.000115965569814
2395 0.000305178220413
2396 0.000331207948279
2397 0.000238098498782
2398 0.000308604807206
2399 0.00034459889495
2400 0.000268563569017
2401 0.000103881322188
2402 0.000190450391109
2403 0.000153265377894
2404 0.000163243505281
2405 0.000319504958316
2406 0.000194359791832
2407 0.000212404844658
2408 0.00018178231283
2409 0.000282529191886
2410 0.000326357500898
2411 0.000382385164186
2412 0.000286284273737
2413 0.000301285620494
2414 9.98783837348e-05
2415 0.000333750065259
2416 0.000159159314026
2417 0.000190238176468
2418 0.000253464360811
2419 0.000224057623591
2420 0.000374557653358
2421 0.000249935688093
2422 0.00017840141513
2423 8.88168017831e-05
2424 0.000302969690391
2425 0.00012158193733
2426 0.000191651359803
2427 0.000169102205705
2428 9.24232412897e-05
2429 0.000353268808052
2430 0.000196688345757
2431 0.000275281805449
2432 8.96933452171e-05
2433 0.00012801003232
2434 0.000278737170039
2435 0.000300688108206
2436 0.000159379885842
2437 0.000292783145263
2438 0.000120289081039
2439 0.000240306130161
2440 0.000153908482083
2441 0.000281330355114
2442 7.60037791235e-05
2443 4.51430652283e-05
2444 0.000140756709003
2445 0.000171540733567
2446 0.00022959874606
2447 0.000296297773088
2448 0.00025641812716
2449 0.000295926350265
2450 0.000139351952814
2451 0.000167565834889
2452 0.000337501864169
2453 8.06721521614e-05
2454 0.000127053377991
2455 7.69275411e-05
2456 0.000166891346854
2457 0.000135883527188
2458 4.15273188038e-05
2459 0.000308931000626
2460 0.000238419347706
2461 0.00031070211319
2462 0.000382561725212
2463 0.000204289873213
2464 0.000380702264827
2465 0.000363886640744
2466 0.000197907179399
2467 0.0001236563306
2468 0.000245979904851
2469 0.000366378437372
2470 0.000253690646669
2471 4.15273188038e-05
2472 0.000396647066568
2473 0.000270258779526
2474 0.000200094025387
2475 0.000227564088616
2476 0.000304440422243
2477 0.00011555983845
2478 0.000218177018185
2479 0.000229931242811
2480 0.00016980694078
2481 0.000150157613485
2482 7.30274830591e-05
2483 0.000297720084543
2484 8.69036934623e-05
2485 0.000240596348827
2486 0.000258040360645
2487 0.000186178499772
2488 0.000170382122006
2489 0.000338769206688
2490 0.000213683946153
2491 0.000149528954533
2492 0.000373384072583
2493 0.000324002475788
2494 6.04543931121e-05
2495 0.000216526436897
2496 0.000270567305228
2497 9.60381509984e-05
2498 0.000229016798302
2499 0.000316886316323
2500 0.000213110470224
2501 0.00032817772501
2502 0.000251094137527
2503 0.000168326824611
2504 0.000155220677092
2505 0.000280093192441
2506 7.5009994491e-05
2507 0.000244090335436
2508 0.000366841529974
2509 0.000305224335008
2510 0.00041676879501
2511 0.000422588021105
2512 0.000422277615788
2513 0.000318919447312
2514 0.000158259421283
2515 8.50506245454e-05
2516 0.000142659874911
2517 0.000278822921967
2518 6.95510141331e-05
2519 0.000172270482562
2520 0.000134158758892
2521 0.000304715223253
2522 0.000266298694832
2523 7.85327690613e-05
2524 0.000158697063869
2525 6.32681654671e-05
2526 0.000175623134604
2527 0.00037825274288
2528 9.63110639257e-05
2529 0.000118481840291
2530 0.000155881157998
2531 0.000117723444238
2532 0.000121602085763
2533 0.000207023442607
2534 0.000304467643304
2535 0.000172997324223
2536 0.000192654198633
2537 0.000145459468847
2538 0.000305874978429
2539 0.000287612555135
2540 0.000261861121339
2541 0.000250777463582
2542 5.6057920521e-05
2543 0.000370014665498
2544 0.000673188674175
2545 0.000123887217594
2546 7.15466803965e-05
2547 0.000270492801773
2548 0.000183277919052
2549 0.00012453013801
2550 0.000294180701914
2551 0.000311745699765
2552 0.000294199693093
2553 0.000217874550132
2554 0.000321268131077
2555 0.000186464742289
2556 0.00040790061878
2557 0.000249672159607
2558 0.000165110756808
2559 0.000297922793088
2560 0.00030218901358
2561 0.000379172085246
2562 0.000290944160357
2563 0.00014602510508
2564 0.000215002872163
2565 0.000343928441202
2566 8.04109272777e-05
2567 0.000160683699489
2568 0.000347384835912
2569 7.31261479634e-05
2570 4.15273188038e-05
2571 0.000224045969008
2572 0.000132549780123
2573 9.05827826702e-05
2574 0.000282859502358
2575 0.000204102860786
2576 0.000268779893829
2577 0.000125089119025
2578 0.000194003893006
2579 0.000300637550222
2580 0.000223184040686
2581 7.54825426168e-05
2582 0.000164536295602
2583 0.000315215686124
2584 0.000243483641115
2585 8.10707474478e-05
2586 0.000217350946498
2587 0.000337495133624
2588 0.000197794813938
2589 0.000291953106102
2590 0.000258326757203
2591 0.000357913223453
2592 0.000191563955474
2593 0.000377364687465
2594 0.000334089613942
2595 0.00031471572048
2596 8.69036934623e-05
2597 4.15273188038e-05
2598 0.00032547018103
2599 0.000491359328397
2600 7.53544226354e-05
2601 0.00033377386301
2602 0.000345075760344
2603 0.000364198056971
2604 0.000248287830475
2605 0.000361389709983
2606 8.85528504338e-05
2607 0.000158697186656
2608 0.000353945794064
2609 0.000322296583022
2610 0.000166372100064
2611 0.00025397869513
2612 0.000393125538573
2613 0.00015955632951
2614 8.90605855659e-05
2615 0.000186159887966
2616 0.000336871937108
2617 0.000324791801532
2618 0.000353447175909
2619 0.000218108917692
2620 0.000302734080684
2621 0.000284022874507
2622 0.000102919255541
2623 0.000193686427115
2624 0.0002500699333
2625 0.000348279896174
2626 0.000336802878387
2627 0.000197635522766
2628 0.00021921935891
2629 0.000243547185439
2630 0.000385704624277
2631 0.000316643417502
2632 0.000230082849451
2633 0.000102224584481
2634 0.000223137771274
2635 9.8631793298e-05
2636 0.000100753674012
2637 0.000207441009031
2638 0.000178233507118
2639 0.000302466866177
2640 0.000202156629139
2641 0.00028601058854
2642 0.000114962611172
2643 0.00045208609848
2644 0.000308649798454
2645 0.000245249388757
2646 0.000282760254648
2647 0.00026071963045
2648 0.000255155926454
2649 0.000257376085766
2650 0.000374042296962
2651 0.000191681671583
2652 8.54690870878e-05
2653 0.000177935179558
2654 0.000233609993614
2655 0.000278228165651
2656 0.000306231077408
2657 0.000157613285609
2658 0.000274225834289
2659 0.000199152760375
2660 0.000355130323588
2661 0.000206032657259
2662 0.000531590231481
2663 0.000255875021513
2664 0.000205587648921
2665 0.000374431839218
2666 0.000343065603747
2667 0.000283850915431
2668 0.000177052543974
2669 0.000281370056318
2670 0.000431163919514
2671 0.000256856593944
2672 0.000105770854591
2673 0.000230443291149
2674 0.000167692362731
2675 0.000376370380709
2676 0.000273352669558
2677 0.000378411174007
2678 0.000168812671497
2679 0.000114045819883
2680 0.000421609487205
2681 0.00025333720997
2682 0.000223690913521
2683 0.000152297305069
2684 0.000388347579066
2685 0.000184668775307
2686 0.000125580431436
2687 0.000191541325386
2688 0.000151126885193
2689 0.000126844019236
2690 0.00030917567594
2691 0.000253844084912
2692 0.000102629969851
2693 7.03511032639e-05
2694 0.000193235617718
2695 0.000422898738606
2696 8.87456404058e-05
2697 0.000171494601498
2698 0.000155954403498
2699 0.000316007014613
2700 0.000183162558478
2701 0.00015496882665
2702 0.000172908266897
2703 0.000194456348641
2704 0.000242447496699
2705 5.86903524696e-05
2706 0.000149939630638
2707 0.000327997223986
2708 0.000132687085454
2709 0.000213219530442
2710 0.000125040150223
2711 0.000124764514237
2712 0.000248238555491
2713 0.000258174606174
2714 0.000218482690524
2715 5.91049406648e-05
2716 0.000244552027036
2717 0.000562925829083
2718 0.000249400031402
2719 0.000277647486041
2720 0.000537546285316
2721 0.000296494954572
2722 0.000105770854591
2723 5.41201429977e-05
2724 0.000114157386227
2725 0.000527399007956
2726 0.000103649289927
2727 0.000155213567818
2728 0.00012949231005
2729 0.000291521112674
2730 0.000321290474736
2731 0.000626876919235
2732 0.000175774675938
2733 0.00017809407512
2734 0.000163805414754
2735 0.000260060171055
2736 0.000167136824429
2737 7.5655735458e-05
2738 0.000159824220324
2739 0.000426451510962
2740 0.000243855459978
2741 5.86903524696e-05
2742 0.000280613078684
2743 0.000621383348637
2744 0.000251011466899
2745 0.000128471099269
2746 0.000206079519506
2747 9.93734728779e-05
2748 0.000123214455684
2749 0.000439855087819
2750 0.000254473755918
2751 0.000380041721309
2752 0.000239803690173
2753 8.71160910527e-05
2754 0.000299313513475
2755 0.000566231857047
2756 0.000394479425013
2757 0.000230641568051
2758 0.000375466715013
2759 0.000344940503258
2760 0.000166192131884
2761 0.000135012387011
2762 0.000168955581617
2763 0.000175862760634
2764 0.000314859427545
2765 0.000240068885845
2766 0.000264027626962
2767 0.000112461516649
2768 0.000101491808064
2769 0.000215781553841
2770 0.000116991692847
2771 0.00023141509092
2772 0.000160236659024
2773 0.000262615637425
2774 0.00027296393996
2775 0.000159065208292
2776 0.00021266004821
2777 0.000134898764612
2778 0.000377893856864
2779 0.000521225377801
2780 0.000164736431929
2781 0.000383160193894
2782 0.000398751841953
2783 0.000439848689855
2784 0.000234627340439
2785 0.000229631565818
2786 0.00029330274714
2787 0.000467036330664
2788 0.000326562293978
2789 6.56845527865e-05
2790 0.000175015345101
2791 0.000102186345973
2792 0.000132568031784
2793 0.000102629969851
2794 0.000535816837843
2795 0.000126104861333
2796 0.000204300128789
2797 0.000336638486007
2798 0.000181153598104
2799 5.37469283639e-05
2800 0.000165885530083
2801 0.000373552697367
2802 0.000105966132139
2803 9.2134843789e-05
2804 0.000191190940008
2805 9.05964510165e-05
2806 0.000134133236386
2807 0.000276407409278
2808 0.000180752140207
2809 7.10999993496e-05
2810 0.000164731629547
2811 0.00028997536655
2812 8.13635206261e-05
2813 0.000206551545267
2814 0.000244603503182
2815 5.9226697751e-05
2816 0.000265956161417
2817 0.000108969844928
2818 0.000135313079383
2819 0.000156784545286
2820 0.000186699678682
2821 0.000152985933335
2822 0.000113735280074
2823 0.000155753590604
2824 0.000232670139844
2825 0.000105770854591
2826 0.00017048880335
2827 0.000119276849559
2828 0.000340594508462
2829 0.000432360131771
2830 0.000227424369778
2831 0.000171288625814
2832 0.000160365120503
2833 0.000229369017527
2834 0.000442286657675
2835 0.000131857604156
2836 0.000217245179368
2837 0.0002733670127
2838 0.000135333122782
2839 9.40349482874e-05
2840 0.000617162168867
2841 0.000226491219585
2842 0.00026503572595
2843 4.40000822254e-05
2844 0.000235098920311
2845 0.000220908335461
2846 0.000185246765613
2847 0.000193033511314
2848 0.000121428740678
2849 0.000183140923394
2850 0.000430051603047
2851 0.000170923390622
2852 0.000183174642182
2853 8.29469858712e-05
2854 0.000334680525729
2855 0.000211702684339
2856 5.96001000255e-05
2857 0.000164208938365
2858 6.17853296505e-05
2859 0.000167576111782
2860 0.000159995822643
2861 5.65523123419e-05
2862 0.000225791758775
2863 0.000346413221614
2864 0.000633824349041
2865 0.000344702507093
2866 0.00032246794028
2867 0.000357684245125
2868 0.00036744143251
2869 0.000176875893542
2870 0.000401969780765
2871 0.000189202331031
2872 0.00029415475475
2873 0.000344072414671
2874 0.000343900140669
2875 0.000238754210695
2876 0.000309422631557
2877 0.000122442704251
2878 0.000471467334427
2879 0.000108247796849
2880 0.000217752206004
2881 0.000311329101785
2882 0.000305108219008
2883 0.000107792891042
2884 0.000139967180317
2885 8.05940904403e-05
2886 9.13972602761e-05
2887 0.000165350228022
2888 0.000212837258425
2889 0.000132845715183
2890 0.000248324473488
2891 0.000417405329345
2892 0.000133832983182
2893 0.000221282684805
2894 0.000112400233944
2895 0.000360925988448
2896 9.89997065021e-05
2897 0.000249275941636
2898 0.000254871124339
2899 9.91183752962e-05
2900 8.23895426514e-05
2901 0.000109686356835
2902 0.000457068582161
2903 0.000158347234086
2904 0.000105154671787
2905 0.000446319933935
2906 0.000337013289663
2907 0.000408846763473
2908 0.00017547954935
2909 0.000145112805304
2910 0.000365654703797
2911 0.000370931663055
2912 0.000313852725808
2913 0.000281587745902
2914 0.000345145462812
2915 0.000276301910254
2916 0.00042799325655
2917 0.000389956435088
2918 0.0001114979371
2919 0.000172561848974
2920 0.000327674412507
2921 0.000344881862566
2922 0.000283393702507
2923 7.07292267791e-05
2924 0.000152684115717
2925 0.00020771871947
2926 0.000362979713488
2927 0.000142297986112
2928 0.000420695390645
2929 0.000402509190282
2930 0.000239949871316
2931 0.00017809407512
2932 0.000264955187023
2933 0.000292573420379
2934 0.000178146924847
2935 0.000187600857625
2936 0.00015511358711
2937 0.000360021932084
2938 0.000355623866513
2939 0.000168289098061
2940 0.0003749574155
2941 0.000296108991832
2942 0.000123638776495
2943 9.9505716163e-05
2944 0.000381711371379
2945 0.000489435890151
2946 0.00026292270013
2947 0.000339936100196
2948 0.000148675544064
2949 0.000139386750707
2950 0.000276929417135
2951 0.000305504561691
2952 0.000673357220648
2953 6.13613855728e-05
2954 0.000179497728866
2955 0.000134987832825
2956 0.000330470286469
2957 0.000433562396599
2958 0.000145406192837
2959 0.000289140670606
2960 0.000231872041361
2961 0.000414521268474
2962 0.00010305396908
2963 0.000208724719508
2964 5.95711896058e-05
2965 0.000168105781523
2966 0.00013989718369
2967 0.000479820996595
2968 0.000142113924386
2969 0.000131082685868
2970 0.000326296617598
2971 0.000244027708503
2972 6.824447584e-05
2973 0.000230628480769
2974 0.000398080371634
2975 0.000274724020432
2976 6.98123928633e-05
2977 0.000259366604597
2978 0.000177969942943
2979 0.000214809747704
2980 0.000174809676635
2981 6.96643963346e-05
2982 0.000145252346039
2983 0.000205746691193
2984 0.000226905815881
2985 0.000178846373971
2986 0.000273835573898
2987 0.000442099770764
2988 0.000154567340548
2989 0.000301985396704
2990 0.000339880431068
2991 0.000119047577504
2992 0.000328438679988
2993 0.00040329872281
2994 0.000272076060921
2995 0.00030848399585
2996 0.000129767091605
2997 0.000275242656227
2998 0.000178317567166
2999 5.73396133734e-05
3000 0.000313305169105
3001 0.000416375527771
3002 0.000290016708109
3003 0.000490701213555
3004 9.40349482874e-05
3005 0.000255409057008
3006 0.000305578444216
3007 4.91677342281e-05
3008 0.000173494449621
3009 0.000217461828498
3010 0.000147644671902
3011 0.000234699496373
3012 0.000307328319808
3013 0.000153678526245
3014 0.000177692197873
3015 0.000216711620563
3016 0.000101947586022
3017 0.000203607206639
3018 0.000439782011645
3019 0.000227514932004
3020 0.000500386698455
3021 0.000344291236247
3022 0.000274548044928
3023 0.000359658971873
3024 0.000194475907456
3025 0.000126390067741
3026 0.000291121630364
3027 0.000450774955954
3028 0.000433959142739
3029 0.000173494133567
3030 0.000253249422045
3031 8.94976380261e-05
3032 4.40000822254e-05
3033 0.000184049744194
3034 0.000397533899564
3035 0.000298740249758
3036 0.000486994019996
3037 0.000223214862668
3038 0.000102629969851
3039 0.000508928528301
3040 0.000154585413092
3041 0.00023934333417
3042 0.000190567608398
3043 0.000145697521433
3044 0.000147350356196
3045 7.11359856706e-05
3046 0.00011687817482
3047 0.000245743514952
3048 0.00023500780592
3049 0.000141931300234
3050 0.000407015631789
3051 0.000144754598626
3052 0.000566395337283
3053 0.000263220607596
3054 0.000201528593142
3055 0.000384415605529
3056 0.000159065208292
3057 0.000357365362724
3058 0.000182787821782
3059 0.000121375150319
3060 8.00605821874e-05
3061 0.000441028018087
3062 0.000156817529192
3063 0.00025386270858
3064 0.000151539719892
3065 0.000292115797256
3066 0.000250894392896
3067 0.000204094186468
3068 0.000126975231448
3069 0.00014624711061
3070 0.000145405473336
3071 0.000336969559191
3072 4.40000822254e-05
3073 0.000383967403606
3074 0.000298280354098
3075 0.000159065208292
3076 0.000183001108535
3077 0.000492753210251
3078 0.000464748379712
3079 0.000432757186086
3080 0.000245254925657
3081 0.000209673863287
3082 0.000233876578873
3083 0.00062208921466
3084 0.000155033037902
3085 0.00039270459032
3086 0.000250395104309
3087 0.000288052391865
3088 0.000377184014917
3089 9.94328196509e-05
3090 0.000319846093488
3091 0.000538945300731
3092 0.000105770854591
3093 8.95388126854e-05
3094 0.000134749698753
3095 7.3234807052e-05
3096 0.000138249584762
3097 0.000341288659625
3098 0.000281951881504
3099 0.000300055504932
3100 0.000111236983166
3101 0.000243576251739
3102 0.000668027502113
3103 0.000268451962406
3104 0.000172755019374
3105 0.00041361857334
3106 0.000228956200474
3107 0.000346588603733
3108 0.000364496743531
3109 0.000286375046818
3110 0.000138290216129
3111 0.000147757596246
3112 0.000327911311129
3113 9.999826478e-05
3114 0.000384011162688
3115 0.000264446737651
3116 0.000344981714136
3117 0.000561287709509
3118 0.000335893875949
3119 0.000297120667803
3120 0.000339351894044
3121 0.000382074740402
3122 8.70707717661e-05
3123 0.000183713505484
3124 0.000191698087017
3125 0.000225853364822
3126 5.1212489468e-05
3127 0.000140426149974
3128 0.000159065208292
3129 0.000161993195667
3130 0.000191328463821
3131 0.000126493537957
3132 0.00017809407512
3133 0.000442758268355
3134 0.00010433608247
3135 5.1044995293e-05
3136 0.000189461716748
3137 0.000457229604964
3138 0.000293226728299
3139 0.000174388465878
3140 0.00018546833603
3141 0.000455453959758
3142 0.000224464666157
3143 0.000262190511098
3144 6.62278736935e-05
3145 0.000145801817641
3146 0.000392541243763
3147 0.00033893891585
3148 0.000135313079383
3149 0.000208197581361
3150 0.000304983237368
3151 0.000502630274928
3152 0.000125195851437
3153 0.000478913846037
3154 0.000117053502471
3155 0.000581959901292
3156 0.000162132410521
3157 0.00012994788035
3158 0.000145450239912
3159 0.000262967394992
3160 9.15304746773e-05
3161 0.000197990515044
3162 8.08823738065e-05
3163 0.000422809882912
3164 0.000132811957279
3165 0.000119909571548
3166 9.24753906305e-05
3167 0.000204536135615
3168 0.000152594240205
3169 0.000363739300908
3170 0.000327611146837
3171 0.000165366177656
3172 0.0001667732036
3173 0.000411524800495
3174 0.000163614190728
3175 0.000334135000169
3176 7.33505802915e-05
3177 0.000227310886727
3178 0.000304556507904
3179 0.00021618501997
3180 0.000391393879505
3181 0.00017809407512
3182 0.00017809407512
3183 0.000388681244588
3184 4.40000822254e-05
3185 0.00030159985894
3186 0.000458752916738
3187 0.000186862332729
3188 0.000286571612629
3189 0.000315880182799
3190 0.000155892205103
3191 0.000126495763155
3192 0.000271538375625
3193 0.00013016754443
3194 0.000163937025686
3195 0.000135844009479
3196 0.000330866945681
3197 0.00030908490471
3198 9.2151046816e-05
3199 0.000508361594735
3200 0.000155343837981
3201 0.000227478673255
3202 0.000493754355601
3203 8.60145189955e-05
3204 0.000224964411655
3205 0.000283319464394
3206 0.000151938557381
3207 0.000283527154367
3208 0.000308482191326
3209 0.000141920769013
3210 0.000170333626827
3211 0.000126581584262
3212 0.000206557960397
3213 0.000229634776332
3214 0.00020065416787
3215 0.000454372326716
3216 0.000186943141468
3217 0.000143456213877
3218 7.75384835403e-05
3219 0.000183713505484
3220 0.000283975291272
3221 0.000262177253011
3222 0.000228060133211
3223 0.00016452293054
3224 0.00018856807967
3225 0.00032492669044
3226 0.0001980769473
3227 0.000357135569913
3228 7.80270342227e-05
3229 0.000187065289507
3230 0.00013507066601
3231 4.40000822254e-05
3232 0.000226950854272
3233 0.000472444137864
3234 0.000465155520008
3235 0.000191029950509
3236 8.08815294968e-05
3237 0.000175290429555
3238 0.000172896631748
3239 0.000207640114038
3240 0.000332956608775
3241 0.000384599870437
3242 0.000167768848832
3243 0.000142008460743
3244 0.000149943931144
3245 0.000142828308098
3246 0.000146068446216
3247 0.000137167846737
3248 0.000352521687149
3249 0.000276463669109
3250 0.000128054453983
3251 0.000171919028323
3252 0.000195004837342
3253 0.000457036758774
3254 0.00035470595716
3255 0.000118497920822
3256 0.000252953738702
3257 0.0005039141811
3258 0.00022528811373
3259 0.000300459156569
3260 0.00023589933026
3261 0.000189460751252
3262 0.000320741599581
3263 0.000164330400803
3264 0.000477146122204
3265 0.000250491309614
3266 0.00028080580404
3267 0.000107308505862
3268 0.000407159837526
3269 7.66769475279e-05
3270 0.000109877903402
3271 7.66146749734e-05
3272 0.000126556440209
3273 0.000288248198887
3274 0.000213955838133
3275 0.00041280720831
3276 0.000250436677405
3277 0.000166835164908
3278 0.000386435171149
3279 0.000186768499511
3280 0.000213250142541
3281 0.000604341486266
3282 0.000103875637424
3283 5.02867315366e-05
3284 0.000218733194856
3285 0.000315959740473
3286 0.000221723589282
3287 0.000146115936507
3288 0.000306786240976
3289 0.000287018649615
3290 0.000158040547677
3291 0.000102100507382
3292 0.00066430379183
3293 0.00011967541477
3294 0.000298498036536
3295 0.000152347662398
3296 0.000354688447496
3297 0.000256209316477
3298 0.000340615979615
3299 0.000280182349504
3300 0.000367221401396
3301 0.000176908891614
3302 0.000207083333628
3303 0.00046318052237
3304 0.000228277295132
3305 0.000196929938758
3306 7.41728157977e-05
3307 0.000162958601203
3308 0.000166718967267
3309 0.000116561423826
3310 0.000234974031025
3311 8.82206535487e-05
3312 0.000158950724265
3313 0.000153226918366
3314 0.000228931523086
3315 0.000219739052497
3316 0.000106114048706
3317 0.000227103436398
3318 8.51101363936e-05
3319 0.000264475540241
3320 0.000189424323454
3321 0.000626576329323
3322 0.0004073094711
3323 0.000140426149974
3324 7.90952791859e-05
3325 0.00043427624301
3326 0.000251014819032
3327 0.000139414350238
3328 0.000397118575773
3329 0.000162473213085
3330 0.000170226089096
3331 0.000518472155106
3332 0.000280549762142
3333 0.00034840442835
3334 8.38028802601e-05
3335 9.76605490882e-05
3336 0.000378152797273
3337 0.000126657904411
3338 0.000184796307596
3339 0.000129079548439
3340 0.000331889728733
3341 0.000150234221619
3342 0.000238935653667
3343 0.0004307527735
3344 0.00014204218117
3345 0.000412637391423
3346 0.000387553302437
3347 0.000269857178918
3348 0.000421286154552
3349 0.000375592879899
3350 0.00011977421751
3351 0.000463030774383
3352 0.000449099803206
3353 0.000111036984076
3354 0.000389032247706
3355 0.000183713505484
3356 0.000305343034311
3357 0.000170798424468
3358 0.000126815356823
3359 0.000109754646926
3360 0.000153553778397
3361 0.000449448988959
3362 0.000151462000818
3363 0.000359371915258
3364 0.000593684707798
3365 0.000240839050962
3366 0.000359868585123
3367 0.000444569210465
3368 9.75978546268e-05
3369 0.000128172068853
3370 0.000333030103756
3371 7.6271435766e-05
3372 0.000138981232566
3373 0.000158347234086
3374 0.000150770570885
3375 0.000163877635373
3376 5.91774865265e-05
3377 0.000121997741002
3378 0.000203914754639
3379 0.000345620166089
3380 0.000190444197952
3381 0.000161499637304
3382 0.00029765522048
3383 0.000229879292384
3384 0.000166375840425
3385 0.000239960980367
3386 0.000384091999123
3387 0.000311051567099
3388 0.000435145483254
3389 9.66636431032e-05
3390 9.48909674994e-05
3391 0.000157780396836
3392 0.000292072659552
3393 0.000160991640699
3394 0.000157880260413
3395 0.000216179993714
3396 0.000273201456255
3397 0.000438794857351
3398 0.000644868232946
3399 0.000107130686642
3400 0.000185518757204
3401 0.000204144164036
3402 0.000121997741002
3403 0.000172648999046
3404 0.000334356787805
3405 0.000152735319479
3406 0.000149538909562
3407 0.000413387544529
3408 7.66769475279e-05
3409 5.11895151755e-05
3410 0.000142370373921
3411 0.000146705835421
3412 0.000374383973273
3413 0.000338043383609
3414 5.87821203142e-05
3415 0.00012067608552
3416 0.000218563896081
3417 0.000291752127008
3418 0.000406485823429
3419 0.000102511672541
3420 0.000350103688726
3421 0.000196585407857
3422 0.000156309524444
3423 0.000250603653567
3424 0.00021790832228
3425 9.35049994272e-05
3426 0.000135749426304
3427 0.00053411344302
3428 0.000129079548439
3429 9.64960932078e-05
3430 7.48290084387e-05
3431 0.000150638880705
3432 0.000190807090796
3433 9.07875078641e-05
3434 0.000306531804737
3435 0.000567719499556
3436 0.000242988819816
3437 7.16755461071e-05
3438 0.00761465877975
3439 0.000246943288724
3440 0.000210082802359
3441 0.000270329600879
3442 0.000135963464755
3443 0.0005605593935
3444 0.000281677015232
3445 0.000125077208301
3446 0.000129094570352
3447 0.000228985049691
3448 0.000142017964676
3449 0.000426033947318
3450 0.000418966509606
3451 0.000183915956413
3452 4.89925999831e-05
3453 0.00017174527966
3454 4.89925999831e-05
3455 0.000196411124462
3456 0.000452259979996
3457 0.000468844269848
3458 9.45445694594e-05
3459 0.000233681189669
3460 0.000208940724501
3461 0.000334540681476
3462 0.000109837768243
3463 0.000204508499965
3464 0.000275127328125
3465 0.000377509426119
3466 0.000252793031702
3467 0.000323379512404
3468 6.89824614174e-05
3469 0.00034472054787
3470 0.000337840451133
3471 0.000212201904842
3472 0.000249080202108
3473 0.000206117558217
3474 0.000268357519959
3475 0.000228902327916
3476 0.000305613636301
3477 0.000237536655622
3478 0.000117937416546
3479 0.000257519708818
3480 0.000232396672486
3481 0.000255224062278
3482 0.000218930755585
3483 0.000188869694409
3484 0.00018823830654
3485 0.00017043869497
3486 0.000196495554567
3487 0.000331335867122
3488 0.000187237203607
3489 0.00041884264761
3490 0.000116408525823
3491 0.000304073914365
3492 0.000230110274489
3493 0.000122523765662
3494 0.000224022545355
3495 8.40818519023e-05
3496 0.000551045916858
3497 0.000250892118048
3498 0.000236959852869
3499 0.000223429571889
3500 0.00027115863205
3501 0.000294944470632
3502 0.000457860109318
3503 0.000161817894089
3504 0.000164436504039
3505 0.000157847969897
3506 0.000325016146474
3507 0.000530593690733
3508 0.000140893291953
3509 0.000326334564798
3510 0.000249725684156
3511 0.000249601036408
3512 0.00029999834896
3513 0.000156821036071
3514 0.000148338563083
3515 0.000370556450243
3516 0.00015945331167
3517 0.000218673028106
3518 0.000188010784288
3519 0.000303345531886
3520 0.00026286966473
3521 0.000132768118
3522 0.00066272956592
3523 0.000137395473567
3524 0.000218930755585
3525 0.000207000386292
3526 0.000362789221697
3527 0.000352898140918
3528 0.000221554312293
3529 0.00032916034886
3530 0.000406687536874
3531 0.000165684252731
3532 0.000191209522586
3533 0.000208315387733
3534 0.000188614781871
3535 0.000282699020785
3536 0.000249687180917
3537 0.000248995015034
3538 0.000101543558607
3539 0.000317294520079
3540 0.000174877454761
3541 0.000329951993439
3542 0.000197341826946
3543 0.000314987847454
3544 0.000133071440586
3545 0.000117033388612
3546 0.000727159601779
3547 0.000335563664706
3548 0.000184663774353
3549 0.000137883004364
3550 0.000302484612907
3551 0.000218940331595
3552 0.000172946462441
3553 0.000102192212403
3554 0.000404403048999
3555 0.000262279043401
3556 0.000255838510807
3557 0.000170144758258
3558 0.000284994452299
3559 0.000417248053847
3560 0.00027248201443
3561 8.13913300521e-05
3562 0.000202031497916
3563 0.000232396672486
3564 0.00018769918458
3565 0.000232687343563
3566 9.21931831385e-05
3567 0.000167313670621
3568 0.000225037434522
3569 0.000409089331315
3570 0.00028768260222
3571 4.89925999831e-05
3572 0.000274007341806
3573 0.000115734863804
3574 0.000229744936328
3575 0.000163380139826
3576 6.9190626161e-05
3577 0.000387889387087
3578 0.000474725464573
3579 0.000229812769998
3580 0.000252793031702
3581 0.000197822006788
3582 0.000195260176104
3583 7.10211323793e-05
3584 0.000159531990345
3585 0.000554219405189
3586 0.000175423282747
3587 0.000437694276062
3588 0.000257161615764
3589 8.37320034435e-05
3590 6.27502707523e-05
3591 0.000317715293079
3592 0.000221294979405
3593 0.000209840749877
3594 0.000508842709538
3595 0.000191519924566
3596 0.000225337487606
3597 0.000765721382974
3598 6.9293744948e-05
3599 0.000164635513348
3600 0.000388370953062
3601 0.000121261775718
3602 0.000256036353511
3603 0.000217746755288
3604 0.000113164922677
3605 0.000698357509382
3606 0.000362852605597
3607 0.000127727009145
3608 0.000133298840128
3609 0.000241090869322
3610 0.000264752765801
3611 0.000248035219378
3612 0.000506324946782
3613 0.000270051803383
3614 0.000232396672486
3615 0.000149262050313
3616 0.000254883749742
3617 0.000267461626019
3618 0.000405882931914
3619 0.000203470254113
3620 8.70757454122e-05
3621 0.000195462193388
3622 0.000161830353692
3623 0.000171591527741
3624 0.000229582431511
3625 0.000289711363837
3626 0.00036705312956
3627 0.000155583388683
3628 0.000192781776363
3629 0.000337119707438
3630 0.000438669020882
3631 0.000173624808143
3632 0.000137891393472
3633 0.000129604231112
3634 0.000595500377267
3635 0.000269761034323
3636 0.000265359874644
3637 0.00030087552757
3638 0.000107468345115
3639 0.000244100913525
3640 0.000190961793716
3641 0.000381164381355
3642 0.000162116318349
3643 0.000237319443044
3644 0.000276211949129
3645 0.000189363573273
3646 0.000230858759391
3647 0.000205761320009
3648 0.000179570156932
3649 0.000263160894844
3650 0.000232396672486
3651 4.89925999831e-05
3652 0.000310399553684
3653 0.000142214537706
3654 0.000104339280666
3655 0.000142391091618
3656 0.00022951764085
3657 0.000226098732158
3658 0.000212243254027
3659 0.000171352747323
3660 0.000163831151219
3661 0.000113359400031
3662 0.000115701158966
3663 0.000345706883275
3664 0.000187590218284
3665 0.000176428503594
3666 0.000129004702891
3667 0.000129790559972
3668 0.000237071255085
3669 0.00015230302463
3670 0.000147751423417
3671 0.000226427412299
3672 0.000144865527591
3673 0.000466791103273
3674 9.07245631232e-05
3675 0.000390118284727
3676 0.000225658898792
3677 0.000116408525823
3678 0.000504767585069
3679 9.89894381704e-05
3680 0.000282266695376
3681 0.000494615383428
3682 0.000121161184994
3683 0.000196857576761
3684 0.000183958091713
3685 0.000628926312769
3686 0.000206153052041
3687 7.35639470769e-05
3688 0.000299882568661
3689 6.01037896855e-05
3690 7.00700747672e-05
3691 0.000358582457991
3692 8.13913300521e-05
3693 0.000355517275661
3694 0.000292543859226
3695 0.000103121518383
3696 0.000232396672486
3697 0.000231559211342
3698 0.000216933872421
3699 0.000242936327487
3700 8.80976247689e-05
3701 0.000147751423417
3702 0.000248170860335
3703 0.000347253072368
3704 0.000173660399741
3705 5.84370600627e-05
3706 0.000437856098188
3707 0.000286671062145
3708 0.000237527327443
3709 0.000238598229236
3710 4.89925999831e-05
3711 0.000312235591679
3712 0.000326248006782
3713 0.000105149287846
3714 0.000308377828604
3715 0.000294647291656
3716 0.000182892015422
3717 0.000163766972931
3718 8.13913300521e-05
3719 0.000299419285986
3720 0.000277711110733
3721 0.000222880253197
3722 0.000302844518134
3723 0.000391973973375
3724 0.000155519938717
3725 0.000108605224798
3726 0.000298069298332
3727 0.000198749698431
3728 0.000147644321475
3729 0.000334439147052
3730 4.89925999831e-05
3731 0.000264452718806
3732 0.00036711297507
3733 6.3087740164e-05
3734 8.77263291682e-05
3735 0.000448127522267
3736 0.000203724673538
3737 0.000140022503792
3738 0.000364531774015
3739 0.000365125904024
3740 0.000240174615319
3741 0.000329891230741
3742 0.000188428983553
3743 0.000130475050932
3744 0.000298069298332
3745 8.13913300521e-05
3746 0.000146866623068
3747 8.53582635191e-05
3748 0.000316769796426
3749 4.89925999831e-05
3750 0.000146902694401
3751 0.000297687002697
3752 0.000153108894492
3753 0.000249130015131
3754 0.000302822013281
3755 0.000126999172883
3756 0.000110094100834
3757 0.000587812740785
3758 0.000268605705259
3759 0.000495424072874
3760 0.000294125818606
3761 0.000200553085886
3762 0.000258768541583
3763 0.000178759909223
3764 0.000168148028157
3765 0.000353561766015
3766 7.51327455367e-05
3767 0.000164128148425
3768 0.000148142524203
3769 0.000278451707917
3770 0.000177582592023
3771 0.000146778662624
3772 0.000146045609623
3773 0.00013132770596
3774 0.000186598559286
3775 0.000287588205818
3776 0.000167073630695
3777 0.000281090380337
3778 0.000142818178742
3779 0.000180887469902
3780 0.000245873926691
3781 0.000187732730934
3782 9.34921602792e-05
3783 0.000376606119859
3784 0.000203225329952
3785 0.000156386271488
3786 0.000196066493483
3787 0.000247214679927
3788 0.000129095043804
3789 0.000137529460024
3790 0.00019887885592
3791 0.000406258662688
3792 0.000317056158008
3793 0.000194391550494
3794 0.000537247501317
3795 0.000384250241437
3796 8.76295720182e-05
3797 0.000137308965554
3798 0.000415737366724
3799 4.89925999831e-05
3800 0.000287292324611
3801 0.000437601003912
3802 9.12989094766e-05
3803 0.000211493747907
3804 0.000267264744245
3805 0.000439424359208
3806 9.4207660773e-05
3807 0.000144489495402
3808 7.02673660893e-05
3809 6.8931168012e-05
3810 0.000253420075126
3811 0.000389608225463
3812 8.56640555354e-05
3813 0.000154542916327
3814 0.000147751423417
3815 0.000174040125432
3816 0.000192656270232
3817 7.71653319816e-05
3818 0.000146116113362
3819 0.000178034519423
3820 0.000212807363624
3821 4.89925999831e-05
3822 0.000329580674221
3823 0.000332333363308
3824 0.000211955811844
3825 0.000442163388079
3826 0.000378018434535
3827 0.000355165371248
3828 0.000130016848267
3829 0.000266831380892
3830 0.00043425084761
3831 0.00118443902799
3832 0.000265942329111
3833 0.000140717986771
3834 0.000350725999624
3835 0.000112236187742
3836 0.00030854353174
3837 0.000338677042782
3838 0.000265066891971
3839 0.000546760572732
3840 9.94552550262e-05
3841 0.000170065850778
3842 0.000319184012707
3843 0.000396818632082
3844 0.000123784528538
3845 0.000124816958146
3846 0.0002008248913
3847 8.53582635191e-05
3848 0.000223110897103
3849 0.00014104960785
3850 0.000125077208301
3851 0.000258325993232
3852 0.0005323226526
3853 0.00021963799904
3854 4.89925999831e-05
3855 6.39832768306e-05
3856 0.000193731910666
3857 4.89925999831e-05
3858 0.000183596637766
3859 0.000294937709077
3860 0.000106346818438
3861 0.000334159934142
3862 0.000281016745667
3863 0.000241645979396
3864 0.000229274911396
3865 0.000147751423417
3866 7.99582710676e-05
3867 0.000234751270619
3868 0.000315140016048
3869 0.000282866007713
3870 0.000359375025875
3871 0.000301740162851
3872 0.000142514827523
3873 0.000193870208473
3874 0.00035473609895
3875 0.000224990882837
3876 7.03019338537e-05
3877 0.000132976765914
3878 0.000495637937775
3879 0.000148207951635
3880 6.39832768306e-05
3881 0.000152162829704
3882 0.000227239628553
3883 8.34377231078e-05
3884 0.000232396672486
3885 0.000310951756477
3886 7.48866990371e-05
3887 0.000287917192607
3888 0.000125146748172
3889 0.000165986207215
3890 0.000158871260723
3891 9.54316821882e-05
3892 0.00026739798996
3893 0.000211109770535
3894 0.000110026427794
3895 0.000201498311459
3896 0.000186184831581
3897 0.000244879399308
3898 9.58458924317e-05
3899 0.000249589070072
3900 0.000129886155113
3901 0.000372834466266
3902 0.000152006955381
3903 0.000391012085413
3904 0.000217701975334
3905 0.000142823020359
3906 0.000176767122616
3907 0.000478310016357
3908 0.000313584816551
3909 0.000129930885813
3910 0.000256077608966
3911 8.98465386122e-05
3912 0.000147751423417
3913 0.00023883590814
3914 0.00018222461302
3915 0.000126315391504
3916 0.000268575416888
3917 0.000131908506734
3918 0.000240484688567
3919 0.000543555360606
3920 0.000190961793716
3921 0.00024311417587
3922 0.000368350000301
3923 6.83523242135e-05
3924 0.000169245432698
3925 0.000438352659332
3926 0.000116239622832
3927 0.000391811617308
3928 0.000319385832233
3929 6.51682242105e-05
3930 0.000175677839386
3931 0.000465149069665
3932 0.000286473045063
3933 0.000185149731301
3934 0.000325245386568
3935 0.000126651587926
3936 4.89925999831e-05
3937 0.000103502435345
3938 0.000186101589469
3939 0.000726604130876
3940 0.000106638797242
3941 0.000134427474778
3942 0.000117583053036
3943 6.12699758444e-05
3944 0.00023916131541
3945 0.00015308777896
3946 0.000402478269592
3947 9.34921602792e-05
3948 0.000356044334877
3949 0.000553371760875
3950 0.000262539035121
3951 0.000233733859967
3952 0.000379785835462
3953 0.000106761322504
3954 9.35495099123e-05
3955 0.000111240872044
3956 7.04869988064e-05
3957 0.000304325001637
3958 0.000278218408187
3959 0.000134679120019
3960 5.97184249326e-05
3961 0.000255658087981
3962 0.00014032205255
3963 0.000367147389437
3964 0.000148071673187
3965 0.000226733286264
3966 9.0040768504e-05
3967 0.000426399710068
3968 0.000240646351976
3969 0.000435406611301
3970 0.00028024872095
3971 0.000106855940947
3972 0.000441720376652
3973 0.000227461069101
3974 0.00011685825439
3975 4.89925999831e-05
3976 0.000238940370829
3977 0.000182919950431
3978 0.000103040269891
3979 7.91678529098e-05
3980 0.000193142161952
3981 0.00217042682189
3982 0.000250944086979
3983 0.000416274918841
3984 9.70734810284e-05
3985 6.83743770386e-05
3986 0.000205451729881
3987 0.00028910824036
3988 0.00011923249617
3989 0.000229499775278
3990 0.000215029163229
3991 0.000190600609404
3992 0.000126579133495
3993 0.000125341741358
3994 0.000204319093551
3995 0.000337374413199
3996 0.000287762154208
3997 0.000168826241132
3998 0.000328136512482
3999 0.000433742675486
4000 0.000177666892841
4001 0.000299628837485
4002 0.00011923249617
4003 0.00024512207076
4004 0.000169621903402
4005 0.000317795602875
4006 0.00013242646219
4007 0.000101028285471
4008 0.000190600609404
4009 6.83743770386e-05
4010 0.00030360185095
4011 6.83743770386e-05
4012 0.000148100722831
4013 0.00011923249617
4014 0.000207097289913
4015 0.000367922829584
4016 6.83743770386e-05
4017 0.000190600609404
4018 0.000304282322795
4019 0.000222961078999
4020 0.000249944840653
4021 0.000270062516202
4022 0.000334855608893
4023 6.83743770386e-05
4024 0.000539839113157
4025 6.83743770386e-05
4026 0.000190600609404
4027 0.000282229563688
4028 0.000269139254357
4029 0.000104219773015
4030 0.00011923249617
4031 0.000554161706537
4032 0.000358787421815
4033 0.000101028285471
4034 0.000123938198232
4035 9.3830079127e-05
4036 6.83743770386e-05
4037 0.00010611670901
4038 0.000148410711485
4039 0.000295940749184
