node,closeness
1 0.368666118872
2 0.312490326575
3 0.269541419131
4 0.330171708913
5 0.269541419131
6 0.270100334448
7 0.29307591813
8 0.314559476513
9 0.289151450054
10 0.336163836164
11 0.312466145632
12 0.271754492227
13 0.269379586391
14 0.342726192497
15 0.299866330016
16 0.269379586391
17 0.285209775392
18 0.269595406596
19 0.269379586391
20 0.269649415693
21 0.273688491257
22 0.342493638677
23 0.296868107631
24 0.272930043934
25 0.278713418001
26 0.319816252178
27 0.311742453486
28 0.284346172805
29 0.277316118398
30 0.280962983579
31 0.314608492404
32 0.291384038101
33 0.325513905683
34 0.270208779443
35 0.309472716125
36 0.269397558209
37 0.272930043934
38 0.269379586391
39 0.305700658642
40 0.286139455782
41 0.34310476676
42 0.273892694838
43 0.286728679969
44 0.269379586391
45 0.286180014174
46 0.303358124859
47 0.269451488056
48 0.269397558209
49 0.281609596206
50 0.289047959914
51 0.275199345737
52 0.271316266882
53 0.269397558209
54 0.327972709552
55 0.27555616214
56 0.290148738952
57 0.361730717549
58 0.269667423534
59 0.401072705602
60 0.30042407559
61 0.2887379335
62 0.324207145725
63 0.289317188508
64 0.288903198111
65 0.284306132507
66 0.290232156975
67 0.294443634242
68 0.3394703657
69 0.270970339552
70 0.278655717342
71 0.269397558209
72 0.269415532426
73 0.30060299263
74 0.274693877551
75 0.269379586391
76 0.290922190202
77 0.271243366696
78 0.27533069685
79 0.269523428114
80 0.294529540481
81 0.276140326882
82 0.269415532426
83 0.296911764706
84 0.271316266882
85 0.271443936542
86 0.284968242766
87 0.269487453284
88 0.297414745526
89 0.291384038101
90 0.271663078579
91 0.269397558209
92 0.270425930887
93 0.27555616214
94 0.278848145846
95 0.274581803346
96 0.271626530338
97 0.269523428114
98 0.269415532426
99 0.329551946462
100 0.269613407224
101 0.269523428114
102 0.273836972738
103 0.269487453284
104 0.306512828298
105 0.315715402658
106 0.280806675939
107 0.269631410256
108 0.461274845785
109 0.27587620414
110 0.297042813006
111 0.270371610311
112 0.270462156731
113 0.269415532426
114 0.332646840761
115 0.269379586391
116 0.272966943825
117 0.272893154018
118 0.272175788622
119 0.295283363803
120 0.311022105831
121 0.283388307951
122 0.277525773196
123 0.311766522545
124 0.289982046679
125 0.269433509041
126 0.269415532426
127 0.273688491257
128 0.275932759328
129 0.296650014693
130 0.270933977456
131 0.275763163286
132 0.269487453284
133 0.290273883977
134 0.286565893123
135 0.294529540481
136 0.26955941255
137 0.326013240756
138 0.279002280108
139 0.269397558209
140 0.269523428114
141 0.269595406596
142 0.299510458389
143 0.302471910112
144 0.269595406596
145 0.272856274073
146 0.269397558209
147 0.286139455782
148 0.271626530338
149 0.288820542164
150 0.272837837838
151 0.284386224382
152 0.27270885392
153 0.269451488056
154 0.269397558209
155 0.269397558209
156 0.269415532426
157 0.290545402216
158 0.269415532426
159 0.289006584598
160 0.27587620414
161 0.269397558209
162 0.297239602503
163 0.269505439498
164 0.275781996995
165 0.269415532426
166 0.287688800228
167 0.275895053293
168 0.278828891037
169 0.28135451505
170 0.309971597451
171 0.300513507479
172 0.371617890668
173 0.296301731729
174 0.294594003064
175 0.269433509041
176 0.269685433781
177 0.282713715606
178 0.269577408372
179 0.275424595867
180 0.269415532426
181 0.273874118285
182 0.269541419131
183 0.269415532426
184 0.269397558209
185 0.27597047567
186 0.297130242826
187 0.317303158887
188 0.269703446433
189 0.302177654718
190 0.284306132507
191 0.269433509041
192 0.273503115687
193 0.270897625117
194 0.273003853695
195 0.275518558952
196 0.269523428114
197 0.274862160506
198 0.275932759328
199 0.290273883977
200 0.301771168074
201 0.322086623594
202 0.270353508302
203 0.275781996995
204 0.302222887508
205 0.273874118285
206 0.269397558209
207 0.269433509041
208 0.284887822774
209 0.269487453284
210 0.269379586391
211 0.269379586391
212 0.294143356643
213 0.294679997081
214 0.306164227766
215 0.272856274073
216 0.269379586391
217 0.269397558209
218 0.284326151246
219 0.269523428114
220 0.271626530338
221 0.269433509041
222 0.287627323883
223 0.285673859215
224 0.296628223022
225 0.297480477383
226 0.26955941255
227 0.272837837838
228 0.269649415693
229 0.277965168307
230 0.269469469469
231 0.269523428114
232 0.294443634242
233 0.299199762893
234 0.269397558209
235 0.269397558209
236 0.275725503585
237 0.294895201928
238 0.271316266882
239 0.293993447397
240 0.29933283914
241 0.269415532426
242 0.270843114897
243 0.275255623722
244 0.269505439498
245 0.269397558209
246 0.270371610311
247 0.287606837607
248 0.269541419131
249 0.290086206897
250 0.273929855505
251 0.271061287508
252 0.275895053293
253 0.301951693711
254 0.269415532426
255 0.273762711864
256 0.270843114897
257 0.269397558209
258 0.277163841032
259 0.281786461968
260 0.270425930887
261 0.274918300654
262 0.295672548876
263 0.269433509041
264 0.269505439498
265 0.270371610311
266 0.296759021092
267 0.273818403743
268 0.269397558209
269 0.275574967583
270 0.298315602837
271 0.271261588069
272 0.320909163157
273 0.300558243394
274 0.269523428114
275 0.29328878559
276 0.269541419131
277 0.296432241962
278 0.303563373929
279 0.269541419131
280 0.269397558209
281 0.300737320325
282 0.275932759328
283 0.269397558209
284 0.279272425479
285 0.275932759328
286 0.309543886547
287 0.269397558209
288 0.269379586391
289 0.271261588069
290 0.269433509041
291 0.290964115867
292 0.299577119964
293 0.269379586391
294 0.269415532426
295 0.269415532426
296 0.272285906945
297 0.269505439498
298 0.297853507413
299 0.293139745917
300 0.275537359263
301 0.269487453284
302 0.269415532426
303 0.273855544252
304 0.289379389422
305 0.311742453486
306 0.269397558209
307 0.269523428114
308 0.275293155168
309 0.302494568882
310 0.26955941255
311 0.279697998199
312 0.269469469469
313 0.273929855505
314 0.296671809566
315 0.27595161621
316 0.310233558697
317 0.269415532426
318 0.276121444201
319 0.276423877327
320 0.271663078579
321 0.269757498831
322 0.269415532426
323 0.314314625983
324 0.300692531089
325 0.298073374179
326 0.298823355288
327 0.272930043934
328 0.269433509041
329 0.269523428114
330 0.283050609842
331 0.273744152939
332 0.294014853648
333 0.299421622423
334 0.269505439498
335 0.296149614961
336 0.269379586391
337 0.271243366696
338 0.278867403315
339 0.271061287508
340 0.302653275371
341 0.270915800067
342 0.290608132422
343 0.300022289918
344 0.273744152939
345 0.273299492386
346 0.27819497072
347 0.275669033315
348 0.281178190934
349 0.371549503128
350 0.271061287508
351 0.290608132422
352 0.276973729337
353 0.278983004007
354 0.372371818517
355 0.273855544252
356 0.278118327709
357 0.270952157284
358 0.287586354248
359 0.270915800067
360 0.273392010833
361 0.309354171455
362 0.272893154018
363 0.272414490994
364 0.332455129261
365 0.27704974271
366 0.272285906945
367 0.3483436853
368 0.277583006806
369 0.280494581828
370 0.289524628952
371 0.315641366372
372 0.271079484425
373 0.271681356388
374 0.319007742139
375 0.317303158887
376 0.289192866862
377 0.368061252393
378 0.270933977456
379 0.3021550434
380 0.270933977456
381 0.271589991929
382 0.271608259904
383 0.271298038162
384 0.270952157284
385 0.270970339552
386 0.275725503585
387 0.270952157284
388 0.309070034443
389 0.30553874092
390 0.322395209581
391 0.272616797191
392 0.316507289544
393 0.321292170592
394 0.277011730809
395 0.287852865697
396 0.322807578543
397 0.273410522039
398 0.298403783624
399 0.286769405582
400 0.277030735456
401 0.332400395127
402 0.270933977456
403 0.340242669363
404 0.272653612424
405 0.317427875167
406 0.29258749366
407 0.270970339552
408 0.288284429214
409 0.30042407559
410 0.29299085764
411 0.272745694022
412 0.270952157284
413 0.318730760123
414 0.27670801069
415 0.370935146059
416 0.293907853556
417 0.308762807769
418 0.313777294273
419 0.296606434553
420 0.315789473684
421 0.361990138951
422 0.293395335319
423 0.283986215627
424 0.314388041109
425 0.271699636657
426 0.29309719097
427 0.2909012319
428 0.296541088345
429 0.396504320503
430 0.271079484425
431 0.299488244456
432 0.314976599064
433 0.300044583148
434 0.28693242379
435 0.29824950144
436 0.288985901381
437 0.302766739147
438 0.271079484425
439 0.315025745046
440 0.309472716125
441 0.278060873158
442 0.277030735456
443 0.290065368867
444 0.270933977456
445 0.299199762893
446 0.281865140304
447 0.28055304662
448 0.270915800067
449 0.270952157284
450 0.299599347084
451 0.27452580053
452 0.318002835092
453 0.295629255436
454 0.27098852426
455 0.270952157284
456 0.291278943952
457 0.310734898038
458 0.287627323883
459 0.277965168307
460 0.287422592355
461 0.311694326515
462 0.315173275055
463 0.278348383539
464 0.297699793571
465 0.27704974271
466 0.327069496193
467 0.271061287508
468 0.270970339552
469 0.270933977456
470 0.28942087156
471 0.271809369952
472 0.309876448469
473 0.287422592355
474 0.293993447397
475 0.273003853695
476 0.368733449
477 0.276992728769
478 0.286973207306
479 0.271334498051
480 0.305123167599
481 0.290253018976
482 0.277831292143
483 0.29838173354
484 0.371515318797
485 0.364506228561
486 0.286830515698
487 0.271681356388
488 0.281531060448
489 0.278790389395
490 0.273354995938
491 0.272690437601
492 0.27270885392
493 0.3236354893
494 0.283627168645
495 0.281629236993
496 0.277793065493
497 0.285088957921
498 0.327281569136
499 0.271334498051
500 0.270952157284
501 0.302857571439
502 0.277030735456
503 0.27270885392
504 0.29601935342
505 0.29425052831
506 0.271626530338
507 0.302585237917
508 0.306955530217
509 0.292863359443
510 0.271663078579
511 0.29326748493
512 0.296214788732
513 0.296889934564
514 0.325566395227
515 0.309638831378
516 0.30229076209
517 0.287627323883
518 0.348223525354
519 0.287606837607
520 0.272966943825
521 0.313363340059
522 0.274731255953
523 0.271097683787
524 0.296693607641
525 0.324285255381
526 0.324676368899
527 0.346907216495
528 0.294079091108
529 0.287422592355
530 0.271279811891
531 0.270970339552
532 0.289213579716
533 0.271079484425
534 0.27122514777
535 0.286952814099
536 0.274320652174
537 0.278732656865
538 0.294100509832
539 0.329686479425
540 0.276726973684
541 0.276745939278
542 0.288284429214
543 0.315444105929
544 0.291657638137
545 0.313533659446
546 0.29759009507
547 0.29163657374
548 0.277583006806
549 0.275480966025
550 0.294465106104
551 0.270915800067
552 0.271699636657
553 0.270970339552
554 0.317029127738
555 0.287586354248
556 0.27867494824
557 0.29838173354
558 0.280943435608
559 0.294357778102
560 0.326303030303
561 0.280631037598
562 0.32775974026
563 0.27098852426
564 0.395417156287
565 0.27704974271
566 0.275518558952
567 0.366524462195
568 0.334576186925
569 0.275255623722
570 0.288985901381
571 0.294981371904
572 0.270952157284
573 0.270970339552
574 0.271152296535
575 0.271316266882
576 0.270788626609
577 0.270824949698
578 0.270970339552
579 0.271006711409
580 0.271754492227
581 0.370730811605
582 0.270607157218
583 0.270952157284
584 0.271024901
585 0.277278033372
586 0.270589023655
587 0.272304268663
588 0.273059237219
589 0.270824949698
590 0.271516944594
591 0.286789772727
592 0.313948064065
593 0.271791074914
594 0.272524802592
595 0.289649236066
596 0.270915800067
597 0.323713323713
598 0.271443936542
599 0.270861282533
600 0.27098852426
601 0.271006711409
602 0.343981599796
603 0.270589023655
604 0.270897625117
605 0.314094586185
606 0.270897625117
607 0.34660944206
608 0.270589023655
609 0.270589023655
610 0.288552236673
611 0.287504449982
612 0.270861282533
613 0.270843114897
614 0.270589023655
615 0.299022511848
616 0.271006711409
617 0.27148043566
618 0.271498688899
619 0.272029102668
620 0.271516944594
621 0.274134419552
622 0.2706978615
623 0.270806786936
624 0.270879452606
625 0.270589023655
626 0.270952157284
627 0.270824949698
628 0.271006711409
629 0.270788626609
630 0.325016097875
631 0.275631399317
632 0.271243366696
633 0.270970339552
634 0.270843114897
635 0.290754608295
636 0.271316266882
637 0.271498688899
638 0.33938477055
639 0.270589023655
640 0.279079411155
641 0.27098852426
642 0.349247535029
643 0.270607157218
644 0.271006711409
645 0.272212484832
646 0.310519840049
647 0.288346186804
648 0.270915800067
649 0.270607157218
650 0.32111332008
651 0.270970339552
652 0.363554515171
653 0.272377740304
654 0.272414490994
655 0.272139102305
656 0.271699636657
657 0.270589023655
658 0.271170505675
659 0.271006711409
660 0.271006711409
661 0.270625293211
662 0.271006711409
663 0.271006711409
664 0.271754492227
665 0.270879452606
666 0.270897625117
667 0.271955818966
668 0.287524921675
669 0.270589023655
670 0.299377224199
671 0.27098852426
672 0.274208882249
673 0.270716009654
674 0.272377740304
675 0.270589023655
676 0.27098852426
677 0.295197017326
678 0.271535202744
679 0.278463554238
680 0.276178099993
681 0.272175788622
682 0.27098852426
683 0.271279811891
684 0.309900230238
685 0.270933977456
686 0.271352731671
687 0.236569219052
688 0.191674182371
689 0.217271993543
690 0.19138347789
691 0.191392549057
692 0.191365338136
693 0.19132000379
694 0.191446994121
695 0.220450947208
696 0.217108446691
697 0.263473835313
698 0.232603686636
699 0.273521641943
700 0.191329068941
701 0.191374407583
702 0.191528719822
703 0.19138347789
704 0.22048705908
705 0.191356269548
706 0.213323471921
707 0.191483308042
708 0.191401621084
709 0.220318638149
710 0.191483308042
711 0.191392549057
712 0.216851941357
713 0.191428842325
714 0.232871972318
715 0.191437917793
716 0.191401621084
717 0.191428842325
718 0.19134720182
719 0.191592332511
720 0.235109170306
721 0.191492388675
722 0.191365338136
723 0.212683029601
724 0.191428842325
725 0.217190189329
726 0.19138347789
727 0.191637796023
728 0.216933490921
729 0.213075827133
730 0.220126471871
731 0.191474228271
732 0.191574153145
733 0.191437917793
734 0.19138347789
735 0.191528719822
736 0.19146514936
737 0.191437917793
738 0.257148315608
739 0.216921837228
740 0.216968459513
741 0.19138347789
742 0.191474228271
743 0.191419767717
744 0.191338134951
745 0.191329068941
746 0.235013386102
747 0.191392549057
748 0.23268410741
749 0.19150147017
750 0.191329068941
751 0.191329068941
752 0.191419767717
753 0.191674182371
754 0.220126471871
755 0.191601423488
756 0.19150147017
757 0.19141069397
758 0.19134720182
759 0.19150147017
760 0.19141069397
761 0.191610515327
762 0.191392549057
763 0.191437917793
764 0.191519635743
765 0.191574153145
766 0.191546890565
767 0.191646891315
768 0.19138347789
769 0.191437917793
770 0.220150474321
771 0.191565064756
772 0.191446994121
773 0.220186487813
774 0.220234524134
775 0.232416254173
776 0.191329068941
777 0.220078482668
778 0.191483308042
779 0.216805369128
780 0.191483308042
781 0.217026765559
782 0.191810754323
783 0.19150147017
784 0.191483308042
785 0.217096774194
786 0.191338134951
787 0.191392549057
788 0.191583242397
789 0.19134720182
790 0.191428842325
791 0.19134720182
792 0.191374407583
793 0.191528719822
794 0.19150147017
795 0.191437917793
796 0.216817010309
797 0.191374407583
798 0.191574153145
799 0.220054495913
800 0.191419767717
801 0.220414847162
802 0.19132000379
803 0.191356269548
804 0.220210503354
805 0.220162477509
806 0.235136551564
807 0.191446994121
808 0.191592332511
809 0.191392549057
810 0.191483308042
811 0.220342682528
812 0.220078482668
813 0.191392549057
814 0.191401621084
815 0.191574153145
816 0.213098316534
817 0.191392549057
818 0.191537804762
819 0.191474228271
820 0.220414847162
821 0.212985916979
822 0.191392549057
823 0.191446994121
824 0.232670700086
825 0.220511140236
826 0.220042504496
827 0.191419767717
828 0.191746996534
829 0.235314685315
830 0.217015101843
831 0.23498603352
832 0.19145607131
833 0.191356269548
834 0.191446994121
835 0.217096774194
836 0.191510552525
837 0.191419767717
838 0.212683029601
839 0.191610515327
840 0.191446994121
841 0.232282558675
842 0.191329068941
843 0.217050096753
844 0.212694232289
845 0.19145607131
846 0.216886883661
847 0.191374407583
848 0.191565064756
849 0.191519635743
850 0.191683281116
851 0.191401621084
852 0.191356269548
853 0.19134720182
854 0.217131795451
855 0.191338134951
856 0.19134720182
857 0.220438912545
858 0.255925972874
859 0.214832943179
860 0.214798659503
861 0.315592028136
862 0.215015974441
863 0.282140860816
864 0.21502742425
865 0.214924419842
866 0.232590288578
867 0.214832943179
868 0.214867237801
869 0.232590288578
870 0.217975708502
871 0.214855805044
872 0.214924419842
873 0.214855805044
874 0.214844373504
875 0.214855805044
876 0.214787234043
877 0.21502742425
878 0.214821514071
879 0.215015974441
880 0.214844373504
881 0.219361147327
882 0.214855805044
883 0.214993078479
884 0.214787234043
885 0.214821514071
886 0.214878671775
887 0.214901543374
888 0.214844373504
889 0.215004525851
890 0.215050327528
891 0.218046330795
892 0.214787234043
893 0.214787234043
894 0.214912981
895 0.214821514071
896 0.214844373504
897 0.325173135771
898 0.317402924069
899 0.316830129463
900 0.315740089139
901 0.315962441315
902 0.316507289544
903 0.320705265666
904 0.316507289544
905 0.316011895445
906 0.318002835092
907 0.318253467844
908 0.316036628317
909 0.333995037221
910 0.315962441315
911 0.315789473684
912 0.315690720038
913 0.315863579474
914 0.317927722227
915 0.316110850164
916 0.335437780362
917 0.337851405622
918 0.325382755842
919 0.315690720038
920 0.31815316735
921 0.316036628317
922 0.336724482989
923 0.316507289544
924 0.316606554806
925 0.320120501031
926 0.338446064873
927 0.316308945637
928 0.318278552849
929 0.315888289134
930 0.316408086507
931 0.341711094186
932 0.32034906783
933 0.317377976892
934 0.318077983458
935 0.317952755906
936 0.31583887368
937 0.3233504164
938 0.31583887368
939 0.316383295463
940 0.316086105675
941 0.316110850164
942 0.320934668574
943 0.32304
944 0.315937720053
945 0.323454021147
946 0.315764779481
947 0.3215480172
948 0.318806252961
949 0.318831425188
950 0.316755569501
951 0.31591300266
952 0.334271523179
953 0.317977793527
954 0.319740280307
955 0.322807578543
956 0.31591300266
957 0.31591300266
958 0.321932552021
959 0.316259398496
960 0.316904724533
961 0.318429145966
962 0.316606554806
963 0.335772492932
964 0.316954474097
965 0.316308945637
966 0.319436753421
967 0.318781084708
968 0.31913380226
969 0.322678599968
970 0.31665621079
971 0.316036628317
972 0.320450757876
973 0.316259398496
974 0.316979354737
975 0.315937720053
976 0.321727352402
977 0.322704387437
978 0.316333725029
979 0.318579881657
980 0.31591300266
981 0.326408536092
982 0.320858164482
983 0.317452830189
984 0.317253299811
985 0.327573618885
986 0.31583887368
987 0.315937720053
988 0.315987166445
989 0.320628870891
990 0.316854990584
991 0.341942586163
992 0.316979354737
993 0.316432881436
994 0.320730738681
995 0.316854990584
996 0.317727594618
997 0.316383295463
998 0.318253467844
999 0.31591300266
1000 0.317752596789
1001 0.316061365059
1002 0.322962489003
1003 0.315764779481
1004 0.318253467844
1005 0.318906965724
1006 0.316011895445
1007 0.322627037392
1008 0.316086105675
1009 0.316482482953
1010 0.319285205978
1011 0.317078916372
1012 0.317153628652
1013 0.322730179028
1014 0.338502808282
1015 0.328239310681
1016 0.316805272242
1017 0.315888289134
1018 0.319639040608
1019 0.322833386633
1020 0.323531768288
1021 0.322910835666
1022 0.322498203019
1023 0.316185106883
1024 0.31591300266
1025 0.317927722227
1026 0.326144899443
1027 0.317927722227
1028 0.315740089139
1029 0.335521395929
1030 0.338474434199
1031 0.315937720053
1032 0.316110850164
1033 0.323895083019
1034 0.316086105675
1035 0.315740089139
1036 0.316358508305
1037 0.317527718802
1038 0.317128720647
1039 0.315789473684
1040 0.316408086507
1041 0.317527718802
1042 0.317402924069
1043 0.316110850164
1044 0.315962441315
1045 0.316581732654
1046 0.315962441315
1047 0.315740089139
1048 0.317477789134
1049 0.318831425188
1050 0.318781084708
1051 0.315937720053
1052 0.321676093364
1053 0.322189419931
1054 0.315937720053
1055 0.317577664176
1056 0.316358508305
1057 0.317427875167
1058 0.315789473684
1059 0.316234630746
1060 0.320069752695
1061 0.324937635793
1062 0.31591300266
1063 0.316209866875
1064 0.316284170126
1065 0.316358508305
1066 0.315715402658
1067 0.323195133664
1068 0.322369471499
1069 0.317004239284
1070 0.316259398496
1071 0.340960905176
1072 0.315740089139
1073 0.316333725029
1074 0.31591300266
1075 0.337653649971
1076 0.322962489003
1077 0.324467657694
1078 0.335884212277
1079 0.321164399905
1080 0.319083366258
1081 0.323843130965
1082 0.316581732654
1083 0.32108778626
1084 0.318554749132
1085 0.316036628317
1086 0.357883541611
1087 0.327414254439
1088 0.316457680251
1089 0.334992533599
1090 0.316011895445
1091 0.315987166445
1092 0.316185106883
1093 0.317103816554
1094 0.315888289134
1095 0.315937720053
1096 0.323376311364
1097 0.315690720038
1098 0.316556914393
1099 0.33638787071
1100 0.32278177458
1101 0.324650265316
1102 0.318982542065
1103 0.322704387437
1104 0.316284170126
1105 0.324571979744
1106 0.315764779481
1107 0.316408086507
1108 0.319411485524
1109 0.318730760123
1110 0.339527453124
1111 0.318454258675
1112 0.315888289134
1113 0.317103816554
1114 0.323169267707
1115 0.340673247279
1116 0.316830129463
1117 0.316507289544
1118 0.319007742139
1119 0.316532100024
1120 0.315690720038
1121 0.320858164482
1122 0.316805272242
1123 0.325277912035
1124 0.317577664176
1125 0.321164399905
1126 0.318831425188
1127 0.33941329747
1128 0.316185106883
1129 0.324051039242
1130 0.32165046997
1131 0.317427875167
1132 0.31979092421
1133 0.319512581105
1134 0.31581417175
1135 0.315937720053
1136 0.317552689525
1137 0.356367487424
1138 0.316383295463
1139 0.316011895445
1140 0.316259398496
1141 0.316979354737
1142 0.319411485524
1143 0.322420951773
1144 0.320450757876
1145 0.316185106883
1146 0.315690720038
1147 0.319917604183
1148 0.315789473684
1149 0.323713323713
1150 0.320374484291
1151 0.316259398496
1152 0.315888289134
1153 0.316209866875
1154 0.319411485524
1155 0.315888289134
1156 0.32399903715
1157 0.318278552849
1158 0.315789473684
1159 0.325016097875
1160 0.323609552813
1161 0.319108582266
1162 0.316383295463
1163 0.315863579474
1164 0.318378932429
1165 0.316507289544
1166 0.356556291391
1167 0.322833386633
1168 0.319689652442
1169 0.31581417175
1170 0.316805272242
1171 0.316705882353
1172 0.36251009965
1173 0.318781084708
1174 0.339984844658
1175 0.316110850164
1176 0.319765600253
1177 0.315740089139
1178 0.316036628317
1179 0.335298513659
1180 0.342145399085
1181 0.316929597363
1182 0.31815316735
1183 0.336079900125
1184 0.317029127738
1185 0.319917604183
1186 0.319866920152
1187 0.316086105675
1188 0.33515936255
1189 0.326276664512
1190 0.321420042983
1191 0.316854990584
1192 0.319159026241
1193 0.324259214647
1194 0.335856275472
1195 0.315764779481
1196 0.317029127738
1197 0.334271523179
1198 0.333856965688
1199 0.317877666693
1200 0.321522414205
1201 0.315764779481
1202 0.317228376149
1203 0.315888289134
1204 0.315863579474
1205 0.324650265316
1206 0.318404037218
1207 0.315690720038
1208 0.317602642756
1209 0.315740089139
1210 0.318328734726
1211 0.340328697851
1212 0.320374484291
1213 0.316308945637
1214 0.316160350767
1215 0.318781084708
1216 0.3210367308
1217 0.316556914393
1218 0.336443926012
1219 0.315937720053
1220 0.31717854057
1221 0.315888289134
1222 0.324207145725
1223 0.319537865
1224 0.318027880602
1225 0.315715402658
1226 0.316507289544
1227 0.3358004158
1228 0.322112316528
1229 0.319588444796
1230 0.32131773693
1231 0.319108582266
1232 0.327626774848
1233 0.316383295463
1234 0.316135598528
1235 0.316036628317
1236 0.326725463225
1237 0.320069752695
1238 0.342232392576
1239 0.320858164482
1240 0.31591300266
1241 0.316185106883
1242 0.316259398496
1243 0.318755920429
1244 0.318831425188
1245 0.315987166445
1246 0.322395209581
1247 0.316556914393
1248 0.316333725029
1249 0.315863579474
1250 0.316061365059
1251 0.319866920152
1252 0.315962441315
1253 0.315740089139
1254 0.315740089139
1255 0.31581417175
1256 0.319563152896
1257 0.321215495983
1258 0.317452830189
1259 0.316830129463
1260 0.320679796696
1261 0.320044384561
1262 0.323246878002
1263 0.315715402658
1264 0.31583887368
1265 0.315789473684
1266 0.317004239284
1267 0.316333725029
1268 0.318932153858
1269 0.31591300266
1270 0.319058154235
1271 0.315715402658
1272 0.318178236546
1273 0.318554749132
1274 0.323169267707
1275 0.335577162802
1276 0.320985691574
1277 0.315715402658
1278 0.325094597858
1279 0.317078916372
1280 0.320679796696
1281 0.317677602077
1282 0.318705603788
1283 0.331935881628
1284 0.317128720647
1285 0.319184254209
1286 0.317103816554
1287 0.316556914393
1288 0.317502752005
1289 0.318077983458
1290 0.337456125689
1291 0.318579881657
1292 0.318705603788
1293 0.3210622565
1294 0.317004239284
1295 0.321804271597
1296 0.315789473684
1297 0.316780418922
1298 0.316135598528
1299 0.321394460363
1300 0.319816252178
1301 0.34150879567
1302 0.31581417175
1303 0.318579881657
1304 0.318881781568
1305 0.319968304279
1306 0.318831425188
1307 0.316358508305
1308 0.335465647587
1309 0.319462025316
1310 0.318680451425
1311 0.319740280307
1312 0.317278227391
1313 0.33647196067
1314 0.341884683769
1315 0.316780418922
1316 0.316954474097
1317 0.316581732654
1318 0.336219816819
1319 0.322885015193
1320 0.316333725029
1321 0.342609876124
1322 0.316383295463
1323 0.322549724419
1324 0.317827626919
1325 0.322601262283
1326 0.316110850164
1327 0.315715402658
1328 0.335187183531
1329 0.33515936255
1330 0.326092223209
1331 0.325618901701
1332 0.319664344522
1333 0.323609552813
1334 0.316482482953
1335 0.338106003517
1336 0.31913380226
1337 0.317128720647
1338 0.316581732654
1339 0.339956221586
1340 0.318378932429
1341 0.317353033637
1342 0.318957345972
1343 0.31591300266
1344 0.319285205978
1345 0.318705603788
1346 0.322704387437
1347 0.315789473684
1348 0.326804791195
1349 0.317103816554
1350 0.323246878002
1351 0.316755569501
1352 0.317502752005
1353 0.340443470196
1354 0.315740089139
1355 0.315789473684
1356 0.319993660353
1357 0.316160350767
1358 0.319740280307
1359 0.343192248853
1360 0.317902692489
1361 0.335856275472
1362 0.339527453124
1363 0.315740089139
1364 0.316185106883
1365 0.315962441315
1366 0.316854990584
1367 0.320781696854
1368 0.320628870891
1369 0.31591300266
1370 0.336415896026
1371 0.318705603788
1372 0.317253299811
1373 0.31583887368
1374 0.3233504164
1375 0.342116411082
1376 0.317702596381
1377 0.346074734316
1378 0.321343307337
1379 0.316457680251
1380 0.320781696854
1381 0.317927722227
1382 0.316705882353
1383 0.322369471499
1384 0.315764779481
1385 0.316705882353
1386 0.316507289544
1387 0.315690720038
1388 0.316408086507
1389 0.318027880602
1390 0.316979354737
1391 0.320781696854
1392 0.322318007663
1393 0.318579881657
1394 0.317552689525
1395 0.315715402658
1396 0.315715402658
1397 0.322730179028
1398 0.318052930057
1399 0.316929597363
1400 0.320501627113
1401 0.318806252961
1402 0.315987166445
1403 0.317677602077
1404 0.315888289134
1405 0.317203456402
1406 0.342726192497
1407 0.318404037218
1408 0.317153628652
1409 0.336359850062
1410 0.318504495977
1411 0.335187183531
1412 0.316135598528
1413 0.31665621079
1414 0.32108778626
1415 0.31591300266
1416 0.316879855607
1417 0.319159026241
1418 0.315789473684
1419 0.316185106883
1420 0.341797866938
1421 0.339099764864
1422 0.335270674195
1423 0.31717854057
1424 0.321855571497
1425 0.316135598528
1426 0.341104916371
1427 0.321496815287
1428 0.324337349398
1429 0.317577664176
1430 0.322318007663
1431 0.315715402658
1432 0.321573624273
1433 0.32111332008
1434 0.316234630746
1435 0.316383295463
1436 0.319765600253
1437 0.32108778626
1438 0.317353033637
1439 0.320298247006
1440 0.316234630746
1441 0.334437634587
1442 0.316408086507
1443 0.315789473684
1444 0.315888289134
1445 0.317527718802
1446 0.316507289544
1447 0.34052960027
1448 0.319462025316
1449 0.32165046997
1450 0.318128102104
1451 0.341797866938
1452 0.316681044624
1453 0.316507289544
1454 0.316432881436
1455 0.318982542065
1456 0.317502752005
1457 0.319234722112
1458 0.317253299811
1459 0.334409937888
1460 0.322807578543
1461 0.317602642756
1462 0.316606554806
1463 0.321881227581
1464 0.31591300266
1465 0.322009569378
1466 0.355739582416
1467 0.315690720038
1468 0.319537865
1469 0.316432881436
1470 0.317577664176
1471 0.317552689525
1472 0.320145881234
1473 0.321881227581
1474 0.323402210476
1475 0.315764779481
1476 0.324155093522
1477 0.316135598528
1478 0.316705882353
1479 0.316086105675
1480 0.322395209581
1481 0.318705603788
1482 0.316135598528
1483 0.320247442303
1484 0.335912153731
1485 0.316333725029
1486 0.335521395929
1487 0.316110850164
1488 0.324702476681
1489 0.321241050119
1490 0.316259398496
1491 0.317902692489
1492 0.319083366258
1493 0.317777602896
1494 0.316308945637
1495 0.335326357748
1496 0.323091694671
1497 0.317427875167
1498 0.316432881436
1499 0.31581417175
1500 0.315962441315
1501 0.319740280307
1502 0.316185106883
1503 0.321496815287
1504 0.316408086507
1505 0.320552512503
1506 0.342842587876
1507 0.317602642756
1508 0.317128720647
1509 0.318429145966
1510 0.337907949791
1511 0.315764779481
1512 0.335716661124
1513 0.340932117528
1514 0.335521395929
1515 0.323713323713
1516 0.319841584158
1517 0.319993660353
1518 0.316681044624
1519 0.33502032689
1520 0.317377976892
1521 0.318906965724
1522 0.31581417175
1523 0.338077695914
1524 0.335465647587
1525 0.316780418922
1526 0.317278227391
1527 0.320858164482
1528 0.316308945637
1529 0.318705603788
1530 0.322215129269
1531 0.318554749132
1532 0.316209866875
1533 0.316730723978
1534 0.316705882353
1535 0.364670820916
1536 0.317402924069
1537 0.343279775567
1538 0.33515936255
1539 0.317652611705
1540 0.317852644836
1541 0.336079900125
1542 0.316532100024
1543 0.31717854057
1544 0.322988321869
1545 0.316507289544
1546 0.342116411082
1547 0.315740089139
1548 0.319007742139
1549 0.317078916372
1550 0.337315178348
1551 0.316805272242
1552 0.320323655402
1553 0.316755569501
1554 0.335632948217
1555 0.326646173758
1556 0.335996005991
1557 0.316358508305
1558 0.32027284264
1559 0.315715402658
1560 0.322678599968
1561 0.315690720038
1562 0.317078916372
1563 0.31591300266
1564 0.318831425188
1565 0.316408086507
1566 0.32304
1567 0.316160350767
1568 0.335521395929
1569 0.316383295463
1570 0.316979354737
1571 0.319083366258
1572 0.317253299811
1573 0.316730723978
1574 0.322704387437
1575 0.342842587876
1576 0.316160350767
1577 0.318052930057
1578 0.358391763557
1579 0.32111332008
1580 0.315789473684
1581 0.317977793527
1582 0.315690720038
1583 0.322369471499
1584 0.322215129269
1585 0.326276664512
1586 0.316507289544
1587 0.315740089139
1588 0.320960178046
1589 0.335242839352
1590 0.327812956649
1591 0.336584146037
1592 0.32402503611
1593 0.316482482953
1594 0.336331834083
1595 0.316259398496
1596 0.322523961661
1597 0.321752988048
1598 0.318680451425
1599 0.320450757876
1600 0.315937720053
1601 0.319310453898
1602 0.316457680251
1603 0.315962441315
1604 0.319664344522
1605 0.320756215744
1606 0.318052930057
1607 0.322678599968
1608 0.315789473684
1609 0.318906965724
1610 0.318705603788
1611 0.322446698076
1612 0.323376311364
1613 0.321241050119
1614 0.327440804411
1615 0.318077983458
1616 0.316259398496
1617 0.324545892943
1618 0.336977384628
1619 0.335884212277
1620 0.318705603788
1621 0.320679796696
1622 0.33912824389
1623 0.325829097071
1624 0.318429145966
1625 0.316532100024
1626 0.318203309693
1627 0.334576186925
1628 0.315740089139
1629 0.322472448491
1630 0.316209866875
1631 0.32304
1632 0.317852644836
1633 0.317902692489
1634 0.316234630746
1635 0.320019020447
1636 0.316830129463
1637 0.321752988048
1638 0.318906965724
1639 0.318529620573
1640 0.318353831599
1641 0.315863579474
1642 0.316011895445
1643 0.341913632515
1644 0.318404037218
1645 0.318052930057
1646 0.324545892943
1647 0.316135598528
1648 0.321420042983
1649 0.316284170126
1650 0.320450757876
1651 0.316631380852
1652 0.315764779481
1653 0.317827626919
1654 0.317702596381
1655 0.317552689525
1656 0.317402924069
1657 0.342087427991
1658 0.315789473684
1659 0.31717854057
1660 0.317952755906
1661 0.317977793527
1662 0.323583620482
1663 0.325986921773
1664 0.340443470196
1665 0.31581417175
1666 0.319058154235
1667 0.364769647696
1668 0.316333725029
1669 0.318906965724
1670 0.319436753421
1671 0.316284170126
1672 0.321804271597
1673 0.316284170126
1674 0.32399903715
1675 0.318103040807
1676 0.318906965724
1677 0.316061365059
1678 0.32314340589
1679 0.316681044624
1680 0.32278177458
1681 0.3233504164
1682 0.316805272242
1683 0.322215129269
1684 0.322292281906
1685 0.39475999609
1686 0.318278552849
1687 0.31665621079
1688 0.357313512079
1689 0.337851405622
1690 0.319108582266
1691 0.315715402658
1692 0.32111332008
1693 0.343279775567
1694 0.315740089139
1695 0.322936660269
1696 0.318630158605
1697 0.316036628317
1698 0.333663857214
1699 0.316135598528
1700 0.317752596789
1701 0.316209866875
1702 0.316705882353
1703 0.336331834083
1704 0.320832671222
1705 0.316308945637
1706 0.335354206461
1707 0.322343737527
1708 0.320628870891
1709 0.31591300266
1710 0.317902692489
1711 0.316556914393
1712 0.315789473684
1713 0.318529620573
1714 0.315764779481
1715 0.320705265666
1716 0.321368881815
1717 0.321778627779
1718 0.319411485524
1719 0.357725017718
1720 0.335131546186
1721 0.323014158867
1722 0.318831425188
1723 0.317153628652
1724 0.317004239284
1725 0.317752596789
1726 0.317078916372
1727 0.341711094186
1728 0.320730738681
1729 0.316681044624
1730 0.323479932708
1731 0.32224084271
1732 0.315863579474
1733 0.322601262283
1734 0.316606554806
1735 0.317054020101
1736 0.318680451425
1737 0.319866920152
1738 0.317852644836
1739 0.316904724533
1740 0.316011895445
1741 0.340759493671
1742 0.318479375345
1743 0.323557692308
1744 0.320756215744
1745 0.322910835666
1746 0.334992533599
1747 0.32111332008
1748 0.316209866875
1749 0.316011895445
1750 0.315987166445
1751 0.319209486166
1752 0.318881781568
1753 0.318755920429
1754 0.318002835092
1755 0.317702596381
1756 0.319386221625
1757 0.316086105675
1758 0.31913380226
1759 0.341884683769
1760 0.31581417175
1761 0.315740089139
1762 0.318982542065
1763 0.315764779481
1764 0.318932153858
1765 0.316383295463
1766 0.317977793527
1767 0.322472448491
1768 0.32027284264
1769 0.321829919503
1770 0.334188529339
1771 0.317377976892
1772 0.316160350767
1773 0.317377976892
1774 0.318027880602
1775 0.316879855607
1776 0.31591300266
1777 0.315789473684
1778 0.33638787071
1779 0.340874556812
1780 0.316681044624
1781 0.334160873883
1782 0.316358508305
1783 0.335521395929
1784 0.324650265316
1785 0.316086105675
1786 0.316457680251
1787 0.324129073688
1788 0.316780418922
1789 0.31591300266
1790 0.318378932429
1791 0.322936660269
1792 0.319740280307
1793 0.316234630746
1794 0.319588444796
1795 0.318906965724
1796 0.318103040807
1797 0.317627625265
1798 0.315789473684
1799 0.316507289544
1800 0.31979092421
1801 0.322755974742
1802 0.318328734726
1803 0.315962441315
1804 0.335298513659
1805 0.320960178046
1806 0.316234630746
1807 0.335772492932
1808 0.317103816554
1809 0.339213709677
1810 0.31865530303
1811 0.318479375345
1812 0.317427875167
1813 0.318806252961
1814 0.321189945912
1815 0.31591300266
1816 0.316284170126
1817 0.319209486166
1818 0.333856965688
1819 0.316556914393
1820 0.318103040807
1821 0.323091694671
1822 0.316408086507
1823 0.316308945637
1824 0.319184254209
1825 0.323402210476
1826 0.3358004158
1827 0.318454258675
1828 0.32108778626
1829 0.323195133664
1830 0.316061365059
1831 0.320501627113
1832 0.316705882353
1833 0.316854990584
1834 0.320832671222
1835 0.315690720038
1836 0.339698830655
1837 0.334271523179
1838 0.316780418922
1839 0.31581417175
1840 0.320171265461
1841 0.31591300266
1842 0.317029127738
1843 0.318982542065
1844 0.316929597363
1845 0.325618901701
1846 0.318454258675
1847 0.335131546186
1848 0.335326357748
1849 0.318404037218
1850 0.318881781568
1851 0.318203309693
1852 0.317278227391
1853 0.33432687531
1854 0.320679796696
1855 0.315715402658
1856 0.320679796696
1857 0.315764779481
1858 0.3215480172
1859 0.316755569501
1860 0.321215495983
1861 0.316556914393
1862 0.318932153858
1863 0.317402924069
1864 0.334825870647
1865 0.319058154235
1866 0.315863579474
1867 0.335465647587
1868 0.318982542065
1869 0.318957345972
1870 0.316036628317
1871 0.322318007663
1872 0.323713323713
1873 0.321292170592
1874 0.316830129463
1875 0.316036628317
1876 0.31815316735
1877 0.320985691574
1878 0.317402924069
1879 0.322859198849
1880 0.31979092421
1881 0.316457680251
1882 0.322859198849
1883 0.323479932708
1884 0.334382245777
1885 0.31665621079
1886 0.317527718802
1887 0.318454258675
1888 0.315962441315
1889 0.322472448491
1890 0.316036628317
1891 0.31581417175
1892 0.317752596789
1893 0.315962441315
1894 0.323739276838
1895 0.322962489003
1896 0.316631380852
1897 0.315888289134
1898 0.323609552813
1899 0.318328734726
1900 0.323557692308
1901 0.316408086507
1902 0.320323655402
1903 0.319234722112
1904 0.316929597363
1905 0.316432881436
1906 0.315937720053
1907 0.316209866875
1908 0.318253467844
1909 0.316308945637
1910 0.334798109609
1911 0.316432881436
1912 0.334770353175
1913 0.352294538475
1914 0.278771142561
1915 0.26130848379
1916 0.260701142746
1917 0.286382978723
1918 0.267949568679
1919 0.267275615568
1920 0.261443832956
1921 0.287873387039
1922 0.261190168176
1923 0.260768485631
1924 0.262224819793
1925 0.260617013037
1926 0.266341270365
1927 0.292248679163
1928 0.261443832956
1929 0.260903275829
1930 0.266798810704
1931 0.260734809841
1932 0.261173274691
1933 0.291805174158
1934 0.260701142746
1935 0.260717975207
1936 0.261359223301
1937 0.260886419434
1938 0.260583376355
1939 0.267771883289
1940 0.271626530338
1941 0.286565893123
1942 0.293437976891
1943 0.264838984718
1944 0.267985134059
1945 0.261765849864
1946 0.29326748493
1947 0.267807401512
1948 0.287996576564
1949 0.287463515341
1950 0.260650658404
1951 0.260717975207
1952 0.271279811891
1953 0.261156383392
1954 0.262787973448
1955 0.286464245176
1956 0.291320972513
1957 0.260650658404
1958 0.261173274691
1959 0.261088840036
1960 0.294981371904
1961 0.261240861745
1962 0.260633834635
1963 0.267896238307
1964 0.265465781342
1965 0.266341270365
1966 0.260852713178
1967 0.267169511711
1968 0.299799539684
1969 0.261105722599
1970 0.260583376355
1971 0.271791074914
1972 0.267541244285
1973 0.271389206264
1974 0.271298038162
1975 0.260633834635
1976 0.261122607346
1977 0.270824949698
1978 0.260667484346
1979 0.260768485631
1980 0.268002920289
1981 0.261477692158
1982 0.265378548896
1983 0.264960629921
1984 0.268109687272
1985 0.267275615568
1986 0.269595406596
1987 0.267293307738
1988 0.273207036536
1989 0.264146006411
1990 0.26567537338
1991 0.260852713178
1992 0.271006711409
1993 0.260768485631
1994 0.268020708881
1995 0.285572842999
1996 0.271261588069
1997 0.260583376355
1998 0.26299335678
1999 0.271097683787
2000 0.261088840036
2001 0.261071959656
2002 0.271206931292
2003 0.285593040526
2004 0.290420023015
2005 0.271024901
2006 0.267169511711
2007 0.26139306059
2008 0.293651370809
2009 0.260633834635
2010 0.270933977456
2011 0.286382978723
2012 0.261190168176
2013 0.260768485631
2014 0.260667484346
2015 0.26068431246
2016 0.260600193611
2017 0.260819015631
2018 0.260633834635
2019 0.271115885592
2020 0.260835863316
2021 0.267381803735
2022 0.261342307941
2023 0.261359223301
2024 0.260936995153
2025 0.271079484425
2026 0.26102133161
2027 0.286484568996
2028 0.270915800067
2029 0.287279453614
2030 0.270752313263
2031 0.267736374486
2032 0.280163741067
2033 0.29328878559
2034 0.267949568679
2035 0.260650658404
2036 0.26102133161
2037 0.260869565217
2038 0.267187189837
2039 0.292629900717
2040 0.291426096998
2041 0.267116491367
2042 0.260650658404
2043 0.292121825942
2044 0.267967350189
2045 0.264596029094
2046 0.267240238253
2047 0.266605044236
2048 0.289192866862
2049 0.260802170122
2050 0.261139494277
2051 0.260886419434
2052 0.260667484346
2053 0.287422592355
2054 0.285572842999
2055 0.29371544952
2056 0.265430881483
2057 0.266622647739
2058 0.266393983375
2059 0.266429136975
2060 0.267842929159
2061 0.266552247673
2062 0.261325394771
2063 0.284526493799
2064 0.266922263353
2065 0.268180912532
2066 0.282595003149
2067 0.260667484346
2068 0.264111452678
2069 0.300535873772
2070 0.267098822596
2071 0.260734809841
2072 0.29248152977
2073 0.292820884699
2074 0.268038499834
2075 0.266992859032
2076 0.265152012608
2077 0.260802170122
2078 0.26635883905
2079 0.268501895073
2080 0.260532937609
2081 0.260667484346
2082 0.302925731433
2083 0.260819015631
2084 0.26672831759
2085 0.267081156161
2086 0.26102133161
2087 0.266534653465
2088 0.288903198111
2089 0.268394815553
2090 0.260903275829
2091 0.268234356317
2092 0.261088840036
2093 0.264284311801
2094 0.268020708881
2095 0.260633834635
2096 0.267151835925
2097 0.260869565217
2098 0.261156383392
2099 0.266200804272
2100 0.261088840036
2101 0.260617013037
2102 0.284747196954
2103 0.304157878879
2104 0.267683128936
2105 0.268091886868
2106 0.260701142746
2107 0.260583376355
2108 0.261139494277
2109 0.267328699106
2110 0.26651706158
2111 0.273669942392
2112 0.29422908773
2113 0.266957556525
2114 0.26068431246
2115 0.260768485631
2116 0.266534653465
2117 0.271316266882
2118 0.29328878559
2119 0.267452642734
2120 0.260768485631
2121 0.260903275829
2122 0.267222553107
2123 0.266710700132
2124 0.268484042553
2125 0.267116491367
2126 0.288078761504
2127 0.261426906642
2128 0.292333309201
2129 0.291173925584
2130 0.261156383392
2131 0.260701142746
2132 0.26793178953
2133 0.287320335847
2134 0.29348063086
2135 0.28603811008
2136 0.290985083231
2137 0.261765849864
2138 0.284086112284
2139 0.292290988056
2140 0.267275615568
2141 0.267151835925
2142 0.261528497409
2143 0.281688175794
2144 0.291995082797
2145 0.285512267553
2146 0.261240861745
2147 0.260920134402
2148 0.264440078585
2149 0.286952814099
2150 0.287586354248
2151 0.267825164157
2152 0.286098908885
2153 0.260819015631
2154 0.293139745917
2155 0.267417218543
2156 0.279678625848
2157 0.260970723195
2158 0.270824949698
2159 0.26068431246
2160 0.261325394771
2161 0.260920134402
2162 0.26635883905
2163 0.260768485631
2164 0.279697998199
2165 0.265762801106
2166 0.266693085001
2167 0.260667484346
2168 0.260600193611
2169 0.26056656127
2170 0.28719772404
2171 0.260819015631
2172 0.271316266882
2173 0.268002920289
2174 0.26102133161
2175 0.292651108856
2176 0.260650658404
2177 0.287586354248
2178 0.264094179202
2179 0.26056656127
2180 0.26579778831
2181 0.292375642604
2182 0.260802170122
2183 0.261409982521
2184 0.292164098112
2185 0.267718623616
2186 0.278983004007
2187 0.260819015631
2188 0.293161028024
2189 0.268323476643
2190 0.29256629474
2191 0.267558971641
2192 0.284646834908
2193 0.261207063846
2194 0.260751646649
2195 0.286749041329
2196 0.260532937609
2197 0.287504449982
2198 0.260886419434
2199 0.285552648328
2200 0.294100509832
2201 0.263645860538
2202 0.267488076312
2203 0.261342307941
2204 0.292079566004
2205 0.260583376355
2206 0.260751646649
2207 0.268609060068
2208 0.260886419434
2209 0.261190168176
2210 0.261731915997
2211 0.262361120135
2212 0.264665399489
2213 0.266605044236
2214 0.266411559016
2215 0.260970723195
2216 0.285552648328
2217 0.266481884775
2218 0.260734809841
2219 0.268216539356
2220 0.260600193611
2221 0.267576701345
2222 0.261748881831
2223 0.261647119808
2224 0.292693534358
2225 0.292545098892
2226 0.270879452606
2227 0.265030191651
2228 0.260633834635
2229 0.261055081458
2230 0.268555466879
2231 0.260600193611
2232 0.261122607346
2233 0.265657894737
2234 0.268823646894
2235 0.26423243031
2236 0.266060486262
2237 0.261139494277
2238 0.262617065557
2239 0.260734809841
2240 0.285673859215
2241 0.268448344635
2242 0.287381681019
2243 0.279872470197
2244 0.265937829294
2245 0.268430499236
2246 0.260633834635
2247 0.286912036379
2248 0.29267232007
2249 0.260819015631
2250 0.26378364254
2251 0.292312147097
2252 0.260667484346
2253 0.260650658404
2254 0.267204870302
2255 0.291341991342
2256 0.26068431246
2257 0.260633834635
2258 0.267169511711
2259 0.265012797795
2260 0.26635883905
2261 0.260852713178
2262 0.266411559016
2263 0.263973328104
2264 0.260633834635
2265 0.291594454073
2266 0.260701142746
2267 0.296824463393
2268 0.291720849588
2269 0.292948345908
2270 0.260532937609
2271 0.260768485631
2272 0.267612167804
2273 0.261765849864
2274 0.285774946921
2275 0.26482161595
2276 0.26816310267
2277 0.267151835925
2278 0.260785326789
2279 0.267878466233
2280 0.291889547492
2281 0.267275615568
2282 0.260667484346
2283 0.288923869491
2284 0.2936086672
2285 0.271134089841
2286 0.284887822774
2287 0.260920134402
2288 0.265343671967
2289 0.264094179202
2290 0.293651370809
2291 0.267381803735
2292 0.260802170122
2293 0.293033381713
2294 0.284486402705
2295 0.287279453614
2296 0.278848145846
2297 0.261088840036
2298 0.261156383392
2299 0.279388362278
2300 0.266869341088
2301 0.267045830302
2302 0.26068431246
2303 0.29176300578
2304 0.265117195194
2305 0.265867790361
2306 0.265099789916
2307 0.266429136975
2308 0.266622647739
2309 0.267187189837
2310 0.268412656208
2311 0.260903275829
2312 0.265047587791
2313 0.260768485631
2314 0.262719583604
2315 0.260835863316
2316 0.2842460932
2317 0.26068431246
2318 0.261122607346
2319 0.262105673114
2320 0.292735972162
2321 0.260785326789
2322 0.260633834635
2323 0.261291574997
2324 0.26812749004
2325 0.268752079867
2326 0.285714285714
2327 0.267311002251
2328 0.291826262918
2329 0.289358652813
2330 0.266323703997
2331 0.282911791494
2332 0.267949568679
2333 0.286484568996
2334 0.287750302858
2335 0.267346398305
2336 0.261088840036
2337 0.29326748493
2338 0.270752313263
2339 0.28693242379
2340 0.267807401512
2341 0.26793178953
2342 0.260953858085
2343 0.260987590486
2344 0.286281460475
2345 0.287934968625
2346 0.265030191651
2347 0.261122607346
2348 0.290566309275
2349 0.267098822596
2350 0.260819015631
2351 0.264215141006
2352 0.286667613233
2353 0.267098822596
2354 0.262156722716
2355 0.267558971641
2356 0.282812718868
2357 0.267169511711
2358 0.260734809841
2359 0.260617013037
2360 0.26672831759
2361 0.260717975207
2362 0.261274668392
2363 0.261697990927
2364 0.267381803735
2365 0.271298038162
2366 0.261443832956
2367 0.264076907985
2368 0.265762801106
2369 0.286769405582
2370 0.267914012739
2371 0.267222553107
2372 0.261122607346
2373 0.286667613233
2374 0.260717975207
2375 0.267098822596
2376 0.260617013037
2377 0.26775412771
2378 0.284326151246
2379 0.271024901
2380 0.265064986215
2381 0.26056656127
2382 0.268002920289
2383 0.260549748355
2384 0.263956072689
2385 0.293224892891
2386 0.285694071034
2387 0.266587443058
2388 0.265483234714
2389 0.260617013037
2390 0.279175884956
2391 0.265169424744
2392 0.277392319846
2393 0.265762801106
2394 0.265169424744
2395 0.285815402039
2396 0.268609060068
2397 0.266235906903
2398 0.261105722599
2399 0.291573398801
2400 0.284586651632
2401 0.265047587791
2402 0.264094179202
2403 0.260768485631
2404 0.260802170122
2405 0.2675944334
2406 0.260852713178
2407 0.261122607346
2408 0.265710337567
2409 0.267134162477
2410 0.267275615568
2411 0.268091886868
2412 0.261055081458
2413 0.261038205443
2414 0.283507687987
2415 0.267364099848
2416 0.264856355765
2417 0.261139494277
2418 0.290587219344
2419 0.26268540203
2420 0.287054809128
2421 0.2842460932
2422 0.260650658404
2423 0.260600193611
2424 0.267346398305
2425 0.260701142746
2426 0.264908482582
2427 0.260819015631
2428 0.264596029094
2429 0.268269997343
2430 0.266605044236
2431 0.267010513787
2432 0.260600193611
2433 0.264422762098
2434 0.26672831759
2435 0.265902805215
2436 0.260970723195
2437 0.291868449584
2438 0.260600193611
2439 0.265605472604
2440 0.26068431246
2441 0.261088840036
2442 0.260583376355
2443 0.26056656127
2444 0.264561357531
2445 0.260785326789
2446 0.290503597122
2447 0.266975206612
2448 0.271006711409
2449 0.261071959656
2450 0.265605472604
2451 0.260717975207
2452 0.292333309201
2453 0.261647119808
2454 0.260903275829
2455 0.264440078585
2456 0.260785326789
2457 0.260650658404
2458 0.260532937609
2459 0.291320972513
2460 0.270970339552
2461 0.267417218543
2462 0.292608695652
2463 0.266957556525
2464 0.292460346201
2465 0.268002920289
2466 0.283826527026
2467 0.260701142746
2468 0.266429136975
2469 0.287668305193
2470 0.26651706158
2471 0.260532937609
2472 0.292820884699
2473 0.290545402216
2474 0.26497801693
2475 0.260953858085
2476 0.291868449584
2477 0.264786885246
2478 0.262617065557
2479 0.266534653465
2480 0.265117195194
2481 0.261731915997
2482 0.26056656127
2483 0.26725792574
2484 0.26056656127
2485 0.26635883905
2486 0.266552247673
2487 0.260819015631
2488 0.260667484346
2489 0.261173274691
2490 0.262822181724
2491 0.260768485631
2492 0.292714751722
2493 0.267576701345
2494 0.260835863316
2495 0.270824949698
2496 0.267275615568
2497 0.282200013977
2498 0.260936995153
2499 0.291868449584
2500 0.265780293556
2501 0.267328699106
2502 0.285048708175
2503 0.289794746663
2504 0.260785326789
2505 0.266798810704
2506 0.260600193611
2507 0.266323703997
2508 0.267985134059
2509 0.292248679163
2510 0.288222698073
2511 0.293161028024
2512 0.29307591813
2513 0.286382978723
2514 0.260768485631
2515 0.260667484346
2516 0.260734809841
2517 0.284126090628
2518 0.260617013037
2519 0.265937829294
2520 0.283866432337
2521 0.267045830302
2522 0.266922263353
2523 0.260751646649
2524 0.260802170122
2525 0.260734809841
2526 0.261325394771
2527 0.267807401512
2528 0.260583376355
2529 0.260633834635
2530 0.290545402216
2531 0.282654346913
2532 0.265204255878
2533 0.266007905138
2534 0.291257934218
2535 0.260819015631
2536 0.260701142746
2537 0.265710337567
2538 0.266605044236
2539 0.271134089841
2540 0.266904620266
2541 0.261799792531
2542 0.260549748355
2543 0.286830515698
2544 0.296519312674
2545 0.278983004007
2546 0.263697511918
2547 0.266675472197
2548 0.291110950905
2549 0.260650658404
2550 0.266975206612
2551 0.267293307738
2552 0.267222553107
2553 0.266569844204
2554 0.267647643667
2555 0.265780293556
2556 0.288366778547
2557 0.267204870302
2558 0.261038205443
2559 0.260886419434
2560 0.267346398305
2561 0.267985134059
2562 0.267169511711
2563 0.260751646649
2564 0.262856398906
2565 0.26775412771
2566 0.260583376355
2567 0.260953858085
2568 0.286789772727
2569 0.260701142746
2570 0.260532937609
2571 0.260869565217
2572 0.271006711409
2573 0.263956072689
2574 0.267116491367
2575 0.265955344794
2576 0.266922263353
2577 0.264509367221
2578 0.260852713178
2579 0.267328699106
2580 0.266183256427
2581 0.260617013037
2582 0.261207063846
2583 0.286728679969
2584 0.270952157284
2585 0.263800875416
2586 0.261190168176
2587 0.267736374486
2588 0.260835863316
2589 0.286525225289
2590 0.291615512385
2591 0.267914012739
2592 0.265832784727
2593 0.285431540256
2594 0.267700875099
2595 0.301298313685
2596 0.26056656127
2597 0.260532937609
2598 0.284887822774
2599 0.293672727273
2600 0.260936995153
2601 0.268109687272
2602 0.267789641223
2603 0.26793178953
2604 0.265500690381
2605 0.267896238307
2606 0.279601163274
2607 0.265465781342
2608 0.268341307815
2609 0.284767277856
2610 0.283467883468
2611 0.266078017923
2612 0.268555466879
2613 0.265204255878
2614 0.261038205443
2615 0.260802170122
2616 0.267700875099
2617 0.286626916525
2618 0.292375642604
2619 0.260903275829
2620 0.267328699106
2621 0.261443832956
2622 0.260617013037
2623 0.260869565217
2624 0.267187189837
2625 0.267452642734
2626 0.268180912532
2627 0.261088840036
2628 0.261207063846
2629 0.260987590486
2630 0.292651108856
2631 0.267488076312
2632 0.266183256427
2633 0.260633834635
2634 0.261207063846
2635 0.260600193611
2636 0.270480273294
2637 0.270806786936
2638 0.26186770428
2639 0.267063492063
2640 0.261139494277
2641 0.271134089841
2642 0.260835863316
2643 0.288058210872
2644 0.292079566004
2645 0.260970723195
2646 0.261426906642
2647 0.26651706158
2648 0.270970339552
2649 0.261325394771
2650 0.292693534358
2651 0.260819015631
2652 0.260633834635
2653 0.265169424744
2654 0.291299956716
2655 0.266798810704
2656 0.267098822596
2657 0.260785326789
2658 0.26139306059
2659 0.261122607346
2660 0.261494625049
2661 0.270806786936
2662 0.289317188508
2663 0.285815402039
2664 0.284867724868
2665 0.288717288717
2666 0.285734503255
2667 0.287729799059
2668 0.284226085732
2669 0.28406612733
2670 0.299443826474
2671 0.283408197642
2672 0.283149849239
2673 0.283986215627
2674 0.284306132507
2675 0.288284429214
2676 0.287054809128
2677 0.288058210872
2678 0.285957085192
2679 0.283826527026
2680 0.289670014347
2681 0.286871270247
2682 0.287054809128
2683 0.283348536945
2684 0.288820542164
2685 0.285754723657
2686 0.283269028411
2687 0.283507687987
2688 0.284948133512
2689 0.283249158249
2690 0.287770809578
2691 0.284166080225
2692 0.283090297252
2693 0.283129995793
2694 0.28693242379
2695 0.28975315729
2696 0.283428090124
2697 0.284126090628
2698 0.283348536945
2699 0.2948736673
2700 0.283288901361
2701 0.283328655627
2702 0.283986215627
2703 0.283507687987
2704 0.283388307951
2705 0.289670014347
2706 0.285673859215
2707 0.287014002417
2708 0.286769405582
2709 0.286626916525
2710 0.283269028411
2711 0.283288901361
2712 0.28364709188
2713 0.28658623137
2714 0.285613240911
2715 0.283090297252
2716 0.284186079246
2717 0.288923869491
2718 0.286403291014
2719 0.283986215627
2720 0.289089347079
2721 0.286850891525
2722 0.283149849239
2723 0.283090297252
2724 0.283269028411
2725 0.28713645737
2726 0.283866432337
2727 0.284686971235
2728 0.283288901361
2729 0.283786632933
2730 0.298359686715
2731 0.285572842999
2732 0.286667613233
2733 0.283189564486
2734 0.284166080225
2735 0.284146084019
2736 0.284666901657
2737 0.283129995793
2738 0.285552648328
2739 0.300267697799
2740 0.28364709188
2741 0.289670014347
2742 0.286789772727
2743 0.289213579716
2744 0.286830515698
2745 0.283428090124
2746 0.28591658996
2747 0.2833087771
2748 0.283288901361
2749 0.288119871566
2750 0.287177298912
2751 0.289130746098
2752 0.284526493799
2753 0.283826527026
2754 0.287279453614
2755 0.290148738952
2756 0.289192866862
2757 0.286606572503
2758 0.288428571429
2759 0.283946276633
2760 0.283627168645
2761 0.283786632933
2762 0.285694071034
2763 0.283447985399
2764 0.287770809578
2765 0.287976037655
2766 0.287586354248
2767 0.285028587563
2768 0.283149849239
2769 0.285310534869
2770 0.283269028411
2771 0.286443924239
2772 0.2833087771
2773 0.285149353859
2774 0.287238583013
2775 0.283149849239
2776 0.286261165462
2777 0.283149849239
2778 0.287852865697
2779 0.288676008007
2780 0.283408197642
2781 0.284928027096
2782 0.284807448159
2783 0.288944543828
2784 0.284086112284
2785 0.284106100049
2786 0.284626770988
2787 0.293182313222
2788 0.284767277856
2789 0.283070452156
2790 0.283408197642
2791 0.283209426287
2792 0.283269028411
2793 0.283090297252
2794 0.288717288717
2795 0.285310534869
2796 0.283507687987
2797 0.288017118402
2798 0.284226085732
2799 0.284406254402
2800 0.283189564486
2801 0.289151450054
2802 0.283229290875
2803 0.283229290875
2804 0.283467883468
2805 0.283209426287
2806 0.283368421053
2807 0.29155234657
2808 0.283447985399
2809 0.283090297252
2810 0.284727118883
2811 0.287565873807
2812 0.28316970547
2813 0.283826527026
2814 0.28406612733
2815 0.307282550795
2816 0.287524921675
2817 0.283249158249
2818 0.283129995793
2819 0.28356741573
2820 0.284948133512
2821 0.283328655627
2822 0.285088957921
2823 0.286891651865
2824 0.286769405582
2825 0.283149849239
2826 0.283726812816
2827 0.286281460475
2828 0.287914438503
2829 0.298293565783
2830 0.283587330571
2831 0.283467883468
2832 0.283388307951
2833 0.283806578577
2834 0.289047959914
2835 0.283209426287
2836 0.287955501676
2837 0.284166080225
2838 0.2833087771
2839 0.307586837294
2840 0.29104800346
2841 0.284887822774
2842 0.283826527026
2843 0.283050609842
2844 0.283607248209
2845 0.283786632933
2846 0.285754723657
2847 0.285068831627
2848 0.283269028411
2849 0.283428090124
2850 0.288407970859
2851 0.286423606185
2852 0.283467883468
2853 0.283249158249
2854 0.287361229718
2855 0.283926311349
2856 0.283110145131
2857 0.283906348872
2858 0.283070452156
2859 0.283368421053
2860 0.283428090124
2861 0.283090297252
2862 0.283249158249
2863 0.301906542056
2864 0.2882021269
2865 0.289234295538
2866 0.283806578577
2867 0.288078761504
2868 0.289047959914
2869 0.285471898197
2870 0.292290988056
2871 0.28364709188
2872 0.285835633893
2873 0.28888252969
2874 0.288820542164
2875 0.288222698073
2876 0.286687965921
2877 0.2833087771
2878 0.290086206897
2879 0.283249158249
2880 0.283348536945
2881 0.310495963091
2882 0.284106100049
2883 0.283229290875
2884 0.287565873807
2885 0.283149849239
2886 0.307586837294
2887 0.283229290875
2888 0.28713645737
2889 0.284646834908
2890 0.283408197642
2891 0.289296460811
2892 0.28364709188
2893 0.284446322908
2894 0.283189564486
2895 0.285048708175
2896 0.283388307951
2897 0.286565893123
2898 0.286952814099
2899 0.283189564486
2900 0.283149849239
2901 0.283249158249
2902 0.287770809578
2903 0.28316970547
2904 0.283388307951
2905 0.288037663171
2906 0.288469781397
2907 0.289815545826
2908 0.285694071034
2909 0.286525225289
2910 0.287893911308
2911 0.289234295538
2912 0.287750302858
2913 0.296475770925
2914 0.288078761504
2915 0.298668639053
2916 0.289275736084
2917 0.287934968625
2918 0.284646834908
2919 0.283428090124
2920 0.288469781397
2921 0.287811831789
2922 0.285109087058
2923 0.283090297252
2924 0.283348536945
2925 0.286261165462
2926 0.288965221125
2927 0.283229290875
2928 0.289919586445
2929 0.289441617088
2930 0.287034404322
2931 0.283189564486
2932 0.285532456513
2933 0.283826527026
2934 0.2833087771
2935 0.283428090124
2936 0.283269028411
2937 0.296106181712
2938 0.287443052392
2939 0.283627168645
2940 0.288140430998
2941 0.287116040956
2942 0.28348778433
2943 0.283229290875
2944 0.288346186804
2945 0.290461804057
2946 0.287320335847
2947 0.288861864225
2948 0.283368421053
2949 0.283607248209
2950 0.283428090124
2951 0.284807448159
2952 0.288511003144
2953 0.283090297252
2954 0.285371024735
2955 0.283288901361
2956 0.284666901657
2957 0.289337919175
2958 0.2833087771
2959 0.285008469791
2960 0.283368421053
2961 0.289670014347
2962 0.283249158249
2963 0.28406612733
2964 0.283110145131
2965 0.286200297682
2966 0.285532456513
2967 0.290023701788
2968 0.285694071034
2969 0.287238583013
2970 0.288263849229
2971 0.287402135231
2972 0.283388307951
2973 0.283368421053
2974 0.297064665637
2975 0.288552236673
2976 0.283090297252
2977 0.292735972162
2978 0.286342362785
2979 0.284847629797
2980 0.287116040956
2981 0.283129995793
2982 0.285229921594
2983 0.283328655627
2984 0.283368421053
2985 0.283507687987
2986 0.288037663171
2987 0.289857153112
2988 0.286261165462
2989 0.287524921675
2990 0.287586354248
2991 0.283288901361
2992 0.287791319222
2993 0.288469781397
2994 0.288325598001
2995 0.288676008007
2996 0.285371024735
2997 0.28450644684
2998 0.2833087771
2999 0.283607248209
3000 0.283826527026
3001 0.293672727273
3002 0.284386224382
3003 0.286687965921
3004 0.307586837294
3005 0.287791319222
3006 0.285371024735
3007 0.283070452156
3008 0.284546543584
3009 0.283348536945
3010 0.283587330571
3011 0.285290377279
3012 0.284686971235
3013 0.283249158249
3014 0.285008469791
3015 0.287729799059
3016 0.283746750053
3017 0.283607248209
3018 0.30042407559
3019 0.283627168645
3020 0.287729799059
3021 0.287934968625
3022 0.287075216835
3023 0.289317188508
3024 0.286058373477
3025 0.285350858597
3026 0.287320335847
3027 0.289255014327
3028 0.288058210872
3029 0.283269028411
3030 0.29326748493
3031 0.283189564486
3032 0.283050609842
3033 0.283467883468
3034 0.288284429214
3035 0.28591658996
3036 0.288655372078
3037 0.286850891525
3038 0.283090297252
3039 0.288903198111
3040 0.283766690091
3041 0.287075216835
3042 0.284727118883
3043 0.283428090124
3044 0.284707043644
3045 0.283149849239
3046 0.283189564486
3047 0.284928027096
3048 0.287095627444
3049 0.2833087771
3050 0.288325598001
3051 0.283348536945
3052 0.31095025412
3053 0.286952814099
3054 0.283229290875
3055 0.289255014327
3056 0.283149849239
3057 0.288243272182
3058 0.283826527026
3059 0.284046145189
3060 0.283129995793
3061 0.288572857858
3062 0.2833087771
3063 0.284186079246
3064 0.283249158249
3065 0.288325598001
3066 0.287750302858
3067 0.2833087771
3068 0.283288901361
3069 0.283348536945
3070 0.283348536945
3071 0.287402135231
3072 0.283050609842
3073 0.285653650255
3074 0.288511003144
3075 0.283149849239
3076 0.286119180897
3077 0.289027270775
3078 0.284646834908
3079 0.289586919105
3080 0.284546543584
3081 0.285209775392
3082 0.283527594439
3083 0.289400129005
3084 0.283229290875
3085 0.2887379335
3086 0.287238583013
3087 0.283766690091
3088 0.284847629797
3089 0.283229290875
3090 0.2865048957
3091 0.289151450054
3092 0.283149849239
3093 0.284566596195
3094 0.284146084019
3095 0.283348536945
3096 0.283328655627
3097 0.287914438503
3098 0.2854517178
3099 0.288717288717
3100 0.283229290875
3101 0.288058210872
3102 0.293523297231
3103 0.287504449982
3104 0.283428090124
3105 0.288469781397
3106 0.283269028411
3107 0.287586354248
3108 0.285754723657
3109 0.297721742977
3110 0.284106100049
3111 0.284406254402
3112 0.2887379335
3113 0.283269028411
3114 0.287996576564
3115 0.286403291014
3116 0.287934968625
3117 0.288903198111
3118 0.30084935181
3119 0.284566596195
3120 0.288428571429
3121 0.288263849229
3122 0.283110145131
3123 0.283209426287
3124 0.286261165462
3125 0.283806578577
3126 0.283070452156
3127 0.283189564486
3128 0.283149849239
3129 0.283229290875
3130 0.284626770988
3131 0.283269028411
3132 0.283189564486
3133 0.31338766007
3134 0.283229290875
3135 0.283070452156
3136 0.293651370809
3137 0.285593040526
3138 0.287504449982
3139 0.283408197642
3140 0.283447985399
3141 0.286200297682
3142 0.283249158249
3143 0.286891651865
3144 0.283110145131
3145 0.28406612733
3146 0.287668305193
3147 0.287996576564
3148 0.283129995793
3149 0.285876106195
3150 0.306443044699
3151 0.288655372078
3152 0.2833087771
3153 0.288944543828
3154 0.283249158249
3155 0.288572857858
3156 0.283269028411
3157 0.283288901361
3158 0.283527594439
3159 0.286220584066
3160 0.28316970547
3161 0.286525225289
3162 0.283149849239
3163 0.286871270247
3164 0.286159733541
3165 0.28406612733
3166 0.283926311349
3167 0.285815402039
3168 0.283368421053
3169 0.287873387039
3170 0.287996576564
3171 0.286525225289
3172 0.283408197642
3173 0.288387373232
3174 0.30770403109
3175 0.289151450054
3176 0.283149849239
3177 0.28356741573
3178 0.284026165858
3179 0.284106100049
3180 0.288552236673
3181 0.283189564486
3182 0.283189564486
3183 0.286810142766
3184 0.283050609842
3185 0.287791319222
3186 0.288387373232
3187 0.289110045106
3188 0.283706878381
3189 0.287361229718
3190 0.283408197642
3191 0.283269028411
3192 0.285411365564
3193 0.283527594439
3194 0.28591658996
3195 0.284867724868
3196 0.288017118402
3197 0.284126090628
3198 0.283706878381
3199 0.287177298912
3200 0.283467883468
3201 0.283249158249
3202 0.289089347079
3203 0.283249158249
3204 0.285169491525
3205 0.291468168038
3206 0.284026165858
3207 0.287075216835
3208 0.28406612733
3209 0.283328655627
3210 0.286139455782
3211 0.284106100049
3212 0.283527594439
3213 0.286545557763
3214 0.286382978723
3215 0.285997591897
3216 0.283706878381
3217 0.28316970547
3218 0.283149849239
3219 0.283209426287
3220 0.284406254402
3221 0.287832347281
3222 0.283547503687
3223 0.287156876689
3224 0.284466361395
3225 0.287443052392
3226 0.28406612733
3227 0.288078761504
3228 0.283110145131
3229 0.285572842999
3230 0.284626770988
3231 0.283050609842
3232 0.284907923517
3233 0.289982046679
3234 0.284948133512
3235 0.284226085732
3236 0.283189564486
3237 0.283447985399
3238 0.286301758366
3239 0.287075216835
3240 0.287443052392
3241 0.287034404322
3242 0.283408197642
3243 0.283328655627
3244 0.285371024735
3245 0.2833087771
3246 0.287668305193
3247 0.283288901361
3248 0.288099315068
3249 0.288428571429
3250 0.2833087771
3251 0.285997591897
3252 0.283209426287
3253 0.288552236673
3254 0.287320335847
3255 0.283269028411
3256 0.283667017914
3257 0.285471898197
3258 0.28719772404
3259 0.289275736084
3260 0.28364709188
3261 0.286322059136
3262 0.287402135231
3263 0.283726812816
3264 0.288717288717
3265 0.28364709188
3266 0.290775545474
3267 0.283189564486
3268 0.287606837607
3269 0.283070452156
3270 0.283209426287
3271 0.283149849239
3272 0.283129995793
3273 0.286240873325
3274 0.283547503687
3275 0.287320335847
3276 0.283607248209
3277 0.284867724868
3278 0.288119871566
3279 0.287688800228
3280 0.285633444154
3281 0.289068652015
3282 0.283447985399
3283 0.283070452156
3284 0.283348536945
3285 0.288779231924
3286 0.28356741573
3287 0.286769405582
3288 0.286423606185
3289 0.287340781328
3290 0.287156876689
3291 0.30789172703
3292 0.289815545826
3293 0.283269028411
3294 0.296715408921
3295 0.284988354859
3296 0.284606709896
3297 0.286871270247
3298 0.287075216835
3299 0.287095627444
3300 0.287320335847
3301 0.283388307951
3302 0.286525225289
3303 0.286423606185
3304 0.283746750053
3305 0.284566596195
3306 0.283129995793
3307 0.283467883468
3308 0.283408197642
3309 0.283209426287
3310 0.28356741573
3311 0.283129995793
3312 0.283249158249
3313 0.283368421053
3314 0.297108380546
3315 0.283348536945
3316 0.2833087771
3317 0.286687965921
3318 0.28316970547
3319 0.283428090124
3320 0.285209775392
3321 0.289961223611
3322 0.288181558664
3323 0.283189564486
3324 0.28316970547
3325 0.287729799059
3326 0.283408197642
3327 0.283866432337
3328 0.284827537561
3329 0.283627168645
3330 0.283408197642
3331 0.288861864225
3332 0.284406254402
3333 0.287873387039
3334 0.28316970547
3335 0.283209426287
3336 0.287729799059
3337 0.28316970547
3338 0.283507687987
3339 0.283209426287
3340 0.288820542164
3341 0.289940403533
3342 0.284166080225
3343 0.296650014693
3344 0.2833087771
3345 0.300670141474
3346 0.286281460475
3347 0.283726812816
3348 0.288325598001
3349 0.289151450054
3350 0.283986215627
3351 0.292735972162
3352 0.288531618435
3353 0.284006189337
3354 0.286850891525
3355 0.283209426287
3356 0.287483981205
3357 0.283428090124
3358 0.284046145189
3359 0.283249158249
3360 0.283388307951
3361 0.294529540481
3362 0.288099315068
3363 0.289628460766
3364 0.291152930997
3365 0.287238583013
3366 0.284026165858
3367 0.285229921594
3368 0.283428090124
3369 0.283209426287
3370 0.283886389201
3371 0.283149849239
3372 0.283328655627
3373 0.28316970547
3374 0.285532456513
3375 0.283348536945
3376 0.283090297252
3377 0.283189564486
3378 0.285795173048
3379 0.287606837607
3380 0.283527594439
3381 0.284626770988
3382 0.29425052831
3383 0.283368421053
3384 0.283368421053
3385 0.288160993363
3386 0.287770809578
3387 0.287586354248
3388 0.308197221798
3389 0.283229290875
3390 0.28316970547
3391 0.285633444154
3392 0.287750302858
3393 0.283368421053
3394 0.284446322908
3395 0.285532456513
3396 0.284086112284
3397 0.288346186804
3398 0.28973236708
3399 0.283189564486
3400 0.285552648328
3401 0.286382978723
3402 0.283189564486
3403 0.283328655627
3404 0.292778422274
3405 0.284046145189
3406 0.283288901361
3407 0.288449174941
3408 0.283070452156
3409 0.283070452156
3410 0.285048708175
3411 0.283627168645
3412 0.288181558664
3413 0.284586651632
3414 0.283090297252
3415 0.28356741573
3416 0.284326151246
3417 0.287770809578
3418 0.289857153112
3419 0.283229290875
3420 0.287156876689
3421 0.283766690091
3422 0.283946276633
3423 0.284948133512
3424 0.283348536945
3425 0.28316970547
3426 0.283229290875
3427 0.288923869491
3428 0.283209426287
3429 0.283189564486
3430 0.283129995793
3431 0.283986215627
3432 0.284386224382
3433 0.283447985399
3434 0.287647813079
3435 0.289255014327
3436 0.288222698073
3437 0.283149849239
3438 0.317128720647
3439 0.241117812145
3440 0.240902040329
3441 0.277907777013
3442 0.240858932299
3443 0.241420542867
3444 0.24108902024
3445 0.240844566384
3446 0.240873299928
3447 0.240930787589
3448 0.240858932299
3449 0.251260033601
3450 0.245098634294
3451 0.250636211284
3452 0.240787119857
3453 0.241002685765
3454 0.240787119857
3455 0.263766411915
3456 0.241319548198
3457 0.279794900222
3458 0.240858932299
3459 0.24106023521
3460 0.240988302698
3461 0.241175416592
3462 0.240887669272
3463 0.24106023521
3464 0.241117812145
3465 0.241218637993
3466 0.241002685765
3467 0.241146610929
3468 0.240815839695
3469 0.241189822005
3470 0.241175416592
3471 0.241002685765
3472 0.241132210677
3473 0.240988302698
3474 0.24101707055
3475 0.241031457052
3476 0.241233048569
3477 0.240988302698
3478 0.240858932299
3479 0.24101707055
3480 0.240988302698
3481 0.241132210677
3482 0.240973921346
3483 0.240959541711
3484 0.240959541711
3485 0.240988302698
3486 0.241045845272
3487 0.241204229138
3488 0.263697511918
3489 0.251088173113
3490 0.240844566384
3491 0.240988302698
3492 0.241103415333
3493 0.240902040329
3494 0.241045845272
3495 0.240830202183
3496 0.281021643817
3497 0.241045845272
3498 0.241117812145
3499 0.241031457052
3500 0.241074626866
3501 0.24106023521
3502 0.278655717342
3503 0.240887669272
3504 0.240959541711
3505 0.240887669272
3506 0.241132210677
3507 0.24146385218
3508 0.240902040329
3509 0.241117812145
3510 0.24108902024
3511 0.24106023521
3512 0.24108902024
3513 0.240959541711
3514 0.240858932299
3515 0.250994530085
3516 0.240930787589
3517 0.240973921346
3518 0.241045845272
3519 0.250869781312
3520 0.24101707055
3521 0.240916413102
3522 0.241608328846
3523 0.240902040329
3524 0.240973921346
3525 0.241002685765
3526 0.278099173554
3527 0.241204229138
3528 0.241103415333
3529 0.250916547567
3530 0.241276290631
3531 0.240887669272
3532 0.240902040329
3533 0.240988302698
3534 0.240988302698
3535 0.241103415333
3536 0.241045845272
3537 0.240930787589
3538 0.240830202183
3539 0.24106023521
3540 0.240916413102
3541 0.278060873158
3542 0.240945163793
3543 0.241247460867
3544 0.240916413102
3545 0.240844566384
3546 0.251981279251
3547 0.241002685765
3548 0.240959541711
3549 0.240887669272
3550 0.240988302698
3551 0.277812177503
3552 0.240902040329
3553 0.240873299928
3554 0.241247460867
3555 0.241074626866
3556 0.24106023521
3557 0.277659355016
3558 0.250838613492
3559 0.241319548198
3560 0.2411610129
3561 0.240815839695
3562 0.277678448632
3563 0.240988302698
3564 0.24101707055
3565 0.24101707055
3566 0.240830202183
3567 0.240902040329
3568 0.240973921346
3569 0.241276290631
3570 0.241146610929
3571 0.240787119857
3572 0.24101707055
3573 0.240887669272
3574 0.24108902024
3575 0.240988302698
3576 0.240815839695
3577 0.251010132405
3578 0.278694181793
3579 0.250729587085
3580 0.241002685765
3581 0.240902040329
3582 0.240945163793
3583 0.240815839695
3584 0.240916413102
3585 0.24147829207
3586 0.240887669272
3587 0.241449414016
3588 0.24101707055
3589 0.240830202183
3590 0.240801478919
3591 0.2411610129
3592 0.241045845272
3593 0.277697544873
3594 0.241449414016
3595 0.240945163793
3596 0.240973921346
3597 0.25169856012
3598 0.240815839695
3599 0.240930787589
3600 0.241247460867
3601 0.240873299928
3602 0.241074626866
3603 0.24101707055
3604 0.240902040329
3605 0.251541767894
3606 0.250963331262
3607 0.240844566384
3608 0.240887669272
3609 0.241045845272
3610 0.286525225289
3611 0.240988302698
3612 0.251244400199
3613 0.241045845272
3614 0.240988302698
3615 0.240916413102
3616 0.24106023521
3617 0.240945163793
3618 0.241247460867
3619 0.244727272727
3620 0.240830202183
3621 0.241002685765
3622 0.240973921346
3623 0.240945163793
3624 0.241045845272
3625 0.240973921346
3626 0.241305127286
3627 0.240930787589
3628 0.241045845272
3629 0.241103415333
3630 0.241305127286
3631 0.240959541711
3632 0.240916413102
3633 0.240858932299
3634 0.281491808993
3635 0.24108902024
3636 0.2411610129
3637 0.241132210677
3638 0.240844566384
3639 0.240930787589
3640 0.240945163793
3641 0.251010132405
3642 0.240916413102
3643 0.25071401962
3644 0.241117812145
3645 0.240959541711
3646 0.241031457052
3647 0.24101707055
3648 0.240887669272
3649 0.241074626866
3650 0.240988302698
3651 0.240787119857
3652 0.27802258331
3653 0.240873299928
3654 0.240830202183
3655 0.267151835925
3656 0.240988302698
3657 0.24108902024
3658 0.240959541711
3659 0.241002685765
3660 0.240916413102
3661 0.240858932299
3662 0.240858932299
3663 0.24101707055
3664 0.240973921346
3665 0.240916413102
3666 0.240858932299
3667 0.240902040329
3668 0.241103415333
3669 0.240930787589
3670 0.240873299928
3671 0.24108902024
3672 0.240902040329
3673 0.241449414016
3674 0.240830202183
3675 0.278137484502
3676 0.240973921346
3677 0.240844566384
3678 0.278405956977
3679 0.240844566384
3680 0.240959541711
3681 0.241391678623
3682 0.240916413102
3683 0.240902040329
3684 0.24101707055
3685 0.278732656865
3686 0.240988302698
3687 0.240830202183
3688 0.250869781312
3689 0.240801478919
3690 0.240815839695
3691 0.241146610929
3692 0.240815839695
3693 0.278386763185
3694 0.241189822005
3695 0.240844566384
3696 0.240988302698
3697 0.240988302698
3698 0.245754975351
3699 0.241031457052
3700 0.240815839695
3701 0.240873299928
3702 0.240988302698
3703 0.241319548198
3704 0.245680214164
3705 0.240801478919
3706 0.241319548198
3707 0.241132210677
3708 0.241117812145
3709 0.240988302698
3710 0.240787119857
3711 0.241146610929
3712 0.241189822005
3713 0.240887669272
3714 0.241146610929
3715 0.241146610929
3716 0.240973921346
3717 0.240873299928
3718 0.240815839695
3719 0.2411610129
3720 0.241103415333
3721 0.240916413102
3722 0.280494581828
3723 0.241247460867
3724 0.263663075416
3725 0.240858932299
3726 0.241045845272
3727 0.240988302698
3728 0.240858932299
3729 0.241175416592
3730 0.240787119857
3731 0.241175416592
3732 0.250978929704
3733 0.240801478919
3734 0.240815839695
3735 0.24147829207
3736 0.241002685765
3737 0.240945163793
3738 0.250963331262
3739 0.241204229138
3740 0.240988302698
3741 0.2411610129
3742 0.278003442341
3743 0.240844566384
3744 0.241045845272
3745 0.240815839695
3746 0.240858932299
3747 0.240801478919
3748 0.24108902024
3749 0.240787119857
3750 0.240858932299
3751 0.278214138074
3752 0.240858932299
3753 0.241045845272
3754 0.241132210677
3755 0.240887669272
3756 0.245575624886
3757 0.278828891037
3758 0.24101707055
3759 0.241406109882
3760 0.241045845272
3761 0.24101707055
3762 0.241074626866
3763 0.24101707055
3764 0.240945163793
3765 0.241189822005
3766 0.240830202183
3767 0.240916413102
3768 0.240916413102
3769 0.241103415333
3770 0.240959541711
3771 0.240916413102
3772 0.240873299928
3773 0.240887669272
3774 0.240973921346
3775 0.241031457052
3776 0.240902040329
3777 0.241045845272
3778 0.240916413102
3779 0.240959541711
3780 0.244742105582
3781 0.241002685765
3782 0.240830202183
3783 0.241233048569
3784 0.240959541711
3785 0.240945163793
3786 0.250651769088
3787 0.241074626866
3788 0.240844566384
3789 0.240945163793
3790 0.240887669272
3791 0.251056951007
3792 0.241074626866
3793 0.240988302698
3794 0.24147829207
3795 0.241276290631
3796 0.240844566384
3797 0.240930787589
3798 0.278540387666
3799 0.240787119857
3800 0.240973921346
3801 0.24147829207
3802 0.240815839695
3803 0.241002685765
3804 0.241074626866
3805 0.251447786288
3806 0.240844566384
3807 0.240858932299
3808 0.240801478919
3809 0.240801478919
3810 0.241002685765
3811 0.241276290631
3812 0.240815839695
3813 0.240873299928
3814 0.240873299928
3815 0.240887669272
3816 0.240988302698
3817 0.240815839695
3818 0.240945163793
3819 0.240973921346
3820 0.240959541711
3821 0.240787119857
3822 0.241146610929
3823 0.241204229138
3824 0.240973921346
3825 0.251463445012
3826 0.2411610129
3827 0.241233048569
3828 0.240887669272
3829 0.250791876281
3830 0.241305127286
3831 0.282298657718
3832 0.241117812145
3833 0.240945163793
3834 0.241233048569
3835 0.240873299928
3836 0.241146610929
3837 0.24108902024
3838 0.24101707055
3839 0.251306945482
3840 0.240844566384
3841 0.240945163793
3842 0.241247460867
3843 0.241362821279
3844 0.240887669272
3845 0.240844566384
3846 0.24106023521
3847 0.240801478919
3848 0.240959541711
3849 0.240858932299
3850 0.240844566384
3851 0.24106023521
3852 0.278790389395
3853 0.24108902024
3854 0.240787119857
3855 0.240801478919
3856 0.240988302698
3857 0.240787119857
3858 0.240930787589
3859 0.250854196434
3860 0.240858932299
3861 0.292290988056
3862 0.263800875416
3863 0.241045845272
3864 0.240930787589
3865 0.240873299928
3866 0.240830202183
3867 0.241045845272
3868 0.241146610929
3869 0.241031457052
3870 0.241233048569
3871 0.241146610929
3872 0.240887669272
3873 0.277716643741
3874 0.241319548198
3875 0.240973921346
3876 0.240801478919
3877 0.240902040329
3878 0.278713418001
3879 0.240916413102
3880 0.240801478919
3881 0.240916413102
3882 0.241031457052
3883 0.240830202183
3884 0.240988302698
3885 0.250885368127
3886 0.240801478919
3887 0.278214138074
3888 0.240844566384
3889 0.240916413102
3890 0.240988302698
3891 0.240844566384
3892 0.241117812145
3893 0.240959541711
3894 0.240858932299
3895 0.240902040329
3896 0.240959541711
3897 0.241074626866
3898 0.240830202183
3899 0.241002685765
3900 0.240873299928
3901 0.241261874888
3902 0.240887669272
3903 0.251010132405
3904 0.241031457052
3905 0.240873299928
3906 0.240887669272
3907 0.241406109882
3908 0.241146610929
3909 0.240873299928
3910 0.24108902024
3911 0.240830202183
3912 0.240873299928
3913 0.240988302698
3914 0.250636211284
3915 0.240887669272
3916 0.24108902024
3917 0.240873299928
3918 0.240988302698
3919 0.241218637993
3920 0.240945163793
3921 0.241002685765
3922 0.241204229138
3923 0.240801478919
3924 0.240873299928
3925 0.241362821279
3926 0.240844566384
3927 0.241391678623
3928 0.241117812145
3929 0.240815839695
3930 0.240988302698
3931 0.25141647469
3932 0.24108902024
3933 0.240887669272
3934 0.24108902024
3935 0.240916413102
3936 0.240787119857
3937 0.240858932299
3938 0.240973921346
3939 0.252138620044
3940 0.240830202183
3941 0.240930787589
3942 0.240873299928
3943 0.240801478919
3944 0.278137484502
3945 0.240959541711
3946 0.241261874888
3947 0.240830202183
3948 0.241233048569
3949 0.278828891037
3950 0.240945163793
3951 0.241002685765
3952 0.241276290631
3953 0.240830202183
3954 0.240830202183
3955 0.240830202183
3956 0.240815839695
3957 0.241117812145
3958 0.241031457052
3959 0.240902040329
3960 0.240801478919
3961 0.24101707055
3962 0.263645860538
3963 0.278405956977
3964 0.240858932299
3965 0.240988302698
3966 0.240830202183
3967 0.251088173113
3968 0.241002685765
3969 0.245113512201
3970 0.241132210677
3971 0.240858932299
3972 0.241449414016
3973 0.241031457052
3974 0.240887669272
3975 0.240787119857
3976 0.240988302698
3977 0.240988302698
3978 0.240858932299
3979 0.240830202183
3980 0.240945163793
3981 0.226028547439
3982 0.184425667961
3983 0.184476220933
3984 0.184375142688
3985 0.1843667245
3986 0.184408823126
3987 0.184434091532
3988 0.184375142688
3989 0.184417245159
3990 0.225359973211
3991 0.184391981369
3992 0.184383561644
3993 0.184383561644
3994 0.184408823126
3995 0.184450940983
3996 0.184434091532
3997 0.184391981369
3998 0.184450940983
3999 0.184476220933
4000 0.184391981369
4001 0.184434091532
4002 0.184375142688
4003 0.184417245159
4004 0.184400401863
4005 0.184442515873
4006 0.184383561644
4007 0.184375142688
4008 0.184391981369
4009 0.1843667245
4010 0.184442515873
4011 0.1843667245
4012 0.225334821429
4013 0.184375142688
4014 0.184408823126
4015 0.184459366863
4016 0.1843667245
4017 0.184391981369
4018 0.184434091532
4019 0.184417245159
4020 0.184425667961
4021 0.184425667961
4022 0.184450940983
4023 0.1843667245
4024 0.184509938314
4025 0.1843667245
4026 0.184391981369
4027 0.184434091532
4028 0.184417245159
4029 0.184375142688
4030 0.184375142688
4031 0.184518369585
4032 0.22542287724
4033 0.184375142688
4034 0.184383561644
4035 0.184375142688
4036 0.1843667245
4037 0.184375142688
4038 0.184391981369
4039 0.184434091532
