node,pagerank
1 0.00570200959477
2 0.000270041095183
3 0.000200883415746
4 0.000234062046186
5 0.00022732381328
6 0.000220219185595
7 0.000170239329027
8 0.000474322815095
9 0.000225385933927
10 0.000678876614808
11 0.000160057940538
12 6.24455023034e-05
13 5.11828690623e-05
14 0.0003345887173
15 0.000273787882774
16 5.11828690623e-05
17 0.000132162134967
18 0.000241487645244
19 5.11828690623e-05
20 0.00034890999335
21 0.000264373933383
22 0.00074861035796
23 0.000167603777933
24 0.000367257913121
25 0.000216382214839
26 0.000743565143405
27 0.000641593995638
28 9.32978444563e-05
29 0.000236065315951
30 0.000183307413692
31 0.000265614434409
32 0.000319450573645
33 0.000156559533598
34 8.93255864676e-05
35 0.000114442994132
36 7.01735631575e-05
37 0.000177429345129
38 5.11828690623e-05
39 0.000167377749761
40 0.000210318192258
41 0.000556277048253
42 0.000441981219391
43 8.93255864676e-05
44 5.11828690623e-05
45 0.000151572916872
46 0.000166573757024
47 0.000143965103791
48 7.80224183048e-05
49 0.000287935044979
50 0.000171290890062
51 0.000158644268207
52 0.000128953362055
53 7.69828812664e-05
54 0.000386151363766
55 0.000122460700859
56 0.000186203071984
57 0.000773670174257
58 0.000218984202755
59 0.000215072424236
60 0.000228798512122
61 0.000119523422557
62 0.000105778376029
63 0.000240881508624
64 9.13834461073e-05
65 0.000137517042363
66 0.000173493665833
67 0.00015161826613
68 0.000705385584279
69 0.000201670389862
70 0.000129390022361
71 7.434761691e-05
72 9.78732435781e-05
73 0.000245358844641
74 0.000141358905164
75 5.11828690623e-05
76 0.000166978390366
77 7.92173093632e-05
78 0.000113070150566
79 0.00020731428255
80 0.000167038343549
81 0.000294809412497
82 0.000104305799763
83 0.000358114546752
84 0.000128953362055
85 0.000174580101013
86 0.000166820538177
87 0.000156794346889
88 0.000152556046482
89 0.000259028788661
90 0.000204623219453
91 9.54651758793e-05
92 0.000212225338052
93 0.000270692511991
94 0.000167967998622
95 0.000282887235414
96 0.000148559479734
97 0.000129149505873
98 0.000106199846488
99 0.000444231845335
100 0.000269882978804
101 0.000167470228634
102 0.00025277703698
103 0.000148587436668
104 0.000168894375719
105 0.000298713849807
106 0.000165719236619
107 0.000119101769221
108 0.0069833250296
109 0.000189190446402
110 0.00033701345065
111 0.000140237551229
112 0.000266584727399
113 9.6596634155e-05
114 0.000445261226112
115 5.11828690623e-05
116 0.000385004751678
117 0.000300467133811
118 0.000102806079534
119 0.000342396343653
120 0.00067467557654
121 8.63342947902e-05
122 0.000158357725335
123 0.000573610431038
124 0.000190179437371
125 0.000107274108661
126 6.84140661873e-05
127 0.000115537354927
128 0.000231319122358
129 0.000292314699163
130 0.000108163744756
131 0.000212940689199
132 0.000158646611399
133 0.000189335283959
134 0.000213977898861
135 0.000196722627439
136 0.000164710961323
137 0.000588841086912
138 0.000304619841225
139 6.98718634362e-05
140 0.00014859620775
141 0.000205424488211
142 0.000279549641419
143 0.000386037401006
144 0.000265732111986
145 0.000269029213921
146 7.9200972872e-05
147 0.000135383266707
148 0.000147380562991
149 0.000214778571672
150 0.000252092614573
151 0.000185209547386
152 0.000141915693206
153 0.00011660997842
154 5.97394717396e-05
155 7.35186828451e-05
156 9.87728447511e-05
157 0.000159291172806
158 0.000102373569092
159 0.00026703088515
160 0.000192553902827
161 6.71726375286e-05
162 0.000251706867238
163 0.000159220233263
164 0.00011563751407
165 7.0508515966e-05
166 0.000136159768075
167 0.000100072790539
168 0.000155858245597
169 0.000155562859785
170 0.000374265002093
171 0.000459542285413
172 0.000370433700187
173 0.000389866448969
174 0.000203314150954
175 0.000125002740544
176 0.000334368042893
177 0.000161929869347
178 0.000225715112946
179 0.000169938694922
180 9.85783629646e-05
181 0.000258619793544
182 0.000221717656882
183 0.000112019435115
184 6.19021098019e-05
185 0.000252939725812
186 0.00026678421647
187 0.00043077078878
188 0.000216631980225
189 0.000457449140539
190 0.000137517042363
191 9.73097804301e-05
192 7.31513014742e-05
193 0.000150946150032
194 0.000131192163267
195 0.000248149630053
196 0.000201561781869
197 0.000177242783458
198 0.000230836987223
199 0.000257308771803
200 0.000446478759639
201 0.000530328327569
202 0.000116119201941
203 0.000112248280041
204 0.000552794511005
205 0.000277411330278
206 7.69828812664e-05
207 8.95436045679e-05
208 6.68810697347e-05
209 0.000101664015383
210 5.11828690623e-05
211 5.11828690623e-05
212 0.000300034384121
213 0.000183029047326
214 0.000400114127677
215 0.000315523405485
216 5.11828690623e-05
217 7.04801338938e-05
218 0.000148389871674
219 0.000201561781869
220 0.000156322710436
221 0.000104722572149
222 0.000108919124815
223 0.000148704585013
224 0.000260992471783
225 0.000285527851338
226 0.000207870052743
227 0.000249266987515
228 0.000302504388218
229 7.97726488556e-05
230 0.000114016593368
231 0.000243752311503
232 0.000242116163297
233 0.000245777583989
234 8.93255864676e-05
235 5.92526863394e-05
236 8.71946937656e-05
237 0.000369055943173
238 0.000128953362055
239 0.000240894618624
240 0.000569204657939
241 8.11827323444e-05
242 6.94582448318e-05
243 0.000298192590576
244 0.000180481983337
245 8.93255864676e-05
246 0.000134611104774
247 0.000168782466224
248 8.07221978126e-05
249 0.00022497096498
250 0.000303494167284
251 8.5111606241e-05
252 0.000207794472646
253 0.000599710646989
254 0.000106199846488
255 0.000228249574741
256 6.94582448318e-05
257 8.93255864676e-05
258 0.000206549349389
259 0.000175077914316
260 0.000212225338052
261 0.000150081194699
262 0.000372291588569
263 0.000104722572149
264 0.000158102927532
265 0.000140237551229
266 0.000274093518728
267 0.000239698413065
268 6.96747718951e-05
269 0.000134676105445
270 0.000130074654031
271 9.03204920256e-05
272 0.000680784883298
273 0.000457882839877
274 0.000201561781869
275 0.000167705778258
276 0.000221717656882
277 0.000194425141683
278 0.000642885347139
279 0.000208156633261
280 6.74792760447e-05
281 0.000422202405987
282 0.00022867202616
283 8.93255864676e-05
284 9.16906678754e-05
285 0.000230206384483
286 0.000457942185792
287 8.08544452577e-05
288 5.11828690623e-05
289 7.63408926506e-05
290 0.000102086700008
291 0.000159657038899
292 0.000358128663031
293 5.11828690623e-05
294 9.6596634155e-05
295 7.56583175733e-05
296 0.000129580697674
297 0.000158102927532
298 0.00024569645359
299 0.00013320256928
300 0.000260741298543
301 0.000118177810705
302 9.43976448072e-05
303 0.000256409215553
304 0.000224885043466
305 0.000536644699881
306 6.66476050426e-05
307 0.000201561781869
308 0.000109926446587
309 0.000235779507896
310 0.000164710961323
311 0.000251271448711
312 9.95612826702e-05
313 0.00046961303776
314 0.000369788967034
315 0.000158816797648
316 0.000564203246982
317 6.16023607326e-05
318 0.000111498494266
319 0.000127515235234
320 0.000190388984836
321 0.000290733470829
322 8.70609841024e-05
323 0.000692778247646
324 0.000376561424605
325 0.000302827458255
326 0.000357141595118
327 0.000329929513221
328 0.000110444250188
329 0.000201561781869
330 0.000361772589045
331 0.000213966705529
332 0.000229471715142
333 0.000421330583798
334 0.000160397801727
335 0.000285083787235
336 5.11828690623e-05
337 7.10102369752e-05
338 0.000187410144044
339 0.000113090146821
340 0.000317808779777
341 9.57220640657e-05
342 0.000141036690773
343 0.000329680553262
344 0.000313724785787
345 0.000113913696967
346 0.000185813476085
347 0.000341490287879
348 0.000127771287222
349 0.0023531109013
350 8.41359605993e-05
351 0.000218420075569
352 0.000129544586033
353 0.000170848940323
354 0.000622768249734
355 0.000224318595243
356 0.000312575632661
357 8.84230386283e-05
358 0.000200585265132
359 4.59067090651e-05
360 0.000241691817551
361 0.000306466284237
362 0.00022076139954
363 0.000168375031926
364 0.000623384717769
365 0.000207119941828
366 7.54664738244e-05
367 0.000605823972386
368 0.000256703005538
369 0.000247250651375
370 0.000267520888045
371 0.000501372788277
372 7.14435931694e-05
373 0.000167771038295
374 0.000652401239215
375 0.000451114027717
376 0.000144608754598
377 0.000910314820897
378 6.91834365725e-05
379 0.000398711335753
380 6.64685224699e-05
381 0.000140566731402
382 0.000145355309733
383 0.000125862425521
384 8.20074289405e-05
385 9.41316186724e-05
386 8.50678844241e-05
387 9.79709506298e-05
388 0.000281245491241
389 0.000280204881917
390 0.000399918515049
391 7.88023944091e-05
392 0.000380232322603
393 0.000266000595801
394 0.000163951544381
395 0.000270573299983
396 0.000519709898561
397 0.000235066750793
398 0.000388746250925
399 0.000237567603742
400 0.000184814731415
401 0.000505983060248
402 7.39114566638e-05
403 0.000401996672082
404 0.00017914773585
405 0.000355021468089
406 0.000122217163113
407 9.1728526028e-05
408 0.000163200954019
409 0.000361087692118
410 0.000250913122532
411 0.000146448878373
412 9.14331220397e-05
413 0.00068244633029
414 0.000157476335683
415 0.00179712463295
416 0.00020760970788
417 0.000161857913833
418 0.000403015772176
419 0.000220135438126
420 0.000421255126233
421 0.000232698373882
422 0.000203980735226
423 0.000521454835641
424 0.00039356951419
425 0.000196635555863
426 0.000164836781655
427 0.000161081777006
428 0.000129376083494
429 0.000781407202913
430 0.000125187420504
431 0.000266512266872
432 0.000493954759281
433 0.000391134268317
434 0.000124840536057
435 0.000253196940732
436 0.000121600741786
437 0.000422612983044
438 0.000216887391112
439 0.000462041779283
440 0.00029818327915
441 0.000126644203775
442 0.000184814731415
443 0.000116461008794
444 7.07842973553e-05
445 0.00032959103701
446 0.000218567679955
447 0.000150518507756
448 4.59067090651e-05
449 5.9838331673e-05
450 0.000121550954538
451 0.000193556226324
452 0.000196487621296
453 0.000299865672824
454 0.000145450184557
455 8.83289810108e-05
456 0.000326414109322
457 0.000380811839735
458 0.000222521337192
459 0.000200370472387
460 0.000128469902156
461 0.000471148957543
462 0.000358433744636
463 0.000179463326647
464 0.000332396843991
465 0.000112822473946
466 0.00052390970149
467 0.000115951848488
468 0.000108367819876
469 7.07842973553e-05
470 0.000221699910735
471 0.00016128342692
472 0.000224801059323
473 9.69371502966e-05
474 0.000237225533452
475 0.000183739500653
476 0.000790323884901
477 0.000143759543733
478 0.000144039776849
479 0.000108529737248
480 0.000265576568034
481 0.000104172353016
482 0.000240171751065
483 0.00023343239183
484 0.00131476799629
485 0.000625757901831
486 7.98391165243e-05
487 0.000187435735379
488 0.000233828647827
489 0.000197826887728
490 0.000210299805678
491 0.00013056703
492 0.000114759745416
493 0.000418466992016
494 0.000360614391763
495 0.000174612240442
496 0.000173550814839
497 0.000290977530475
498 0.000540771398864
499 0.000141805395794
500 8.50898836732e-05
501 0.000554963117149
502 0.000184814731415
503 0.000113682303161
504 0.000380066235426
505 0.000377921667312
506 0.00015701434625
507 0.000475224678307
508 0.000453010950436
509 0.000159815306391
510 0.000178147328406
511 0.000229896305328
512 0.000228889097407
513 0.000209827184593
514 0.000587204920252
515 0.000440540483083
516 0.000408566721129
517 0.00022189893253
518 0.000627592459328
519 0.000215014091981
520 0.000213179392839
521 0.0003436137308
522 0.000125254096232
523 0.000133516008357
524 0.000310356632417
525 0.000421905634826
526 0.000484576260727
527 0.00047042403794
528 0.000314356869826
529 0.000136481010339
530 0.000114330481626
531 7.09138411134e-05
532 0.000349669164277
533 0.000239965523054
534 9.56461151071e-05
535 0.000107872592905
536 0.000117269444688
537 0.00017108813203
538 0.000271663272315
539 0.000531922176478
540 0.000212343463873
541 8.99006052098e-05
542 0.000110888954719
543 0.00039462338702
544 0.0001990976343
545 0.000468742389233
546 0.000319600775588
547 0.000250751662581
548 0.000261650309432
549 0.000245232356921
550 0.000109627401583
551 4.59067090651e-05
552 0.000196684817023
553 9.41316186724e-05
554 0.000593460440734
555 0.000204412213665
556 0.000311264191511
557 0.00034989392849
558 0.000283385659143
559 0.000171908251049
560 0.000529426036263
561 0.000219206862188
562 0.000540064537827
563 7.80493785531e-05
564 0.000745113895622
565 0.000211344189113
566 0.000159128790381
567 0.000544769294308
568 0.000487260052774
569 0.000138320874875
570 0.000120493641584
571 0.000257797249561
572 5.94286197457e-05
573 0.000108367819876
574 0.000350434393339
575 0.000146087193775
576 0.000151714194104
577 0.000171206716162
578 0.00024838224462
579 0.000268853166198
580 0.000423259089573
581 0.000547992731684
582 8.14811165379e-05
583 0.000238497335799
584 0.000279709351815
585 0.000191623356461
586 4.67642038242e-05
587 8.9111386089e-05
588 0.000109688663005
589 0.000171595846319
590 0.000237938087652
591 0.000153071691903
592 0.000316700797729
593 0.000446160797319
594 7.79533317368e-05
595 0.000201526163317
596 0.000219080975843
597 0.000367348882074
598 0.000243867056074
599 0.000187231156886
600 0.00025940252157
601 0.000269834800714
602 0.000194493635687
603 4.67642038242e-05
604 0.000208721985886
605 0.000254845343611
606 0.000207232472672
607 0.000546116815921
608 4.67642038242e-05
609 4.67642038242e-05
610 0.000304206946073
611 7.05061109351e-05
612 0.000189417773608
613 0.000179371497595
614 4.67642038242e-05
615 0.000226583352497
616 0.000269997951049
617 0.000244153748111
618 0.000289057986727
619 0.000272048002167
620 0.000284715970514
621 0.000207300708067
622 0.000110801706481
623 0.000170737482868
624 0.000200878823171
625 4.67642038242e-05
626 0.000241267952146
627 0.000172415611666
628 0.000268853166198
629 0.000152850431043
630 0.000106214058103
631 0.000414215839774
632 0.000150264270677
633 0.000249716666222
634 0.000178922412495
635 0.000150843110619
636 0.000244678989259
637 0.000273091856547
638 0.000697273843687
639 4.67642038242e-05
640 0.00013810960583
641 0.00025882571335
642 0.000412222054384
643 8.14811165379e-05
644 0.000269834800714
645 0.000266791764498
646 0.000229681071027
647 0.000111934470436
648 0.000219327403163
649 5.66326657749e-05
650 8.36710513154e-05
651 0.000249559677379
652 0.000461322316492
653 6.47470136722e-05
654 0.000298040021861
655 0.000349001562849
656 9.26153693653e-05
657 5.74752467023e-05
658 0.000109097125742
659 0.000268853166198
660 0.000268853166198
661 6.86302920652e-05
662 0.000269834800714
663 0.000269270626223
664 0.000126309731324
665 0.000200105117997
666 0.000211061950567
667 0.000198420908744
668 7.40295721545e-05
669 4.67642038242e-05
670 0.000241617884178
671 0.000258412831874
672 7.05376913651e-05
673 0.000110899106469
674 6.47470136722e-05
675 4.67642038242e-05
676 0.000259139077373
677 0.00014488042815
678 0.000247846372908
679 0.000288381832906
680 0.000104710800986
681 0.000291787489647
682 0.000259962932001
683 0.000171059251563
684 0.000237153373184
685 0.000231193971308
686 0.00019748702649
687 0.00222428924927
688 0.000298639022975
689 0.000460360047336
690 0.000156247427072
691 0.000118827347396
692 0.000123331518866
693 4.82678395996e-05
694 0.000156601984304
695 0.00053274843365
696 0.000400097485502
697 0.000321124514096
698 0.000540934719765
699 0.00131796775244
700 6.37122421507e-05
701 0.000103005236437
702 0.000227584323681
703 0.000157854603171
704 0.000448143376403
705 8.98925295883e-05
706 0.00068278574087
707 0.000193588937534
708 0.000183552617767
709 0.000333639494194
710 0.000193434932759
711 0.000111165792729
712 0.000220089235298
713 0.000229585154599
714 0.000751635404859
715 0.000250920471192
716 0.000125614555417
717 0.000145575730914
718 0.00011893808302
719 0.000315586237379
720 0.000638211990559
721 0.000226668836917
722 9.07699356412e-05
723 0.000168612160741
724 0.000148657032154
725 0.000476203008458
726 0.000155525533006
727 0.000357352704677
728 0.000288865134437
729 0.000393777526933
730 0.000238801306078
731 0.000180920304324
732 0.000265492041136
733 0.000258664073208
734 0.000134406616365
735 0.000267959720501
736 9.08181093662e-05
737 0.000234276033169
738 0.000188317666577
739 0.000262246943852
740 0.000323118021227
741 0.000132173212756
742 0.00019644233154
743 0.000190979946107
744 7.83146992274e-05
745 5.86776734555e-05
746 0.000570695982504
747 0.000163672529125
748 0.000591799036248
749 0.000218779978347
750 7.39171460806e-05
751 5.83571232657e-05
752 0.000136927651391
753 0.000369736521958
754 0.000197917617602
755 0.000308552028435
756 0.000218226442234
757 0.00012955795705
758 0.000120770626414
759 0.00022616972004
760 0.00012245997123
761 0.00030310484264
762 0.00011171385239
763 0.000154663334156
764 0.000178961013499
765 0.000295722286534
766 0.00016911963799
767 0.000356266310595
768 0.000155052047814
769 0.000232322289328
770 0.000223733372835
771 0.00032124878929
772 0.000256603301642
773 0.000211160006492
774 0.000359514244153
775 0.000394612037944
776 7.39171460806e-05
777 0.000240228734579
778 0.000207368564491
779 0.000184780558361
780 0.000202737632032
781 0.000342362748414
782 0.000511211034517
783 0.000222560437188
784 0.000205656442316
785 0.000417053846468
786 7.30286905405e-05
787 0.0001510609138
788 0.000304437363807
789 9.38139667565e-05
790 0.000230523261358
791 8.62520947183e-05
792 0.000139672973238
793 0.000252334909373
794 0.000234072144417
795 0.000166909457155
796 0.000216405741454
797 0.000135663897329
798 0.000287231986166
799 0.000162334323253
800 0.000160660930442
801 0.000400703606457
802 4.82678395996e-05
803 0.000108248604125
804 0.000249669907955
805 0.000270487179724
806 0.000656556404841
807 0.000271097713969
808 0.000223853819947
809 0.000124920912908
810 0.000207048124035
811 0.000323352376031
812 0.000148050969264
813 0.000110708108479
814 0.000149894604956
815 0.000275515909954
816 0.000390574719397
817 0.000161131571174
818 0.000265056086037
819 0.000263849850963
820 0.000394523077884
821 0.000376907815571
822 0.000119576570579
823 0.00026092133032
824 0.000557673090169
825 0.000566001013078
826 0.000141962802814
827 0.000138936384478
828 0.000447481062041
829 0.000791229050681
830 0.000374355255189
831 0.00054889214225
832 0.000178316083851
833 8.7866615746e-05
834 0.000271414340288
835 0.000418649970937
836 0.000222626665183
837 0.000152220867059
838 0.000160657153977
839 0.000237828238515
840 0.000264002257349
841 0.000293687935698
842 6.22919107917e-05
843 0.000367399996924
844 0.000156195400235
845 0.000163653798859
846 0.000246348656264
847 0.000105191825596
848 0.000279856689565
849 0.000257735319361
850 0.000323422227402
851 0.000160366410871
852 7.49319266748e-05
853 0.00011893808302
854 0.000426162424943
855 6.65195841187e-05
856 0.00011893808302
857 0.000531318655053
858 0.000205264138032
859 0.000157123620119
860 7.85555214407e-05
861 6.06085755992e-05
862 0.000191669816379
863 0.000296014302762
864 0.000213777614665
865 0.000136012383727
866 0.00010016155032
867 0.00016191932376
868 0.000227586106195
869 0.00010016155032
870 0.00012636335023
871 0.000213510962172
872 0.000200842289966
873 0.000200458363016
874 0.000174989829266
875 0.000200458363016
876 5.37139147192e-05
877 0.000213777614665
878 0.000125852363006
879 0.000196210525689
880 0.000187212311099
881 0.000116366813665
882 0.00021257697005
883 0.000162898472553
884 5.37139147192e-05
885 0.000121657031675
886 0.000260732050098
887 0.000167564072666
888 0.000174989829266
889 0.000178152394682
890 0.00024732810959
891 0.000127383294272
892 5.37139147192e-05
893 5.37139147192e-05
894 0.000114563108554
895 0.00013446552593
896 0.000185353227542
897 0.000594173460828
898 0.000248862685106
899 0.000210242080785
900 6.82813026093e-05
901 0.000123057127557
902 0.000274116965451
903 0.000228411344326
904 0.000272245417017
905 8.59472634088e-05
906 0.000135976159031
907 0.000248101901809
908 8.64223938847e-05
909 0.000292009006244
910 0.000176547693755
911 0.000100289206823
912 4.28352764486e-05
913 0.000123468307107
914 0.000259097104586
915 0.000125320719913
916 0.000230407032957
917 0.000433459568081
918 0.000742996904866
919 4.28352764486e-05
920 0.000171268386327
921 0.000100313198001
922 0.000326321574372
923 0.00014928577246
924 0.000102796174691
925 0.000314862978914
926 0.000489164255488
927 0.000102942598604
928 0.000250541037621
929 0.000115217248886
930 8.72077361273e-05
931 0.000329843755194
932 0.0001381837616
933 0.000216115079043
934 0.000159809281272
935 0.000251019765485
936 7.59684441304e-05
937 0.000239585322935
938 9.65142782793e-05
939 0.000236363475097
940 0.000168756259306
941 0.000142062818043
942 0.00029055891437
943 0.000333325434109
944 0.000115367970237
945 0.000273848132906
946 5.80916838753e-05
947 0.000513187519416
948 0.00035041308539
949 0.000247792648808
950 0.000181347263269
951 0.000116133394046
952 0.000168712505284
953 0.000250409219864
954 0.000338303490584
955 0.000282353992511
956 0.00016295666059
957 0.000156791148854
958 0.000313813118658
959 0.000202309365742
960 0.000165750258717
961 0.000322938013951
962 0.000143750970589
963 0.000199203512501
964 0.000264804892155
965 0.000210177152439
966 0.000135155002821
967 0.000332557396039
968 0.000340608119156
969 0.000245615124499
970 0.000179768463746
971 0.000157679682816
972 0.000198694757828
973 9.73440333912e-05
974 0.000145876265016
975 0.000119123232859
976 0.000271847258587
977 0.000169435582847
978 0.000207397664333
979 0.000327917811847
980 0.000160673595121
981 0.000399867495496
982 0.000233787863524
983 0.000240927728469
984 0.000199240856722
985 0.000238869539673
986 9.3586441961e-05
987 0.000108342618851
988 9.19083696198e-05
989 0.000200424130686
990 0.000185218753248
991 0.000270823072173
992 0.00016303027955
993 0.000250683917316
994 0.000462254431456
995 0.000178113978135
996 0.00026251847315
997 7.15014040213e-05
998 0.000294327216453
999 7.89060077571e-05
1000 0.000237950637259
1001 0.000177791185951
1002 0.000241043500445
1003 0.000115218806514
1004 0.000304009416475
1005 0.00034894409845
1006 0.000128963258334
1007 0.000421272891804
1008 0.000108839552322
1009 9.48508676228e-05
1010 0.000284639413398
1011 0.000275846109269
1012 0.000232373940222
1013 0.000192931274007
1014 0.000123319177273
1015 0.00049593564687
1016 0.000184716545353
1017 0.000149085083777
1018 0.000434060389515
1019 0.000269188706651
1020 0.000291284826779
1021 0.000297318863713
1022 0.000299252240795
1023 5.94712877623e-05
1024 0.000110317449286
1025 0.000281796439174
1026 0.000198998683129
1027 0.000264166348718
1028 8.96962739102e-05
1029 0.000214461996251
1030 0.00031288484687
1031 0.0001769500507
1032 6.69847813172e-05
1033 0.000397758834102
1034 0.000175004585678
1035 5.68521744782e-05
1036 0.000196956127177
1037 0.000281088398199
1038 0.000272801168486
1039 7.00982902048e-05
1040 0.000109840699487
1041 0.000218411639845
1042 0.00034748186604
1043 0.000128819481019
1044 0.000183308915045
1045 0.000155530957479
1046 0.000167567007015
1047 9.05603139338e-05
1048 0.000216867718441
1049 0.00033433781605
1050 0.000270492310289
1051 0.000129659088001
1052 0.000301504877105
1053 0.000419177893875
1054 0.000117207477255
1055 0.00019292033127
1056 0.000143479971246
1057 0.000223912753789
1058 9.07576667721e-05
1059 8.33317570301e-05
1060 0.000474606922636
1061 0.000270461051783
1062 0.000123880308611
1063 0.000175538046335
1064 9.97308833537e-05
1065 0.000240163322142
1066 5.14408205536e-05
1067 0.000346410588867
1068 0.000354785875548
1069 0.000177793659863
1070 9.8344087439e-05
1071 0.000520393405907
1072 8.14061994627e-05
1073 0.000203461005349
1074 0.000112952174409
1075 0.000225180620317
1076 0.000264818156522
1077 0.000412839925991
1078 0.000143383340065
1079 0.000509654431725
1080 0.000354537458647
1081 0.000360543284496
1082 0.000171930441626
1083 0.000276930952543
1084 0.00031846046734
1085 8.61418338371e-05
1086 0.000598131757574
1087 0.000664689382526
1088 0.000105876024598
1089 0.000155714407948
1090 0.000139990150593
1091 0.000132516304332
1092 0.000112774609129
1093 0.000179165290319
1094 9.42590485905e-05
1095 0.000113535552632
1096 0.000167368480234
1097 4.28352764486e-05
1098 0.000290683270536
1099 0.000233764571771
1100 0.000290856219673
1101 0.000319692101592
1102 0.000361667899941
1103 0.000267009719404
1104 8.15699166195e-05
1105 0.000501959329842
1106 0.000115218806514
1107 0.000217854924897
1108 0.000403611294742
1109 0.000225500121094
1110 0.000277627210002
1111 0.000267811808835
1112 0.000146755550213
1113 0.000184073780318
1114 0.000292265097971
1115 0.000256022279608
1116 0.000188060400386
1117 0.000118336101737
1118 0.000360713765492
1119 0.000281483449668
1120 4.28352764486e-05
1121 0.000246325151218
1122 0.000185493108339
1123 0.000304653704281
1124 0.00024831769692
1125 0.000428797662202
1126 0.000340332465477
1127 0.000572020103316
1128 0.000201845900968
1129 0.000321376902842
1130 0.000292318010272
1131 0.000218936482138
1132 0.000244362972833
1133 0.000405271314389
1134 8.40843538939e-05
1135 0.000127969683565
1136 0.000237102944183
1137 0.000314444434841
1138 0.000239768120691
1139 0.000212029986348
1140 0.000205045842883
1141 0.000101229248643
1142 0.000154924855309
1143 0.000219983216907
1144 0.000102367444945
1145 0.000216690354881
1146 4.28352764486e-05
1147 0.000435601427929
1148 6.38900121014e-05
1149 0.000336466713767
1150 0.000312343798363
1151 0.000128942380646
1152 6.73180063103e-05
1153 0.000126936312689
1154 0.000397430662721
1155 0.000107759840343
1156 0.000273994886964
1157 0.000298353450108
1158 7.42468444384e-05
1159 0.000332421796952
1160 0.00039059953501
1161 0.000279551512516
1162 0.000152978399927
1163 9.79417932921e-05
1164 0.000296573536731
1165 0.000112044963445
1166 0.00023830395761
1167 0.000327209915564
1168 0.000205841975976
1169 8.21090933017e-05
1170 0.000159209442585
1171 0.000223916120609
1172 0.000243383779255
1173 0.000333369583567
1174 0.000395541084346
1175 0.000193263116995
1176 0.000399174269543
1177 4.72169204647e-05
1178 0.000207697907541
1179 0.000140062166942
1180 0.000284720504449
1181 0.000158971231524
1182 0.000264541886069
1183 0.00023209593308
1184 0.000237164561765
1185 0.000447235536306
1186 0.000440820413312
1187 0.000153636804482
1188 0.000190967407924
1189 0.000240850470764
1190 0.000278301966482
1191 0.000201437085195
1192 0.000331596706748
1193 0.000453695835355
1194 0.000128441252804
1195 0.000102499197592
1196 0.000176359317091
1197 0.000125801053428
1198 0.000186999673793
1199 0.00024748051254
1200 0.000611202649985
1201 7.40093871485e-05
1202 0.000192331950108
1203 0.000162141234827
1204 0.000108121515256
1205 0.000504309253219
1206 0.000308993511074
1207 4.28352764486e-05
1208 0.000229760840879
1209 9.23235268236e-05
1210 0.000242323539506
1211 0.000268876353912
1212 0.000494531638593
1213 0.000222230500387
1214 0.000173709591908
1215 0.000367661069993
1216 0.00024117417058
1217 0.000286704634784
1218 0.000290784722161
1219 0.000169335442919
1220 0.000183893292537
1221 7.5988297635e-05
1222 0.00037614999715
1223 0.000436868497961
1224 0.000154387265352
1225 6.73056690851e-05
1226 0.000224796658713
1227 0.000251410759613
1228 0.000397549278641
1229 0.000189698740234
1230 0.000239955358343
1231 0.000371888331123
1232 0.000369619961758
1233 0.00023822883255
1234 4.96336266011e-05
1235 0.000143336888763
1236 0.000523146574956
1237 0.000323090738663
1238 0.000355825256769
1239 0.000450741617313
1240 6.18266117824e-05
1241 0.000143710717708
1242 0.000142290852312
1243 0.000282256327769
1244 0.000340334309236
1245 0.00011550954373
1246 0.000222115939544
1247 0.000238798344785
1248 0.000161935683187
1249 9.50131568342e-05
1250 0.000134709865669
1251 0.000396479117936
1252 0.000135567536351
1253 7.28538049878e-05
1254 8.14061994627e-05
1255 0.000113314476215
1256 0.00037480396949
1257 0.000405357738944
1258 0.000269299515781
1259 0.000272614104801
1260 0.000346084244446
1261 0.00026818652826
1262 0.000348166445089
1263 4.54132392137e-05
1264 6.69249489273e-05
1265 8.41183020382e-05
1266 0.000128492939474
1267 0.000144176354241
1268 0.000342876899095
1269 0.000121645878538
1270 0.000369356685312
1271 5.62919058251e-05
1272 0.000289832085378
1273 0.000278148262921
1274 0.000352500466568
1275 0.000229815553125
1276 0.00038406158242
1277 4.54139447091e-05
1278 0.000583772747396
1279 0.000137987613202
1280 0.000221330066008
1281 0.000251438618037
1282 0.000213309019903
1283 0.000378637147258
1284 0.000250280886962
1285 0.000295969968735
1286 0.000182520056989
1287 0.000138457618859
1288 0.000204510702572
1289 0.000278143251736
1290 0.000254344214449
1291 0.000272764776735
1292 0.000329925285422
1293 0.000270069841566
1294 0.000160653916102
1295 0.000160437351132
1296 8.27941361495e-05
1297 0.000187829758265
1298 0.000100131388428
1299 0.000331412822697
1300 0.000227430160889
1301 0.000206793574189
1302 8.10219035512e-05
1303 0.000311670457068
1304 0.00025568837298
1305 0.000305381738438
1306 0.000358745876663
1307 0.000196105731715
1308 0.000296048781071
1309 0.000174623324666
1310 0.00022271369213
1311 0.000201053667276
1312 0.000185854110255
1313 0.000270477851252
1314 0.000222255489942
1315 0.000214822199423
1316 0.000222711010839
1317 0.000175307638102
1318 0.000220440266635
1319 0.000266868015532
1320 0.000222816996763
1321 0.000383717841072
1322 0.000166558805077
1323 0.000428694191782
1324 0.000243540797023
1325 0.000221021461551
1326 0.000185998640874
1327 5.82313652449e-05
1328 0.000259183371673
1329 0.00020952458844
1330 0.000408881079649
1331 0.000376663047869
1332 0.000423759641452
1333 0.000274405261932
1334 0.000266089224757
1335 0.000373596818904
1336 0.000368186728728
1337 0.000178989608305
1338 0.000276732557596
1339 0.000446792473803
1340 0.000302203986509
1341 0.000201605720742
1342 0.000358083315992
1343 0.000101885854179
1344 0.000262284488473
1345 0.000281231101806
1346 0.000454022847904
1347 6.40441265846e-05
1348 0.000375389886131
1349 0.000272248979245
1350 0.000269227354057
1351 0.000179372307358
1352 0.000210588926803
1353 0.000675920649868
1354 6.6630056432e-05
1355 7.15257088288e-05
1356 0.000271091510457
1357 0.000187525932151
1358 0.000229389304797
1359 0.000462325735294
1360 0.00026657357382
1361 0.00034590411364
1362 0.000422439231209
1363 5.55322149829e-05
1364 0.000181593053693
1365 0.000101260367335
1366 0.000145912874713
1367 0.000432995012536
1368 0.000478761243241
1369 0.00016295666059
1370 0.000277386909587
1371 0.00032893339012
1372 0.000288655174361
1373 8.78380806284e-05
1374 0.000382116450715
1375 0.000267453383922
1376 0.000232630728813
1377 0.000530833959969
1378 0.000554081138062
1379 0.000259199821095
1380 0.000246098511919
1381 0.000255276736795
1382 0.000150097443238
1383 0.000221028821105
1384 6.73191621561e-05
1385 0.000139125374122
1386 0.00013112264501
1387 4.28352764486e-05
1388 0.00012925265798
1389 0.000260705532799
1390 0.00016149137937
1391 0.000545923537229
1392 0.000506700023591
1393 0.000192773849733
1394 0.000199227192312
1395 6.03315312287e-05
1396 4.82191528345e-05
1397 0.000281769379739
1398 0.000119902972191
1399 0.000161516878357
1400 0.000508804363994
1401 0.000157473881365
1402 7.74238519408e-05
1403 0.000227391248219
1404 0.000149085083777
1405 0.0002522439314
1406 0.000276870554357
1407 0.000186551827489
1408 0.000148650802822
1409 0.000221482307918
1410 0.000339698042302
1411 0.000213530502506
1412 7.8967151167e-05
1413 0.000166409250556
1414 0.000299460388713
1415 7.17750691871e-05
1416 0.000236368552459
1417 0.000327683123491
1418 5.73476198025e-05
1419 0.000148330551958
1420 0.000194490904803
1421 0.000445098593259
1422 0.000234936742981
1423 0.000118863690222
1424 0.000286361241797
1425 0.000179791851268
1426 0.000247357586825
1427 0.000324125578878
1428 0.000389495339996
1429 0.000224884313359
1430 0.000226167501172
1431 4.94460792249e-05
1432 0.000664680103202
1433 0.000270447199961
1434 0.000227421937053
1435 0.000139434418184
1436 0.000276205775464
1437 0.000202379674651
1438 0.000218107031828
1439 0.000179157173792
1440 8.97677835471e-05
1441 0.000167081778439
1442 0.00016029408127
1443 7.94709533512e-05
1444 0.000101626104398
1445 0.000215153274501
1446 0.000106905638195
1447 0.000234724479238
1448 0.000430456319636
1449 0.000251878100598
1450 0.000290726536389
1451 0.000206091248021
1452 0.000172842734781
1453 0.000275205264794
1454 0.000214222450209
1455 0.000270355168084
1456 7.04213470397e-05
1457 0.000383376125247
1458 0.000197020506877
1459 0.000147911726636
1460 0.00048015893582
1461 0.000182386237186
1462 9.02776887656e-05
1463 0.000394123878022
1464 6.81649947132e-05
1465 0.000181254774987
1466 0.000358534703846
1467 4.28352764486e-05
1468 0.00038224461843
1469 0.000253063265277
1470 0.000427892667907
1471 0.000231708849165
1472 0.000507408429022
1473 0.000599582531283
1474 0.00034451964547
1475 7.34207830095e-05
1476 0.000362995795908
1477 7.46041759973e-05
1478 0.000105565987066
1479 0.000161338098236
1480 0.00039643791333
1481 0.000315099339882
1482 0.000133059839053
1483 0.00034224039167
1484 0.000304006113871
1485 0.000104891404957
1486 0.00017439002289
1487 9.25139069958e-05
1488 0.00035757918805
1489 0.000403854511656
1490 0.000140525792268
1491 8.73792885075e-05
1492 0.000359207216107
1493 0.000113178786153
1494 0.00021606648311
1495 0.000259013331092
1496 0.000373223264496
1497 0.000353927424981
1498 0.000192838155513
1499 6.56203334858e-05
1500 0.000192385759656
1501 0.000212331885107
1502 0.0001110633448
1503 0.000360578272906
1504 0.000173900413943
1505 0.000389826283878
1506 0.000534704615952
1507 8.00454473308e-05
1508 0.000273280735585
1509 0.000182751171538
1510 0.000396438907845
1511 6.17991106563e-05
1512 0.000280795099004
1513 0.000227007556357
1514 0.000206257927517
1515 0.000227602961981
1516 0.000348892673738
1517 0.000444671184717
1518 0.000132247848317
1519 0.000132347607852
1520 0.000154669810502
1521 0.000359056170648
1522 6.9131460242e-05
1523 0.000451086007158
1524 0.000261162096068
1525 0.000144972495195
1526 0.000366375810521
1527 0.000153834296653
1528 0.000104470237945
1529 0.000245449128886
1530 0.000294292539739
1531 0.000302472983786
1532 0.000185873230026
1533 0.0001408845646
1534 0.000280069486459
1535 0.000286661432563
1536 0.000217971333435
1537 0.000547556818192
1538 0.000165042057929
1539 0.000231467182528
1540 0.000244062210164
1541 0.000312562638343
1542 0.000243349779678
1543 0.000182433792789
1544 0.000224855777446
1545 0.0001442732324
1546 0.000316432954219
1547 6.93500078412e-05
1548 0.000348569322753
1549 0.000309213300982
1550 0.000348539742385
1551 0.000196593331084
1552 0.000488741277929
1553 9.73360112729e-05
1554 0.000239938705287
1555 0.000471970784349
1556 0.000327978971972
1557 0.00010691548822
1558 0.000440064255155
1559 5.08166449071e-05
1560 0.000547276956035
1561 4.28352764486e-05
1562 0.000185075742962
1563 0.000130048416314
1564 0.000340530942406
1565 0.000159989612932
1566 0.000280448312525
1567 0.000176733426387
1568 0.000304393498168
1569 0.000236365743755
1570 0.00030536722218
1571 0.000375934035624
1572 0.000215968798658
1573 0.000153305380835
1574 0.000424811644311
1575 0.000424770941894
1576 0.000142087393543
1577 0.000317539398666
1578 0.000532083816987
1579 0.000190215945389
1580 7.3118840023e-05
1581 0.000257183564764
1582 4.28352764486e-05
1583 0.000222307349394
1584 0.000454482329256
1585 0.000641368037301
1586 0.000186524612383
1587 9.05603139338e-05
1588 0.000259462930302
1589 0.000224862328413
1590 0.000579882589686
1591 0.000312797003273
1592 0.000496169708899
1593 0.00013811765911
1594 0.000301678496233
1595 0.000121421327122
1596 0.000216523243085
1597 0.000365917435176
1598 0.00033241248186
1599 0.000406822567857
1600 0.000116680143014
1601 0.000351097644135
1602 0.000259303054274
1603 0.000103917117772
1604 0.000413182820579
1605 0.000462626568324
1606 0.000275299517762
1607 0.000199332710351
1608 9.72890279407e-05
1609 0.000347031000932
1610 0.000295493550929
1611 0.000512301259461
1612 0.000345502409884
1613 0.000538549190698
1614 0.000524223685038
1615 0.000231718328064
1616 0.000234001045292
1617 0.000314880347065
1618 0.000345197690746
1619 0.000126559490936
1620 0.000343053020324
1621 0.000429921707071
1622 0.000545982878118
1623 0.000514748626263
1624 0.000295568518458
1625 0.000262683713236
1626 0.000177592966597
1627 0.000217383690824
1628 8.96962739102e-05
1629 0.000391151802474
1630 0.000188732076921
1631 0.000428395489494
1632 8.76306958516e-05
1633 0.000245508600252
1634 0.000176866085272
1635 0.000281601041149
1636 0.000183802682802
1637 0.000382453147996
1638 0.000319292420436
1639 0.000182616763366
1640 0.000265990350772
1641 0.000103348569347
1642 0.000147133043295
1643 0.000280102731107
1644 0.000295460274618
1645 0.000229797510106
1646 0.000347032321363
1647 0.000124479406475
1648 0.000244485036004
1649 0.00020928102458
1650 0.000200800885404
1651 0.000174591718721
1652 5.12227987427e-05
1653 0.000245358066176
1654 0.000227961090594
1655 9.0943402549e-05
1656 0.000274784740507
1657 0.000291584758133
1658 0.000100289206823
1659 0.000128777612187
1660 0.000251278073046
1661 0.000186641812463
1662 0.000397291286166
1663 0.000423776502462
1664 0.00067126471581
1665 9.42169218913e-05
1666 0.000366912315354
1667 0.000319639443279
1668 0.000227640118135
1669 0.000350552331938
1670 0.000396699013638
1671 0.000102366360867
1672 0.000235079951965
1673 0.000209294507134
1674 0.000259573111717
1675 0.000186505661144
1676 0.000372260014282
1677 0.000180003632248
1678 0.000232055711105
1679 0.000145938864622
1680 0.000185686200177
1681 0.000318250318087
1682 0.000191886210837
1683 0.000197225920886
1684 0.000390888621821
1685 0.00640218278251
1686 0.000290579942724
1687 0.000243181904673
1688 0.000396513467695
1689 0.000337749875155
1690 0.000360439748116
1691 4.8529437643e-05
1692 0.000286612820801
1693 0.000323506365562
1694 8.06132023923e-05
1695 0.000250011043952
1696 0.000204948415992
1697 0.000121121179759
1698 8.18426615432e-05
1699 0.000181253962689
1700 0.000270761087635
1701 8.77451832683e-05
1702 0.000104156911319
1703 0.000263987434826
1704 0.000486736859832
1705 0.000164629952808
1706 0.000264658031122
1707 0.00023477016467
1708 0.000514967385333
1709 0.000118688888125
1710 0.000421900130891
1711 8.48792026851e-05
1712 7.9097771401e-05
1713 0.000310261010577
1714 6.69487029978e-05
1715 0.000520460765361
1716 0.000311240348809
1717 0.000296707796732
1718 0.000405581146588
1719 0.000527669696492
1720 0.000190933635589
1721 0.000255923204967
1722 0.000336347644275
1723 0.00021228259034
1724 0.000165573326237
1725 0.000205790254422
1726 0.000383117660675
1727 0.000196227551743
1728 0.000215859230194
1729 0.000173232637601
1730 0.000407211523977
1731 0.000668445246611
1732 9.66830560749e-05
1733 0.00025438454027
1734 0.000302265926985
1735 0.00017428835119
1736 0.000324440278727
1737 0.000442493679543
1738 0.000240446143075
1739 0.000184070485186
1740 0.000141318806882
1741 0.000237774579554
1742 0.000316232440872
1743 0.000392926486607
1744 0.000208024093585
1745 0.000242920687016
1746 0.000148596748463
1747 0.000570187103243
1748 0.000189702649829
1749 0.000121909528074
1750 0.000137265799581
1751 0.000369881314842
1752 0.000263752170088
1753 0.000335256200694
1754 0.000254484852631
1755 0.000192577101838
1756 4.70749220334e-05
1757 0.000141350568493
1758 0.00037507055152
1759 0.000248542811438
1760 8.60136318454e-05
1761 7.14822027445e-05
1762 0.000416776522734
1763 6.55890953577e-05
1764 0.000212530748938
1765 0.000143536316533
1766 0.000237163809384
1767 0.00025866499529
1768 0.000238762867922
1769 0.000622332681616
1770 0.000115436074997
1771 0.000336753806866
1772 9.53358342363e-05
1773 0.000200106072686
1774 0.000165941367225
1775 0.000174732206771
1776 6.21460693612e-05
1777 0.000100289206823
1778 7.01508530355e-05
1779 0.000257600436918
1780 0.00017469738203
1781 0.000132535556574
1782 0.000187171942984
1783 0.000228735425026
1784 0.000666009678874
1785 0.000154770414649
1786 0.000243642586555
1787 0.000498258496779
1788 0.000300784742463
1789 0.000157204483367
1790 0.000305578806629
1791 0.000221725529975
1792 0.000399779129698
1793 8.26627214685e-05
1794 0.000413045156921
1795 0.000345617346722
1796 0.000268235267795
1797 0.000219219781556
1798 7.49995377164e-05
1799 0.000275287951377
1800 0.000433550196431
1801 0.000717242197401
1802 0.000166385793357
1803 0.000119090824445
1804 0.000243506286298
1805 0.000550297833096
1806 0.000123636302932
1807 0.000296060178795
1808 0.000316415493901
1809 0.000163120278561
1810 0.000343097131319
1811 0.000301480858948
1812 0.000209902645699
1813 0.000230102349386
1814 0.00049660079235
1815 0.000112965015565
1816 0.000187437727262
1817 0.000372486956816
1818 0.000114789490741
1819 0.000184904750693
1820 0.000279785143951
1821 0.000343163188638
1822 0.000108228255708
1823 0.000136584440969
1824 0.000370365534991
1825 0.000303938000424
1826 0.000277756187545
1827 0.000299434530357
1828 0.000591530628898
1829 0.000309886588817
1830 0.000146514041791
1831 0.000116694712331
1832 0.000337537034786
1833 0.000161190690547
1834 0.000536738893616
1835 4.28352764486e-05
1836 0.000555013649469
1837 0.000118756503026
1838 0.000305240930626
1839 0.000104599862313
1840 0.000472802939098
1841 0.000130841516649
1842 0.000244062938933
1843 0.000350817720138
1844 0.000150980556774
1845 0.000438776450497
1846 0.000332131687879
1847 0.000173246562793
1848 0.000224053409203
1849 0.000197811842895
1850 0.000341325311088
1851 0.000186013779844
1852 0.000180787139152
1853 0.000146564395731
1854 0.000102776474185
1855 5.55857036918e-05
1856 7.46711871821e-05
1857 5.65941167819e-05
1858 0.000348058311074
1859 0.00020962956832
1860 0.000232162426143
1861 0.000159013381081
1862 0.000334678144522
1863 0.000270552210152
1864 0.00022800204082
1865 0.000326140487934
1866 8.32738731107e-05
1867 0.000289168483497
1868 0.000371775111341
1869 0.000357627802908
1870 0.000131371420631
1871 0.000159377426316
1872 0.00040846538407
1873 0.000256432784033
1874 0.000203640374513
1875 7.51425051683e-05
1876 0.000159646371648
1877 0.000389351639656
1878 0.000209614979766
1879 0.00022918966551
1880 0.000423255863226
1881 0.000260295671902
1882 0.000295165970534
1883 0.000309748999711
1884 0.000121623647707
1885 0.000171746733417
1886 0.00016142115958
1887 0.000321076781518
1888 8.11573164512e-05
1889 0.000719098457804
1890 0.00022185711471
1891 0.000148366523829
1892 0.000230833896033
1893 0.000118581364394
1894 0.000410525064466
1895 0.000328995027569
1896 0.00029562719927
1897 0.000136456855534
1898 0.000227766002491
1899 0.000303555081483
1900 0.000377074605366
1901 0.000115101963929
1902 0.000127118019493
1903 0.000381317687903
1904 0.000208038810088
1905 0.000228639436405
1906 0.000123707935929
1907 0.000173211632311
1908 0.000165071853682
1909 0.000113965803083
1910 0.000259160922584
1911 0.000258139389299
1912 0.000238536032966
1913 0.00388145654845
1914 0.000105447475324
1915 0.000250453005321
1916 0.000128430714189
1917 0.000262163541971
1918 0.000345785561542
1919 0.000297090008119
1920 0.000288991612974
1921 0.000368078427719
1922 0.000214222987425
1923 0.000159821554201
1924 0.000260175715666
1925 7.62478656484e-05
1926 0.000241399334421
1927 0.000464125806737
1928 0.000286074010556
1929 0.00013887831281
1930 0.000278946893472
1931 0.000123976464788
1932 0.000211707159599
1933 0.000290214384956
1934 0.0001237848694
1935 0.000128800599813
1936 0.000263149100875
1937 0.000209958680963
1938 7.4257478075e-05
1939 0.000343875813016
1940 0.000262020427235
1941 0.000288539893926
1942 0.000534887452222
1943 0.000125950769272
1944 0.000352361733798
1945 0.000166142583853
1946 0.000442176153776
1947 0.000346726436023
1948 0.000374447698827
1949 0.00032771437535
1950 9.85438210211e-05
1951 9.52333872305e-05
1952 0.000327084358279
1953 8.88122144363e-05
1954 0.000234391039796
1955 0.000330953954193
1956 0.000289191487784
1957 0.00015272040589
1958 0.000215955306288
1959 0.000192090288421
1960 0.000372436715131
1961 0.000366144188203
1962 0.000114543103276
1963 0.000340149448033
1964 0.000176811800496
1965 0.000543227297886
1966 0.000162339199787
1967 0.000329964079812
1968 4.8504418432e-05
1969 0.00019009520552
1970 4.98179071616e-05
1971 0.000273179103276
1972 0.00032336461775
1973 0.000347041409061
1974 0.000321694807555
1975 8.61591648621e-05
1976 0.000307691315414
1977 0.000213975345367
1978 9.1293929739e-05
1979 0.00014824732938
1980 0.000323533311265
1981 0.000301638534665
1982 0.000196249415946
1983 0.000118034667321
1984 0.00037556666531
1985 0.000329510752693
1986 0.000436709999967
1987 0.000288030344748
1988 0.000156779179105
1989 0.000216178713538
1990 0.000179499251917
1991 0.000189218360911
1992 0.000259734992186
1993 0.00016443755873
1994 0.000374761288177
1995 0.00020403667187
1996 0.000324315655358
1997 8.04454933188e-05
1998 0.000254133482588
1999 0.000282366847966
2000 0.000187329467842
2001 0.0001855858171
2002 0.000306173806049
2003 0.000272275341251
2004 0.000190216043294
2005 0.000262454363576
2006 0.00028680892236
2007 0.000275825301083
2008 0.000494497762591
2009 8.74437172913e-05
2010 0.000234022982655
2011 0.000265267910007
2012 0.00021593879933
2013 0.000103848408602
2014 7.81374934918e-05
2015 8.49136211161e-05
2016 8.51299878534e-05
2017 0.000117200759546
2018 0.000129298613197
2019 0.00028580571298
2020 9.04735801888e-05
2021 0.000291474579253
2022 8.99780239413e-05
2023 0.000261789760527
2024 0.000219017391304
2025 0.000273980519515
2026 0.000173870449255
2027 0.000280294841515
2028 0.000233724010525
2029 0.000327623286126
2030 0.000182178989726
2031 0.000339910898294
2032 0.000263669030519
2033 0.000447747499042
2034 0.000316364879447
2035 0.000149139369241
2036 0.000258646397924
2037 0.00014062269468
2038 0.000342660800201
2039 0.000431439059341
2040 0.000340402345003
2041 0.000291476598661
2042 0.000135646033916
2043 0.00030169735793
2044 0.00031881446266
2045 9.35326443851e-05
2046 0.000320750460604
2047 0.000234588231334
2048 0.00084316284834
2049 9.69303792844e-05
2050 0.000318269822669
2051 0.000136622681899
2052 0.000123027744572
2053 0.000325680162867
2054 0.000351233408864
2055 0.000494306324829
2056 0.000157968918926
2057 0.000249942255085
2058 0.00015568564986
2059 0.000175418287719
2060 0.000347762896767
2061 0.000222025596455
2062 0.000258422495065
2063 0.000249725754375
2064 0.000267207456075
2065 0.000340267919749
2066 0.00010385365369
2067 8.25604004529e-05
2068 0.000116939174018
2069 0.000439809054962
2070 0.000321152097872
2071 0.00013488724012
2072 0.000368598283026
2073 0.000398904411191
2074 0.000354353089552
2075 0.000296327556319
2076 0.000176743357895
2077 0.000178423184099
2078 0.00023882036947
2079 0.000371118491994
2080 4.15317153833e-05
2081 9.99744597642e-05
2082 0.000528448898498
2083 0.000170577126798
2084 0.000275088431925
2085 0.000283696784706
2086 0.000195431211146
2087 0.000256852939684
2088 0.000477866453035
2089 0.000362456143058
2090 0.000211308818758
2091 0.000342261558206
2092 0.000293365034477
2093 0.000140763355418
2094 0.000329684561365
2095 0.000139111997248
2096 0.000286775164369
2097 0.000104281600878
2098 0.00020975550427
2099 0.00022616661893
2100 0.000119719455458
2101 9.7141314247e-05
2102 0.000240669409378
2103 0.000428696987524
2104 0.0003398516126
2105 0.000328318245699
2106 0.000124592263186
2107 0.00010524989473
2108 0.000318877288353
2109 0.000299652227113
2110 0.000253827776205
2111 0.000183101307951
2112 0.000560188416451
2113 0.000297410922504
2114 0.000146211834572
2115 0.000149434471378
2116 0.000256522131916
2117 0.000315038161411
2118 0.000488300981968
2119 0.000341278422149
2120 0.000154998284817
2121 0.000230814243227
2122 0.000293171963957
2123 0.000270805844491
2124 0.000368660169104
2125 0.00030971109655
2126 0.000371826912218
2127 0.000466738693725
2128 0.000356276491974
2129 0.000310357500015
2130 0.000344001464379
2131 0.00011831656753
2132 0.000361802848361
2133 0.000306413831134
2134 0.000580345656241
2135 0.000271038997722
2136 0.000276900309849
2137 0.000157677526228
2138 0.000162408031358
2139 0.000419670491116
2140 0.000323733429524
2141 0.000312803490847
2142 0.000136907915815
2143 0.000435462093214
2144 0.000342493398212
2145 0.000253668046658
2146 0.000251469525072
2147 0.000225805548529
2148 0.000131751870892
2149 0.000283170576264
2150 0.000397226856344
2151 0.000353413269788
2152 0.000269252200157
2153 0.000192035257977
2154 0.000414859998952
2155 0.000297286859848
2156 0.000179070677866
2157 0.000275936226863
2158 0.000210852697341
2159 0.000109035929081
2160 0.000255024892152
2161 0.000234763981487
2162 0.00027002425176
2163 0.000145004793747
2164 0.000123712419835
2165 0.00018815189876
2166 0.000247254393893
2167 9.65274571502e-05
2168 0.000106348894665
2169 8.33286277052e-05
2170 0.000337522731716
2171 0.000185566980109
2172 0.000335573695215
2173 0.000353484200286
2174 0.000274384743797
2175 0.000387068412056
2176 7.23241964404e-05
2177 0.000424231757156
2178 7.33336193077e-05
2179 6.67226767921e-05
2180 0.000190094649594
2181 0.000346906268032
2182 0.000176407020229
2183 7.41048461957e-05
2184 0.000401484251084
2185 0.000341806396305
2186 9.4621650765e-05
2187 0.000117683651773
2188 0.000443728384218
2189 0.000353125522635
2190 0.000334166772281
2191 0.000306931432179
2192 0.00027245750086
2193 0.000221556044963
2194 0.000144449373171
2195 0.000334487187204
2196 4.15317153833e-05
2197 0.000333947525435
2198 0.000195048974165
2199 0.000190670456439
2200 0.000550684694123
2201 0.000318077855089
2202 0.000343906838875
2203 0.000257907597029
2204 0.000321680078206
2205 9.74532620452e-05
2206 9.23707249403e-05
2207 0.000380817824798
2208 0.000199541589247
2209 9.30535649997e-05
2210 0.000180862501745
2211 0.00020233881791
2212 0.000276343563329
2213 0.000261965233065
2214 0.000203160189783
2215 0.000187353817937
2216 0.00019825874047
2217 0.000252418063309
2218 0.000178062347337
2219 0.000374973127465
2220 6.11011879163e-05
2221 0.000352189457554
2222 0.000168016730665
2223 0.000191491843031
2224 0.000362006812285
2225 0.00039245899611
2226 0.000227484053256
2227 0.000230480711159
2228 9.818282606e-05
2229 0.000275752245334
2230 0.000388284250896
2231 6.93476944398e-05
2232 0.000305784872654
2233 0.000293260670684
2234 0.000421196642566
2235 0.000107094832863
2236 0.000257742731282
2237 0.000323506284313
2238 0.000237502577547
2239 0.000144630725088
2240 0.000160545766142
2241 0.00036607524631
2242 0.000362446751063
2243 0.00021215923079
2244 0.000206219903201
2245 0.000361999824315
2246 0.000137443683013
2247 0.000303195190287
2248 0.000386537343199
2249 0.000172789122365
2250 0.000103216687404
2251 0.000350691735844
2252 0.00010965907719
2253 6.3435297367e-05
2254 0.000290946333666
2255 0.000290463192133
2256 0.000121427123456
2257 7.81664785964e-05
2258 0.000288702667092
2259 0.000119993097994
2260 0.000222504196796
2261 0.000188848643563
2262 0.000244479349199
2263 7.94013002049e-05
2264 0.000117431415925
2265 0.000245272906922
2266 0.000101451686335
2267 0.000463103283791
2268 0.000270397984489
2269 0.000445560057838
2270 4.15317153833e-05
2271 0.000102285429026
2272 0.000330017431958
2273 0.000154236045098
2274 0.000287390465715
2275 0.000141340876033
2276 0.000335704724441
2277 0.000286129902459
2278 0.000151621478773
2279 0.000328175533669
2280 0.00038916577809
2281 0.000208818179013
2282 0.000170397730987
2283 0.000470908703828
2284 0.000519769270232
2285 0.000294074758132
2286 0.000186804335453
2287 0.00021562620876
2288 0.000152468650847
2289 0.000101679328596
2290 0.0005695471162
2291 0.000332300465379
2292 0.000124436928716
2293 0.000432756578199
2294 0.000179080541599
2295 0.000384172579383
2296 0.000102322741533
2297 0.000190996512877
2298 0.000211288257733
2299 9.82264658691e-05
2300 0.000286376609627
2301 0.000260087029005
2302 0.000170346039413
2303 0.000385766299703
2304 0.000101808928216
2305 0.000236002783957
2306 8.55863262871e-05
2307 0.000218627143632
2308 0.000262328699142
2309 0.000287555269503
2310 0.000370214519399
2311 0.000123655626341
2312 0.000124524612028
2313 9.42448532823e-05
2314 0.000754621861511
2315 0.000177805794479
2316 0.000233105964588
2317 0.000120993564457
2318 0.000325444418309
2319 0.000198602365435
2320 0.000375491852893
2321 0.000172868432864
2322 0.000121162744351
2323 0.00029517132887
2324 0.000333020586172
2325 0.0003691731667
2326 0.000339709216992
2327 0.000327937588016
2328 0.000397314489657
2329 0.000512674169133
2330 0.000238469332832
2331 0.000168052796116
2332 0.000347024912234
2333 0.000318188900228
2334 0.000487180465969
2335 0.000273624282343
2336 0.000294418076271
2337 0.000452744553251
2338 0.000194890508851
2339 0.000328641738386
2340 0.000335711320597
2341 0.000358724245626
2342 0.000251978975651
2343 0.000270259704562
2344 0.000251497403939
2345 0.000382676470452
2346 0.000229846355567
2347 0.000200449431122
2348 0.00063020118305
2349 0.000281775360762
2350 0.000186841053027
2351 0.000104590782703
2352 0.000333728498885
2353 0.000307020079296
2354 0.000177240480251
2355 0.000323095852224
2356 0.000139501394582
2357 0.000312621340308
2358 0.000149389516178
2359 7.77903188093e-05
2360 0.000271533641395
2361 0.000135448483143
2362 0.000375834087454
2363 0.00013896021057
2364 0.000306033261272
2365 0.000335229117683
2366 0.000285514074009
2367 0.000198301382663
2368 0.000212246884873
2369 0.00027033787772
2370 0.000358093046553
2371 0.0002910831647
2372 0.00030840292631
2373 0.000327263727308
2374 0.000132457556536
2375 0.000306477168742
2376 9.91731020939e-05
2377 0.000335442595415
2378 0.000298435936232
2379 0.000260986807216
2380 0.000162707180802
2381 5.68641936993e-05
2382 0.00032078244495
2383 5.60643478098e-05
2384 8.55963265476e-05
2385 0.000581090269885
2386 0.000203718061129
2387 0.000260643114348
2388 0.000154337733348
2389 8.44476149381e-05
2390 0.000144143174606
2391 0.000179867983098
2392 0.000182694129668
2393 0.000188811315602
2394 0.000116075937625
2395 0.000306504755072
2396 0.000331637453659
2397 0.000239395341279
2398 0.000308674786351
2399 0.000345377652877
2400 0.000269408374214
2401 0.000104290053987
2402 0.000190584314573
2403 0.000153297232612
2404 0.000163280212691
2405 0.000319793578958
2406 0.00019439028938
2407 0.000212710232183
2408 0.000181951255783
2409 0.000282789966987
2410 0.000326655089943
2411 0.000382739628203
2412 0.000286355939237
2413 0.000301338415901
2414 0.000100249105611
2415 0.000334060789274
2416 0.000160052975494
2417 0.00019075605554
2418 0.000254013026559
2419 0.000224239921935
2420 0.000375936195624
2421 0.000247945899351
2422 0.000178423261431
2423 8.88324590003e-05
2424 0.00030324561451
2425 0.000121597834208
2426 0.000192174628197
2427 0.00016915495059
2428 9.25436217418e-05
2429 0.000353589407961
2430 0.000196970206083
2431 0.000275535412913
2432 8.97083777116e-05
2433 0.000128691466249
2434 0.00027899184217
2435 0.000302092479305
2436 0.000159342255171
2437 0.000293376817028
2438 0.000120301383492
2439 0.000241678774765
2440 0.000153933462428
2441 0.000281413656014
2442 7.6017043365e-05
2443 4.51504107479e-05
2444 0.000140866292199
2445 0.000171585336223
2446 0.000230172146265
2447 0.000296568586819
2448 0.000256098066966
2449 0.000296007505483
2450 0.000139565826987
2451 0.000167594367196
2452 0.000338538975232
2453 8.1061090858e-05
2454 0.000127077486781
2455 7.70063969353e-05
2456 0.000166926050637
2457 0.000135905046741
2458 4.15317153833e-05
2459 0.000309799457304
2460 0.000238222411282
2461 0.000310987572453
2462 0.000383602918965
2463 0.000204550879872
2464 0.00038151581116
2465 0.000364217381515
2466 0.000198398413814
2467 0.000123695151165
2468 0.000246207168513
2469 0.000367029033334
2470 0.000253924948318
2471 4.15317153833e-05
2472 0.000397725279739
2473 0.000270450276584
2474 0.000200590006317
2475 0.000227630533154
2476 0.000305121592981
2477 0.000115670699593
2478 0.000218353092322
2479 0.000230158108373
2480 0.000170747630001
2481 0.000150689938581
2482 7.3034639151e-05
2483 0.000297994745199
2484 8.69130510247e-05
2485 0.00024081352062
2486 0.000258276437768
2487 0.000186244579175
2488 0.000170397730987
2489 0.000338843967007
2490 0.000213866319054
2491 0.000149579541951
2492 0.000374198582327
2493 0.00032430070419
2494 6.06013358746e-05
2495 0.000216222318736
2496 0.000270794461306
2497 9.35109248583e-05
2498 0.000229066897367
2499 0.000317708387151
2500 0.00021330070431
2501 0.000328473515449
2502 0.0002525063053
2503 0.000168411080589
2504 0.000155255960392
2505 0.000280342091594
2506 7.50317579735e-05
2507 0.000244322328684
2508 0.000367174915006
2509 0.000305964363337
2510 0.000419208132272
2511 0.000423901944071
2512 0.0004238295427
2513 0.000319843759768
2514 0.000158309705747
2515 8.51069017467e-05
2516 0.000142697222462
2517 0.000279582900511
2518 6.9589120286e-05
2519 0.000172825387875
2520 0.000134483739642
2521 0.000304995828689
2522 0.000266550402231
2523 7.86645445403e-05
2524 0.000158746273987
2525 6.33102759367e-05
2526 0.000176035744983
2527 0.000378603406222
2528 9.63241354929e-05
2529 0.000118501087988
2530 0.000156179203696
2531 0.000117962616509
2532 0.000122073005887
2533 0.000207213077188
2534 0.000305066964952
2535 0.000173036173696
2536 0.000192673071572
2537 0.000145606705266
2538 0.000307295577984
2539 0.000287296277641
2540 0.000262100806085
2541 0.000251152038828
2542 5.60643478098e-05
2543 0.000370404919102
2544 0.000674592275786
2545 0.000124070463745
2546 7.15701690619e-05
2547 0.000270736200733
2548 0.000183567488261
2549 0.00012455083268
2550 0.000294443987091
2551 0.000312032294694
2552 0.000294485367072
2553 0.000218072006716
2554 0.000321552172539
2555 0.000186641491325
2556 0.000409216051528
2557 0.00024990480748
2558 0.00016545980506
2559 0.000297976889735
2560 0.000302468925215
2561 0.000379565144648
2562 0.000291220586213
2563 0.000146057492645
2564 0.000215182091381
2565 0.000344238345893
2566 8.04454933188e-05
2567 0.000160923844545
2568 0.000348442076447
2569 7.32822360846e-05
2570 4.15317153833e-05
2571 0.000224080179163
2572 0.000132592242269
2573 9.0821202472e-05
2574 0.000283128008994
2575 0.000204290626816
2576 0.000269042306421
2577 0.000125187764408
2578 0.000194039784825
2579 0.000300914698435
2580 0.000223392485806
2581 7.55016784147e-05
2582 0.000165071923025
2583 0.000316085725814
2584 0.000243105125751
2585 8.11078025911e-05
2586 0.000217249633582
2587 0.00033780530985
2588 0.000197822941783
2589 0.000292721337508
2590 0.000258842889827
2591 0.000358236883398
2592 0.000191739099517
2593 0.000378540312368
2594 0.000334392048803
2595 0.000329158887533
2596 8.69130510247e-05
2597 4.15317153833e-05
2598 0.000326316911283
2599 0.000492744098664
2600 7.54706103043e-05
2601 0.000334083251405
2602 0.000345394430589
2603 0.00036453833609
2604 0.000249473973889
2605 0.00036171676158
2606 8.89358604386e-05
2607 0.000158849561711
2608 0.000354272874963
2609 0.000323281159439
2610 0.000166745262779
2611 0.000254900306301
2612 0.00039350011483
2613 0.000159870860343
2614 8.91050369613e-05
2615 0.000186205208116
2616 0.000337180404615
2617 0.000325830826626
2618 0.000354475030077
2619 0.000218164372788
2620 0.000303015797456
2621 0.000283862572584
2622 0.000102936151299
2623 0.000193742468413
2624 0.000250309660517
2625 0.000348595688509
2626 0.000337110969511
2627 0.00019754919416
2628 0.000219101980456
2629 0.000243605473111
2630 0.000386604733755
2631 0.00031693338704
2632 0.000230300604857
2633 0.000102242936048
2634 0.000223020032916
2635 9.86522093701e-05
2636 0.000100658381952
2637 0.00020708727462
2638 0.00017882905573
2639 0.000302739772189
2640 0.000202017267512
2641 0.000285691648914
2642 0.000115166352002
2643 0.0004534275661
2644 0.00030927767679
2645 0.000245304674275
2646 0.000282635738811
2647 0.000260963916546
2648 0.000249542211137
2649 0.000257212016327
2650 0.00037492162878
2651 0.000191730772236
2652 8.55209301093e-05
2653 0.000178921930843
2654 0.000233933491356
2655 0.000278477319792
2656 0.000306506972605
2657 0.000157662386002
2658 0.000274052260745
2659 0.000199059277254
2660 0.000355043213406
2661 0.000205687376942
2662 0.000534903063392
2663 0.000256766921992
2664 0.000206956041971
2665 0.000380196259128
2666 0.000344215682232
2667 0.00028802062969
2668 0.00017747799975
2669 0.000282888306789
2670 0.000445030107057
2671 0.000257028750393
2672 0.000105881540055
2673 0.000231484664359
2674 0.000171198608551
2675 0.000378805180853
2676 0.000274232450862
2677 0.000383777084419
2678 0.000169225610435
2679 0.000114240739058
2680 0.000428139040397
2681 0.00025764261117
2682 0.000226999956328
2683 0.000152597638132
2684 0.000393893501391
2685 0.000185552068349
2686 0.000125825356472
2687 0.000192095659382
2688 0.000151840122949
2689 0.000127123299607
2690 0.000309166304394
2691 0.000254656045651
2692 0.000102697317496
2693 7.04485275294e-05
2694 0.000193668783758
2695 0.000429826965008
2696 8.99069914355e-05
2697 0.000172536454556
2698 0.000156798158309
2699 0.000329536983043
2700 0.000183287748402
2701 0.000155518351029
2702 0.00017373767822
2703 0.000195106979349
2704 0.000242610732484
2705 5.84624451057e-05
2706 0.000151807942364
2707 0.000377093505066
2708 0.000133119938058
2709 0.000214183254865
2710 0.000125381760026
2711 0.000125310570257
2712 0.000248890446377
2713 0.000259604790828
2714 0.000219173084711
2715 5.91932953566e-05
2716 0.000245267028782
2717 0.000565662599263
2718 0.000252739800838
2719 0.000278336495374
2720 0.000540879668672
2721 0.000297884404766
2722 0.000105881540055
2723 5.42901737496e-05
2724 0.000114430493608
2725 0.000528767281192
2726 0.00010389804917
2727 0.000156081095154
2728 0.000130154500354
2729 0.000292224923565
2730 0.000334321466131
2731 0.000628574314346
2732 0.000177775243722
2733 0.000178192364554
2734 0.000164542936822
2735 0.000261548350091
2736 0.000167733830593
2737 7.57761925497e-05
2738 0.000160440960494
2739 0.000453467770348
2740 0.000244502250408
2741 5.84624451057e-05
2742 0.00028460940593
2743 0.000625237293544
2744 0.000255112129315
2745 0.000128687760991
2746 0.000208073649276
2747 9.6306652359e-05
2748 0.000123415556784
2749 0.000446483267318
2750 0.000258510785063
2751 0.000386238410219
2752 0.000264550986498
2753 8.73171075427e-05
2754 0.000296060798064
2755 0.000574945458724
2756 0.000395083312238
2757 0.000233894890964
2758 0.00038140958973
2759 0.000345763783768
2760 0.000163280156965
2761 0.000135301490046
2762 0.000171575729188
2763 0.000176342267567
2764 0.000374116878521
2765 0.000241078862587
2766 0.000265598325214
2767 0.000113606592612
2768 0.000101561421447
2769 0.000216413075642
2770 0.000117494414472
2771 0.000232816397357
2772 0.000160533356521
2773 0.00026354593517
2774 0.000277061161287
2775 0.000159157159741
2776 0.000213233549032
2777 0.000134984720957
2778 0.00038459363527
2779 0.000527189022333
2780 0.000165044641907
2781 0.000385228458945
2782 0.000401105498856
2783 0.00044647424399
2784 0.000235481327234
2785 0.000230414600887
2786 0.000294577135639
2787 0.000493543088825
2788 0.000327896380615
2789 6.57291005704e-05
2790 0.000175815937464
2791 0.000102617408507
2792 0.000132873090993
2793 0.000102697317496
2794 0.000538770883616
2795 0.000127732689008
2796 0.00020525960452
2797 0.000338937178307
2798 0.000181932111411
2799 5.40154399093e-05
2800 0.000165984398629
2801 0.000379807446141
2802 0.000106126771905
2803 9.23971771913e-05
2804 0.000192184876093
2805 9.09153747434e-05
2806 0.000134437444807
2807 0.000292139322784
2808 0.000181868643985
2809 7.12087873191e-05
2810 0.000166097109568
2811 0.000331729928104
2812 8.15530759845e-05
2813 0.000207342731596
2814 0.000245409957313
2815 5.81941498223e-05
2816 0.000292261495765
2817 0.000109151281454
2818 0.000135392422486
2819 0.000157325771119
2820 0.000187308777079
2821 0.000153924985354
2822 0.000114832481966
2823 0.000156110003104
2824 0.000233782710184
2825 0.000105881540055
2826 0.000170903993087
2827 0.000119932467352
2828 0.00034604231141
2829 0.000433338867935
2830 0.000227898193726
2831 0.000171782388712
2832 0.00016067235967
2833 0.000230070742665
2834 0.000445087016839
2835 0.000131952522498
2836 0.000220481164629
2837 0.00027449974775
2838 0.000136339947566
2839 9.23886714784e-05
2840 0.000627646277578
2841 0.000227977881597
2842 0.000265926812061
2843 4.40325663021e-05
2844 0.000235573923143
2845 0.000221553206553
2846 0.000185909493315
2847 0.000193963135064
2848 0.000121632856026
2849 0.000178804396693
2850 0.000423351329459
2851 0.000168957762789
2852 0.000184162379997
2853 8.36100118574e-05
2854 0.000336857271606
2855 0.00021449979196
2856 5.97202293813e-05
2857 0.00016458347756
2858 6.18270815612e-05
2859 0.00016796683296
2860 0.000160515394159
2861 5.66212824644e-05
2862 0.000225922212643
2863 0.00034831448387
2864 0.00063723735817
2865 0.000344511803718
2866 0.000323078895311
2867 0.000363021673921
2868 0.000373652140939
2869 0.000177490863967
2870 0.000420022988279
2871 0.000190173929579
2872 0.000295252774115
2873 0.000348854869567
2874 0.000349213210542
2875 0.000242389546903
2876 0.000310979609886
2877 0.000123024017296
2878 0.000478834754021
2879 0.000108562381011
2880 0.000217899945231
2881 0.000315531045319
2882 0.000307046232288
2883 0.000108053270299
2884 0.000140276211875
2885 8.35386539397e-05
2886 8.98329242063e-05
2887 0.000165485443344
2888 0.00021594531067
2889 0.000133607130318
2890 0.000248534123859
2891 0.000423730241007
2892 0.000135741023434
2893 0.000221954930831
2894 0.000112591796831
2895 0.000358074334076
2896 9.91959147813e-05
2897 0.000253692073223
2898 0.000258172897987
2899 9.93035557361e-05
2900 8.26050139924e-05
2901 0.00010987814457
2902 0.00045183808147
2903 0.000158435638699
2904 0.000105396194137
2905 0.000448379553144
2906 0.00034189059832
2907 0.00041488395477
2908 0.000177951295395
2909 0.00014676400411
2910 0.000370918917895
2911 0.000377009233572
2912 0.000310135327007
2913 0.000288735452188
2914 0.000350211098026
2915 0.000292402253191
2916 0.000450582173318
2917 0.000395636093252
2918 0.000108665736105
2919 0.000172832773916
2920 0.000332546001526
2921 0.000353203989559
2922 0.000284306180482
2923 7.08059467752e-05
2924 0.000153173176055
2925 0.00021053006358
2926 0.000368473485005
2927 0.00014244238532
2928 0.000427684228051
2929 0.000408840409556
2930 0.000243259244281
2931 0.000178192364554
2932 0.000269202650467
2933 0.000293375513116
2934 0.000178413971534
2935 0.000188488008699
2936 0.0001553203262
2937 0.000372843688596
2938 0.000357518729172
2939 0.000168819843223
2940 0.000369220448886
2941 0.000300633080973
2942 0.00012391148448
2943 9.97447596347e-05
2944 0.00038443686172
2945 0.000497511782084
2946 0.000267555179745
2947 0.00034404358513
2948 0.000149009536154
2949 0.000138120731295
2950 0.000277216448745
2951 0.00030730421055
2952 0.000675627277108
2953 6.15046069881e-05
2954 0.00018189408013
2955 0.000135284829617
2956 0.000331249548762
2957 0.000448901834336
2958 0.000145746911974
2959 0.00029070464259
2960 0.000232028266588
2961 0.000421334494859
2962 0.000106452774581
2963 0.000209203813401
2964 5.97665138933e-05
2965 0.000168936159654
2966 0.000140614602331
2967 0.00048725222867
2968 0.000144315395743
2969 0.000131336893205
2970 0.00033134974935
2971 0.000245454578386
2972 6.83402325786e-05
2973 0.000230784529526
2974 0.000400547812498
2975 0.000279599596414
2976 6.98772604749e-05
2977 0.000267506032084
2978 0.00018049976658
2979 0.000215999081214
2980 0.000175660318704
2981 6.986028686e-05
2982 0.000146725994554
2983 0.000205886915995
2984 0.000227178016235
2985 0.000179519662213
2986 0.000277736922887
2987 0.000449456759338
2988 0.000156446866155
2989 0.000306491161348
2990 0.000341772095499
2991 0.000119309984768
2992 0.000330698231119
2993 0.000405969049559
2994 0.000275871291132
2995 0.000320723076968
2996 0.000130116289275
2997 0.000276500207092
2998 0.000178600970429
2999 5.77618631467e-05
3000 0.000313928720149
3001 0.000441790767738
3002 0.000291189802144
3003 0.000492282817754
3004 9.23886714784e-05
3005 0.000259128320571
3006 0.000306705017843
3007 4.92267746061e-05
3008 0.000174119059072
3009 0.000217609125681
3010 0.000148164436682
3011 0.000236726098414
3012 0.000308303722948
3013 0.000153875494407
3014 0.000178468501933
3015 0.000219951230566
3016 0.000102317728928
3017 0.00020442393189
3018 0.000439776251772
3019 0.000228091729728
3020 0.000501968726708
3021 0.000345470258456
3022 0.000276213144931
3023 0.000356929336278
3024 0.000197908502358
3025 0.000126835701008
3026 0.000295070562991
3027 0.000457196887823
3028 0.000435858509335
3029 0.000173702978359
3030 0.000270236647794
3031 8.99768916323e-05
3032 4.40325663021e-05
3033 0.000184432649826
3034 0.000409923588709
3035 0.00029982172169
3036 0.000490236543997
3037 0.000225622087035
3038 0.000102697317496
3039 0.000529142611478
3040 0.000155437153528
3041 0.000242664644502
3042 0.000191540944201
3043 0.000147132760615
3044 0.000147825307616
3045 7.18168975797e-05
3046 0.000117406823819
3047 0.000246830155345
3048 0.000238200012789
3049 0.000137047333143
3050 0.000409903545524
3051 0.000145068479683
3052 0.000571576444044
3053 0.000267251890688
3054 0.00020164816385
3055 0.000389853909024
3056 0.000159157159741
3057 0.000363456021113
3058 0.000183183360258
3059 0.000121865949709
3060 8.02476747034e-05
3061 0.000444235858625
3062 0.000157078561778
3063 0.000254544174483
3064 0.000151718960819
3065 0.000296371052311
3066 0.000254446518266
3067 0.000204283272384
3068 0.000127552251743
3069 0.000146520099799
3070 0.000145729514455
3071 0.000338957279585
3072 4.40325663021e-05
3073 0.000384894230298
3074 0.000302887705437
3075 0.000159157159741
3076 0.000183711264483
3077 0.000495424877748
3078 0.0004657590581
3079 0.0004393273535
3080 0.000246302601022
3081 0.00021150113613
3082 0.0002345050791
3083 0.000625964752504
3084 0.000155181379202
3085 0.000397821746119
3086 0.000249890502623
3087 0.000288727818845
3088 0.000378174514444
3089 9.97137727716e-05
3090 0.000321616093641
3091 0.000545918039601
3092 0.000105881540055
3093 9.02847251634e-05
3094 0.000135338895366
3095 7.35574049855e-05
3096 0.000138965428184
3097 0.000346592519399
3098 0.000283682616782
3099 0.000304553369372
3100 0.000111444610612
3101 0.000244393366649
3102 0.000671996751073
3103 0.000270094551916
3104 0.000173093555338
3105 0.000418845804887
3106 0.000229147009049
3107 0.000348429891279
3108 0.000361558270538
3109 0.000297831459516
3110 0.000138825968699
3111 0.000148208750392
3112 0.000329784845426
3113 9.57742061889e-05
3114 0.000386514059281
3115 0.00026751447714
3116 0.000346861743008
3117 0.000564756178819
3118 0.000349501013351
3119 0.000291813229743
3120 0.000344073442843
3121 0.000379240914373
3122 8.72115498107e-05
3123 0.000183821729084
3124 0.000194120441746
3125 0.000226812219912
3126 5.12593928712e-05
3127 0.000140531323565
3128 0.000159157159741
3129 0.00016212688083
3130 0.00019444282806
3131 0.000127005570382
3132 0.000178192364554
3133 0.000460086123257
3134 0.000104722216645
3135 5.11142994186e-05
3136 0.000200906322065
3137 0.00045896163448
3138 0.000296246160392
3139 0.000175180659963
3140 0.000186320858426
3141 0.000452759452344
3142 0.00022459777038
3143 0.000265747951976
3144 6.63777457633e-05
3145 0.000146185544393
3146 0.00039089163919
3147 0.00034095627504
3148 0.000135392422486
3149 0.000204766174381
3150 0.000333376895414
3151 0.00050548623154
3152 0.000125522932679
3153 0.000481716734045
3154 0.000117503653109
3155 0.000584435631814
3156 0.000162317212994
3157 0.000130156849975
3158 0.000140617996047
3159 0.000266709157624
3160 9.16949858455e-05
3161 0.000199109957688
3162 8.1029572966e-05
3163 0.000423948179158
3164 0.00013076720481
3165 0.000120121777306
3166 9.26958244373e-05
3167 0.000207231836393
3168 0.000152860031285
3169 0.000364850943207
3170 0.000329720497498
3171 0.000166272139823
3172 0.000167218383472
3173 0.000414460442419
3174 0.000163152264156
3175 0.000346539765717
3176 7.36151662707e-05
3177 0.000227746725615
3178 0.000305665054626
3179 0.00021728777347
3180 0.000393470887439
3181 0.000178192364554
3182 0.000178192364554
3183 0.000390805608547
3184 4.40325663021e-05
3185 0.000306364560733
3186 0.000461792215973
3187 0.000187872633511
3188 0.000287184459936
3189 0.000307872223053
3190 0.000156319909902
3191 0.000126807751208
3192 0.000272500251591
3193 0.000130515633359
3194 0.000166538466912
3195 0.000136460323541
3196 0.000323063337783
3197 0.000309833900278
3198 9.23855717525e-05
3199 0.000510876297276
3200 0.000151239634348
3201 0.000227614236015
3202 0.000496931313912
3203 8.66659033612e-05
3204 0.000225937290314
3205 0.000294641553192
3206 0.000152309568049
3207 0.000285123333588
3208 0.000309193269967
3209 0.000142554708025
3210 0.00017115919086
3211 0.000126822567894
3212 0.000207277431602
3213 0.000230732044612
3214 0.000204307710975
3215 0.000456091569203
3216 0.000187940503998
3217 0.000143559407798
3218 7.76785615854e-05
3219 0.000183821729084
3220 0.000285234886878
3221 0.000266694560458
3222 0.000228540404898
3223 0.000165205251537
3224 0.000188974260605
3225 0.00032660469265
3226 0.000198884332841
3227 0.000362369988008
3228 7.47914008446e-05
3229 0.000189578268883
3230 0.000135747812371
3231 4.40325663021e-05
3232 0.000228686318839
3233 0.000479517208999
3234 0.000466491016645
3235 0.00019396727307
3236 8.11003284953e-05
3237 0.000175914126221
3238 0.000175538198756
3239 0.000210558359372
3240 0.000335068594891
3241 0.000386515049299
3242 0.000168068632689
3243 0.000142470459478
3244 0.000151844962078
3245 0.000143559263489
3246 0.000146385067419
3247 0.000132673166299
3248 0.000356180627424
3249 0.000277171189332
3250 0.000128342525394
3251 0.000174039267399
3252 0.000195115300243
3253 0.000459880559047
3254 0.000355886472064
3255 0.000118906429553
3256 0.000253536388899
3257 0.000505023049758
3258 0.000228311728991
3259 0.000301840528748
3260 0.000236670828033
3261 0.000190522821089
3262 0.000322595085752
3263 0.000164948855247
3264 0.000478436766758
3265 0.000250995879751
3266 0.000299044369656
3267 0.000107465817747
3268 0.00040977850835
3269 7.67303560682e-05
3270 0.000112930455685
3271 7.68352444088e-05
3272 0.000126635179454
3273 0.000289929966572
3274 0.000214483513489
3275 0.000414841799086
3276 0.000251543344027
3277 0.000167955076611
3278 0.000389055132161
3279 0.000187197289032
3280 0.000213969100662
3281 0.000608692717507
3282 0.000104284014392
3283 5.03417184098e-05
3284 0.000218880067977
3285 0.00032711842273
3286 0.000222154425921
3287 0.000148458721775
3288 0.000308326894053
3289 0.000288580287892
3290 0.000158651396211
3291 0.000100519365528
3292 0.000668094701432
3293 0.000120023333414
3294 0.000307007641745
3295 0.000154752381684
3296 0.000356015371487
3297 0.000257427097441
3298 0.000342987323167
3299 0.000282188496176
3300 0.00036928012385
3301 0.000177604336861
3302 0.000210776724779
3303 0.000465555124173
3304 0.000231352824465
3305 0.000199338650922
3306 7.43176557418e-05
3307 0.000163861155707
3308 0.000167210512504
3309 0.000116738122565
3310 0.000235290196693
3311 8.83100531988e-05
3312 0.000159062935084
3313 0.000153510896801
3314 0.000237271498331
3315 0.000219887861277
3316 0.000107491353542
3317 0.000223715933157
3318 8.55352532513e-05
3319 0.000264678240477
3320 0.000190215910602
3321 0.000630895798006
3322 0.000401115857582
3323 0.000140531323565
3324 7.9317815562e-05
3325 0.000415082052626
3326 0.000251201897937
3327 0.000139743611121
3328 0.000398576151957
3329 0.000163170880027
3330 0.000170679963695
3331 0.00052148374573
3332 0.000281604061346
3333 0.000350287839893
3334 8.42456180719e-05
3335 9.7829737937e-05
3336 0.000380243270759
3337 0.000126751558078
3338 0.000185425198613
3339 0.000129203127341
3340 0.000336463424013
3341 0.000167568681423
3342 0.000239646874447
3343 0.000423098819001
3344 0.000142473179212
3345 0.000422683489712
3346 0.000389467063784
3347 0.00027056914661
3348 0.000423868302087
3349 0.000380947228319
3350 0.000120039190671
3351 0.00046585194027
3352 0.000451984006684
3353 0.000111429520907
3354 0.00039074446433
3355 0.000183821729084
3356 0.000314004716415
3357 0.000171145808446
3358 0.00012730552683
3359 0.000110059396876
3360 0.000153903263223
3361 0.000451898198633
3362 0.000151866390592
3363 0.000364934755696
3364 0.000603634937222
3365 0.0002443252871
3366 0.000361043514578
3367 0.000445847150392
3368 9.79430351576e-05
3369 0.000128326424313
3370 0.000333813050818
3371 7.64112334787e-05
3372 0.000139221591346
3373 0.000158435638699
3374 0.000151333596116
3375 0.000164589892477
3376 5.92584878856e-05
3377 0.000122106352318
3378 0.000199871360263
3379 0.000351032756963
3380 0.000185231985289
3381 0.000162243071425
3382 0.000312920334067
3383 0.000230034445171
3384 0.000166892599557
3385 0.000243376235926
3386 0.000385135631826
3387 0.00031289503153
3388 0.000465802902001
3389 9.71696342535e-05
3390 9.50381421086e-05
3391 0.000159728027442
3392 0.000293671930843
3393 0.000161663244522
3394 0.000165966157232
3395 0.000213584666902
3396 0.000274181905243
3397 0.00044115057684
3398 0.000648404500629
3399 0.000107290757723
3400 0.000187727669692
3401 0.00020675132717
3402 0.000122106352318
3403 0.000172850978266
3404 0.000342756577001
3405 0.000153112759376
3406 0.000149949438264
3407 0.000415275403755
3408 7.67303560682e-05
3409 5.12359030512e-05
3410 0.000142796722531
3411 0.000146954638361
3412 0.000376169610268
3413 0.000338867364394
3414 5.89556895076e-05
3415 0.000122615331214
3416 0.000219174151012
3417 0.00029358258935
3418 0.000413458271566
3419 0.000102684608564
3420 0.000352297664231
3421 0.000196957059603
3422 0.000156873273502
3423 0.000252102916693
3424 0.000218056294838
3425 9.36668093657e-05
3426 0.000135899749126
3427 0.000542006729736
3428 0.000129203127341
3429 9.67954297236e-05
3430 7.49327737114e-05
3431 0.000151816723772
3432 0.000191905671529
3433 9.09172557599e-05
3434 0.000311322297017
3435 0.000571394034676
3436 0.000246600486707
3437 6.83611696011e-05
3438 0.00761334032067
3439 0.000246830221471
3440 0.00021007497996
3441 0.00027020696888
3442 0.000135958848404
3443 0.000560548600006
3444 0.000281666396828
3445 0.000125075276747
3446 0.000129089248782
3447 0.000228977851829
3448 0.000142013197853
3449 0.000425658500044
3450 0.000418605221554
3451 0.000183777227111
3452 4.89906151675e-05
3453 0.000171670837201
3454 4.89906151675e-05
3455 0.000196405285572
3456 0.000452247584116
3457 0.000468214138664
3458 9.45676425476e-05
3459 0.000233673624924
3460 0.000208932740598
3461 0.000334528510598
3462 0.000109865097191
3463 0.000204415122439
3464 0.000275119808088
3465 0.000377491117086
3466 0.000252783637927
3467 0.000323367497054
3468 6.89697226415e-05
3469 0.000344707993414
3470 0.000337824165163
3471 0.000212192999532
3472 0.000248980199709
3473 0.000206115538617
3474 0.000268347166347
3475 0.000228889919342
3476 0.00030547961085
3477 0.000237528011807
3478 0.00011791958177
3479 0.000257511966158
3480 0.000232366924078
3481 0.000255112451424
3482 0.000218902653401
3483 0.000188862845475
3484 0.000188231205154
3485 0.000170462821864
3486 0.000196409915492
3487 0.000331325275485
3488 0.000187283623904
3489 0.000418570623817
3490 0.000116404167781
3491 0.000304064419527
3492 0.000230009024487
3493 0.000122539580708
3494 0.000224015173896
3495 8.40787815195e-05
3496 0.000550719396429
3497 0.000250944756615
3498 0.000236844203515
3499 0.000223425849993
3500 0.000271148575632
3501 0.000294935856211
3502 0.000457484937046
3503 0.000161795057997
3504 0.000164364046507
3505 0.00015784940935
3506 0.000325011545232
3507 0.000530576220117
3508 0.000140887995471
3509 0.000326327990188
3510 0.000249717579258
3511 0.000249591735535
3512 0.000299990103961
3513 0.000156769418502
3514 0.000148332900981
3515 0.000370298687174
3516 0.000159448668212
3517 0.000218644965148
3518 0.000187922659178
3519 0.000303134901703
3520 0.000262860060769
3521 0.000132751924451
3522 0.000662746172427
3523 0.000137357578987
3524 0.000218902653401
3525 0.000206992403567
3526 0.000362645798311
3527 0.000352938786229
3528 0.000221431895711
3529 0.000328935717297
3530 0.000406673004344
3531 0.000165691230793
3532 0.000191203411988
3533 0.000208306081426
3534 0.000188544120074
3535 0.0002826887485
3536 0.000249677888084
3537 0.000248986836024
3538 0.00010153985963
3539 0.000317282442705
3540 0.000174871328372
3541 0.000329815506424
3542 0.000197334066582
3543 0.000314840649923
3544 0.000133043248942
3545 0.000117023294952
3546 0.000726429544042
3547 0.000335553023468
3548 0.000184633548679
3549 0.0001378568574
3550 0.000302476046528
3551 0.000218883472946
3552 0.000172957826983
3553 0.000102163637307
3554 0.000404394912115
3555 0.000262269116119
3556 0.000255825434366
3557 0.000170124646907
3558 0.000284787210788
3559 0.000417234584626
3560 0.000272436494139
3561 8.13791339801e-05
3562 0.000202022751072
3563 0.000232366924078
3564 0.000187630403459
3565 0.000232678608329
3566 9.218121492e-05
3567 0.000167319619328
3568 0.00022502867649
3569 0.000409075594276
3570 0.000287673374635
3571 4.89906151675e-05
3572 0.000273997159198
3573 0.000115730896298
3574 0.000229661604388
3575 0.000163307588341
3576 6.91823202521e-05
3577 0.000387644373654
3578 0.000474329460681
3579 0.000229635337792
3580 0.000252783637927
3581 0.000197815572974
3582 0.000195240387251
3583 7.10183860479e-05
3584 0.000159525779738
3585 0.000554200558033
3586 0.000175417611475
3587 0.000437522710095
3588 0.000257153821882
3589 8.3729436323e-05
3590 6.27465357135e-05
3591 0.000317703866899
3592 0.000221287597305
3593 0.000209813343013
3594 0.000508825868873
3595 0.000191495238218
3596 0.000225328712804
3597 0.000765238191401
3598 6.9291926409e-05
3599 0.000164632523932
3600 0.000388365724248
3601 0.000121255071901
3602 0.000256023241054
3603 0.000217738323949
3604 0.00011312618099
3605 0.000697983328026
3606 0.000362616548567
3607 0.000127722614492
3608 0.000133295254333
3609 0.00024108634287
3610 0.000279762994109
3611 0.000247999268141
3612 0.000506009660717
3613 0.000270039093733
3614 0.000232366924078
3615 0.000149256731138
3616 0.000254878877855
3617 0.000267451600663
3618 0.00040585737001
3619 0.000203248156967
3620 8.70641975536e-05
3621 0.000195455706133
3622 0.000161790147271
3623 0.000171584956675
3624 0.000229574195889
3625 0.000289702264663
3626 0.000366883803463
3627 0.000155570486577
3628 0.000192687582018
3629 0.000337092912946
3630 0.000438666247333
3631 0.000173618156645
3632 0.000137886701008
3633 0.000129599686371
3634 0.00059466628894
3635 0.000269750953489
3636 0.000265220953435
3637 0.000300870335804
3638 0.000107452965956
3639 0.000244091696504
3640 0.000190936811984
3641 0.00038091119534
3642 0.000162111342171
3643 0.000237157975125
3644 0.000276202890152
3645 0.000189359650928
3646 0.000230843894749
3647 0.000205754588624
3648 0.000179563307915
3649 0.000263152357182
3650 0.000232366924078
3651 4.89906151675e-05
3652 0.000310238813606
3653 0.000142209295979
3654 0.000104335271734
3655 0.000148906694594
3656 0.000229510633744
3657 0.00022599971701
3658 0.000212234936075
3659 0.000171282243607
3660 0.000163789011779
3661 0.000113349650712
3662 0.000115681673223
3663 0.000345696904084
3664 0.000187586243105
3665 0.000176422716323
3666 0.000128999913062
3667 0.000129788012861
3668 0.000236978771772
3669 0.000152297298287
3670 0.000147730343567
3671 0.000226308568164
3672 0.00014486005889
3673 0.000466590213458
3674 9.07222045722e-05
3675 0.000389943872122
3676 0.000225650551105
3677 0.000116404167781
3678 0.000504590196805
3679 9.89860637339e-05
3680 0.00028225757116
3681 0.000494591679924
3682 0.000121113144928
3683 0.00019685122496
3684 0.000183880616543
3685 0.000628770572224
3686 0.000206150832171
3687 7.35485654708e-05
3688 0.000299660028533
3689 6.01005692061e-05
3690 7.00561585139e-05
3691 0.000358569300138
3692 8.13791339801e-05
3693 0.000355200711054
3694 0.000292414686059
3695 0.000103118112787
3696 0.000232366924078
3697 0.00023155213322
3698 0.000207479132194
3699 0.000242933534643
3700 8.80942864678e-05
3701 0.000147730343567
3702 0.000248161728939
3703 0.000347062235385
3704 0.000173281995852
3705 5.84316647694e-05
3706 0.000437845769205
3707 0.000286661859203
3708 0.000237411574423
3709 0.000238589321528
3710 4.89906151675e-05
3711 0.000312230397007
3712 0.000326237208094
3713 0.000105113767443
3714 0.000308374169401
3715 0.000294637668768
3716 0.000182888200519
3717 0.000163760807814
3718 8.13791339801e-05
3719 0.000299409598939
3720 0.000277701195442
3721 0.000222872384591
3722 0.000302523242378
3723 0.00039196429434
3724 0.000155562339477
3725 0.000108600921934
3726 0.00029805783449
3727 0.000198744069389
3728 0.000147639233575
3729 0.000334434008824
3730 4.89906151675e-05
3731 0.000264304512466
3732 0.000366877026386
3733 6.30837861354e-05
3734 8.77250799679e-05
3735 0.000447885641518
3736 0.000203721339866
3737 0.000140038011141
3738 0.000364289659783
3739 0.000365112327757
3740 0.000240165286554
3741 0.000329885851692
3742 0.000188211185954
3743 0.000130473083092
3744 0.00029805783449
3745 8.13791339801e-05
3746 0.000146861625334
3747 8.53549062135e-05
3748 0.000316759598348
3749 4.89906151675e-05
3750 0.000146897237967
3751 0.000297495376853
3752 0.000153103366448
3753 0.000249120827343
3754 0.000302818536726
3755 0.000126994059454
3756 0.000109698457236
3757 0.000587442784759
3758 0.000268595736987
3759 0.000495407025704
3760 0.000294115001633
3761 0.000200477004104
3762 0.000258758841907
3763 0.00017866823087
3764 0.000168142261531
3765 0.000353547051045
3766 7.51102582092e-05
3767 0.000164122996599
3768 0.000148136812479
3769 0.000278441240608
3770 0.000177580435415
3771 0.00014676956718
3772 0.000146040635279
3773 0.000131296867115
3774 0.000186596356564
3775 0.000287577562761
3776 0.000167065268814
3777 0.000281082155268
3778 0.000142812419212
3779 0.000180883965251
3780 0.000245663280743
3781 0.000187674128494
3782 9.34885825587e-05
3783 0.000376592838338
3784 0.000203219122173
3785 0.000156377328505
3786 0.000195944943803
3787 0.000247205973837
3788 0.000129090389284
3789 0.000137472570731
3790 0.00019887149904
3791 0.000405992120664
3792 0.000317046753941
3793 0.000194385108014
3794 0.000537229663387
3795 0.000384237461998
3796 8.76080835204e-05
3797 0.000137253448656
3798 0.000415442712641
3799 4.89906151675e-05
3800 0.000287278430546
3801 0.000437335361223
3802 9.12956295121e-05
3803 0.000211489761747
3804 0.00026725474904
3805 0.00043878613526
3806 9.41909389948e-05
3807 0.000144484617626
3808 7.02646445766e-05
3809 6.89275218921e-05
3810 0.000253412304434
3811 0.000389595285501
3812 8.56609749062e-05
3813 0.000154537761157
3814 0.000147730343567
3815 0.000174034549991
3816 0.000192652797217
3817 7.71624948292e-05
3818 0.000146158582108
3819 0.000178028330913
3820 0.000212799014089
3821 4.89906151675e-05
3822 0.000329568909887
3823 0.000332322769418
3824 0.000211947465549
3825 0.000441630841577
3826 0.000378003705419
3827 0.000355153966276
3828 0.000130013852903
3829 0.000266651819169
3830 0.000434235152892
3831 0.00118354547816
3832 0.000257106976468
3833 0.000140665711955
3834 0.000350714428019
3835 0.000112231796661
3836 0.000308538645013
3837 0.000338664267003
3838 0.000265056957263
3839 0.000546427559671
3840 9.94458449856e-05
3841 0.000170064522149
3842 0.000319026043602
3843 0.000396738015903
3844 0.000123779561787
3845 0.000124812114203
3846 0.000200732412775
3847 8.53549062135e-05
3848 0.000223083827982
3849 0.000141044063246
3850 0.000125075276747
3851 0.000258323381565
3852 0.0005319909028
3853 0.000219542011306
3854 4.89906151675e-05
3855 6.39806284082e-05
3856 0.0001937255859
3857 4.89906151675e-05
3858 0.000183589370471
3859 0.0002947518831
3860 0.000106342574468
3861 0.000341099641739
3862 0.000281039561137
3863 0.000241642547988
3864 0.000229267698018
3865 0.000147730343567
3866 7.99572425255e-05
3867 0.000234742875755
3868 0.000315134734687
3869 0.000282855118352
3870 0.000359359066363
3871 0.000301729363403
3872 0.000142509030929
3873 0.000193823025766
3874 0.000354543716551
3875 0.000224982127435
3876 7.02992099013e-05
3877 0.000132973872746
3878 0.000495242388622
3879 0.000148202243711
3880 6.39806284082e-05
3881 0.000152127201739
3882 0.000227231406079
3883 8.34344809594e-05
3884 0.000232366924078
3885 0.00031083123067
3886 7.48838357336e-05
3887 0.000287677452511
3888 0.000125142163593
3889 0.000165960962281
3890 0.000158783625481
3891 9.54281146792e-05
3892 0.00026729911028
3893 0.000211101515751
3894 0.000110019897244
3895 0.000201491703946
3896 0.000186177399855
3897 0.000244871308549
3898 9.58363958678e-05
3899 0.000249556998637
3900 0.000129881106519
3901 0.000372822403095
3902 0.000152001661002
3903 0.000390761768874
3904 0.00021769484043
3905 0.000142820343466
3906 0.000176761426839
3907 0.000478294224224
3908 0.000313579370885
3909 0.000129912363698
3910 0.000256069303018
3911 8.98431500177e-05
3912 0.000147730343567
3913 0.000238826654078
3914 0.000182085961374
3915 0.000126305114171
3916 0.000268561124063
3917 0.000131893123137
3918 0.000240475342522
3919 0.000543529505075
3920 0.000190936811984
3921 0.000243106787431
3922 0.000368343653672
3923 6.83497454888e-05
3924 0.000169239213439
3925 0.000438338852536
3926 0.000116247492157
3927 0.000391548528822
3928 0.000319372379018
3929 6.51520095241e-05
3930 0.000175617142166
3931 0.000464560981343
3932 0.000286462639378
3933 0.00018514280098
3934 0.000325235729871
3935 0.000126613334507
3936 4.89906151675e-05
3937 0.000103500194937
3938 0.000186094868706
3939 0.000725771962095
3940 0.000106635057516
3941 0.00013439283814
3942 0.000117559154114
3943 6.12674754108e-05
3944 0.000238899006521
3945 0.000153040148046
3946 0.000402463571437
3947 9.34885825587e-05
3948 0.000356032466733
3949 0.000552973763383
3950 0.000262530433369
3951 0.000233686676904
3952 0.00037977376414
3953 0.000106757125457
3954 9.35430961014e-05
3955 0.000111239240387
3956 7.04841792762e-05
3957 0.000304313642902
3958 0.000278201855498
3959 0.000134674326472
3960 5.9711815508e-05
3961 0.000255650482228
3962 0.000140364358
3963 0.000366841163161
3964 0.000148066624697
3965 0.000226726019223
3966 9.00373839033e-05
3967 0.000426146550425
3968 0.000240638156757
3969 0.000435123317708
3970 0.000280239694204
3971 0.000106834786172
3972 0.000441571658456
3973 0.000227452736095
3974 0.000116853952015
3975 4.89906151675e-05
3976 0.000238931453007
3977 0.000182913978316
3978 0.000103037731038
3979 7.91562868334e-05
3980 0.000193106120453
3981 0.00217030805623
3982 0.000250937438605
3983 0.00041626392211
3984 9.70711249574e-05
3985 6.83726528235e-05
3986 0.000205445331634
3987 0.000289101288387
3988 0.000119229493251
3989 0.000229493731262
3990 0.000214975868684
3991 0.000190596175106
3992 0.000126564406115
3993 0.000125338771607
3994 0.000204312804796
3995 0.000337365421433
3996 0.000287753358964
3997 0.000168821003333
3998 0.000328127987451
3999 0.000433730612822
4000 0.000177662470056
4001 0.000299621688123
4002 0.000119229493251
4003 0.000245108731842
4004 0.000169617175146
4005 0.000317777272443
4006 0.000132423167866
4007 0.000101024572295
4008 0.000190596175106
4009 6.83726528235e-05
4010 0.000303593837248
4011 6.83726528235e-05
4012 0.000148055056903
4013 0.000119229493251
4014 0.000207077335259
4015 0.000367911081785
4016 6.83726528235e-05
4017 0.000190596175106
4018 0.000304274999484
4019 0.000222955020012
4020 0.000249938709962
4021 0.000270046366745
4022 0.000334847486229
4023 6.83726528235e-05
4024 0.000539814890291
4025 6.83726528235e-05
4026 0.000190596175106
4027 0.000282222801137
4028 0.000269123362114
4029 0.000104216975919
4030 0.000119229493251
4031 0.000554145726554
4032 0.000358725987508
4033 0.000101024572295
4034 0.000123935263441
4035 9.3827229428e-05
4036 6.83726528235e-05
4037 0.000106114085428
4038 0.000148405838817
4039 0.000295915717366
