node,closeness
1 0.353714085494
2 0.276745939278
3 0.261460761461
4 0.288140430998
5 0.261460761461
6 0.261511560132
7 0.26482161595
8 0.29734904271
9 0.261426906642
10 0.292142960498
11 0.263645860538
12 0.26130848379
13 0.26130848379
14 0.282496152232
15 0.261545436881
16 0.26130848379
17 0.280338794779
18 0.261528497409
19 0.282200013977
20 0.264318910781
21 0.261545436881
22 0.30704889362
23 0.262190766833
24 0.261579322407
25 0.262976229241
26 0.26793178953
27 0.267914012739
28 0.261376140851
29 0.261511560132
30 0.264128728414
31 0.266271018793
32 0.265692854323
33 0.268216539356
34 0.264492041658
35 0.30342651037
36 0.261325394771
37 0.261477692158
38 0.26130848379
39 0.262156722716
40 0.26378364254
41 0.288799885567
42 0.261714952362
43 0.261359223301
44 0.26130848379
45 0.26139306059
46 0.263680292543
47 0.261376140851
48 0.261325394771
49 0.265082386923
50 0.261359223301
51 0.261477692158
52 0.261409982521
53 0.261325394771
54 0.284646834908
55 0.263491027732
56 0.26621835443
57 0.325723965476
58 0.261545436881
59 0.397401830528
60 0.266078017923
61 0.263818110545
62 0.261342307941
63 0.265605472604
64 0.265134602758
65 0.279175884956
66 0.263405088063
67 0.266657861718
68 0.319639040608
69 0.261443832956
70 0.265273945605
71 0.261325394771
72 0.261342307941
73 0.266816439804
74 0.262105673114
75 0.26130848379
76 0.266323703997
77 0.261342307941
78 0.262805076473
79 0.261443832956
80 0.265308804205
81 0.268020708881
82 0.261342307941
83 0.267204870302
84 0.261409982521
85 0.261511560132
86 0.265483234714
87 0.26139306059
88 0.275631399317
89 0.266113088177
90 0.261460761461
91 0.261325394771
92 0.261426906642
93 0.263714733542
94 0.262395217363
95 0.26307902795
96 0.261409982521
97 0.261443832956
98 0.261342307941
99 0.266781183932
100 0.261511560132
101 0.261443832956
102 0.263027618551
103 0.26139306059
104 0.279040840301
105 0.266481884775
106 0.264509367221
107 0.261426906642
108 0.459699453552
109 0.26374918354
110 0.266569844204
111 0.261376140851
112 0.261528497409
113 0.261359223301
114 0.266975206612
115 0.26130848379
116 0.26166407465
117 0.261579322407
118 0.26139306059
119 0.267240238253
120 0.283010933558
121 0.274675192164
122 0.263731957416
123 0.281589958159
124 0.265500690381
125 0.261359223301
126 0.274675192164
127 0.26205464339
128 0.263800875416
129 0.266569844204
130 0.262122687439
131 0.262976229241
132 0.261409982521
133 0.264318910781
134 0.266183256427
135 0.26672831759
136 0.261460761461
137 0.298933965058
138 0.262531694948
139 0.261342307941
140 0.261443832956
141 0.261477692158
142 0.26676355949
143 0.267470358349
144 0.261494625049
145 0.261545436881
146 0.261325394771
147 0.276348206953
148 0.261409982521
149 0.265692854323
150 0.261528497409
151 0.279253112033
152 0.261409982521
153 0.261376140851
154 0.261325394771
155 0.261325394771
156 0.261342307941
157 0.279040840301
158 0.261342307941
159 0.26464805348
160 0.263766411915
161 0.261325394771
162 0.266834071235
163 0.261426906642
164 0.267718623616
165 0.261342307941
166 0.263714733542
167 0.267825164157
168 0.262378167641
169 0.262190766833
170 0.281197771588
171 0.267328699106
172 0.370492705753
173 0.267576701345
174 0.289172156975
175 0.261376140851
176 0.261596268463
177 0.264995406221
178 0.261477692158
179 0.261511560132
180 0.261342307941
181 0.263044752785
182 0.261460761461
183 0.261342307941
184 0.261325394771
185 0.263835347926
186 0.266534653465
187 0.267169511711
188 0.261562378546
189 0.267364099848
190 0.279175884956
191 0.261359223301
192 0.262753774076
193 0.261376140851
194 0.261376140851
195 0.263680292543
196 0.261443832956
197 0.264474718365
198 0.263800875416
199 0.285613240911
200 0.267381803735
201 0.267718623616
202 0.261359223301
203 0.267683128936
204 0.2675944334
205 0.26307902795
206 0.261325394771
207 0.261359223301
208 0.263731957416
209 0.261409982521
210 0.26130848379
211 0.26130848379
212 0.266271018793
213 0.266552247673
214 0.280494581828
215 0.261596268463
216 0.26130848379
217 0.261325394771
218 0.27919518772
219 0.261443832956
220 0.261409982521
221 0.261359223301
222 0.263818110545
223 0.263869829445
224 0.266393983375
225 0.265867790361
226 0.261460761461
227 0.261528497409
228 0.261562378546
229 0.26248049922
230 0.26139306059
231 0.261443832956
232 0.265186839167
233 0.266922263353
234 0.261325394771
235 0.261325394771
236 0.263611437524
237 0.266499472017
238 0.261409982521
239 0.266148167677
240 0.267275615568
241 0.261342307941
242 0.261325394771
243 0.263113312048
244 0.261426906642
245 0.261325394771
246 0.261376140851
247 0.275650215032
248 0.261342307941
249 0.266165710896
250 0.263113312048
251 0.261376140851
252 0.263766411915
253 0.267541244285
254 0.261342307941
255 0.26299335678
256 0.261325394771
257 0.261325394771
258 0.26301048655
259 0.264111452678
260 0.261426906642
261 0.262839289201
262 0.267275615568
263 0.261359223301
264 0.261409982521
265 0.261376140851
266 0.266675472197
267 0.26301048655
268 0.261325394771
269 0.262805076473
270 0.291910648449
271 0.261359223301
272 0.284006189337
273 0.267381803735
274 0.261443832956
275 0.264561357531
276 0.261460761461
277 0.266288578212
278 0.267736374486
279 0.261460761461
280 0.261325394771
281 0.26762990456
282 0.263800875416
283 0.261325394771
284 0.262514627487
285 0.263800875416
286 0.280806675939
287 0.261325394771
288 0.26130848379
289 0.261359223301
290 0.261376140851
291 0.265395990799
292 0.266605044236
293 0.26130848379
294 0.261359223301
295 0.261342307941
296 0.263577023499
297 0.261409982521
298 0.266834071235
299 0.265588003157
300 0.263697511918
301 0.261409982521
302 0.261342307941
303 0.263044752785
304 0.265518148343
305 0.281531060448
306 0.261325394771
307 0.261443832956
308 0.262770872649
309 0.279465706969
310 0.261460761461
311 0.26248049922
312 0.261409982521
313 0.261748881831
314 0.266569844204
315 0.262839289201
316 0.282081732448
317 0.261325394771
318 0.263370727889
319 0.262805076473
320 0.261460761461
321 0.261647119808
322 0.261342307941
323 0.282397370445
324 0.267204870302
325 0.27750670057
326 0.266922263353
327 0.261613216715
328 0.261359223301
329 0.261443832956
330 0.265588003157
331 0.262976229241
332 0.266113088177
333 0.268180912532
334 0.261426906642
335 0.267081156161
336 0.26130848379
337 0.261342307941
338 0.262412269301
339 0.261409982521
340 0.275895053293
341 0.262105673114
342 0.26482161595
343 0.266992859032
344 0.261613216715
345 0.263628647908
346 0.265465781342
347 0.263818110545
348 0.262122687439
349 0.370254905557
350 0.270353508302
351 0.287565873807
352 0.276386036961
353 0.274619151251
354 0.366291727141
355 0.271279811891
356 0.272543196544
357 0.270263034603
358 0.286830515698
359 0.270226862076
360 0.272598393303
361 0.305515623818
362 0.272102425876
363 0.272304268663
364 0.327255044979
365 0.276461728057
366 0.270643431635
367 0.342435549525
368 0.275124344212
369 0.275669033315
370 0.28719772404
371 0.313144629701
372 0.270371610311
373 0.27098852426
374 0.315690720038
375 0.314657523572
376 0.274432513253
377 0.366890786844
378 0.270244947129
379 0.297108380546
380 0.270244947129
381 0.270897625117
382 0.270915800067
383 0.270589023655
384 0.270263034603
385 0.270281124498
386 0.274264755824
387 0.270263034603
388 0.306071401501
389 0.291910648449
390 0.3215480172
391 0.271809369952
392 0.314657523572
393 0.310209725743
394 0.276423877327
395 0.278405956977
396 0.313241796602
397 0.272616797191
398 0.292502716407
399 0.27555616214
400 0.276442801397
401 0.313874854256
402 0.270244947129
403 0.308456191276
404 0.271882574737
405 0.294379237443
406 0.287218152073
407 0.270281124498
408 0.286525225289
409 0.294916739702
410 0.284346172805
411 0.271955818966
412 0.270263034603
413 0.315394829337
414 0.271553463349
415 0.36978021978
416 0.287647813079
417 0.306280339806
418 0.311790595321
419 0.271955818966
420 0.313850458573
421 0.361116079413
422 0.287156876689
423 0.278559602649
424 0.312805019754
425 0.271006711409
426 0.287340781328
427 0.289192866862
428 0.295889206419
429 0.395223646863
430 0.270389714745
431 0.293822309539
432 0.305885917734
433 0.294164784731
434 0.286180014174
435 0.293758184199
436 0.286667613233
437 0.297327148222
438 0.270389714745
439 0.297195848973
440 0.307422915874
441 0.273799837266
442 0.276442801397
443 0.287811831789
444 0.270244947129
445 0.293139745917
446 0.277487630566
447 0.276802851659
448 0.270226862076
449 0.270263034603
450 0.296149614961
451 0.272120762855
452 0.303814611391
453 0.2887379335
454 0.270299216815
455 0.270263034603
456 0.288181558664
457 0.308739200245
458 0.286871270247
459 0.272230836648
460 0.286667613233
461 0.310257395313
462 0.312780790085
463 0.274264755824
464 0.292714751722
465 0.276461728057
466 0.314927468414
467 0.270371610311
468 0.270281124498
469 0.270244947129
470 0.287095627444
471 0.270498392283
472 0.308079652094
473 0.286850891525
474 0.290399137001
475 0.272212484832
476 0.367491809246
477 0.276404955849
478 0.286220584066
479 0.270607157218
480 0.293310089344
481 0.289462365591
482 0.272930043934
483 0.293993447397
484 0.370220959017
485 0.363390928726
486 0.286078639745
487 0.27098852426
488 0.276973729337
489 0.273929855505
490 0.27256159298
491 0.271900882095
492 0.271900882095
493 0.323065845268
494 0.278214138074
495 0.276840806253
496 0.272396114409
497 0.280358258696
498 0.314534974295
499 0.270589023655
500 0.270263034603
501 0.297831538575
502 0.276442801397
503 0.271900882095
504 0.293800931315
505 0.2887379335
506 0.270933977456
507 0.297064665637
508 0.295348156817
509 0.287075216835
510 0.270970339552
511 0.286830515698
512 0.291068982916
513 0.291468168038
514 0.315888289134
515 0.296737213404
516 0.297173977039
517 0.286871270247
518 0.343718079673
519 0.286850891525
520 0.272175788622
521 0.311093990755
522 0.273133116883
523 0.270407821603
524 0.290002872738
525 0.319968304279
526 0.312901975978
527 0.340989697686
528 0.292820884699
529 0.286606572503
530 0.270552763819
531 0.270281124498
532 0.288366778547
533 0.270389714745
534 0.270498392283
535 0.286180014174
536 0.273632852206
537 0.274376571312
538 0.292502716407
539 0.323402210476
540 0.272304268663
541 0.273022312373
542 0.286159733541
543 0.31367979492
544 0.287504449982
545 0.296671809566
546 0.292164098112
547 0.288676008007
548 0.27270885392
549 0.273503115687
550 0.293800931315
551 0.270226862076
552 0.271006711409
553 0.270281124498
554 0.314976599064
555 0.286830515698
556 0.273911273911
557 0.293224892891
558 0.274675192164
559 0.288923869491
560 0.316408086507
561 0.276423877327
562 0.315567364802
563 0.270299216815
564 0.394066556065
565 0.276461728057
566 0.272966943825
567 0.365297629817
568 0.333058396569
569 0.270425930887
570 0.286647263434
571 0.288017118402
572 0.270263034603
573 0.270281124498
574 0.270534637545
575 0.271352731671
576 0.270172621437
577 0.270208779443
578 0.270353508302
579 0.270389714745
580 0.271134089841
581 0.34524623803
582 0.269991976464
583 0.270335408717
584 0.270407821603
585 0.272672023769
586 0.269973925252
587 0.271626530338
588 0.272359368677
589 0.270208779443
590 0.270824949698
591 0.286423606185
592 0.311381863048
593 0.271170505675
594 0.271772782339
595 0.288903198111
596 0.270299216815
597 0.322807578543
598 0.270824949698
599 0.270244947129
600 0.270371610311
601 0.270389714745
602 0.338758389262
603 0.269973925252
604 0.270281124498
605 0.311429893568
606 0.270281124498
607 0.341162554917
608 0.269973925252
609 0.269973925252
610 0.287729799059
611 0.286301758366
612 0.270244947129
613 0.270226862076
614 0.269973925252
615 0.293865075322
616 0.270389714745
617 0.270788626609
618 0.270879452606
619 0.271352731671
620 0.270897625117
621 0.272267547704
622 0.270082268745
623 0.270190699231
624 0.270263034603
625 0.269973925252
626 0.270335408717
627 0.270208779443
628 0.270389714745
629 0.270172621437
630 0.320323655402
631 0.273170071709
632 0.270625293211
633 0.270353508302
634 0.270226862076
635 0.287934968625
636 0.270661572491
637 0.270879452606
638 0.325881688322
639 0.269973925252
640 0.274339289354
641 0.270371610311
642 0.340128032345
643 0.269991976464
644 0.270389714745
645 0.271571726411
646 0.30639653995
647 0.28713645737
648 0.270299216815
649 0.269991976464
650 0.320323655402
651 0.270353508302
652 0.362607758621
653 0.271681356388
654 0.271681356388
655 0.27148043566
656 0.271024901
657 0.269973925252
658 0.270552763819
659 0.270389714745
660 0.270389714745
661 0.27001003009
662 0.270389714745
663 0.270389714745
664 0.271079484425
665 0.270263034603
666 0.270281124498
667 0.271298038162
668 0.286810142766
669 0.269973925252
670 0.29371544952
671 0.270371610311
672 0.273466070703
673 0.270100334448
674 0.271681356388
675 0.269973925252
676 0.270371610311
677 0.28975315729
678 0.270843114897
679 0.273354995938
680 0.271644803229
681 0.271498688899
682 0.270371610311
683 0.270661572491
684 0.307329324911
685 0.270317311554
686 0.270734160241
687 0.217050096753
688 0.178656756039
689 0.178791233119
690 0.178404170717
691 0.178412053197
692 0.178388407846
693 0.178349012853
694 0.178467250066
695 0.178791233119
696 0.178680472587
697 0.178609341826
698 0.215682085247
699 0.271407447238
700 0.178356890459
701 0.178396288933
702 0.178530374038
703 0.178404170717
704 0.215578452832
705 0.178380527455
706 0.178902131053
707 0.178490916324
708 0.178419936373
709 0.215417444652
710 0.178490916324
711 0.178412053197
712 0.178506697317
713 0.178443590084
714 0.215901192322
715 0.178451476047
716 0.178427820247
717 0.178443590084
718 0.17837264776
719 0.178585644155
720 0.215820416889
721 0.178498806472
722 0.178388407846
723 0.178451476047
724 0.178443590084
725 0.178735835694
726 0.178404170717
727 0.178640948505
728 0.178561952773
729 0.178727924578
730 0.215233729545
731 0.178483026874
732 0.178569849202
733 0.178451476047
734 0.178404170717
735 0.178530374038
736 0.178475138122
737 0.178451476047
738 0.178475138122
739 0.178554057042
740 0.178585644155
741 0.178404170717
742 0.178483026874
743 0.178435704817
744 0.178364768762
745 0.178356890459
746 0.215739701875
747 0.178412053197
748 0.215739701875
749 0.178506697317
750 0.178356890459
751 0.178356890459
752 0.178443590084
753 0.178656756039
754 0.215233729545
755 0.17859354268
756 0.178506697317
757 0.178427820247
758 0.17837264776
759 0.178506697317
760 0.178427820247
761 0.178601441904
762 0.178412053197
763 0.178451476047
764 0.1785224811
765 0.178569849202
766 0.178546162009
767 0.178633045786
768 0.178404170717
769 0.178451476047
770 0.215256676795
771 0.178561952773
772 0.178459362708
773 0.215291106846
774 0.178640948505
775 0.215509419864
776 0.178356890459
777 0.21518784972
778 0.178490916324
779 0.178475138122
780 0.178490916324
781 0.178625143767
782 0.17877540178
783 0.178506697317
784 0.178490916324
785 0.178672566372
786 0.178364768762
787 0.178412053197
788 0.178577746329
789 0.17837264776
790 0.178443590084
791 0.17837264776
792 0.178396288933
793 0.178530374038
794 0.178506697317
795 0.178451476047
796 0.178483026874
797 0.178396288933
798 0.178569849202
799 0.215164917142
800 0.178435704817
801 0.215509419864
802 0.178349012853
803 0.178380527455
804 0.215314066333
805 0.215268152255
806 0.215843489416
807 0.178459362708
808 0.178585644155
809 0.178412053197
810 0.178490916324
811 0.215451926155
812 0.21518784972
813 0.178412053197
814 0.178419936373
815 0.178569849202
816 0.17874374751
817 0.178412053197
818 0.178538267675
819 0.178483026874
820 0.215509419864
821 0.178664660856
822 0.178412053197
823 0.178459362708
824 0.215728176087
825 0.178822904212
826 0.215153452685
827 0.178435704817
828 0.178720014163
829 0.215993581171
830 0.178617242447
831 0.215716651531
832 0.178467250066
833 0.178380527455
834 0.178459362708
835 0.178696287118
836 0.178514588859
837 0.178435704817
838 0.178451476047
839 0.178601441904
840 0.178459362708
841 0.215394463114
842 0.178356890459
843 0.178648851922
844 0.178459362708
845 0.178467250066
846 0.178530374038
847 0.178396288933
848 0.178561952773
849 0.1785224811
850 0.178664660856
851 0.178419936373
852 0.178380527455
853 0.17837264776
854 0.178704195433
855 0.178364768762
856 0.17837264776
857 0.215532425941
858 0.254314145358
859 0.213526518957
860 0.213492650946
861 0.315099492782
862 0.213707329981
863 0.281825795645
864 0.213718640838
865 0.213616886209
866 0.232349387191
867 0.213526518957
868 0.213560397715
869 0.232349387191
870 0.213899777519
871 0.213549103601
872 0.213616886209
873 0.213549103601
874 0.213537810682
875 0.213549103601
876 0.213481363997
877 0.213718640838
878 0.213515228426
879 0.213707329981
880 0.213537810682
881 0.214501992032
882 0.213549103601
883 0.213684711859
884 0.213481363997
885 0.213515228426
886 0.213571693024
887 0.213594287226
888 0.213537810682
889 0.213696020322
890 0.213741266144
891 0.213979121403
892 0.213481363997
893 0.213481363997
894 0.213605586119
895 0.213515228426
896 0.213537810682
897 0.319993660353
898 0.316581732654
899 0.315863579474
900 0.315001170138
901 0.315247091889
902 0.315764779481
903 0.316110850164
904 0.315764779481
905 0.315271705184
906 0.317303158887
907 0.317427875167
908 0.315247091889
909 0.333168316832
910 0.315222482436
911 0.315050323789
912 0.314952031823
913 0.315148677125
914 0.317128720647
915 0.315320943308
916 0.334465335873
917 0.336780650542
918 0.320298247006
919 0.314952031823
920 0.317353033637
921 0.315271705184
922 0.33566084788
923 0.315666041276
924 0.315863579474
925 0.316011895445
926 0.337371543153
927 0.315444105929
928 0.317303158887
929 0.315148677125
930 0.315666041276
931 0.336528044004
932 0.31591300266
933 0.316532100024
934 0.317253299811
935 0.316979354737
936 0.315099492782
937 0.318806252961
938 0.315099492782
939 0.315641366372
940 0.315345568137
941 0.315345568137
942 0.316259398496
943 0.31830364181
944 0.315222482436
945 0.31583887368
946 0.315025745046
947 0.3196137407
948 0.317852644836
949 0.317977793527
950 0.315962441315
951 0.315173275055
952 0.333443435178
953 0.317054020101
954 0.318781084708
955 0.318002835092
956 0.315173275055
957 0.315173275055
958 0.317153628652
959 0.315518049695
960 0.316086105675
961 0.317477789134
962 0.315863579474
963 0.334742601343
964 0.316209866875
965 0.315567364802
966 0.315320943308
967 0.317827626919
968 0.318128102104
969 0.318002835092
970 0.315715402658
971 0.315296322324
972 0.315789473684
973 0.315444105929
974 0.316234630746
975 0.315197876825
976 0.316308945637
977 0.31815316735
978 0.315567364802
979 0.317602642756
980 0.315173275055
981 0.318203309693
982 0.316135598528
983 0.316606554806
984 0.316457680251
985 0.317677602077
986 0.315099492782
987 0.315197876825
988 0.315247091889
989 0.315962441315
990 0.315789473684
991 0.341884683769
992 0.316160350767
993 0.315690720038
994 0.319411485524
995 0.315592028136
996 0.316854990584
997 0.315641366372
998 0.317353033637
999 0.315173275055
1000 0.316879855607
1001 0.315320943308
1002 0.318278552849
1003 0.315025745046
1004 0.317328094303
1005 0.317977793527
1006 0.315271705184
1007 0.318529620573
1008 0.315320943308
1009 0.315740089139
1010 0.316358508305
1011 0.316284170126
1012 0.316333725029
1013 0.318128102104
1014 0.337653649971
1015 0.31913380226
1016 0.31581417175
1017 0.315148677125
1018 0.318705603788
1019 0.318077983458
1020 0.316830129463
1021 0.318103040807
1022 0.316457680251
1023 0.315444105929
1024 0.315173275055
1025 0.317029127738
1026 0.321394460363
1027 0.316979354737
1028 0.315001170138
1029 0.33449304175
1030 0.3375689684
1031 0.315197876825
1032 0.315370196813
1033 0.318932153858
1034 0.315345568137
1035 0.315001170138
1036 0.315567364802
1037 0.316383295463
1038 0.316308945637
1039 0.315050323789
1040 0.315592028136
1041 0.316606554806
1042 0.316581732654
1043 0.315296322324
1044 0.315222482436
1045 0.315616695326
1046 0.315222482436
1047 0.315001170138
1048 0.316606554806
1049 0.317827626919
1050 0.317902692489
1051 0.315197876825
1052 0.316061365059
1053 0.316954474097
1054 0.315197876825
1055 0.316830129463
1056 0.315616695326
1057 0.316581732654
1058 0.315050323789
1059 0.315493397922
1060 0.319108582266
1061 0.316830129463
1062 0.315173275055
1063 0.31546875
1064 0.31546875
1065 0.315592028136
1066 0.314976599064
1067 0.318378932429
1068 0.317427875167
1069 0.316135598528
1070 0.315444105929
1071 0.336163836164
1072 0.315001170138
1073 0.315567364802
1074 0.315173275055
1075 0.336696406237
1076 0.318378932429
1077 0.318579881657
1078 0.335048124793
1079 0.320145881234
1080 0.318027880602
1081 0.31913380226
1082 0.315666041276
1083 0.316383295463
1084 0.317577664176
1085 0.315296322324
1086 0.357851825594
1087 0.322318007663
1088 0.315715402658
1089 0.334936960849
1090 0.315271705184
1091 0.315247091889
1092 0.315419465708
1093 0.316160350767
1094 0.315148677125
1095 0.315197876825
1096 0.31885660139
1097 0.314952031823
1098 0.31581417175
1099 0.336331834083
1100 0.318027880602
1101 0.316532100024
1102 0.318077983458
1103 0.317927722227
1104 0.315542705322
1105 0.319563152896
1106 0.315025745046
1107 0.315592028136
1108 0.318504495977
1109 0.317702596381
1110 0.334936960849
1111 0.317627625265
1112 0.315148677125
1113 0.316284170126
1114 0.318429145966
1115 0.335605053191
1116 0.31583887368
1117 0.315641366372
1118 0.318052930057
1119 0.315789473684
1120 0.314952031823
1121 0.316234630746
1122 0.315987166445
1123 0.319512581105
1124 0.316681044624
1125 0.318253467844
1126 0.317877666693
1127 0.338275948731
1128 0.315444105929
1129 0.319234722112
1130 0.316879855607
1131 0.316581732654
1132 0.315715402658
1133 0.318554749132
1134 0.315074906367
1135 0.315197876825
1136 0.31665621079
1137 0.356304597194
1138 0.315641366372
1139 0.315271705184
1140 0.315518049695
1141 0.316234630746
1142 0.315370196813
1143 0.317827626919
1144 0.31583887368
1145 0.315444105929
1146 0.314952031823
1147 0.318881781568
1148 0.315050323789
1149 0.318781084708
1150 0.317527718802
1151 0.315518049695
1152 0.315148677125
1153 0.315345568137
1154 0.318429145966
1155 0.315148677125
1156 0.319310453898
1157 0.317377976892
1158 0.315050323789
1159 0.31830364181
1160 0.316432881436
1161 0.318253467844
1162 0.315641366372
1163 0.315124083034
1164 0.317402924069
1165 0.315592028136
1166 0.35649333451
1167 0.318052930057
1168 0.315616695326
1169 0.315074906367
1170 0.316036628317
1171 0.315789473684
1172 0.362445022888
1173 0.317827626919
1174 0.339014356477
1175 0.315370196813
1176 0.318730760123
1177 0.314976599064
1178 0.315296322324
1179 0.335242839352
1180 0.336893041882
1181 0.316110850164
1182 0.317203456402
1183 0.335075927309
1184 0.316234630746
1185 0.318932153858
1186 0.31885660139
1187 0.315345568137
1188 0.33510373444
1189 0.315715402658
1190 0.316904724533
1191 0.31591300266
1192 0.318228386792
1193 0.319259962049
1194 0.3358004158
1195 0.315025745046
1196 0.316185106883
1197 0.333333333333
1198 0.333030927835
1199 0.317004239284
1200 0.320450757876
1201 0.315025745046
1202 0.316358508305
1203 0.315148677125
1204 0.315124083034
1205 0.319512581105
1206 0.317527718802
1207 0.314952031823
1208 0.316705882353
1209 0.315001170138
1210 0.317377976892
1211 0.33515936255
1212 0.319360961721
1213 0.315567364802
1214 0.315419465708
1215 0.317802612939
1216 0.316457680251
1217 0.31581417175
1218 0.335493519442
1219 0.315197876825
1220 0.316308945637
1221 0.315148677125
1222 0.316681044624
1223 0.318554749132
1224 0.317228376149
1225 0.314976599064
1226 0.315666041276
1227 0.334881406535
1228 0.317054020101
1229 0.315493397922
1230 0.316532100024
1231 0.318103040807
1232 0.317029127738
1233 0.315641366372
1234 0.315394829337
1235 0.315296322324
1236 0.318253467844
1237 0.315987166445
1238 0.337061769616
1239 0.31989226016
1240 0.315148677125
1241 0.315444105929
1242 0.315419465708
1243 0.317827626919
1244 0.317802612939
1245 0.315222482436
1246 0.317652611705
1247 0.315789473684
1248 0.315518049695
1249 0.315124083034
1250 0.315296322324
1251 0.318957345972
1252 0.315222482436
1253 0.315001170138
1254 0.315001170138
1255 0.315074906367
1256 0.318579881657
1257 0.318353831599
1258 0.316308945637
1259 0.315962441315
1260 0.316556914393
1261 0.315863579474
1262 0.318353831599
1263 0.314976599064
1264 0.315074906367
1265 0.315050323789
1266 0.316234630746
1267 0.315592028136
1268 0.317927722227
1269 0.316755569501
1270 0.318103040807
1271 0.314976599064
1272 0.317328094303
1273 0.317552689525
1274 0.318278552849
1275 0.335521395929
1276 0.316805272242
1277 0.314976599064
1278 0.319942952222
1279 0.316333725029
1280 0.316061365059
1281 0.316854990584
1282 0.317652611705
1283 0.318378932429
1284 0.316383295463
1285 0.31815316735
1286 0.316259398496
1287 0.315493397922
1288 0.316581732654
1289 0.317228376149
1290 0.336359850062
1291 0.317652611705
1292 0.317777602896
1293 0.316333725029
1294 0.316160350767
1295 0.317228376149
1296 0.315050323789
1297 0.316011895445
1298 0.315394829337
1299 0.316730723978
1300 0.315690720038
1301 0.336359850062
1302 0.315074906367
1303 0.317602642756
1304 0.317827626919
1305 0.315863579474
1306 0.317827626919
1307 0.315567364802
1308 0.335409917767
1309 0.315419465708
1310 0.317702596381
1311 0.315592028136
1312 0.316556914393
1313 0.335382059801
1314 0.336668334167
1315 0.316036628317
1316 0.316036628317
1317 0.315715402658
1318 0.336163836164
1319 0.318128102104
1320 0.315592028136
1321 0.337343358396
1322 0.315567364802
1323 0.317627625265
1324 0.316904724533
1325 0.317777602896
1326 0.315370196813
1327 0.314976599064
1328 0.334299196953
1329 0.33510373444
1330 0.319411485524
1331 0.319487301211
1332 0.318605018147
1333 0.318881781568
1334 0.315740089139
1335 0.336528044004
1336 0.318203309693
1337 0.316284170126
1338 0.31583887368
1339 0.335242839352
1340 0.317427875167
1341 0.316532100024
1342 0.318027880602
1343 0.315173275055
1344 0.318454258675
1345 0.317777602896
1346 0.317802612939
1347 0.315050323789
1348 0.317802612939
1349 0.316308945637
1350 0.318579881657
1351 0.315740089139
1352 0.316606554806
1353 0.339299218553
1354 0.315001170138
1355 0.315050323789
1356 0.31583887368
1357 0.315419465708
1358 0.318957345972
1359 0.337907949791
1360 0.317054020101
1361 0.3358004158
1362 0.338417700302
1363 0.315001170138
1364 0.315444105929
1365 0.315222482436
1366 0.315962441315
1367 0.316556914393
1368 0.319689652442
1369 0.315173275055
1370 0.335437780362
1371 0.317727594618
1372 0.316507289544
1373 0.315099492782
1374 0.318479375345
1375 0.336893041882
1376 0.316755569501
1377 0.340587044534
1378 0.320323655402
1379 0.315715402658
1380 0.316234630746
1381 0.317054020101
1382 0.315616695326
1383 0.317652611705
1384 0.315025745046
1385 0.315962441315
1386 0.315764779481
1387 0.314952031823
1388 0.315666041276
1389 0.317054020101
1390 0.316110850164
1391 0.319841584158
1392 0.319411485524
1393 0.317577664176
1394 0.316805272242
1395 0.314976599064
1396 0.314976599064
1397 0.318002835092
1398 0.317228376149
1399 0.316011895445
1400 0.319487301211
1401 0.317877666693
1402 0.315247091889
1403 0.316755569501
1404 0.315148677125
1405 0.316185106883
1406 0.342522690644
1407 0.317402924069
1408 0.316358508305
1409 0.335437780362
1410 0.317552689525
1411 0.335131546186
1412 0.315394829337
1413 0.315888289134
1414 0.316457680251
1415 0.315124083034
1416 0.316135598528
1417 0.318278552849
1418 0.315050323789
1419 0.315444105929
1420 0.341740013541
1421 0.338843668709
1422 0.335215009132
1423 0.316383295463
1424 0.317029127738
1425 0.315394829337
1426 0.335996005991
1427 0.316556914393
1428 0.3196137407
1429 0.316755569501
1430 0.317727594618
1431 0.314976599064
1432 0.320552512503
1433 0.316308945637
1434 0.315493397922
1435 0.315641366372
1436 0.318906965724
1437 0.316408086507
1438 0.316482482953
1439 0.31581417175
1440 0.315444105929
1441 0.33355360978
1442 0.315666041276
1443 0.315050323789
1444 0.315148677125
1445 0.31665621079
1446 0.315764779481
1447 0.335437780362
1448 0.318529620573
1449 0.316830129463
1450 0.317153628652
1451 0.341711094186
1452 0.315690720038
1453 0.315764779481
1454 0.315641366372
1455 0.317952755906
1456 0.316755569501
1457 0.318228386792
1458 0.316457680251
1459 0.333526059305
1460 0.317727594618
1461 0.316705882353
1462 0.315863579474
1463 0.317054020101
1464 0.315173275055
1465 0.317427875167
1466 0.354614911741
1467 0.314952031823
1468 0.318529620573
1469 0.315690720038
1470 0.316805272242
1471 0.316705882353
1472 0.319234722112
1473 0.317627625265
1474 0.318630158605
1475 0.315025745046
1476 0.318906965724
1477 0.315394829337
1478 0.315962441315
1479 0.315345568137
1480 0.317627625265
1481 0.317752596789
1482 0.315345568137
1483 0.316135598528
1484 0.334992533599
1485 0.31546875
1486 0.334520752216
1487 0.315370196813
1488 0.320019020447
1489 0.318353831599
1490 0.31546875
1491 0.317153628652
1492 0.318077983458
1493 0.316979354737
1494 0.315567364802
1495 0.335270674195
1496 0.318328734726
1497 0.316581732654
1498 0.315690720038
1499 0.315074906367
1500 0.315222482436
1501 0.315641366372
1502 0.315370196813
1503 0.316705882353
1504 0.315616695326
1505 0.316358508305
1506 0.342755283932
1507 0.316854990584
1508 0.316308945637
1509 0.317452830189
1510 0.336864937015
1511 0.315025745046
1512 0.33566084788
1513 0.335940099834
1514 0.33460391117
1515 0.319058154235
1516 0.318680451425
1517 0.318957345972
1518 0.31583887368
1519 0.334964744919
1520 0.316606554806
1521 0.317952755906
1522 0.315074906367
1523 0.337033636591
1524 0.33460391117
1525 0.315937720053
1526 0.316333725029
1527 0.316383295463
1528 0.315567364802
1529 0.317852644836
1530 0.317652611705
1531 0.317577664176
1532 0.31546875
1533 0.315888289134
1534 0.315962441315
1535 0.36460496614
1536 0.316556914393
1537 0.337823140634
1538 0.335075927309
1539 0.316705882353
1540 0.316929597363
1541 0.335187183531
1542 0.315740089139
1543 0.316284170126
1544 0.31830364181
1545 0.315764779481
1546 0.336949265688
1547 0.315001170138
1548 0.318027880602
1549 0.316333725029
1550 0.336331834083
1551 0.315863579474
1552 0.319310453898
1553 0.316011895445
1554 0.335577162802
1555 0.319436753421
1556 0.335940099834
1557 0.315542705322
1558 0.319285205978
1559 0.314976599064
1560 0.319689652442
1561 0.314952031823
1562 0.316284170126
1563 0.315173275055
1564 0.317802612939
1565 0.315666041276
1566 0.318328734726
1567 0.315419465708
1568 0.335465647587
1569 0.315641366372
1570 0.316110850164
1571 0.318103040807
1572 0.316432881436
1573 0.315987166445
1574 0.317777602896
1575 0.33762541806
1576 0.315419465708
1577 0.317004239284
1578 0.35718708536
1579 0.316383295463
1580 0.315050323789
1581 0.317004239284
1582 0.314952031823
1583 0.317652611705
1584 0.317377976892
1585 0.321420042983
1586 0.315764779481
1587 0.315001170138
1588 0.316284170126
1589 0.335187183531
1590 0.320171265461
1591 0.335605053191
1592 0.317328094303
1593 0.315542705322
1594 0.336275816123
1595 0.31546875
1596 0.317752596789
1597 0.316879855607
1598 0.317777602896
1599 0.319436753421
1600 0.315197876825
1601 0.318454258675
1602 0.315715402658
1603 0.315222482436
1604 0.318630158605
1605 0.319765600253
1606 0.317203456402
1607 0.318027880602
1608 0.315050323789
1609 0.317902692489
1610 0.317827626919
1611 0.319487301211
1612 0.318479375345
1613 0.320222045995
1614 0.319588444796
1615 0.317153628652
1616 0.315518049695
1617 0.31979092421
1618 0.335940099834
1619 0.334992533599
1620 0.317802612939
1621 0.319714964371
1622 0.338021094927
1623 0.319942952222
1624 0.317502752005
1625 0.315789473684
1626 0.317303158887
1627 0.33369143046
1628 0.315001170138
1629 0.317577664176
1630 0.31546875
1631 0.318579881657
1632 0.317103816554
1633 0.316929597363
1634 0.315493397922
1635 0.315863579474
1636 0.315764779481
1637 0.316879855607
1638 0.317877666693
1639 0.317477789134
1640 0.317402924069
1641 0.315124083034
1642 0.315271705184
1643 0.341855739925
1644 0.317452830189
1645 0.31717854057
1646 0.319841584158
1647 0.315394829337
1648 0.316755569501
1649 0.315542705322
1650 0.31583887368
1651 0.315863579474
1652 0.315025745046
1653 0.316954474097
1654 0.316805272242
1655 0.316805272242
1656 0.316333725029
1657 0.342029476537
1658 0.315050323789
1659 0.316383295463
1660 0.317029127738
1661 0.317228376149
1662 0.318680451425
1663 0.318630158605
1664 0.339327731092
1665 0.315074906367
1666 0.318128102104
1667 0.364703757225
1668 0.315592028136
1669 0.317952755906
1670 0.318429145966
1671 0.315542705322
1672 0.317153628652
1673 0.315542705322
1674 0.319335705813
1675 0.317353033637
1676 0.317927722227
1677 0.315320943308
1678 0.318479375345
1679 0.315937720053
1680 0.31815316735
1681 0.318504495977
1682 0.316011895445
1683 0.317627625265
1684 0.318554749132
1685 0.393874365977
1686 0.317303158887
1687 0.315789473684
1688 0.357250287534
1689 0.336921151439
1690 0.318103040807
1691 0.314976599064
1692 0.316457680251
1693 0.338162632945
1694 0.315001170138
1695 0.318429145966
1696 0.317777602896
1697 0.315222482436
1698 0.332838773492
1699 0.315394829337
1700 0.316904724533
1701 0.315370196813
1702 0.315962441315
1703 0.335409917767
1704 0.31665621079
1705 0.315542705322
1706 0.335298513659
1707 0.317702596381
1708 0.319639040608
1709 0.315173275055
1710 0.317078916372
1711 0.31581417175
1712 0.315050323789
1713 0.317527718802
1714 0.315025745046
1715 0.319664344522
1716 0.316581732654
1717 0.317004239284
1718 0.318454258675
1719 0.356682271884
1720 0.335075927309
1721 0.31830364181
1722 0.317877666693
1723 0.316333725029
1724 0.316185106883
1725 0.316979354737
1726 0.316185106883
1727 0.341653270158
1728 0.316209866875
1729 0.315715402658
1730 0.318630158605
1731 0.321241050119
1732 0.315124083034
1733 0.317852644836
1734 0.315863579474
1735 0.316160350767
1736 0.317677602077
1737 0.318881781568
1738 0.316954474097
1739 0.316036628317
1740 0.315271705184
1741 0.33566084788
1742 0.317552689525
1743 0.31865530303
1744 0.316185106883
1745 0.318203309693
1746 0.334133223004
1747 0.320095124851
1748 0.31546875
1749 0.315247091889
1750 0.315247091889
1751 0.318128102104
1752 0.317877666693
1753 0.317852644836
1754 0.317004239284
1755 0.316879855607
1756 0.315001170138
1757 0.315320943308
1758 0.318228386792
1759 0.341826800982
1760 0.315074906367
1761 0.315001170138
1762 0.317977793527
1763 0.315025745046
1764 0.318002835092
1765 0.315542705322
1766 0.317078916372
1767 0.317802612939
1768 0.319310453898
1769 0.320807182013
1770 0.333333333333
1771 0.316556914393
1772 0.315419465708
1773 0.316457680251
1774 0.317203456402
1775 0.315962441315
1776 0.315124083034
1777 0.315050323789
1778 0.335549277048
1779 0.3358004158
1780 0.315937720053
1781 0.333333333333
1782 0.315567364802
1783 0.33449304175
1784 0.319689652442
1785 0.315345568137
1786 0.315666041276
1787 0.319108582266
1788 0.316036628317
1789 0.315173275055
1790 0.317527718802
1791 0.318228386792
1792 0.318831425188
1793 0.315493397922
1794 0.318579881657
1795 0.318052930057
1796 0.317228376149
1797 0.316705882353
1798 0.315050323789
1799 0.315764779481
1800 0.318806252961
1801 0.321727352402
1802 0.317452830189
1803 0.315222482436
1804 0.335242839352
1805 0.31989226016
1806 0.315493397922
1807 0.335716661124
1808 0.316185106883
1809 0.334188529339
1810 0.317777602896
1811 0.317477789134
1812 0.316581732654
1813 0.317727594618
1814 0.320171265461
1815 0.315173275055
1816 0.315518049695
1817 0.318228386792
1818 0.333030927835
1819 0.315690720038
1820 0.31717854057
1821 0.318328734726
1822 0.315641366372
1823 0.315567364802
1824 0.31815316735
1825 0.318077983458
1826 0.335744574707
1827 0.317552689525
1828 0.320044384561
1829 0.318378932429
1830 0.315320943308
1831 0.31591300266
1832 0.315962441315
1833 0.316061365059
1834 0.319816252178
1835 0.314952031823
1836 0.338559570722
1837 0.333333333333
1838 0.316036628317
1839 0.315074906367
1840 0.319159026241
1841 0.315173275055
1842 0.316160350767
1843 0.317952755906
1844 0.316061365059
1845 0.319714964371
1846 0.317477789134
1847 0.334216189373
1848 0.335270674195
1849 0.317527718802
1850 0.317927722227
1851 0.317377976892
1852 0.316457680251
1853 0.33349851338
1854 0.316110850164
1855 0.314976599064
1856 0.316234630746
1857 0.315025745046
1858 0.316755569501
1859 0.315937720053
1860 0.316532100024
1861 0.31581417175
1862 0.317977793527
1863 0.316284170126
1864 0.333967413779
1865 0.318178236546
1866 0.315124083034
1867 0.335409917767
1868 0.318077983458
1869 0.317977793527
1870 0.315296322324
1871 0.317827626919
1872 0.318831425188
1873 0.316606554806
1874 0.31591300266
1875 0.315247091889
1876 0.317328094303
1877 0.316780418922
1878 0.316556914393
1879 0.318178236546
1880 0.318755920429
1881 0.315715402658
1882 0.318253467844
1883 0.318755920429
1884 0.33355360978
1885 0.315740089139
1886 0.316730723978
1887 0.317527718802
1888 0.315222482436
1889 0.321420042983
1890 0.315296322324
1891 0.315074906367
1892 0.316780418922
1893 0.315222482436
1894 0.318781084708
1895 0.318203309693
1896 0.31583887368
1897 0.315148677125
1898 0.318906965724
1899 0.317477789134
1900 0.31865530303
1901 0.315592028136
1902 0.31583887368
1903 0.318178236546
1904 0.31591300266
1905 0.315666041276
1906 0.315197876825
1907 0.31546875
1908 0.317402924069
1909 0.315567364802
1910 0.3339121806
1911 0.315690720038
1912 0.333884570862
1913 0.350977835724
1914 0.277965168307
1915 0.260583376355
1916 0.259979397373
1917 0.280222068008
1918 0.26301048655
1919 0.262514627487
1920 0.260717975207
1921 0.280923890358
1922 0.260465716313
1923 0.260046367852
1924 0.260734809841
1925 0.259895732767
1926 0.261901673369
1927 0.287299893276
1928 0.260717975207
1929 0.260180412371
1930 0.262344074844
1931 0.2600128783
1932 0.260448916409
1933 0.287116040956
1934 0.259979397373
1935 0.259996136759
1936 0.260633834635
1937 0.260163649249
1938 0.259862282
1939 0.26299335678
1940 0.267116491367
1941 0.280202622996
1942 0.282081732448
1943 0.260448916409
1944 0.263044752785
1945 0.260281036483
1946 0.288305012138
1947 0.263027618551
1948 0.281021643817
1949 0.280631037598
1950 0.259929192147
1951 0.259996136759
1952 0.266816439804
1953 0.260348162476
1954 0.26186770428
1955 0.280202622996
1956 0.286443924239
1957 0.259929192147
1958 0.260448916409
1959 0.260364949384
1960 0.280358258696
1961 0.260516129032
1962 0.25991246138
1963 0.262959103933
1964 0.261240861745
1965 0.261409982521
1966 0.260130129485
1967 0.262702491705
1968 0.299022511848
1969 0.260381738458
1970 0.259862282
1971 0.261274668392
1972 0.262770872649
1973 0.266922263353
1974 0.266834071235
1975 0.25991246138
1976 0.260398529696
1977 0.266376410053
1978 0.259945925068
1979 0.260046367852
1980 0.262770872649
1981 0.260751646649
1982 0.260987590486
1983 0.260113372842
1984 0.263164754953
1985 0.262805076473
1986 0.263594229388
1987 0.262378167641
1988 0.260398529696
1989 0.260197177653
1990 0.261257763975
1991 0.260130129485
1992 0.266552247673
1993 0.260046367852
1994 0.263233376793
1995 0.278828891037
1996 0.266798810704
1997 0.259862282
1998 0.26207165109
1999 0.266640253566
2000 0.260364949384
2001 0.260348162476
2002 0.266745937376
2003 0.279233801259
2004 0.285431540256
2005 0.266569844204
2006 0.262412269301
2007 0.260667484346
2008 0.288820542164
2009 0.25991246138
2010 0.266481884775
2011 0.280027739251
2012 0.260465716313
2013 0.260046367852
2014 0.259945925068
2015 0.259962660143
2016 0.259879006307
2017 0.260096618357
2018 0.25991246138
2019 0.266657861718
2020 0.260113372842
2021 0.262463438414
2022 0.260314595152
2023 0.260633834635
2024 0.260213945096
2025 0.266622647739
2026 0.260297814736
2027 0.279446366782
2028 0.266464299855
2029 0.28059203669
2030 0.260364949384
2031 0.262959103933
2032 0.278848145846
2033 0.288325598001
2034 0.262719583604
2035 0.259929192147
2036 0.260297814736
2037 0.260146888288
2038 0.262719583604
2039 0.287688800228
2040 0.286606572503
2041 0.262361120135
2042 0.259929192147
2043 0.287279453614
2044 0.262736677728
2045 0.260213945096
2046 0.262770872649
2047 0.26186770428
2048 0.281727482034
2049 0.260079866031
2050 0.260415323101
2051 0.260180412371
2052 0.259945925068
2053 0.280455618836
2054 0.279969493171
2055 0.288676008007
2056 0.26102133161
2057 0.261731915997
2058 0.260499322624
2059 0.261071959656
2060 0.263061889251
2061 0.261579322407
2062 0.260600193611
2063 0.279349705984
2064 0.26217374367
2065 0.262941980856
2066 0.277697544873
2067 0.259945925068
2068 0.260348162476
2069 0.2882021269
2070 0.262634146341
2071 0.2600128783
2072 0.287688800228
2073 0.287832347281
2074 0.263096168882
2075 0.262531694948
2076 0.260869565217
2077 0.260079866031
2078 0.261918661218
2079 0.263250537845
2080 0.259812121992
2081 0.259945925068
2082 0.288861864225
2083 0.260096618357
2084 0.262275915822
2085 0.26217374367
2086 0.260297814736
2087 0.262088660998
2088 0.281570322851
2089 0.263147605083
2090 0.260180412371
2091 0.26299335678
2092 0.260364949384
2093 0.260516129032
2094 0.262787973448
2095 0.25991246138
2096 0.262395217363
2097 0.260146888288
2098 0.260432118671
2099 0.261765849864
2100 0.260063115863
2101 0.259895732767
2102 0.279233801259
2103 0.288017118402
2104 0.262907741389
2105 0.262856398906
2106 0.259979397373
2107 0.259862282
2108 0.260415323101
2109 0.26256583653
2110 0.26207165109
2111 0.260785326789
2112 0.289110045106
2113 0.262497562244
2114 0.259962660143
2115 0.260046367852
2116 0.262088660998
2117 0.266834071235
2118 0.288222698073
2119 0.262976229241
2120 0.260046367852
2121 0.260180412371
2122 0.262463438414
2123 0.2622588816
2124 0.263233376793
2125 0.262651229348
2126 0.280884808013
2127 0.260701142746
2128 0.287463515341
2129 0.286362669314
2130 0.260432118671
2131 0.259979397373
2132 0.263147605083
2133 0.280650542118
2134 0.288428571429
2135 0.279388362278
2136 0.286281460475
2137 0.261038205443
2138 0.278540387666
2139 0.287299893276
2140 0.262805076473
2141 0.26268540203
2142 0.260197177653
2143 0.263542618457
2144 0.28725901686
2145 0.279911271316
2146 0.260516129032
2147 0.260197177653
2148 0.260482518385
2149 0.280280419241
2150 0.281021643817
2151 0.263044752785
2152 0.280066583437
2153 0.260096618357
2154 0.288160993363
2155 0.262497562244
2156 0.278617263507
2157 0.260247486466
2158 0.266376410053
2159 0.259962660143
2160 0.260600193611
2161 0.260197177653
2162 0.261443832956
2163 0.260046367852
2164 0.27819497072
2165 0.261342307941
2166 0.261952643529
2167 0.259945925068
2168 0.259879006307
2169 0.259845559846
2170 0.280650542118
2171 0.260096618357
2172 0.266851704996
2173 0.263061889251
2174 0.260297814736
2175 0.287627323883
2176 0.259929192147
2177 0.28067004935
2178 0.259979397373
2179 0.259845559846
2180 0.261376140851
2181 0.287647813079
2182 0.260079866031
2183 0.259929192147
2184 0.287218152073
2185 0.262941980856
2186 0.278156643935
2187 0.260096618357
2188 0.288346186804
2189 0.26307902795
2190 0.287483981205
2191 0.262634146341
2192 0.279446366782
2193 0.260482518385
2194 0.260029621998
2195 0.279853073671
2196 0.259812121992
2197 0.28067004935
2198 0.260163649249
2199 0.279601163274
2200 0.288923869491
2201 0.262719583604
2202 0.26301048655
2203 0.260617013037
2204 0.287361229718
2205 0.259862282
2206 0.260029621998
2207 0.263353551164
2208 0.260163649249
2209 0.260163649249
2210 0.260398529696
2211 0.261443832956
2212 0.260701142746
2213 0.262156722716
2214 0.261528497409
2215 0.260247486466
2216 0.278713418001
2217 0.262037637897
2218 0.2600128783
2219 0.263267701134
2220 0.259879006307
2221 0.263096168882
2222 0.260751646649
2223 0.260835863316
2224 0.287688800228
2225 0.287811831789
2226 0.266429136975
2227 0.260650658404
2228 0.25991246138
2229 0.260331377732
2230 0.263302034429
2231 0.259879006307
2232 0.260398529696
2233 0.260987590486
2234 0.263559819855
2235 0.260281036483
2236 0.261240861745
2237 0.260415323101
2238 0.261884687723
2239 0.2600128783
2240 0.279388362278
2241 0.2631990614
2242 0.28070907195
2243 0.260465716313
2244 0.261055081458
2245 0.263181907059
2246 0.25991246138
2247 0.280241515719
2248 0.287811831789
2249 0.260096618357
2250 0.260113372842
2251 0.287545396283
2252 0.259945925068
2253 0.259962660143
2254 0.262446379826
2255 0.286403291014
2256 0.259962660143
2257 0.25991246138
2258 0.262412269301
2259 0.260617013037
2260 0.260717975207
2261 0.260130129485
2262 0.261969637991
2263 0.260029621998
2264 0.25991246138
2265 0.286850891525
2266 0.259979397373
2267 0.281727482034
2268 0.287014002417
2269 0.287976037655
2270 0.259812121992
2271 0.260046367852
2272 0.262839289201
2273 0.260281036483
2274 0.279349705984
2275 0.260381738458
2276 0.262924860008
2277 0.262395217363
2278 0.260063115863
2279 0.262736677728
2280 0.287116040956
2281 0.260785326789
2282 0.259945925068
2283 0.281825795645
2284 0.28861410907
2285 0.266675472197
2286 0.278809638887
2287 0.260197177653
2288 0.260936995153
2289 0.260146888288
2290 0.28859348199
2291 0.262907741389
2292 0.260079866031
2293 0.288222698073
2294 0.278790389395
2295 0.280767626199
2296 0.278041726916
2297 0.260364949384
2298 0.260432118671
2299 0.277926904811
2300 0.262412269301
2301 0.26185072304
2302 0.259962660143
2303 0.286993603412
2304 0.260281036483
2305 0.261173274691
2306 0.260063115863
2307 0.261697990927
2308 0.26217374367
2309 0.262429323455
2310 0.263164754953
2311 0.260180412371
2312 0.260650658404
2313 0.260063115863
2314 0.261223961703
2315 0.260113372842
2316 0.27915658486
2317 0.259962660143
2318 0.260398529696
2319 0.260415323101
2320 0.287811831789
2321 0.260063115863
2322 0.25991246138
2323 0.26056656127
2324 0.262890625
2325 0.263130457448
2326 0.279349705984
2327 0.262839289201
2328 0.287054809128
2329 0.2820620285
2330 0.261884687723
2331 0.278751898385
2332 0.26301048655
2333 0.279736750953
2334 0.281924177896
2335 0.262139703973
2336 0.260364949384
2337 0.288387373232
2338 0.266306139946
2339 0.279853073671
2340 0.262873510839
2341 0.263147605083
2342 0.2602307147
2343 0.260264260393
2344 0.27993067591
2345 0.281041202673
2346 0.260667484346
2347 0.260398529696
2348 0.283428090124
2349 0.262344074844
2350 0.260096618357
2351 0.260264260393
2352 0.279872470197
2353 0.262634146341
2354 0.261240861745
2355 0.262787973448
2356 0.278175806007
2357 0.262702491705
2358 0.2600128783
2359 0.259895732767
2360 0.262275915822
2361 0.259996136759
2362 0.260549748355
2363 0.260213945096
2364 0.262617065557
2365 0.266834071235
2366 0.260717975207
2367 0.260398529696
2368 0.260633834635
2369 0.280066583437
2370 0.263130457448
2371 0.262463438414
2372 0.260398529696
2373 0.279775514446
2374 0.259996136759
2375 0.262634146341
2376 0.259895732767
2377 0.262822181724
2378 0.279697998199
2379 0.266569844204
2380 0.260398529696
2381 0.259845559846
2382 0.262770872649
2383 0.259828839843
2384 0.260197177653
2385 0.288346186804
2386 0.278848145846
2387 0.262139703973
2388 0.260633834635
2389 0.259895732767
2390 0.278137484502
2391 0.260886419434
2392 0.261004459957
2393 0.261342307941
2394 0.260331377732
2395 0.280533555648
2396 0.262822181724
2397 0.261223961703
2398 0.260381738458
2399 0.286687965921
2400 0.279485049834
2401 0.260113372842
2402 0.260146888288
2403 0.260046367852
2404 0.260079866031
2405 0.262668314578
2406 0.260130129485
2407 0.260398529696
2408 0.261291574997
2409 0.262378167641
2410 0.262805076473
2411 0.263302034429
2412 0.260331377732
2413 0.260314595152
2414 0.277926904811
2415 0.262890625
2416 0.260751646649
2417 0.260415323101
2418 0.285754723657
2419 0.261765849864
2420 0.280514067385
2421 0.279311060386
2422 0.259929192147
2423 0.259879006307
2424 0.262582910652
2425 0.259979397373
2426 0.260398529696
2427 0.260096618357
2428 0.260213945096
2429 0.263027618551
2430 0.261240861745
2431 0.2622588816
2432 0.259879006307
2433 0.260264260393
2434 0.262275915822
2435 0.261596268463
2436 0.260247486466
2437 0.287095627444
2438 0.259879006307
2439 0.261207063846
2440 0.259962660143
2441 0.260364949384
2442 0.259862282
2443 0.259845559846
2444 0.260180412371
2445 0.260063115863
2446 0.285754723657
2447 0.262514627487
2448 0.266552247673
2449 0.260348162476
2450 0.26056656127
2451 0.259996136759
2452 0.287402135231
2453 0.259962660143
2454 0.260297814736
2455 0.260063115863
2456 0.260063115863
2457 0.259929192147
2458 0.259812121992
2459 0.2865048957
2460 0.266499472017
2461 0.262651229348
2462 0.287709298183
2463 0.261409982521
2464 0.287750302858
2465 0.263216217978
2466 0.278751898385
2467 0.259979397373
2468 0.261986634659
2469 0.281021643817
2470 0.26207165109
2471 0.259812121992
2472 0.287873387039
2473 0.285896346644
2474 0.260617013037
2475 0.2602307147
2476 0.287156876689
2477 0.260398529696
2478 0.261697990927
2479 0.261359223301
2480 0.260835863316
2481 0.260247486466
2482 0.259845559846
2483 0.262497562244
2484 0.259845559846
2485 0.261918661218
2486 0.262105673114
2487 0.260096618357
2488 0.259945925068
2489 0.260448916409
2490 0.261613216715
2491 0.260046367852
2492 0.287811831789
2493 0.262805076473
2494 0.259895732767
2495 0.266376410053
2496 0.262241849591
2497 0.277621175662
2498 0.260213945096
2499 0.287095627444
2500 0.261359223301
2501 0.262856398906
2502 0.278944459796
2503 0.285209775392
2504 0.260063115863
2505 0.262344074844
2506 0.259879006307
2507 0.261884687723
2508 0.2631990614
2509 0.287320335847
2510 0.281432952328
2511 0.288140430998
2512 0.288058210872
2513 0.2805725403
2514 0.260046367852
2515 0.259945925068
2516 0.2600128783
2517 0.279446366782
2518 0.259895732767
2519 0.260600193611
2520 0.278271655985
2521 0.262582910652
2522 0.26217374367
2523 0.260029621998
2524 0.260079866031
2525 0.2600128783
2526 0.260381738458
2527 0.263027618551
2528 0.259862282
2529 0.25991246138
2530 0.28591658996
2531 0.27775484936
2532 0.260180412371
2533 0.261579322407
2534 0.2865048957
2535 0.260096618357
2536 0.259979397373
2537 0.260852713178
2538 0.26166407465
2539 0.266675472197
2540 0.262156722716
2541 0.260314595152
2542 0.259828839843
2543 0.28098253427
2544 0.291384038101
2545 0.278175806007
2546 0.259945925068
2547 0.262224819793
2548 0.286423606185
2549 0.259929192147
2550 0.262514627487
2551 0.262531694948
2552 0.262463438414
2553 0.261681031689
2554 0.262719583604
2555 0.261359223301
2556 0.281158613007
2557 0.262003633532
2558 0.260314595152
2559 0.260163649249
2560 0.262582910652
2561 0.2631990614
2562 0.262412269301
2563 0.260029621998
2564 0.261647119808
2565 0.262976229241
2566 0.259862282
2567 0.2602307147
2568 0.279988905838
2569 0.259979397373
2570 0.259812121992
2571 0.260146888288
2572 0.26621835443
2573 0.260113372842
2574 0.262361120135
2575 0.261528497409
2576 0.26217374367
2577 0.260549748355
2578 0.260130129485
2579 0.26256583653
2580 0.261748881831
2581 0.259895732767
2582 0.260197177653
2583 0.280358258696
2584 0.266499472017
2585 0.260046367852
2586 0.260465716313
2587 0.262959103933
2588 0.260113372842
2589 0.280163741067
2590 0.286789772727
2591 0.263130457448
2592 0.261409982521
2593 0.280163741067
2594 0.262924860008
2595 0.279407694437
2596 0.259845559846
2597 0.259812121992
2598 0.279775514446
2599 0.288676008007
2600 0.260029621998
2601 0.262873510839
2602 0.26301048655
2603 0.263147605083
2604 0.261207063846
2605 0.263113312048
2606 0.277926904811
2607 0.261055081458
2608 0.263096168882
2609 0.279659256181
2610 0.278540387666
2611 0.260650658404
2612 0.263302034429
2613 0.260264260393
2614 0.260314595152
2615 0.260079866031
2616 0.262924860008
2617 0.280338794779
2618 0.287504449982
2619 0.260180412371
2620 0.26256583653
2621 0.260717975207
2622 0.259895732767
2623 0.260146888288
2624 0.261986634659
2625 0.262976229241
2626 0.262941980856
2627 0.260364949384
2628 0.260482518385
2629 0.260264260393
2630 0.287914438503
2631 0.262719583604
2632 0.261748881831
2633 0.25991246138
2634 0.260482518385
2635 0.259879006307
2636 0.266042956911
2637 0.26635883905
2638 0.260381738458
2639 0.262599986994
2640 0.260415323101
2641 0.266675472197
2642 0.260113372842
2643 0.281295715778
2644 0.287361229718
2645 0.260247486466
2646 0.260701142746
2647 0.26207165109
2648 0.266534653465
2649 0.260600193611
2650 0.287811831789
2651 0.260096618357
2652 0.25991246138
2653 0.260886419434
2654 0.286647263434
2655 0.262344074844
2656 0.262634146341
2657 0.260063115863
2658 0.260667484346
2659 0.260398529696
2660 0.260768485631
2661 0.26635883905
2662 0.286403291014
2663 0.2833087771
2664 0.283090297252
2665 0.285694071034
2666 0.283746750053
2667 0.283786632933
2668 0.282971268395
2669 0.283249158249
2670 0.28597733711
2671 0.282951439983
2672 0.282693923271
2673 0.2833087771
2674 0.283149849239
2675 0.285876106195
2676 0.283328655627
2677 0.284226085732
2678 0.285492081448
2679 0.283368421053
2680 0.286687965921
2681 0.283627168645
2682 0.285431540256
2683 0.282891971417
2684 0.286098908885
2685 0.283129995793
2686 0.282812718868
2687 0.283050609842
2688 0.282991099587
2689 0.282792912669
2690 0.283906348872
2691 0.283189564486
2692 0.282634562889
2693 0.282674133707
2694 0.286464245176
2695 0.286423606185
2696 0.282792912669
2697 0.282951439983
2698 0.282891971417
2699 0.283946276633
2700 0.282832527842
2701 0.282872154116
2702 0.283090297252
2703 0.283050609842
2704 0.28293161435
2705 0.289566152743
2706 0.283110145131
2707 0.285694071034
2708 0.286301758366
2709 0.285088957921
2710 0.282812718868
2711 0.282832527842
2712 0.283189564486
2713 0.283447985399
2714 0.28316970547
2715 0.282634562889
2716 0.283209426287
2717 0.286382978723
2718 0.28364709188
2719 0.2833087771
2720 0.286464245176
2721 0.283726812816
2722 0.282693923271
2723 0.282634562889
2724 0.282812718868
2725 0.284546543584
2726 0.283408197642
2727 0.282911791494
2728 0.282832527842
2729 0.283328655627
2730 0.285774946921
2731 0.284346172805
2732 0.283149849239
2733 0.282733510713
2734 0.283050609842
2735 0.283607248209
2736 0.282951439983
2737 0.282674133707
2738 0.282991099587
2739 0.286200297682
2740 0.283189564486
2741 0.289566152743
2742 0.285673859215
2743 0.286810142766
2744 0.284626770988
2745 0.282971268395
2746 0.283229290875
2747 0.282872154116
2748 0.282832527842
2749 0.28406612733
2750 0.283627168645
2751 0.285734503255
2752 0.283447985399
2753 0.283288901361
2754 0.283607248209
2755 0.287279453614
2756 0.285815402039
2757 0.285431540256
2758 0.284226085732
2759 0.28348778433
2760 0.283010933558
2761 0.283328655627
2762 0.283129995793
2763 0.282991099587
2764 0.285815402039
2765 0.287422592355
2766 0.285350858597
2767 0.282832527842
2768 0.282693923271
2769 0.2833087771
2770 0.282812718868
2771 0.283388307951
2772 0.282852339591
2773 0.283428090124
2774 0.285673859215
2775 0.282693923271
2776 0.283686946747
2777 0.282693923271
2778 0.284226085732
2779 0.286382978723
2780 0.282951439983
2781 0.283746750053
2782 0.283886389201
2783 0.285997591897
2784 0.283408197642
2785 0.283129995793
2786 0.283447985399
2787 0.28658623137
2788 0.283547503687
2789 0.282614781635
2790 0.282951439983
2791 0.282753308592
2792 0.282812718868
2793 0.282634562889
2794 0.286403291014
2795 0.282951439983
2796 0.283050609842
2797 0.285673859215
2798 0.283110145131
2799 0.282634562889
2800 0.282733510713
2801 0.286200297682
2802 0.282773109244
2803 0.282773109244
2804 0.283010933558
2805 0.282753308592
2806 0.282733510713
2807 0.285028587563
2808 0.283010933558
2809 0.282634562889
2810 0.282951439983
2811 0.285512267553
2812 0.282713715606
2813 0.283070452156
2814 0.283607248209
2815 0.305770104498
2816 0.283706878381
2817 0.282792912669
2818 0.282674133707
2819 0.282891971417
2820 0.283229290875
2821 0.282872154116
2822 0.282832527842
2823 0.286423606185
2824 0.285169491525
2825 0.282693923271
2826 0.283269028411
2827 0.285734503255
2828 0.28406612733
2829 0.296541088345
2830 0.283129995793
2831 0.283010933558
2832 0.28293161435
2833 0.283348536945
2834 0.286119180897
2835 0.282753308592
2836 0.285431540256
2837 0.283189564486
2838 0.282852339591
2839 0.306071401501
2840 0.287586354248
2841 0.283408197642
2842 0.283189564486
2843 0.282595003149
2844 0.283149849239
2845 0.283328655627
2846 0.283090297252
2847 0.283110145131
2848 0.282812718868
2849 0.282991099587
2850 0.28603811008
2851 0.285008469791
2852 0.283010933558
2853 0.282792912669
2854 0.283806578577
2855 0.283288901361
2856 0.282654346913
2857 0.28293161435
2858 0.282614781635
2859 0.282911791494
2860 0.282971268395
2861 0.282634562889
2862 0.282792912669
2863 0.296171336365
2864 0.284646834908
2865 0.286058373477
2866 0.283348536945
2867 0.284126090628
2868 0.285957085192
2869 0.282991099587
2870 0.289919586445
2871 0.283189564486
2872 0.283408197642
2873 0.285876106195
2874 0.285997591897
2875 0.285471898197
2876 0.2854517178
2877 0.282852339591
2878 0.286119180897
2879 0.282792912669
2880 0.282891971417
2881 0.296366972477
2882 0.28364709188
2883 0.282773109244
2884 0.287095627444
2885 0.282693923271
2886 0.306071401501
2887 0.282773109244
2888 0.285330695308
2889 0.282872154116
2890 0.282951439983
2891 0.286301758366
2892 0.283010933558
2893 0.283726812816
2894 0.282733510713
2895 0.283966244726
2896 0.28293161435
2897 0.284626770988
2898 0.285109087058
2899 0.282733510713
2900 0.282693923271
2901 0.282792912669
2902 0.285957085192
2903 0.282713715606
2904 0.28293161435
2905 0.284186079246
2906 0.285512267553
2907 0.286667613233
2908 0.284266103485
2909 0.284566596195
2910 0.285572842999
2911 0.286220584066
2912 0.283946276633
2913 0.285250070641
2914 0.285532456513
2915 0.283388307951
2916 0.286647263434
2917 0.284306132507
2918 0.28293161435
2919 0.282971268395
2920 0.285431540256
2921 0.285512267553
2922 0.283547503687
2923 0.282634562889
2924 0.282891971417
2925 0.285330695308
2926 0.285613240911
2927 0.282773109244
2928 0.286403291014
2929 0.286545557763
2930 0.284988354859
2931 0.282733510713
2932 0.283627168645
2933 0.283368421053
2934 0.282852339591
2935 0.282971268395
2936 0.282812718868
2937 0.285613240911
2938 0.285673859215
2939 0.28316970547
2940 0.285795173048
2941 0.284907923517
2942 0.283030770309
2943 0.282773109244
2944 0.285997591897
2945 0.286687965921
2946 0.285431540256
2947 0.285734503255
2948 0.282911791494
2949 0.282991099587
2950 0.282971268395
2951 0.283527594439
2952 0.284787361591
2953 0.282634562889
2954 0.283249158249
2955 0.282832527842
2956 0.283447985399
2957 0.286464245176
2958 0.282852339591
2959 0.283408197642
2960 0.282911791494
2961 0.286403291014
2962 0.282792912669
2963 0.283527594439
2964 0.282654346913
2965 0.283686946747
2966 0.282911791494
2967 0.2867083215
2968 0.284466361395
2969 0.286769405582
2970 0.2854517178
2971 0.285290377279
2972 0.28293161435
2973 0.282911791494
2974 0.285876106195
2975 0.285209775392
2976 0.282634562889
2977 0.284166080225
2978 0.284286116587
2979 0.283070452156
2980 0.286565893123
2981 0.282674133707
2982 0.283030770309
2983 0.282872154116
2984 0.282911791494
2985 0.283050609842
2986 0.285229921594
2987 0.286565893123
2988 0.283110145131
2989 0.285290377279
2990 0.285572842999
2991 0.282832527842
2992 0.285633444154
2993 0.28591658996
2994 0.285149353859
2995 0.285835633893
2996 0.282872154116
2997 0.283348536945
2998 0.282852339591
2999 0.282634562889
3000 0.283368421053
3001 0.286647263434
3002 0.283846478279
3003 0.284006189337
3004 0.306071401501
3005 0.285088957921
3006 0.284146084019
3007 0.282614781635
3008 0.283050609842
3009 0.282891971417
3010 0.282951439983
3011 0.283209426287
3012 0.284006189337
3013 0.282792912669
3014 0.283050609842
3015 0.285391193724
3016 0.282773109244
3017 0.283149849239
3018 0.290964115867
3019 0.28316970547
3020 0.285048708175
3021 0.287218152073
3022 0.28356741573
3023 0.286159733541
3024 0.284727118883
3025 0.282852339591
3026 0.285109087058
3027 0.286464245176
3028 0.285795173048
3029 0.282812718868
3030 0.285068831627
3031 0.282733510713
3032 0.282595003149
3033 0.283010933558
3034 0.284326151246
3035 0.283706878381
3036 0.286220584066
3037 0.283328655627
3038 0.282634562889
3039 0.286240873325
3040 0.283010933558
3041 0.283587330571
3042 0.283110145131
3043 0.282971268395
3044 0.282911791494
3045 0.282693923271
3046 0.282733510713
3047 0.2833087771
3048 0.28356741573
3049 0.282872154116
3050 0.285936836142
3051 0.282891971417
3052 0.2865048957
3053 0.28356741573
3054 0.282773109244
3055 0.286220584066
3056 0.282693923271
3057 0.285593040526
3058 0.283368421053
3059 0.282872154116
3060 0.282674133707
3061 0.28603811008
3062 0.282852339591
3063 0.283726812816
3064 0.282792912669
3065 0.285310534869
3066 0.285088957921
3067 0.282852339591
3068 0.282832527842
3069 0.282891971417
3070 0.282891971417
3071 0.283806578577
3072 0.282595003149
3073 0.28348778433
3074 0.286058373477
3075 0.282693923271
3076 0.283030770309
3077 0.286200297682
3078 0.283667017914
3079 0.286342362785
3080 0.283866432337
3081 0.283129995793
3082 0.283070452156
3083 0.286810142766
3084 0.282773109244
3085 0.286058373477
3086 0.285068831627
3087 0.2833087771
3088 0.283587330571
3089 0.282773109244
3090 0.283607248209
3091 0.2867083215
3092 0.282693923271
3093 0.282792912669
3094 0.283070452156
3095 0.282713715606
3096 0.282872154116
3097 0.284086112284
3098 0.283706878381
3099 0.285330695308
3100 0.282773109244
3101 0.287279453614
3102 0.290378253991
3103 0.285391193724
3104 0.282971268395
3105 0.286200297682
3106 0.282812718868
3107 0.285653650255
3108 0.283587330571
3109 0.283826527026
3110 0.28293161435
3111 0.282911791494
3112 0.287238583013
3113 0.282812718868
3114 0.285774946921
3115 0.28348778433
3116 0.285633444154
3117 0.286484568996
3118 0.285290377279
3119 0.283627168645
3120 0.28591658996
3121 0.285835633893
3122 0.282654346913
3123 0.282753308592
3124 0.283229290875
3125 0.28316970547
3126 0.282614781635
3127 0.282733510713
3128 0.282693923271
3129 0.282773109244
3130 0.283269028411
3131 0.282832527842
3132 0.282733510713
3133 0.286098908885
3134 0.282773109244
3135 0.282614781635
3136 0.284326151246
3137 0.283866432337
3138 0.283547503687
3139 0.282951439983
3140 0.282991099587
3141 0.283986215627
3142 0.282792912669
3143 0.283686946747
3144 0.282654346913
3145 0.282891971417
3146 0.284126090628
3147 0.285633444154
3148 0.282674133707
3149 0.285008469791
3150 0.283886389201
3151 0.284346172805
3152 0.282852339591
3153 0.286180014174
3154 0.282792912669
3155 0.284386224382
3156 0.282812718868
3157 0.282832527842
3158 0.282872154116
3159 0.284666901657
3160 0.282713715606
3161 0.28316970547
3162 0.282693923271
3163 0.284286116587
3164 0.283030770309
3165 0.283607248209
3166 0.283467883468
3167 0.283328655627
3168 0.282911791494
3169 0.284606709896
3170 0.285633444154
3171 0.284907923517
3172 0.282951439983
3173 0.28591658996
3174 0.306141015921
3175 0.28603811008
3176 0.282693923271
3177 0.283110145131
3178 0.283388307951
3179 0.283348536945
3180 0.286017849554
3181 0.282733510713
3182 0.282733510713
3183 0.284106100049
3184 0.282595003149
3185 0.285250070641
3186 0.286078639745
3187 0.286464245176
3188 0.283249158249
3189 0.283587330571
3190 0.282951439983
3191 0.282812718868
3192 0.283368421053
3193 0.283070452156
3194 0.283110145131
3195 0.282911791494
3196 0.285471898197
3197 0.283368421053
3198 0.282733510713
3199 0.284466361395
3200 0.283010933558
3201 0.282792912669
3202 0.286525225289
3203 0.282792912669
3204 0.283189564486
3205 0.283507687987
3206 0.28356741573
3207 0.283587330571
3208 0.283388307951
3209 0.282872154116
3210 0.284887822774
3211 0.282852339591
3212 0.283070452156
3213 0.283269028411
3214 0.284747196954
3215 0.283826527026
3216 0.283070452156
3217 0.282713715606
3218 0.282693923271
3219 0.282753308592
3220 0.283348536945
3221 0.285896346644
3222 0.283090297252
3223 0.286606572503
3224 0.283030770309
3225 0.283846478279
3226 0.2833087771
3227 0.284146084019
3228 0.282674133707
3229 0.284346172805
3230 0.282852339591
3231 0.282595003149
3232 0.283129995793
3233 0.286667613233
3234 0.284406254402
3235 0.283229290875
3236 0.282733510713
3237 0.282991099587
3238 0.283129995793
3239 0.285350858597
3240 0.283806578577
3241 0.283886389201
3242 0.282951439983
3243 0.282872154116
3244 0.284166080225
3245 0.282852339591
3246 0.286891651865
3247 0.282852339591
3248 0.285734503255
3249 0.28658623137
3250 0.282852339591
3251 0.283249158249
3252 0.282753308592
3253 0.286139455782
3254 0.283587330571
3255 0.282812718868
3256 0.283209426287
3257 0.283826527026
3258 0.284466361395
3259 0.287606837607
3260 0.283189564486
3261 0.283129995793
3262 0.285552648328
3263 0.283050609842
3264 0.287934968625
3265 0.283189564486
3266 0.288779231924
3267 0.282733510713
3268 0.284006189337
3269 0.282614781635
3270 0.282753308592
3271 0.282693923271
3272 0.282674133707
3273 0.285290377279
3274 0.283090297252
3275 0.284006189337
3276 0.283149849239
3277 0.283149849239
3278 0.285835633893
3279 0.287218152073
3280 0.283070452156
3281 0.286565893123
3282 0.282991099587
3283 0.282614781635
3284 0.282891971417
3285 0.285431540256
3286 0.283110145131
3287 0.285008469791
3288 0.283706878381
3289 0.283527594439
3290 0.286464245176
3291 0.306373292868
3292 0.286871270247
3293 0.282812718868
3294 0.29328878559
3295 0.283030770309
3296 0.28406612733
3297 0.283388307951
3298 0.283826527026
3299 0.285310534869
3300 0.283946276633
3301 0.28293161435
3302 0.283368421053
3303 0.283906348872
3304 0.283288901361
3305 0.283846478279
3306 0.282674133707
3307 0.283010933558
3308 0.282951439983
3309 0.282753308592
3310 0.28293161435
3311 0.282674133707
3312 0.282792912669
3313 0.282911791494
3314 0.283209426287
3315 0.282891971417
3316 0.282852339591
3317 0.283348536945
3318 0.282713715606
3319 0.282971268395
3320 0.283288901361
3321 0.286749041329
3322 0.283946276633
3323 0.282733510713
3324 0.282713715606
3325 0.285774946921
3326 0.282951439983
3327 0.282891971417
3328 0.28356741573
3329 0.28316970547
3330 0.282951439983
3331 0.286342362785
3332 0.283866432337
3333 0.285653650255
3334 0.282713715606
3335 0.282753308592
3336 0.285714285714
3337 0.282713715606
3338 0.283050609842
3339 0.282753308592
3340 0.285815402039
3341 0.283070452156
3342 0.283189564486
3343 0.283926311349
3344 0.282852339591
3345 0.285936836142
3346 0.283866432337
3347 0.283269028411
3348 0.285936836142
3349 0.28603811008
3350 0.282812718868
3351 0.286058373477
3352 0.286098908885
3353 0.282832527842
3354 0.283986215627
3355 0.282753308592
3356 0.283846478279
3357 0.282971268395
3358 0.282872154116
3359 0.282792912669
3360 0.28293161435
3361 0.284046145189
3362 0.286423606185
3363 0.286322059136
3364 0.287463515341
3365 0.285008469791
3366 0.28348778433
3367 0.284386224382
3368 0.282971268395
3369 0.282753308592
3370 0.283428090124
3371 0.282693923271
3372 0.282872154116
3373 0.282713715606
3374 0.282911791494
3375 0.282891971417
3376 0.282634562889
3377 0.282733510713
3378 0.285068831627
3379 0.285673859215
3380 0.283070452156
3381 0.282991099587
3382 0.285492081448
3383 0.282911791494
3384 0.282911791494
3385 0.285512267553
3386 0.287320335847
3387 0.284126090628
3388 0.28597733711
3389 0.282773109244
3390 0.282713715606
3391 0.283070452156
3392 0.285471898197
3393 0.282911791494
3394 0.282951439983
3395 0.2842460932
3396 0.283328655627
3397 0.285997591897
3398 0.286789772727
3399 0.282733510713
3400 0.2833087771
3401 0.283269028411
3402 0.282733510713
3403 0.282872154116
3404 0.283786632933
3405 0.283507687987
3406 0.282832527842
3407 0.286403291014
3408 0.282614781635
3409 0.282614781635
3410 0.283408197642
3411 0.28316970547
3412 0.285653650255
3413 0.284046145189
3414 0.282634562889
3415 0.28293161435
3416 0.283149849239
3417 0.285471898197
3418 0.286342362785
3419 0.282773109244
3420 0.283826527026
3421 0.2833087771
3422 0.282971268395
3423 0.283547503687
3424 0.282891971417
3425 0.282713715606
3426 0.282773109244
3427 0.285896346644
3428 0.282753308592
3429 0.282733510713
3430 0.282674133707
3431 0.282991099587
3432 0.283030770309
3433 0.282991099587
3434 0.285835633893
3435 0.286626916525
3436 0.285512267553
3437 0.282713715606
3438 0.314583982549
3439 0.239643916914
3440 0.239430773792
3441 0.277850409413
3442 0.239388190657
3443 0.239942955612
3444 0.239615475908
3445 0.239373999644
3446 0.239402383352
3447 0.239459170966
3448 0.239388190657
3449 0.239971474416
3450 0.239942955612
3451 0.239558614143
3452 0.239317252415
3453 0.23953019338
3454 0.239317252415
3455 0.262719583604
3456 0.239843193158
3457 0.278386763185
3458 0.239388190657
3459 0.239587041652
3460 0.239515985527
3461 0.239700819186
3462 0.23941657773
3463 0.239587041652
3464 0.239643916914
3465 0.239743513626
3466 0.23953019338
3467 0.239672364672
3468 0.239345622666
3469 0.239715048976
3470 0.239700819186
3471 0.23953019338
3472 0.239658139949
3473 0.239515985527
3474 0.239544402919
3475 0.239558614143
3476 0.239757748486
3477 0.239515985527
3478 0.239388190657
3479 0.239544402919
3480 0.239515985527
3481 0.239658139949
3482 0.239501779359
3483 0.239487574877
3484 0.239487574877
3485 0.239515985527
3486 0.239572827054
3487 0.239729280456
3488 0.262651229348
3489 0.239971474416
3490 0.239373999644
3491 0.239515985527
3492 0.239629695567
3493 0.239430773792
3494 0.239572827054
3495 0.239359810314
3496 0.278482758621
3497 0.239572827054
3498 0.239643916914
3499 0.239558614143
3500 0.239601257936
3501 0.239587041652
3502 0.278348383539
3503 0.23941657773
3504 0.239487574877
3505 0.23941657773
3506 0.239658139949
3507 0.23998573636
3508 0.239430773792
3509 0.239643916914
3510 0.239615475908
3511 0.239587041652
3512 0.239615475908
3513 0.239487574877
3514 0.239388190657
3515 0.239885938335
3516 0.239459170966
3517 0.239501779359
3518 0.239572827054
3519 0.239771985037
3520 0.239544402919
3521 0.239444971537
3522 0.240128449096
3523 0.239430773792
3524 0.239501779359
3525 0.23953019338
3526 0.278041726916
3527 0.239729280456
3528 0.239629695567
3529 0.239814704834
3530 0.23980046321
3531 0.23941657773
3532 0.239430773792
3533 0.239515985527
3534 0.239515985527
3535 0.239629695567
3536 0.239572827054
3537 0.239459170966
3538 0.239359810314
3539 0.239587041652
3540 0.239444971537
3541 0.278003442341
3542 0.239473372079
3543 0.239771985037
3544 0.239444971537
3545 0.239373999644
3546 0.240485974629
3547 0.23953019338
3548 0.239487574877
3549 0.23941657773
3550 0.239515985527
3551 0.27775484936
3552 0.239430773792
3553 0.239402383352
3554 0.239771985037
3555 0.239601257936
3556 0.239587041652
3557 0.277602089922
3558 0.239743513626
3559 0.239843193158
3560 0.239686591084
3561 0.239345622666
3562 0.277621175662
3563 0.239515985527
3564 0.239544402919
3565 0.239544402919
3566 0.239359810314
3567 0.239430773792
3568 0.239501779359
3569 0.23980046321
3570 0.239672364672
3571 0.239317252415
3572 0.239544402919
3573 0.23941657773
3574 0.239615475908
3575 0.239515985527
3576 0.239345622666
3577 0.239900190114
3578 0.278386763185
3579 0.239643916914
3580 0.23953019338
3581 0.239430773792
3582 0.239473372079
3583 0.239345622666
3584 0.239444971537
3585 0.24
3586 0.23941657773
3587 0.239971474416
3588 0.239544402919
3589 0.239359810314
3590 0.2393314367
3591 0.239686591084
3592 0.239572827054
3593 0.277640264026
3594 0.239971474416
3595 0.239473372079
3596 0.239501779359
3597 0.240528949249
3598 0.239345622666
3599 0.239459170966
3600 0.239771985037
3601 0.239402383352
3602 0.239601257936
3603 0.239544402919
3604 0.239430773792
3605 0.24038576021
3606 0.239857439857
3607 0.239373999644
3608 0.23941657773
3609 0.239572827054
3610 0.277907777013
3611 0.239515985527
3612 0.240114170185
3613 0.239572827054
3614 0.239515985527
3615 0.239444971537
3616 0.239587041652
3617 0.239473372079
3618 0.239771985037
3619 0.239587041652
3620 0.239359810314
3621 0.23953019338
3622 0.239501779359
3623 0.239473372079
3624 0.239572827054
3625 0.239501779359
3626 0.23982894815
3627 0.239459170966
3628 0.239572827054
3629 0.239629695567
3630 0.23982894815
3631 0.239487574877
3632 0.239444971537
3633 0.239388190657
3634 0.278636489097
3635 0.239615475908
3636 0.239686591084
3637 0.239658139949
3638 0.239373999644
3639 0.239459170966
3640 0.239473372079
3641 0.239900190114
3642 0.239444971537
3643 0.239629695567
3644 0.239643916914
3645 0.239487574877
3646 0.239558614143
3647 0.239544402919
3648 0.23941657773
3649 0.239601257936
3650 0.239515985527
3651 0.239317252415
3652 0.277965168307
3653 0.239402383352
3654 0.239359810314
3655 0.239473372079
3656 0.239515985527
3657 0.239615475908
3658 0.239487574877
3659 0.23953019338
3660 0.239444971537
3661 0.239388190657
3662 0.239388190657
3663 0.239544402919
3664 0.239501779359
3665 0.239444971537
3666 0.239388190657
3667 0.239430773792
3668 0.239629695567
3669 0.239459170966
3670 0.239402383352
3671 0.239615475908
3672 0.239430773792
3673 0.239971474416
3674 0.239359810314
3675 0.278080022037
3676 0.239501779359
3677 0.239373999644
3678 0.278348383539
3679 0.239373999644
3680 0.239487574877
3681 0.239914443586
3682 0.239444971537
3683 0.239430773792
3684 0.239544402919
3685 0.27867494824
3686 0.239515985527
3687 0.239359810314
3688 0.239771985037
3689 0.2393314367
3690 0.239345622666
3691 0.239672364672
3692 0.239345622666
3693 0.278080022037
3694 0.239715048976
3695 0.239373999644
3696 0.239515985527
3697 0.239515985527
3698 0.239601257936
3699 0.239558614143
3700 0.239345622666
3701 0.239402383352
3702 0.239515985527
3703 0.239843193158
3704 0.239515985527
3705 0.2393314367
3706 0.239843193158
3707 0.239658139949
3708 0.239643916914
3709 0.239515985527
3710 0.239317252415
3711 0.239672364672
3712 0.239715048976
3713 0.23941657773
3714 0.239672364672
3715 0.239672364672
3716 0.239501779359
3717 0.239402383352
3718 0.239345622666
3719 0.239686591084
3720 0.239629695567
3721 0.239444971537
3722 0.277965168307
3723 0.239771985037
3724 0.262617065557
3725 0.239388190657
3726 0.239572827054
3727 0.239515985527
3728 0.239388190657
3729 0.239700819186
3730 0.239317252415
3731 0.239700819186
3732 0.23987168825
3733 0.2393314367
3734 0.239345622666
3735 0.24
3736 0.23953019338
3737 0.239473372079
3738 0.239857439857
3739 0.239729280456
3740 0.239515985527
3741 0.239686591084
3742 0.277697544873
3743 0.239373999644
3744 0.239572827054
3745 0.239345622666
3746 0.239388190657
3747 0.2393314367
3748 0.239615475908
3749 0.239317252415
3750 0.239388190657
3751 0.277907777013
3752 0.239388190657
3753 0.239572827054
3754 0.239658139949
3755 0.23941657773
3756 0.23941657773
3757 0.278521175335
3758 0.239544402919
3759 0.239928698752
3760 0.239572827054
3761 0.239544402919
3762 0.239601257936
3763 0.239544402919
3764 0.239473372079
3765 0.239715048976
3766 0.239359810314
3767 0.239444971537
3768 0.239444971537
3769 0.239629695567
3770 0.239487574877
3771 0.239444971537
3772 0.239402383352
3773 0.23941657773
3774 0.239501779359
3775 0.239558614143
3776 0.239430773792
3777 0.239572827054
3778 0.239444971537
3779 0.239487574877
3780 0.239601257936
3781 0.23953019338
3782 0.239359810314
3783 0.239757748486
3784 0.239487574877
3785 0.239473372079
3786 0.239572827054
3787 0.239601257936
3788 0.239373999644
3789 0.239473372079
3790 0.23941657773
3791 0.239942955612
3792 0.239601257936
3793 0.239515985527
3794 0.24
3795 0.23980046321
3796 0.239373999644
3797 0.239459170966
3798 0.278233308069
3799 0.239317252415
3800 0.239501779359
3801 0.24
3802 0.239345622666
3803 0.23953019338
3804 0.239601257936
3805 0.24
3806 0.239373999644
3807 0.239388190657
3808 0.2393314367
3809 0.2393314367
3810 0.23953019338
3811 0.23980046321
3812 0.239345622666
3813 0.239402383352
3814 0.239402383352
3815 0.23941657773
3816 0.239515985527
3817 0.239345622666
3818 0.239473372079
3819 0.239501779359
3820 0.239487574877
3821 0.239317252415
3822 0.239672364672
3823 0.239729280456
3824 0.239501779359
3825 0.240014265335
3826 0.239686591084
3827 0.239757748486
3828 0.23941657773
3829 0.239700819186
3830 0.23982894815
3831 0.279427029271
3832 0.239658139949
3833 0.239473372079
3834 0.239757748486
3835 0.239402383352
3836 0.239672364672
3837 0.239615475908
3838 0.239544402919
3839 0.240171296021
3840 0.239373999644
3841 0.239473372079
3842 0.239771985037
3843 0.239885938335
3844 0.23941657773
3845 0.239373999644
3846 0.239587041652
3847 0.2393314367
3848 0.239487574877
3849 0.239388190657
3850 0.239373999644
3851 0.239587041652
3852 0.278482758621
3853 0.239615475908
3854 0.239317252415
3855 0.2393314367
3856 0.239515985527
3857 0.239317252415
3858 0.239459170966
3859 0.239757748486
3860 0.239388190657
3861 0.23982894815
3862 0.262753774076
3863 0.239572827054
3864 0.239459170966
3865 0.239402383352
3866 0.239359810314
3867 0.239572827054
3868 0.239672364672
3869 0.239558614143
3870 0.239757748486
3871 0.239672364672
3872 0.23941657773
3873 0.277659355016
3874 0.239843193158
3875 0.239501779359
3876 0.2393314367
3877 0.239430773792
3878 0.278405956977
3879 0.239444971537
3880 0.2393314367
3881 0.239444971537
3882 0.239558614143
3883 0.239359810314
3884 0.239515985527
3885 0.239786223278
3886 0.2393314367
3887 0.277907777013
3888 0.239373999644
3889 0.239444971537
3890 0.239515985527
3891 0.239373999644
3892 0.239643916914
3893 0.239487574877
3894 0.239388190657
3895 0.239430773792
3896 0.239487574877
3897 0.239601257936
3898 0.239359810314
3899 0.23953019338
3900 0.239402383352
3901 0.239786223278
3902 0.23941657773
3903 0.239900190114
3904 0.239558614143
3905 0.239402383352
3906 0.23941657773
3907 0.239928698752
3908 0.239672364672
3909 0.239402383352
3910 0.239615475908
3911 0.239359810314
3912 0.239402383352
3913 0.239515985527
3914 0.239558614143
3915 0.23941657773
3916 0.239615475908
3917 0.239402383352
3918 0.239515985527
3919 0.239743513626
3920 0.239473372079
3921 0.23953019338
3922 0.239729280456
3923 0.2393314367
3924 0.239402383352
3925 0.239885938335
3926 0.239373999644
3927 0.239914443586
3928 0.239643916914
3929 0.239345622666
3930 0.239515985527
3931 0.239971474416
3932 0.239615475908
3933 0.23941657773
3934 0.239615475908
3935 0.239444971537
3936 0.239317252415
3937 0.239388190657
3938 0.239501779359
3939 0.240485974629
3940 0.239359810314
3941 0.239459170966
3942 0.239402383352
3943 0.2393314367
3944 0.277831292143
3945 0.239487574877
3946 0.239786223278
3947 0.239359810314
3948 0.239757748486
3949 0.278521175335
3950 0.239473372079
3951 0.23953019338
3952 0.23980046321
3953 0.239359810314
3954 0.239359810314
3955 0.239359810314
3956 0.239345622666
3957 0.239643916914
3958 0.239558614143
3959 0.239430773792
3960 0.2393314367
3961 0.239544402919
3962 0.262599986994
3963 0.278099173554
3964 0.239388190657
3965 0.239515985527
3966 0.239359810314
3967 0.239971474416
3968 0.23953019338
3969 0.239957214167
3970 0.239658139949
3971 0.239388190657
3972 0.239971474416
3973 0.239558614143
3974 0.23941657773
3975 0.239317252415
3976 0.239515985527
3977 0.239515985527
3978 0.239388190657
3979 0.239359810314
3980 0.239473372079
3981 0.22557399028
3982 0.184122931011
3983 0.18417331813
3984 0.184072571455
3985 0.184064180873
3986 0.184106141431
3987 0.184131326949
3988 0.184072571455
3989 0.184114535838
3990 0.224908098474
3991 0.184089354912
3992 0.184080962801
3993 0.184080962801
3994 0.184106141431
3995 0.184148121124
3996 0.184131326949
3997 0.184089354912
3998 0.184148121124
3999 0.18417331813
4000 0.184089354912
4001 0.184131326949
4002 0.184072571455
4003 0.184114535838
4004 0.184097747789
4005 0.184139723654
4006 0.184080962801
4007 0.184072571455
4008 0.184089354912
4009 0.184064180873
4010 0.184139723654
4011 0.184064180873
4012 0.224883047449
4013 0.184072571455
4014 0.184106141431
4015 0.18415651936
4016 0.184064180873
4017 0.184089354912
4018 0.184131326949
4019 0.184114535838
4020 0.184122931011
4021 0.184122931011
4022 0.184148121124
4023 0.184064180873
4024 0.184206924867
4025 0.184064180873
4026 0.184089354912
4027 0.184131326949
4028 0.184114535838
4029 0.184072571455
4030 0.184072571455
4031 0.184215328467
4032 0.22497075046
4033 0.184072571455
4034 0.184080962801
4035 0.184072571455
4036 0.184064180873
4037 0.184072571455
4038 0.184089354912
4039 0.184131326949
