node,pagerank
1 0.00598656277653
2 0.000242288769641
3 0.0001960102044
4 0.000249068086095
5 0.00023566041709
6 0.000215405223203
7 0.000173674652229
8 0.000277326524553
9 0.000234450086471
10 0.000605973895859
11 0.000130413767896
12 5.18656914066e-05
13 5.18656914066e-05
14 0.000347547841473
15 0.000279845236926
16 5.18656914066e-05
17 0.000128141353003
18 0.000245254967704
19 5.66640971891e-05
20 0.000376980692946
21 0.000278936040334
22 0.000670614713447
23 0.000162639370271
24 0.000393468004476
25 0.000223412653009
26 0.000765190755429
27 0.000658255548653
28 9.66736852697e-05
29 0.000244367225999
30 0.000192779014314
31 0.000203918833611
32 0.000294726554202
33 0.00016743322623
34 8.25431050927e-05
35 9.19031704969e-05
36 7.09936843299e-05
37 0.000182145549657
38 5.18656914066e-05
39 0.000137214868766
40 0.000188525135831
41 0.000565870290643
42 0.000437431981121
43 8.75793620391e-05
44 5.18656914066e-05
45 0.000136034677684
46 0.000154121575211
47 0.000155411864037
48 8.33582070493e-05
49 0.000283244114035
50 0.000153483582103
51 0.000173175179175
52 0.000137103521357
53 8.09914188327e-05
54 0.000409352298469
55 0.000130176688112
56 0.000189550787882
57 0.000811403100283
58 0.000209250978467
59 0.000212842443106
60 0.000214174845233
61 0.000113921512202
62 9.83560771922e-05
63 0.00028240882337
64 9.43517614049e-05
65 0.000140904237907
66 0.000159191102709
67 0.000170997782161
68 0.000757104733979
69 0.000202877638861
70 0.000135927295343
71 7.56083579216e-05
72 9.96286055774e-05
73 0.000258524651695
74 0.000152796592834
75 5.18656914066e-05
76 0.000168323144332
77 8.10472256139e-05
78 0.000116737940494
79 0.000214411929658
80 0.000146828039413
81 0.000307987553422
82 0.000106052355877
83 0.000366714444158
84 0.000137103521357
85 0.000185356981808
86 0.000173401056579
87 0.000150786911723
88 0.000163692607905
89 0.000274592161169
90 0.000205265224153
91 8.80058653155e-05
92 0.000234450086471
93 0.000280995043713
94 0.000166653452559
95 0.000292132372863
96 0.000163430336527
97 0.000142094383261
98 0.0001079005934
99 0.000472272038956
100 0.000282474120186
101 0.000172210896579
102 0.000260549785708
103 0.000146881113015
104 0.000178742688756
105 0.000336602819492
106 0.000175035427895
107 0.00012280723613
108 0.00695331979424
109 0.000196388264299
110 0.000384925294
111 0.000153811596942
112 0.000276959616037
113 9.3944285126e-05
114 0.000427147799223
115 5.18656914066e-05
116 0.0003974094329
117 0.000312112434155
118 0.000108310431841
119 0.000377961591019
120 0.000697539698422
121 8.79899305802e-05
122 0.000166568628531
123 0.000613459476997
124 0.000200462008224
125 0.000110240916049
126 7.44375464656e-05
127 0.000123074510595
128 0.000239115974009
129 0.000293709490809
130 0.000117331154944
131 0.000223628837049
132 0.000162882690362
133 0.000201469151649
134 0.000225124571813
135 0.000209561190714
136 0.000168977130694
137 0.000621940815297
138 0.000305492961891
139 6.79951040711e-05
140 0.000152626991675
141 0.000211387398297
142 0.000296574430752
143 0.000428116469069
144 0.000267985965234
145 0.000279360080665
146 8.80058653155e-05
147 0.00014124318156
148 0.000162346040523
149 0.000236940107418
150 0.000261272724874
151 0.00019047691428
152 0.000147000873799
153 0.000122980710748
154 6.09565245101e-05
155 7.62289023095e-05
156 0.000101301088286
157 0.000158343101081
158 0.000104392444571
159 0.000286204716653
160 0.000200312253017
161 6.83345257432e-05
162 0.000267648867507
163 0.000163981233473
164 0.000119537985493
165 7.24036689119e-05
166 0.000144142301749
167 0.000107820130391
168 0.000152856271737
169 0.000158084474862
170 0.000396744181656
171 0.000484320837137
172 0.000376077822575
173 0.000419802112928
174 0.000219360955485
175 0.000121539254435
176 0.000344631724733
177 0.000169529823693
178 0.000231974329138
179 0.000181888498564
180 0.000127419636568
181 0.0002700340265
182 0.00023566041709
183 0.000113626845997
184 6.24941592686e-05
185 0.000262270310812
186 0.000283223074189
187 0.000451644936178
188 0.000224575003768
189 0.000485774066382
190 0.000140904237907
191 0.000100869822046
192 7.46530664415e-05
193 0.000170082535534
194 0.000155441382303
195 0.000257138863734
196 0.000214411929658
197 0.000182800363383
198 0.000238894423291
199 0.000260423805694
200 0.000473749204049
201 0.000562211021971
202 0.000127371907085
203 0.00010149683396
204 0.000573224177025
205 0.000288781348626
206 8.09914188327e-05
207 9.20343048083e-05
208 6.8566828982e-05
209 0.000106197783113
210 5.18656914066e-05
211 5.18656914066e-05
212 0.000313614156456
213 0.000204977751746
214 0.000425619525878
215 0.000321920315235
216 5.18656914066e-05
217 7.1430778478e-05
218 0.000152129091688
219 0.000214411929658
220 0.000170434972098
221 0.000106834411968
222 0.000116065965296
223 0.00015434155269
224 0.000275694233185
225 0.000302176976816
226 0.000219186051005
227 0.000259468400342
228 0.00031752613683
229 7.74623069071e-05
230 0.000111285696088
231 0.00025001911286
232 0.000253591359031
233 0.000259418198242
234 9.04855673247e-05
235 6.0462216665e-05
236 9.24748069922e-05
237 0.000392844206353
238 0.000137103521357
239 0.00025146298922
240 0.0005975727218
241 8.35794215386e-05
242 8.46727835852e-05
243 0.000309311035521
244 0.000183198864544
245 9.04855673247e-05
246 0.000147161392821
247 0.000171706320035
248 8.15229852765e-05
249 0.000239697444485
250 0.000314400799543
251 8.74842490896e-05
252 0.000214821917254
253 0.000637438888291
254 0.0001079005934
255 0.000235113954983
256 8.46727835852e-05
257 9.04855673247e-05
258 0.000216181253152
259 0.000183657361242
260 0.000234450086471
261 0.000154753098716
262 0.000393570424147
263 0.000106834411968
264 0.000166764652311
265 0.000153811596942
266 0.000287327461677
267 0.0002468965757
268 7.16551771423e-05
269 0.000139885703227
270 0.000134240606058
271 9.28345692989e-05
272 0.000743204543894
273 0.000482785444603
274 0.000214411929658
275 0.00017452828829
276 0.00023566041709
277 0.000204075512958
278 0.000688797996207
279 0.000212511299126
280 6.87739799342e-05
281 0.000460166939534
282 0.000236608194231
283 9.04855673247e-05
284 0.000100651621927
285 0.000238345191572
286 0.000490272704014
287 8.20170298092e-05
288 5.18656914066e-05
289 7.85702042383e-05
290 0.000100530125149
291 0.000166793176808
292 0.000388794603648
293 5.18656914066e-05
294 9.3944285126e-05
295 7.74281010287e-05
296 0.000135579840186
297 0.000166764652311
298 0.000262269078934
299 0.000138653875475
300 0.000272813447259
301 0.000121557691657
302 7.98780897879e-05
303 0.000267011798582
304 0.000241878532002
305 0.000547270823837
306 6.78445254164e-05
307 0.000214411929658
308 0.000112324797798
309 0.000262993604099
310 0.000168977130694
311 0.000252516015624
312 0.000102511481035
313 0.000485951329855
314 0.000391966763654
315 0.000166460028157
316 0.00057505387817
317 6.40846405839e-05
318 0.000115180368929
319 0.000142097756774
320 0.000205265224153
321 0.00030226459962
322 8.83774349173e-05
323 0.000755134149317
324 0.000409312069712
325 0.000313771632923
326 0.000378730812974
327 0.000341775712642
328 0.000119343504321
329 0.000214411929658
330 0.000385787066362
331 0.000222435989135
332 0.000232425765892
333 0.000454052087307
334 0.000165552896321
335 0.000304721523233
336 5.18656914066e-05
337 7.29689962865e-05
338 0.000186326016271
339 0.000108005435848
340 0.000335728391731
341 0.000101149342417
342 0.00014825270148
343 0.000348472757679
344 0.000327059629335
345 0.00012925267281
346 0.000191492696049
347 0.000354462534197
348 0.00011765239786
349 0.00235879744937
350 8.40786150486e-05
351 0.00021827975997
352 0.000129967681049
353 0.000176655653255
354 0.000628778687809
355 0.000224164694844
356 0.000312369952022
357 8.84643650641e-05
358 0.000200406050028
359 4.59285692891e-05
360 0.000241616852781
361 0.000312716248724
362 0.000220661427414
363 0.000168492962387
364 0.000582696750597
365 0.000207853914743
366 7.54270933151e-05
367 0.000598516668501
368 0.000256360379177
369 0.000246663476385
370 0.000267139142425
371 0.000469364483156
372 7.14319850523e-05
373 0.000167629002628
374 0.000647025953831
375 0.000449811134498
376 0.000144618550875
377 0.00090916802778
378 6.92084965507e-05
379 0.000386070526365
380 6.64987621751e-05
381 0.000140505490417
382 0.000145234822757
383 0.000125867902383
384 8.20156154306e-05
385 9.44846000513e-05
386 8.50494712993e-05
387 9.80174806832e-05
388 0.000280161721018
389 0.000272800023317
390 0.000398987679098
391 7.88271987112e-05
392 0.000409982042698
393 0.000272722180309
394 0.000164538555465
395 0.000272208734016
396 0.000518728566652
397 0.000235072704643
398 0.000387995603463
399 0.000250209295698
400 0.00018547609549
401 0.000470148133847
402 7.39475840826e-05
403 0.000389887080469
404 0.000173265674293
405 0.000358139768844
406 0.000122100291919
407 9.1739964639e-05
408 0.000162966554418
409 0.000360103052472
410 0.000249006121678
411 0.000146371684916
412 9.14798430281e-05
413 0.000680848332372
414 0.000157093137148
415 0.00183312748938
416 0.000205463314135
417 0.00016100262391
418 0.000401958716615
419 0.000216629877759
420 0.000419497886477
421 0.000239479670943
422 0.000203145934158
423 0.000522096326898
424 0.000393735298098
425 0.000196487458047
426 0.000170485351189
427 0.000160823598307
428 0.000131039041551
429 0.000785673668437
430 0.000125144175015
431 0.000265333385016
432 0.000494930367077
433 0.00038927285557
434 0.000124782796462
435 0.000259812074323
436 0.000121593685568
437 0.000421742017306
438 0.00021695630464
439 0.000469941824424
440 0.000296867015049
441 0.00012631209091
442 0.00018547609549
443 0.00011627987445
444 7.08192340178e-05
445 0.000328740375228
446 0.000219507801822
447 0.000150615831669
448 4.59285692891e-05
449 5.98297773323e-05
450 0.000123173524505
451 0.000193392676385
452 0.00018273062638
453 0.000310687443832
454 0.000145522846213
455 8.84888665377e-05
456 0.000325667442326
457 0.000403495608303
458 0.000222327346528
459 0.000212625676468
460 0.000128421106063
461 0.00047021636415
462 0.000357897864723
463 0.000179121974096
464 0.000331938909032
465 0.000114302560652
466 0.000510050314325
467 0.000115915396012
468 0.000108415750912
469 7.08192340178e-05
470 0.000220630714003
471 0.000161206516247
472 0.000218202126403
473 9.69653113973e-05
474 0.000236596169063
475 0.0001836485984
476 0.000791975860006
477 0.000144280208316
478 0.000143800568349
479 0.000108441764111
480 0.000266051637094
481 0.00010379320598
482 0.000239933339489
483 0.000238553920295
484 0.00130683103778
485 0.000623570627525
486 7.9813027189e-05
487 0.000187291565389
488 0.000233069613727
489 0.000197676047185
490 0.000210132703761
491 0.000130305063932
492 0.00011470650227
493 0.000465055760869
494 0.000365226315126
495 0.000174078784605
496 0.000173318897095
497 0.000290478504331
498 0.000542733505501
499 0.00014188354324
500 8.51267294873e-05
501 0.000559453991914
502 0.00018547609549
503 0.000113625113455
504 0.000379117115241
505 0.000377519621082
506 0.000156893855414
507 0.000479878502145
508 0.00045571417152
509 0.000159536379511
510 0.000178050937782
511 0.00022958503916
512 0.00021182020386
513 0.000209314140949
514 0.000579998746312
515 0.00043969443283
516 0.000407809390129
517 0.000221707303084
518 0.000627517621038
519 0.00021484074053
520 0.000213093455519
521 0.000342879679746
522 0.000124906073965
523 0.000133467740415
524 0.000309405034053
525 0.000421781685454
526 0.000447155185792
527 0.000467264344923
528 0.000306504361949
529 0.00013641392813
530 0.000114288408614
531 7.09237780057e-05
532 0.000349337150854
533 0.00024005629737
534 9.56334532725e-05
535 0.000107643462017
536 0.000116997079117
537 0.000165173580955
538 0.000270330752434
539 0.000536122106077
540 0.000212050882607
541 9.59938258665e-05
542 0.000110771467261
543 0.000393664848792
544 0.000198929462863
545 0.00044816504881
546 0.000318551396334
547 0.000250698384649
548 0.000268684606992
549 0.000244788453169
550 0.000111181353296
551 4.59285692891e-05
552 0.000196537340686
553 9.44846000513e-05
554 0.000578522911225
555 0.000204249514923
556 0.000303847331988
557 0.000349366197342
558 0.000282696958582
559 0.000171730890004
560 0.000526121173367
561 0.000221678254208
562 0.000498789170898
563 7.80553565821e-05
564 0.000743866058034
565 0.00021205249953
566 0.000153364137803
567 0.000528121525337
568 0.000486027524592
569 0.000138157105152
570 0.00013191868155
571 0.000257107691359
572 5.94143718193e-05
573 0.000108415750912
574 0.000351808528944
575 0.000146583057996
576 0.00015231343719
577 0.00017191950844
578 0.000249416460811
579 0.000269972951868
580 0.000424878609087
581 0.000505524272216
582 8.18242409326e-05
583 0.0002394895503
584 0.000280874585627
585 0.000192263192924
586 4.69577906427e-05
587 8.28280573533e-05
588 0.000110552865237
589 0.000172266905775
590 0.000238852369612
591 0.000153532232112
592 0.000315775777659
593 0.000447877381019
594 7.80570596401e-05
595 0.000201843712626
596 0.000219992150074
597 0.000366862342561
598 0.000244803580668
599 0.000187964283861
600 0.00026048298423
601 0.000270958072131
602 0.000194282042367
603 4.69577906427e-05
604 0.000209548122529
605 0.000254691512311
606 0.000208039436652
607 0.00054464155238
608 4.69577906427e-05
609 4.69577906427e-05
610 0.000305245908609
611 7.06480855478e-05
612 0.000190169298922
613 0.00018006534293
614 4.69577906427e-05
615 0.000226739067939
616 0.000271122657215
617 0.000245058776369
618 0.000290169890754
619 0.000273045748559
620 0.000285810000704
621 0.000208129790397
622 0.000111237378732
623 0.000171404788842
624 0.000201666894361
625 4.69577906427e-05
626 0.00024221842508
627 0.000173088846313
628 0.000269972951868
629 0.000153487521131
630 0.000106082111876
631 0.000415560898838
632 0.000150808914812
633 0.000250756707452
634 0.000179617465878
635 0.000151749690734
636 0.000245661547066
637 0.000274136311956
638 0.000694494985125
639 4.69577906427e-05
640 0.000138528111875
641 0.000259903569988
642 0.000400252971575
643 8.18242409326e-05
644 0.000270958072131
645 0.000267745010414
646 0.000230332117915
647 0.000117982450458
648 0.00022025685104
649 5.68649086432e-05
650 8.49781728639e-05
651 0.000250598947463
652 0.000460140626006
653 6.49130476437e-05
654 0.000299121616947
655 0.000350292502921
656 9.29288276452e-05
657 4.69577906427e-05
658 0.000109502715292
659 0.000269972951868
660 0.000269972951868
661 6.89031284885e-05
662 0.000270958072131
663 0.000270392239542
664 0.000126752825612
665 0.000200884389666
666 0.000211942011741
667 0.000199081410248
668 7.42903644416e-05
669 4.69577906427e-05
670 0.000241255224375
671 0.000259488990281
672 7.07113585269e-05
673 0.000111334273624
674 6.49130476437e-05
675 4.69577906427e-05
676 0.000260218324179
677 0.000145067581276
678 0.000248796518847
679 0.000289365628519
680 0.000105078323481
681 0.000292897693283
682 0.000261045669634
683 0.000171689951959
684 0.000236826789997
685 0.00023210668454
686 0.00019824083147
687 0.00222111321902
688 0.00029775931838
689 0.000459859446001
690 0.000156171010826
691 0.000118693903136
692 0.000123262484131
693 4.82516901967e-05
694 0.000156249069895
695 0.000540833251035
696 0.000408711198768
697 0.000312972494561
698 0.000540264285896
699 0.00131740197714
700 6.36851007046e-05
701 0.000102851391105
702 0.000227287591196
703 0.000157781700601
704 0.00044694040803
705 8.97848173375e-05
706 0.00068122467047
707 0.000193284835487
708 0.000183405384746
709 0.000333222220866
710 0.000193236068352
711 0.000110954866506
712 0.000219677298752
713 0.000229414969498
714 0.000750483471258
715 0.000250790971362
716 0.000125296082089
717 0.000153892239542
718 0.000118889480097
719 0.00031457596093
720 0.000636951674235
721 0.000226252638729
722 9.07049594644e-05
723 0.000168496513119
724 0.000148449559448
725 0.000475498156874
726 0.000155454678367
727 0.000339176684304
728 0.000288556112719
729 0.000392554966564
730 0.000238705434506
731 0.000180508882916
732 0.000265139741103
733 0.000258541856578
734 0.000134276425738
735 0.00026752142388
736 9.0754714504e-05
737 0.000234078375272
738 0.000180968441792
739 0.000270326936854
740 0.000322659458369
741 0.000132045372065
742 0.000195798445559
743 0.000190363492666
744 7.82758582772e-05
745 5.86502859313e-05
746 0.000579087978194
747 0.000163530291782
748 0.000590670116958
749 0.000218358169254
750 7.3889452324e-05
751 5.83143432682e-05
752 0.000136606248674
753 0.000372826240664
754 0.000197782963164
755 0.00030818817627
756 0.000217771956124
757 0.000129391286773
758 0.000120716665729
759 0.0002256837374
760 0.000130557402993
761 0.000302541689975
762 0.000111554488434
763 0.000154305412072
764 0.000178290983134
765 0.000295150185268
766 0.000168911922821
767 0.00035535500375
768 0.000154967675215
769 0.000232127189563
770 0.000223559360712
771 0.000320414158688
772 0.000256453904581
773 0.000210868822214
774 0.000359263168274
775 0.000394108751757
776 7.3889452324e-05
777 0.000240184120908
778 0.000207101716483
779 0.000184643436214
780 0.000202464957428
781 0.000341966550809
782 0.000510121368821
783 0.000222382611804
784 0.000205226996023
785 0.000416355943986
786 7.29846611886e-05
787 0.00015089924059
788 0.000312448238916
789 9.37708024536e-05
790 0.000230366405904
791 8.61733559254e-05
792 0.000139608489017
793 0.00025204178136
794 0.000233594243569
795 0.000166523322567
796 0.000215682819324
797 0.000135592013856
798 0.000286312409769
799 0.0001622384555
800 0.000160090874643
801 0.000400088056183
802 4.82516901967e-05
803 0.000108201040057
804 0.000249268817444
805 0.000270307593784
806 0.000655745842495
807 0.000270960798622
808 0.000223536175281
809 0.000124666283658
810 0.000206599134372
811 0.00033122359017
812 0.000147951517725
813 0.000110665227263
814 0.000149610466035
815 0.000274835175954
816 0.000390262768251
817 0.000161017989409
818 0.000264531548016
819 0.000263696044434
820 0.000394008728906
821 0.00038741054958
822 0.000119493303832
823 0.000260774575393
824 0.000556898577024
825 0.000565502031603
826 0.000141911975813
827 0.000138657113263
828 0.00044655757398
829 0.000789866330524
830 0.000373767084919
831 0.000548464044682
832 0.000178140282877
833 8.77960630951e-05
834 0.000271220790569
835 0.000417046726721
836 0.000222321881428
837 0.000151897526603
838 0.00016069982847
839 0.000237524135422
840 0.000263859575087
841 0.000293419823876
842 6.22619046412e-05
843 0.000375232017787
844 0.00015620638961
845 0.000163487338706
846 0.000246080568087
847 0.000105113835794
848 0.000279422430547
849 0.000257464163263
850 0.000322516345642
851 0.000160238259641
852 7.48720346362e-05
853 0.000118889480097
854 0.000434338201471
855 6.64776262811e-05
856 0.000118889480097
857 0.000530834228626
858 0.000205294939982
859 0.000157106842595
860 7.85454962639e-05
861 6.05872906094e-05
862 0.000191600435544
863 0.000296234761304
864 0.000213705972728
865 0.000135976093742
866 0.000100164967729
867 0.000161901431507
868 0.000227556524628
869 0.000100164967729
870 0.0001262935791
871 0.000213488370374
872 0.000200824322089
873 0.000200432246167
874 0.000174966856421
875 0.000200432246167
876 5.3706867768e-05
877 0.000213705972728
878 0.000125835334325
879 0.000196144585975
880 0.000187192247675
881 0.000116250935268
882 0.000212554536892
883 0.000162843815737
884 5.3706867768e-05
885 0.000121630773722
886 0.000260698397763
887 0.000167514121305
888 0.000174966856421
889 0.000178091692121
890 0.000247240686179
891 0.00012731563369
892 5.3706867768e-05
893 5.3706867768e-05
894 0.000114533969398
895 0.000134450401771
896 0.000185333525816
897 0.00058538788557
898 0.000246565891203
899 0.000207357586654
900 6.82346433185e-05
901 0.00012675239436
902 0.000273960135454
903 0.000225699662057
904 0.000272048854669
905 8.6155157035e-05
906 0.000135620953803
907 0.000246932053957
908 8.62538607058e-05
909 0.000291004816564
910 0.000176414449173
911 9.83286748757e-05
912 4.28119729195e-05
913 0.000127424976407
914 0.000258235642558
915 0.00012498610304
916 0.000229628667009
917 0.000423509349682
918 0.000735889929294
919 4.28119729195e-05
920 0.000168841270834
921 0.000100150450362
922 0.000324769930414
923 0.000148549724463
924 0.00010272626343
925 0.000313284873238
926 0.000486695300963
927 0.000102492646118
928 0.000249262014102
929 0.000115061151651
930 8.71453859421e-05
931 0.000328704341522
932 0.000137719994205
933 0.000215200645688
934 0.000158411536863
935 0.000249647335346
936 7.51624180992e-05
937 0.000238693114064
938 9.63480206103e-05
939 0.000236188568841
940 0.000168491410622
941 0.000141165558963
942 0.00028685723456
943 0.000328452000576
944 0.000120682891038
945 0.000273227999271
946 5.78994868819e-05
947 0.000479856007982
948 0.000348391493211
949 0.000246915524881
950 0.000180783910697
951 0.000115954739812
952 0.000168453656969
953 0.000249010940951
954 0.000336538007093
955 0.00028443316363
956 0.000162862931333
957 0.000156657226963
958 0.000310078525415
959 0.000202194984292
960 0.000164990810995
961 0.000321090275157
962 0.000143602006189
963 0.000198657697776
964 0.000264642893072
965 0.00020932002627
966 0.000134745857237
967 0.000330576319303
968 0.000338701361876
969 0.000244540049659
970 0.000177579462313
971 0.000157415676522
972 0.00019608975067
973 9.69266607361e-05
974 0.000145647791825
975 0.000118889171521
976 0.000260859641426
977 0.000168892746375
978 0.000206911684755
979 0.00032609993002
980 0.00016053109307
981 0.000397927053863
982 0.000230746287348
983 0.000239798813177
984 0.000200709623208
985 0.00022169966462
986 9.34574652551e-05
987 0.00010808612765
988 9.17995567794e-05
989 0.000206128647312
990 0.000183079187928
991 0.000270486670093
992 0.000162673705775
993 0.000250494601475
994 0.000443327224181
995 0.000166211785855
996 0.000261187423138
997 7.14387740821e-05
998 0.000292892173034
999 7.87785902092e-05
1000 0.000236623713818
1001 0.000177484716419
1002 0.00024045400185
1003 0.000115161602332
1004 0.000302366774464
1005 0.000347115627036
1006 0.000128606363416
1007 0.000414830859781
1008 0.000115866152324
1009 9.47005865089e-05
1010 0.000283109851066
1011 0.000274653253475
1012 0.000231717738391
1013 0.000198498661055
1014 0.000123176728513
1015 0.000477218284425
1016 0.000186357675494
1017 0.000148955745098
1018 0.000431783859791
1019 0.000251889453209
1020 0.000289549362111
1021 0.000292994787364
1022 0.000292510407096
1023 5.93682211907e-05
1024 0.000110408182567
1025 0.000280217065803
1026 0.000197990346756
1027 0.000262803262311
1028 8.96500326855e-05
1029 0.000212991906955
1030 0.00031177686283
1031 0.00017684005739
1032 6.69306784911e-05
1033 0.000394264298211
1034 0.000174693729448
1035 5.68041378409e-05
1036 0.000196042816491
1037 0.000277639627966
1038 0.000264325277119
1039 7.00347335562e-05
1040 0.000109404484737
1041 0.000217298972299
1042 0.000346227338325
1043 0.000128081921657
1044 0.000183179420016
1045 0.000153848745567
1046 0.000167445362075
1047 9.04121302393e-05
1048 0.000221924870445
1049 0.000332534875067
1050 0.000269313520304
1051 0.000129557055626
1052 0.000307551730362
1053 0.000409058145347
1054 0.000116767574729
1055 0.000192050388594
1056 0.000143347075918
1057 0.000222896725625
1058 9.06356052782e-05
1059 8.57854678634e-05
1060 0.000472092373092
1061 0.000272811825357
1062 0.000123703723374
1063 0.000180488496639
1064 9.93012198279e-05
1065 0.000239693949521
1066 5.13893737454e-05
1067 0.000341500665498
1068 0.000356498856278
1069 0.000176922045252
1070 9.79220657153e-05
1071 0.000517631604186
1072 8.13437986005e-05
1073 0.000202894655315
1074 0.000112813353611
1075 0.000224407539899
1076 0.000263598328541
1077 0.000403899834255
1078 0.000141693474802
1079 0.000509392360697
1080 0.000352635229028
1081 0.000359026565269
1082 0.000169756249952
1083 0.000273644550387
1084 0.000316728247661
1085 8.60062860594e-05
1086 0.000597980569589
1087 0.000662145704051
1088 0.000105793179014
1089 0.000155584252274
1090 0.000139605159335
1091 0.000132219273662
1092 0.000112419988768
1093 0.000178153521557
1094 9.39625701896e-05
1095 0.000113319503485
1096 0.000166920580201
1097 4.28119729195e-05
1098 0.000290516764071
1099 0.000233480039145
1100 0.000286422187456
1101 0.000304886846039
1102 0.000359645342107
1103 0.000262964499594
1104 8.12764289473e-05
1105 0.000506063763264
1106 0.000115161602332
1107 0.000216570810694
1108 0.00040138103698
1109 0.000226761151383
1110 0.000276591991009
1111 0.000266588585449
1112 0.000146670550756
1113 0.000183168416328
1114 0.00029633767141
1115 0.000255057101386
1116 0.000185878379105
1117 0.00011787869795
1118 0.000358814241424
1119 0.000281322253749
1120 4.28119729195e-05
1121 0.000253407863503
1122 0.000184746391298
1123 0.000306977760367
1124 0.000249585126653
1125 0.000406842315853
1126 0.000338287020474
1127 0.000568757750711
1128 0.000201354370498
1129 0.00032192982309
1130 0.000288809822712
1131 0.000217733980773
1132 0.000243727585641
1133 0.00040289280115
1134 8.39962144229e-05
1135 0.000127751615212
1136 0.000236124786152
1137 0.000313495557843
1138 0.000239634181207
1139 0.000211790422422
1140 0.000187183100778
1141 0.000101107713018
1142 0.000154514571202
1143 0.00021911380429
1144 0.000101212849802
1145 0.000216333437814
1146 4.28119729195e-05
1147 0.000433299241661
1148 6.37225465383e-05
1149 0.000331296927058
1150 0.000315934514692
1151 0.000128742927566
1152 6.71898635904e-05
1153 0.000126504626732
1154 0.000395248753564
1155 0.000107578907722
1156 0.000273062270179
1157 0.000296663577604
1158 7.41734057166e-05
1159 0.00031605557898
1160 0.00038664474333
1161 0.000278214761304
1162 0.000152735302286
1163 9.78040067978e-05
1164 0.000294732166113
1165 0.000111640100499
1166 0.000237949874029
1167 0.000307672168523
1168 0.000204678907493
1169 8.16249665382e-05
1170 0.000158848646926
1171 0.000221239027372
1172 0.000242097040671
1173 0.000331326582973
1174 0.000393938622056
1175 0.000192968771307
1176 0.000397026300765
1177 4.71130075439e-05
1178 0.000207469076077
1179 0.000139923151365
1180 0.000283702942304
1181 0.000158379449838
1182 0.000263089222797
1183 0.000228540527941
1184 0.00023605117299
1185 0.000447922870726
1186 0.000438242670907
1187 0.000153552155119
1188 0.000190659298271
1189 0.000232886377373
1190 0.000276916266094
1191 0.000198755074411
1192 0.000329875145693
1193 0.000447244631376
1194 0.00012860893509
1195 0.000102108728299
1196 0.000175645016434
1197 0.000125205773621
1198 0.000186857705541
1199 0.000246297129872
1200 0.000607565348132
1201 7.3927397108e-05
1202 0.000191495374376
1203 0.000161899538489
1204 0.000107968368057
1205 0.000497096121213
1206 0.00030741296461
1207 4.28119729195e-05
1208 0.000228468855137
1209 9.22779366074e-05
1210 0.000241060281485
1211 0.000267924130324
1212 0.000491444665155
1213 0.000221821495075
1214 0.000173066806587
1215 0.000365883907007
1216 0.000238140515597
1217 0.000286497085688
1218 0.000289322039282
1219 0.000169181502943
1220 0.000183105299938
1221 7.58703455648e-05
1222 0.000374938274602
1223 0.000434538172393
1224 0.000159156537393
1225 6.73410316855e-05
1226 0.000223675689171
1227 0.000250398997962
1228 0.000392281417025
1229 0.000189124640966
1230 0.000232702049405
1231 0.00036438986979
1232 0.000351241133338
1233 0.000238085774458
1234 4.9602998146e-05
1235 0.000143082305258
1236 0.000499357869682
1237 0.000321705579406
1238 0.000354746576
1239 0.000451182131321
1240 6.45855546007e-05
1241 0.000143533722481
1242 0.000141229388793
1243 0.000280763236486
1244 0.000338460133349
1245 0.000114711371928
1246 0.000212378506903
1247 0.000237209094381
1248 0.0001610400764
1249 9.48296985491e-05
1250 0.000134467046756
1251 0.000394297815515
1252 0.000135359445306
1253 7.28141282064e-05
1254 8.13437986005e-05
1255 0.000113247701887
1256 0.000372709846795
1257 0.000403237814147
1258 0.000266027910224
1259 0.000279039342024
1260 0.000344741171564
1261 0.000267200078665
1262 0.000342599509429
1263 4.53573039912e-05
1264 6.6718943538e-05
1265 8.4015811921e-05
1266 0.000128074699218
1267 0.000144050184627
1268 0.00034100366161
1269 0.000121420136651
1270 0.000367368530357
1271 5.62549020471e-05
1272 0.000288293368142
1273 0.00027674127146
1274 0.000339217633181
1275 0.000229385852729
1276 0.000381883482042
1277 4.53787438034e-05
1278 0.000576015323912
1279 0.000142321566962
1280 0.000218703090707
1281 0.000250286986977
1282 0.000214665846867
1283 0.000339972107305
1284 0.000249895857221
1285 0.000291942192361
1286 0.00018160355277
1287 0.000136437810637
1288 0.000203417238066
1289 0.000276804433677
1290 0.000252778303019
1291 0.000271266148439
1292 0.000328272065357
1293 0.000266452929035
1294 0.000159742138186
1295 0.000154537741343
1296 8.27031146367e-05
1297 0.000186603844211
1298 0.000100318023539
1299 0.000331600177302
1300 0.000226573656527
1301 0.000206002648808
1302 8.09510688012e-05
1303 0.000309767492688
1304 0.000251766621552
1305 0.000304210078547
1306 0.000336401573005
1307 0.00019542073702
1308 0.000295110795539
1309 0.000173798452695
1310 0.000224231677444
1311 0.000200355412124
1312 0.000185168530147
1313 0.000269146779563
1314 0.000221512773417
1315 0.000214646634175
1316 0.000220193438976
1317 0.000177182764543
1318 0.000220207601193
1319 0.000258407435272
1320 0.00022269153325
1321 0.000387651297456
1322 0.000166162529441
1323 0.000423409451292
1324 0.000242404627228
1325 0.000218216643797
1326 0.000185687106441
1327 5.81858716008e-05
1328 0.000258475793769
1329 0.000209228068399
1330 0.000414775303497
1331 0.000373641644777
1332 0.000421522712655
1333 0.000273227315066
1334 0.00026593588006
1335 0.00037561743328
1336 0.000366103683396
1337 0.00017808847204
1338 0.000276203636439
1339 0.000444657561015
1340 0.000300745961119
1341 0.000200758424078
1342 0.000355982571498
1343 0.000101594257012
1344 0.000261158268187
1345 0.000279791646893
1346 0.000448007831082
1347 6.39749751703e-05
1348 0.000373903219737
1349 0.000271271233667
1350 0.000268226524306
1351 0.000177411788793
1352 0.000209546382101
1353 0.000672164606818
1354 6.65433902112e-05
1355 7.14202090782e-05
1356 0.000263117452621
1357 0.000187234029901
1358 0.000227831569169
1359 0.000460959970735
1360 0.000265199139735
1361 0.000345326837217
1362 0.000423147125834
1363 5.54632606121e-05
1364 0.000181485750786
1365 0.000100978616683
1366 0.000145201505064
1367 0.000430627642152
1368 0.00047613893106
1369 0.000162862931333
1370 0.000276598723446
1371 0.00032704096186
1372 0.000288296855314
1373 8.7737805438e-05
1374 0.000381818908213
1375 0.000266557758786
1376 0.00023139926278
1377 0.000528558436948
1378 0.000554522728955
1379 0.00025905037146
1380 0.000242938184425
1381 0.000253923459467
1382 0.000148277964223
1383 0.000217652090847
1384 6.72612767748e-05
1385 0.000138986025106
1386 0.000130612018069
1387 4.28119729195e-05
1388 0.000129445479777
1389 0.000259391462889
1390 0.000160883350824
1391 0.000542750254783
1392 0.000506104056395
1393 0.00019043883431
1394 0.000197917140194
1395 6.02873268071e-05
1396 4.81837649368e-05
1397 0.000277519954925
1398 0.000109228352141
1399 0.000160511546942
1400 0.000505426542746
1401 0.000157097443431
1402 7.72471721647e-05
1403 0.000225923609538
1404 0.000148955745098
1405 0.000241689848365
1406 0.000276158446471
1407 0.000184157198813
1408 0.000148130374061
1409 0.000220928694252
1410 0.000338254056908
1411 0.000213209765874
1412 7.88263769413e-05
1413 0.000165287760337
1414 0.000289027717686
1415 7.12637997312e-05
1416 0.000235538470942
1417 0.000325972830777
1418 5.71498553167e-05
1419 0.000154615944501
1420 0.000194159631217
1421 0.000442670016867
1422 0.000234548058867
1423 0.000117415422465
1424 0.000291723820132
1425 0.000179649265067
1426 0.000246794804839
1427 0.000306064952377
1428 0.000387554078439
1429 0.000224236390562
1430 0.000223784085619
1431 4.94072845379e-05
1432 0.000661326496402
1433 0.000267171576505
1434 0.000226994877364
1435 0.000139275201681
1436 0.000274533302729
1437 0.000201289008427
1438 0.00021717664449
1439 0.00017726435907
1440 9.18562723374e-05
1441 0.000166466990661
1442 0.00016014084368
1443 7.93956940406e-05
1444 0.000101468705081
1445 0.000214247573744
1446 0.000106791388832
1447 0.000233756418861
1448 0.000428162528739
1449 0.000253465649525
1450 0.000289022464185
1451 0.000205654068602
1452 0.000170467045144
1453 0.000275041148102
1454 0.000213710777426
1455 0.000266499186577
1456 7.03074553932e-05
1457 0.000381208233588
1458 0.000196091618067
1459 0.000147292089139
1460 0.000473027445039
1461 0.000181771058261
1462 9.0172128321e-05
1463 0.000388979597213
1464 6.80172768697e-05
1465 0.000180607164171
1466 0.000358050882092
1467 4.28119729195e-05
1468 0.000380149121346
1469 0.000252919753043
1470 0.000426204974043
1471 0.000243590463294
1472 0.000504600293568
1473 0.000596406670358
1474 0.000342701399427
1475 7.33546359289e-05
1476 0.000356686446656
1477 7.44717341411e-05
1478 0.000105459587985
1479 0.000161080636841
1480 0.000390964436583
1481 0.000313397693555
1482 0.000132386511079
1483 0.000340846284727
1484 0.000302553984679
1485 0.000104500610954
1486 0.0001733953944
1487 9.27053101755e-05
1488 0.000356590522645
1489 0.000393069936239
1490 0.000139115309533
1491 8.72310674591e-05
1492 0.000357330245648
1493 0.000118259986837
1494 0.000215948060646
1495 0.000258192103054
1496 0.000332577676436
1497 0.00033198648485
1498 0.000192411315549
1499 6.55386328867e-05
1500 0.000192048006827
1501 0.000211511854824
1502 0.000110712819973
1503 0.000355685376916
1504 0.000172339770775
1505 0.000387629737073
1506 0.000533698466629
1507 7.98946938073e-05
1508 0.000272200752308
1509 0.00018008927064
1510 0.000394321551985
1511 6.16858801529e-05
1512 0.000280285709259
1513 0.00022634204368
1514 0.000205411421003
1515 0.000226785661215
1516 0.00034409328253
1517 0.000442086707399
1518 0.000134369980441
1519 0.00013217466758
1520 0.000154258099384
1521 0.000357291790257
1522 6.90440472766e-05
1523 0.000448563892057
1524 0.000260081136024
1525 0.000144163484894
1526 0.000364025650597
1527 0.000158576891301
1528 0.000104236613614
1529 0.000244500583083
1530 0.000292878724781
1531 0.000300743163196
1532 0.000184776141856
1533 0.00014002156773
1534 0.000279860968522
1535 0.000286047564917
1536 0.000217024056686
1537 0.000544396931656
1538 0.000164795828281
1539 0.00023011466953
1540 0.000242854266914
1541 0.00031141843816
1542 0.000242394861975
1543 0.000181343286098
1544 0.000224063764565
1545 0.000144126832626
1546 0.000315425982911
1547 6.92922399712e-05
1548 0.000346656432821
1549 0.000309023422561
1550 0.000347856183603
1551 0.000194406400803
1552 0.000486068120921
1553 9.57714781572e-05
1554 0.000239026828832
1555 0.000471419226311
1556 0.000327427899468
1557 0.000106483515823
1558 0.000437757400372
1559 5.07772647584e-05
1560 0.000539247455914
1561 4.28119729195e-05
1562 0.000184736023914
1563 0.000129887145004
1564 0.000338728062252
1565 0.000159833646225
1566 0.000279210182227
1567 0.000176352718283
1568 0.000303861495774
1569 0.000236229911804
1570 0.000302850316977
1571 0.000374047901456
1572 0.000215005168056
1573 0.000152633432251
1574 0.000418534201022
1575 0.000423240088556
1576 0.000141558892457
1577 0.000313767910155
1578 0.000531497985088
1579 0.000188079509252
1580 7.30395255559e-05
1581 0.000255652783318
1582 4.28119729195e-05
1583 0.000219282406939
1584 0.000448178612055
1585 0.000637548465427
1586 0.000186331316898
1587 9.04121302393e-05
1588 0.000256019238228
1589 0.000224503130667
1590 0.000572602035996
1591 0.000311407745826
1592 0.000481762437616
1593 0.000132414931048
1594 0.000301238563102
1595 0.00012120094219
1596 0.000204731673409
1597 0.000361210784125
1598 0.000330697044069
1599 0.000404543895577
1600 0.000116491238535
1601 0.000349457570237
1602 0.000259151147767
1603 0.000103669329738
1604 0.000410905881213
1605 0.000448506753935
1606 0.000273900954897
1607 0.000198408738082
1608 9.71554293711e-05
1609 0.000345239136812
1610 0.000285349951822
1611 0.00051133900687
1612 0.000341124642548
1613 0.000535591757604
1614 0.000521917314114
1615 0.000230427639846
1616 0.000233182032044
1617 0.000313741079179
1618 0.00034308639232
1619 0.000126261690624
1620 0.000333622733774
1621 0.000428025852825
1622 0.000542948455493
1623 0.000513124803931
1624 0.000293989527835
1625 0.000261719963722
1626 0.000177061827368
1627 0.000216834628038
1628 8.96500326855e-05
1629 0.000386148338476
1630 0.000188594867647
1631 0.000425965005466
1632 8.74775047439e-05
1633 0.000243976279803
1634 0.000176285789199
1635 0.000280694809397
1636 0.000181780067109
1637 0.000359111304394
1638 0.000317590300434
1639 0.000184175447719
1640 0.000264829039708
1641 0.000103200352422
1642 0.0001469667407
1643 0.000277971722493
1644 0.000294031912076
1645 0.000228242725795
1646 0.00034569717229
1647 0.000124014963388
1648 0.000241589458145
1649 0.000209165760544
1650 0.000198180971808
1651 0.000173330894719
1652 5.11567340141e-05
1653 0.000246947950774
1654 0.000226847724072
1655 9.07947547229e-05
1656 0.000271308212962
1657 0.000291005511321
1658 9.83286748757e-05
1659 0.000128239760235
1660 0.00025262209349
1661 0.00018617422564
1662 0.000391024112796
1663 0.000413456267736
1664 0.000667682171849
1665 9.40781482572e-05
1666 0.000364777041934
1667 0.000319194651342
1668 0.000226950564562
1669 0.000348439523799
1670 0.000394742757098
1671 0.000102137833406
1672 0.000234528591091
1673 0.000208592148177
1674 0.000258972872191
1675 0.000185922582527
1676 0.000370561001147
1677 0.000179736533083
1678 0.000231219767815
1679 0.00014572686349
1680 0.000185061426045
1681 0.000301195269476
1682 0.000191132739083
1683 0.000194963739288
1684 0.000390242159274
1685 0.00638780510298
1686 0.000289192515417
1687 0.00024214796195
1688 0.00039545096953
1689 0.000336206671353
1690 0.000358434431268
1691 4.84747942207e-05
1692 0.000283224140947
1693 0.000323553182495
1694 8.05510034957e-05
1695 0.000249386519335
1696 0.00020429079063
1697 0.0001206873526
1698 8.17384224036e-05
1699 0.000180486696277
1700 0.000276630650369
1701 8.99440585179e-05
1702 0.000104064642291
1703 0.000263222669973
1704 0.000484794736715
1705 0.000163102887441
1706 0.000264249906152
1707 0.000231824557397
1708 0.000511919453714
1709 0.00011850755812
1710 0.000419946298357
1711 8.46616877913e-05
1712 7.90110399341e-05
1713 0.000308531980584
1714 6.68803759902e-05
1715 0.000517476545107
1716 0.000307121610413
1717 0.000290272200966
1718 0.000403451828234
1719 0.000526999238381
1720 0.000190650123511
1721 0.000252892245859
1722 0.000334219660943
1723 0.000211403234112
1724 0.00016492739714
1725 0.000204831570771
1726 0.000381511752888
1727 0.000195997051747
1728 0.000214258474346
1729 0.000171506328068
1730 0.000401700363105
1731 0.000664514711476
1732 9.65490772533e-05
1733 0.00025095357654
1734 0.000302050691401
1735 0.000173582039688
1736 0.000322483464645
1737 0.000439976312692
1738 0.000239234568162
1739 0.000183351577429
1740 0.000140825318533
1741 0.000236920239033
1742 0.000314580315488
1743 0.000387375850953
1744 0.000207391742087
1745 0.000241944432852
1746 0.000147671961887
1747 0.000566913461527
1748 0.000189576088533
1749 0.000121672024477
1750 0.000136903447105
1751 0.000367841002987
1752 0.000260041925536
1753 0.000333506024346
1754 0.000255471463601
1755 0.000191710486119
1756 4.70372175641e-05
1757 0.000141063511811
1758 0.000372854210184
1759 0.000248183207363
1760 8.58874002727e-05
1761 7.14140469501e-05
1762 0.000414788053588
1763 6.55031844893e-05
1764 0.000211817885066
1765 0.000141973662968
1766 0.00023629998583
1767 0.000257761812649
1768 0.000238021385433
1769 0.000619043411151
1770 0.000114947673754
1771 0.000335377007573
1772 9.49666783428e-05
1773 0.000201540810475
1774 0.000165435478942
1775 0.00017397289849
1776 6.20314592974e-05
1777 9.83286748757e-05
1778 7.01332367068e-05
1779 0.000256773295833
1780 0.000174468039506
1781 0.000132226024816
1782 0.000190195687186
1783 0.000227504343345
1784 0.000658312761116
1785 0.000154669324341
1786 0.000242735252447
1787 0.000464445265656
1788 0.000300508688492
1789 0.000157110310465
1790 0.000304087317936
1791 0.000224452472409
1792 0.000397813780559
1793 8.25788862085e-05
1794 0.00041056857641
1795 0.000343220972157
1796 0.000266969293304
1797 0.000218105635584
1798 7.49237793217e-05
1799 0.000275129296096
1800 0.000431033671067
1801 0.00070159368998
1802 0.000166070087965
1803 0.000119023515647
1804 0.000243171555401
1805 0.000547005314724
1806 0.000123188226894
1807 0.000295565293153
1808 0.000314719440912
1809 0.000160676579836
1810 0.000333810899925
1811 0.000299650681544
1812 0.000208989491621
1813 0.000226798003317
1814 0.000498226588182
1815 0.000112791783576
1816 0.00018687431148
1817 0.000370381186259
1818 0.000114573488868
1819 0.000184031421039
1820 0.000278499173906
1821 0.00033799482206
1822 0.000107834386188
1823 0.000136476282051
1824 0.000368207622728
1825 0.000300089550133
1826 0.000276864693363
1827 0.000297888848287
1828 0.00058824158329
1829 0.00030626967585
1830 0.000146259562255
1831 0.000119831749409
1832 0.000336769734905
1833 0.000160476919804
1834 0.000533722911895
1835 4.28119729195e-05
1836 0.000547867446957
1837 0.000118128117468
1838 0.000305058715464
1839 0.000104554135731
1840 0.000470079701981
1841 0.00013066379295
1842 0.000241374430169
1843 0.000348913457806
1844 0.00015286485607
1845 0.000435111183492
1846 0.000330058905543
1847 0.000172527748608
1848 0.000223452205442
1849 0.000195363866795
1850 0.000339308015731
1851 0.000184441849944
1852 0.000180201318834
1853 0.000146148926458
1854 0.000102211696353
1855 5.55504755412e-05
1856 7.45459705251e-05
1857 5.65361722623e-05
1858 0.000343609789002
1859 0.000208872450468
1860 0.000229595325089
1861 0.000158677191155
1862 0.000333263017546
1863 0.000267456205758
1864 0.0002270178712
1865 0.000324488055561
1866 8.31573353963e-05
1867 0.000288624097534
1868 0.000369892392601
1869 0.000355773613028
1870 0.000130828576245
1871 0.00015867057116
1872 0.000402521413039
1873 0.000253533104207
1874 0.000200927410107
1875 7.4939669462e-05
1876 0.000158068140819
1877 0.00038761756594
1878 0.000208583691072
1879 0.000228201838694
1880 0.000420784034547
1881 0.000260144178778
1882 0.000293876672567
1883 0.000308803474241
1884 0.000121334328123
1885 0.000169709160283
1886 0.000160904355627
1887 0.000319272625573
1888 8.49217840543e-05
1889 0.000715030106431
1890 0.000221652094098
1891 0.000148282662266
1892 0.000232930157635
1893 0.000118515663689
1894 0.000404661028973
1895 0.00032450599641
1896 0.000295413999371
1897 0.000136180246474
1898 0.000226925585868
1899 0.000301859537994
1900 0.000371909482318
1901 0.000114657882101
1902 0.000126826010116
1903 0.000379197747375
1904 0.000205690196491
1905 0.00022732220599
1906 0.000123605921742
1907 0.000172540282471
1908 0.000167392309112
1909 0.000113720104071
1910 0.000258540602323
1911 0.00025760264611
1912 0.000237876212428
1913 0.00388166323827
1914 0.000105437203352
1915 0.000250611722398
1916 0.00012842771015
1917 0.000261886891649
1918 0.00034639703886
1919 0.000297482080295
1920 0.000289149477633
1921 0.000367762837118
1922 0.0002143341425
1923 0.0001598173168
1924 0.000259684014452
1925 7.6249162521e-05
1926 0.000241686491554
1927 0.00046393632196
1928 0.000286249063075
1929 0.000138967192205
1930 0.00027929712332
1931 0.000123966576889
1932 0.000211821821729
1933 0.000290273404929
1934 0.000123781633048
1935 0.000128783872788
1936 0.000263296121318
1937 0.000209948546781
1938 7.42572189919e-05
1939 0.000344329775134
1940 0.00026184998111
1941 0.000288273863521
1942 0.000540187364184
1943 0.000126124918591
1944 0.000353001744839
1945 0.000165731853934
1946 0.000442000220112
1947 0.00034717827359
1948 0.000374011800241
1949 0.000327428980035
1950 9.85412692169e-05
1951 9.52659024963e-05
1952 0.000327409613626
1953 9.25492753294e-05
1954 0.000234677171263
1955 0.000330832967994
1956 0.000289185058518
1957 0.000152718961243
1958 0.000216076220816
1959 0.000192131312378
1960 0.000370705919182
1961 0.00036611118263
1962 0.000114542966021
1963 0.000340752526834
1964 0.00017700117254
1965 0.000542874231684
1966 0.000162306637833
1967 0.000330361444194
1968 4.84935296742e-05
1969 0.000190191882859
1970 4.98180798035e-05
1971 0.000275729047322
1972 0.000323786714525
1973 0.000347428197802
1974 0.000321997612143
1975 8.61517797442e-05
1976 0.000307665952379
1977 0.000214278689006
1978 9.12782936262e-05
1979 0.00014824120835
1980 0.000324130044061
1981 0.000301748367471
1982 0.000195848332864
1983 0.000118033379073
1984 0.000376228808572
1985 0.000329922257529
1986 0.000437264242237
1987 0.000288579705899
1988 0.000156308156926
1989 0.000216201059582
1990 0.000179712010684
1991 0.000189210240449
1992 0.000260086569778
1993 0.000164442770082
1994 0.000375242286138
1995 0.000206526200088
1996 0.000324643589378
1997 8.04351443047e-05
1998 0.000254447530481
1999 0.000282677690503
2000 0.000187439857802
2001 0.000185636108261
2002 0.000306555853052
2003 0.000271934825235
2004 0.000193286832088
2005 0.000262799053417
2006 0.000287182994286
2007 0.000275992571638
2008 0.000494498246614
2009 8.74401638846e-05
2010 0.000234348786397
2011 0.00026502441238
2012 0.00021607037963
2013 0.000103905604739
2014 7.81687793812e-05
2015 8.49427420827e-05
2016 8.51294527679e-05
2017 0.000117267673352
2018 0.000129286675675
2019 0.000286108283795
2020 9.05665000473e-05
2021 0.000292015723184
2022 9.00562729405e-05
2023 0.000261885226297
2024 0.000219000285697
2025 0.00027433435735
2026 0.000173953314776
2027 0.000280117819923
2028 0.000234054848463
2029 0.000327370481793
2030 0.000172873067073
2031 0.000340363838104
2032 0.000263337723143
2033 0.000447583733274
2034 0.000316951615502
2035 0.000149136662783
2036 0.00025862387638
2037 0.000140581685387
2038 0.000343093726268
2039 0.000431149100779
2040 0.000340368679881
2041 0.000291836423924
2042 0.000135637964099
2043 0.000301683024348
2044 0.000319410054491
2045 9.36382027569e-05
2046 0.000321150717532
2047 0.000234901904185
2048 0.000842745569689
2049 9.68616313448e-05
2050 0.000318245297107
2051 0.000141218762647
2052 0.000123021231359
2053 0.000325436317602
2054 0.000351001776196
2055 0.000494016434513
2056 0.00015815457848
2057 0.000250494399928
2058 0.000153656665504
2059 0.000175678345008
2060 0.000348221122864
2061 0.000222152204928
2062 0.00025856518925
2063 0.000249126033529
2064 0.000267527050993
2065 0.000340899336609
2066 0.000103877077602
2067 8.25382217112e-05
2068 0.000117259003653
2069 0.000436476415033
2070 0.000321540746497
2071 0.000134882164288
2072 0.000368536669144
2073 0.000398746381143
2074 0.000354968588126
2075 0.000296700035064
2076 0.000176489618953
2077 0.000178424004525
2078 0.000239116418277
2079 0.000371781168291
2080 4.15319310866e-05
2081 9.99656384383e-05
2082 0.000519737744224
2083 0.000170561119494
2084 0.000275435866379
2085 0.000284139652681
2086 0.000195324757651
2087 0.000257180996873
2088 0.000477755579768
2089 0.000363104204768
2090 0.000211294899941
2091 0.000342891884206
2092 0.00029333636505
2093 0.000141123808001
2094 0.000330286351191
2095 0.000139112263751
2096 0.000287148211465
2097 0.000104180263773
2098 0.000209871497554
2099 0.000226448369788
2100 0.000119726731437
2101 9.71361610142e-05
2102 0.000243081654197
2103 0.000413045565052
2104 0.000340296811644
2105 0.000328922462191
2106 0.000124588351024
2107 0.000105249715186
2108 0.000318845163052
2109 0.000300046069406
2110 0.000254141028323
2111 0.000177542371511
2112 0.000559989713909
2113 0.000297794120027
2114 0.000146204333225
2115 0.000149423315882
2116 0.000256847082856
2117 0.000315321098273
2118 0.000487986513788
2119 0.000341716809753
2120 0.00015498965093
2121 0.000230803637313
2122 0.000293548989418
2123 0.000271145912898
2124 0.00036932237052
2125 0.000310107225135
2126 0.000371509548115
2127 0.000466701364012
2128 0.000356235215514
2129 0.000310386591059
2130 0.000343976370807
2131 0.000118311718535
2132 0.000362278019986
2133 0.000305990338895
2134 0.000579960129508
2135 0.000270862574168
2136 0.000276915431324
2137 0.000157837050222
2138 0.00016238501704
2139 0.000419752895041
2140 0.000324134219368
2141 0.000313203285321
2142 0.000136670861275
2143 0.000436781720604
2144 0.000342479157975
2145 0.000253612222233
2146 0.000251361239347
2147 0.000225796093496
2148 0.000132129733232
2149 0.000282975075834
2150 0.000396907201664
2151 0.000353873813975
2152 0.000269082169647
2153 0.000192026655336
2154 0.000414752963586
2155 0.000297836840818
2156 0.000178910089257
2157 0.000275926682321
2158 0.000211113511064
2159 0.000109031386253
2160 0.000255175293798
2161 0.000234755796008
2162 0.000269712597544
2163 0.000144979988383
2164 0.000123581273863
2165 0.000188383152323
2166 0.0002475820127
2167 9.65210763488e-05
2168 0.000106349166606
2169 8.33285106856e-05
2170 0.000337220778696
2171 0.000185569543738
2172 0.000335904849116
2173 0.000354109427053
2174 0.000274364997319
2175 0.000386783159342
2176 7.23104761063e-05
2177 0.000423761813705
2178 7.23364150949e-05
2179 6.67214462203e-05
2180 0.000190332071165
2181 0.000346832541682
2182 0.00017640121688
2183 7.38320575453e-05
2184 0.00040137647584
2185 0.000342260408035
2186 9.45696534929e-05
2187 0.00011763896846
2188 0.000443593655373
2189 0.000353772143619
2190 0.000334512111603
2191 0.00030749099874
2192 0.000272448899192
2193 0.000221679989497
2194 0.000144442792541
2195 0.000334176894762
2196 4.15319310866e-05
2197 0.00033367911577
2198 0.000195027334187
2199 0.000190520096312
2200 0.000549401146834
2201 0.000318485585474
2202 0.000344340315353
2203 0.00025805253992
2204 0.000321627283233
2205 9.74528480874e-05
2206 9.23150276956e-05
2207 0.000381493772875
2208 0.000199562194618
2209 9.31058204489e-05
2210 0.000180549444122
2211 0.00020258567096
2212 0.000276135119592
2213 0.000262296058327
2214 0.000203584538657
2215 0.000187317995016
2216 0.000198141201501
2217 0.000252740598946
2218 0.000178045692657
2219 0.000375627845199
2220 6.1092837378e-05
2221 0.000352633551282
2222 0.000167684843805
2223 0.000191143867025
2224 0.000361976015196
2225 0.000392358995351
2226 0.000227794637791
2227 0.00022824426524
2228 9.81775113081e-05
2229 0.000275716517621
2230 0.000388934330458
2231 6.93438853259e-05
2232 0.00030576112906
2233 0.000293103270533
2234 0.000421841772103
2235 0.000107414078431
2236 0.000257399073863
2237 0.000323483225336
2238 0.000237771455704
2239 0.000144625691878
2240 0.00016029385161
2241 0.000366720504767
2242 0.000362194296691
2243 0.000196678628827
2244 0.000206092307201
2245 0.000362643903967
2246 0.000137443790462
2247 0.000302903129374
2248 0.000386469314982
2249 0.000172781890577
2250 0.000103198330914
2251 0.000350583095039
2252 0.000109654209102
2253 6.84824191074e-05
2254 0.000291327654297
2255 0.000290430586795
2256 0.000121431155009
2257 7.81563963426e-05
2258 0.000289090790047
2259 0.000120136056752
2260 0.000222384636871
2261 0.000188840667058
2262 0.000244785254383
2263 7.96855134425e-05
2264 0.00011742592744
2265 0.000245224688189
2266 0.000101429623472
2267 0.000472094304323
2268 0.000270400360708
2269 0.000445675157849
2270 4.15319310866e-05
2271 0.000102200252877
2272 0.000330465358194
2273 0.000153867071256
2274 0.000287102641784
2275 0.000141164587279
2276 0.000336317762949
2277 0.00028650685923
2278 0.000151609467521
2279 0.000328441835428
2280 0.000389032314088
2281 0.000208570412583
2282 0.000170397877626
2283 0.000476073701295
2284 0.000519553120488
2285 0.000294438032361
2286 0.000186823242899
2287 0.000215613428232
2288 0.000152638388519
2289 0.000101929107425
2290 0.000569144676111
2291 0.000332720438773
2292 0.000124405782167
2293 0.00043268672771
2294 0.000179008244056
2295 0.000382686485296
2296 0.000102287300557
2297 0.000190766658512
2298 0.00021133233951
2299 9.79421798569e-05
2300 0.000286734897706
2301 0.000260663011452
2302 0.00017034545872
2303 0.000385761534143
2304 0.000102116127399
2305 0.000234722464608
2306 8.2927977338e-05
2307 0.000218913676643
2308 0.000262656189814
2309 0.000287934382145
2310 0.000370857062196
2311 0.000123532368005
2312 0.000124676354467
2313 9.42308476518e-05
2314 0.000754335669774
2315 0.000177790431695
2316 0.000232980319203
2317 0.000120988882432
2318 0.000325415106644
2319 0.000198256842206
2320 0.000375497615891
2321 0.000172875313848
2322 0.000121152854363
2323 0.000295042095875
2324 0.000333629913188
2325 0.000369579853978
2326 0.000339033557241
2327 0.000328361717688
2328 0.000392931150654
2329 0.000511094980122
2330 0.000238758936122
2331 0.000168014394301
2332 0.000347628009949
2333 0.000317964171628
2334 0.0004857365375
2335 0.00027416859415
2336 0.000294397392135
2337 0.000452840932032
2338 0.000195129370401
2339 0.000328377849665
2340 0.000336324687158
2341 0.00035919647439
2342 0.000251968969013
2343 0.0002702326553
2344 0.000251252048806
2345 0.000382100484924
2346 0.000229729049841
2347 0.000200564051213
2348 0.000630371474736
2349 0.0002821417956
2350 0.00018684776033
2351 0.000104895486732
2352 0.000333447071754
2353 0.000307413905553
2354 0.000177459100805
2355 0.000323518838514
2356 0.000139494261298
2357 0.000313013430513
2358 0.000149386039662
2359 7.7786033194e-05
2360 0.000271877395996
2361 0.000135444783286
2362 0.000375791164371
2363 0.00013861247476
2364 0.00030644222372
2365 0.000335619473774
2366 0.000285627718212
2367 0.000198181873389
2368 0.000212091200978
2369 0.000269998174292
2370 0.00035856158276
2371 0.000291466320047
2372 0.000308368859897
2373 0.00032718078097
2374 0.000132452108377
2375 0.000306864559916
2376 9.91678782809e-05
2377 0.000336040360257
2378 0.000298138476465
2379 0.000261281083389
2380 0.000162614259668
2381 5.68609327268e-05
2382 0.000321370537668
2383 5.60640834832e-05
2384 8.58391964095e-05
2385 0.000580739516322
2386 0.000203754810378
2387 0.000260979812095
2388 0.000154722349262
2389 8.44431025787e-05
2390 0.000144153194447
2391 0.000179591545435
2392 0.000202990870431
2393 0.000189029199332
2394 0.000116397031513
2395 0.000306165975497
2396 0.000332118139783
2397 0.000238994436797
2398 0.000308656615792
2399 0.000345421220802
2400 0.000269119015523
2401 0.000104214175231
2402 0.000190607548496
2403 0.000153286991565
2404 0.000163272758351
2405 0.000320393799596
2406 0.000194384631952
2407 0.000212590404525
2408 0.000182173371796
2409 0.000283161732559
2410 0.000327066885436
2411 0.000383256268002
2412 0.000286336309649
2413 0.000301326197208
2414 0.000100185451957
2415 0.000334475762534
2416 0.000159798899601
2417 0.000190451128042
2418 0.000254100942563
2419 0.000224517830651
2420 0.000375536464286
2421 0.000250446475928
2422 0.000178420094885
2423 8.88276653104e-05
2424 0.000303647148636
2425 0.000121596609384
2426 0.000191913487353
2427 0.000169163604333
2428 9.26257838395e-05
2429 0.0003542333056
2430 0.000197239056949
2431 0.000275904623037
2432 8.97041344466e-05
2433 0.00012842451134
2434 0.000279334570965
2435 0.00030167259875
2436 0.00015937581874
2437 0.000293333569763
2438 0.000120300925152
2439 0.00024114115417
2440 0.000153925831787
2441 0.00028138662327
2442 7.60132447222e-05
2443 4.51547867527e-05
2444 0.00014095876655
2445 0.000171592115075
2446 0.000230253862237
2447 0.000296936324081
2448 0.000256382670433
2449 0.000295976309142
2450 0.000139753358414
2451 0.000167585542953
2452 0.000338327188954
2453 8.08070601231e-05
2454 0.000127112038354
2455 7.71032168412e-05
2456 0.00016691997417
2457 0.000135899902295
2458 4.15319310866e-05
2459 0.000309685532927
2460 0.00023846925489
2461 0.000311408096736
2462 0.000383471033637
2463 0.000204750109011
2464 0.000381404044056
2465 0.000364693460333
2466 0.000198288774079
2467 0.000123695768993
2468 0.000246517181282
2469 0.000367297540187
2470 0.000254250313894
2471 4.15319310866e-05
2472 0.000397594478393
2473 0.000270616551495
2474 0.000200493092764
2475 0.000227614529595
2476 0.000305004275843
2477 0.000115831142498
2478 0.000218622136758
2479 0.000230653592242
2480 0.000170486070828
2481 0.000150295691462
2482 7.30347077123e-05
2483 0.000298396150206
2484 8.69145913708e-05
2485 0.0002411167209
2486 0.00025860015666
2487 0.000186243900459
2488 0.000170397877626
2489 0.000338820696104
2490 0.000214143780932
2491 0.000149586269595
2492 0.000374235677669
2493 0.000324728308133
2494 6.0580360178e-05
2495 0.000216473101628
2496 0.000271292974217
2497 9.34643385512e-05
2498 0.000229056592367
2499 0.000317409129308
2500 0.000213550792927
2501 0.000328884863835
2502 0.000252015907622
2503 0.000168524679993
2504 0.000155248996075
2505 0.000280704242674
2506 7.50286198316e-05
2507 0.000244645077475
2508 0.00036766902037
2509 0.000305957702112
2510 0.0004177580599
2511 0.000423709680831
2512 0.000423629907806
2513 0.00031962694961
2514 0.000158314512548
2515 8.50874778514e-05
2516 0.00014272289353
2517 0.000279431506652
2518 6.95755473981e-05
2519 0.000172738436755
2520 0.000134369979753
2521 0.000305380675805
2522 0.000266896529227
2523 7.86368421671e-05
2524 0.00015872910982
2525 6.33251718595e-05
2526 0.000175892541432
2527 0.000379093122092
2528 9.63285216723e-05
2529 0.000118495600533
2530 0.000156255710385
2531 0.000117972392101
2532 0.000122031793435
2533 0.000207477210929
2534 0.000305011745251
2535 0.000173028069947
2536 0.000192672673153
2537 0.0001459423312
2538 0.000306966063576
2539 0.000287582158205
2540 0.000262448504063
2541 0.000250855477056
2542 5.60640834832e-05
2543 0.000371030254044
2544 0.000674824131118
2545 0.000124028276974
2546 7.17939702526e-05
2547 0.000271085871129
2548 0.000183585378588
2549 0.000124544442006
2550 0.000294817220833
2551 0.000312426494283
2552 0.000294858774655
2553 0.000218518651757
2554 0.000322122949836
2555 0.000186870540962
2556 0.00040893110427
2557 0.000250411514612
2558 0.000165292702587
2559 0.000297961817951
2560 0.000302867536082
2561 0.000380004937443
2562 0.000291604513614
2563 0.00014604751282
2564 0.000215464245703
2565 0.000344697357712
2566 8.04351443047e-05
2567 0.000160824098735
2568 0.000348189012536
2569 7.32277007817e-05
2570 4.15319310866e-05
2571 0.000224072816081
2572 0.000132784252301
2573 9.09565337405e-05
2574 0.000283502152875
2575 0.000204539882948
2576 0.000269429877747
2577 0.00012554166885
2578 0.00019403089897
2579 0.000301313626928
2580 0.000223671539082
2581 7.54983319501e-05
2582 0.000164875495106
2583 0.000315828706618
2584 0.000243439960161
2585 8.13507594077e-05
2586 0.000217357053371
2587 0.000338250652413
2588 0.000197817968308
2589 0.000292492972386
2590 0.000258844570997
2591 0.000358716236731
2592 0.00019197347271
2593 0.00037834336189
2594 0.000334834633918
2595 0.00033116520485
2596 8.69145913708e-05
2597 4.15319310866e-05
2598 0.000326134603614
2599 0.000492533974965
2600 7.54296661315e-05
2601 0.000334696410258
2602 0.00034584162014
2603 0.000365020848984
2604 0.000249099255976
2605 0.000362182696563
2606 8.87269358325e-05
2607 0.00015904254701
2608 0.000354908721203
2609 0.000323119459176
2610 0.00016668467114
2611 0.000254475856047
2612 0.000394190929318
2613 0.000159705321309
2614 8.91724940331e-05
2615 0.000186192550778
2616 0.000337632385462
2617 0.000325654411372
2618 0.000354328471545
2619 0.000218146875087
2620 0.000303420055649
2621 0.000284029260883
2622 0.000102931337628
2623 0.000193758181022
2624 0.000250806090703
2625 0.000349018577055
2626 0.00033772267828
2627 0.000197648763354
2628 0.000219225635088
2629 0.000243588156057
2630 0.000386504879445
2631 0.000317355162518
2632 0.000230587773852
2633 0.000102237533133
2634 0.000223142164037
2635 9.8643193779e-05
2636 0.00010082220824
2637 0.000207393709405
2638 0.000178425892967
2639 0.000303122416553
2640 0.000202155232499
2641 0.00028598185487
2642 0.000115092986791
2643 0.000452821750559
2644 0.000309222588192
2645 0.000245289536807
2646 0.00028276014929
2647 0.000261292318732
2648 0.000255103193042
2649 0.000257376561979
2650 0.000374844139562
2651 0.000191737908875
2652 8.55049433046e-05
2653 0.000178635648217
2654 0.000234018469886
2655 0.000278832223502
2656 0.000306896135257
2657 0.00015764655062
2658 0.000274222745118
2659 0.000199160542743
2660 0.000355155036116
2661 0.000205991924982
2662 0.000533136885023
2663 0.00025630651491
2664 0.000206226855642
2665 0.000376692649528
2666 0.000343730113272
2667 0.000285535135826
2668 0.000177298211722
2669 0.000282451950023
2670 0.000433693083297
2671 0.000256953181169
2672 0.000105836799943
2673 0.000230970978049
2674 0.000168331931815
2675 0.00037753990419
2676 0.000273870384437
2677 0.000380531946937
2678 0.000168949518857
2679 0.000114130591925
2680 0.000424284231657
2681 0.000254916482785
2682 0.000225111972632
2683 0.000152464830326
2684 0.00039085387771
2685 0.000185086716208
2686 0.000125725081784
2687 0.00019181767266
2688 0.000151442669571
2689 0.000126972900481
2690 0.000311183494405
2691 0.000254412614519
2692 0.00010266983837
2693 7.04019851086e-05
2694 0.00019339724795
2695 0.000425334853567
2696 8.89966905665e-05
2697 0.000172297221994
2698 0.000156652830607
2699 0.000318111907314
2700 0.00018323153391
2701 0.000155404321668
2702 0.000173293367747
2703 0.00019476683943
2704 0.000242538693185
2705 5.86640518414e-05
2706 0.000150710114898
2707 0.000329711755248
2708 0.000132891334427
2709 0.000213718360566
2710 0.00012527791993
2711 0.000125015229942
2712 0.000248520636484
2713 0.000258762989969
2714 0.000223172177494
2715 5.91398956449e-05
2716 0.000244920463872
2717 0.000564360668216
2718 0.000250803503419
2719 0.00027807576902
2720 0.000539058227149
2721 0.000297078733228
2722 0.000105836799943
2723 5.41606645151e-05
2724 0.000114313288252
2725 0.000528119819098
2726 0.000103742684432
2727 0.000155590034498
2728 0.000130029884369
2729 0.000291712349574
2730 0.000345801875279
2731 0.000627999697754
2732 0.000176859322972
2733 0.000178154892716
2734 0.000164179823202
2735 0.000260879765949
2736 0.000167516331297
2737 7.57394992437e-05
2738 0.000160079993627
2739 0.000428957281146
2740 0.000244156367778
2741 5.86640518414e-05
2742 0.000282212942945
2743 0.000622972012221
2744 0.000252626411859
2745 0.000128591527736
2746 0.000206973641404
2747 9.97183080949e-05
2748 0.000123359171215
2749 0.000441136103087
2750 0.00025585848156
2751 0.000382166366822
2752 0.000240542585907
2753 8.72375183652e-05
2754 0.0003000311501
2755 0.000569376961216
2756 0.000396993193712
2757 0.000232179614747
2758 0.0003775263158
2759 0.000345378688341
2760 0.000162914790697
2761 0.000135163621384
2762 0.000169695940908
2763 0.000176171792281
2764 0.000316336535068
2765 0.00024030055539
2766 0.000264688451064
2767 0.00011300027045
2768 0.000101532361712
2769 0.000216324923222
2770 0.000117228290033
2771 0.000231975294317
2772 0.000160456518526
2773 0.000263124581722
2774 0.000274800277617
2775 0.000159121623666
2776 0.000212990149498
2777 0.000134947547786
2778 0.000380567795053
2779 0.000522675446538
2780 0.000164870944441
2781 0.000384256842795
2782 0.000400004909428
2783 0.000442304926155
2784 0.000235040029028
2785 0.00023015513864
2786 0.000293936490926
2787 0.000488641683388
2788 0.000327292348757
2789 6.57101739329e-05
2790 0.000175407093778
2791 0.000102511371884
2792 0.000132751804252
2793 0.00010266983837
2794 0.000537122953832
2795 0.000126764592581
2796 0.000204986697584
2797 0.000337666396006
2798 0.000181524606755
2799 5.38135040526e-05
2800 0.000165943898338
2801 0.000375602583907
2802 0.000106060591047
2803 9.22458307502e-05
2804 0.000191996632428
2805 9.07485936568e-05
2806 0.000134224580511
2807 0.00027755784834
2808 0.000181263404056
2809 7.11593148716e-05
2810 0.000165432643669
2811 0.000291917284511
2812 8.14647253821e-05
2813 0.000207205804125
2814 0.00024514509973
2815 5.92033341375e-05
2816 0.000267437649134
2817 0.00010907096407
2818 0.00013536148694
2819 0.000157127325629
2820 0.000187039378757
2821 0.000153806384274
2822 0.000114166755387
2823 0.000155872079682
2824 0.000233382952505
2825 0.000105836799943
2826 0.000170714200162
2827 0.000119382213505
2828 0.000342633625708
2829 0.000433630718265
2830 0.000227642727766
2831 0.000171478732787
2832 0.000160559180032
2833 0.000229812757097
2834 0.00044357474667
2835 0.000131908442447
2836 0.000218754537968
2837 0.000274245525738
2838 0.000135935903944
2839 9.3951404221e-05
2840 0.000621152587164
2841 0.000227174310145
2842 0.000265791101256
2843 4.40183282635e-05
2844 0.000235369124809
2845 0.000221302297525
2846 0.000185764947281
2847 0.000193419623725
2848 0.000121581331385
2849 0.000178520355145
2850 0.000431230021474
2851 0.000167829316324
2852 0.000183599099064
2853 8.32007191597e-05
2854 0.000335622348611
2855 0.000212686019903
2856 5.9658318831e-05
2857 0.00016441375199
2858 6.18092368109e-05
2859 0.000167837717884
2860 0.00016025748927
2861 5.65875986389e-05
2862 0.00022586852011
2863 0.000346989148963
2864 0.000635304917467
2865 0.000346845211034
2866 0.000322839630022
2867 0.000359805629357
2868 0.000369710731964
2869 0.000177141389627
2870 0.00040307251961
2871 0.000189969328373
2872 0.00029468520858
2873 0.000346010916272
2874 0.00034634600259
2875 0.000240361536748
2876 0.000310187228051
2877 0.00012279502173
2878 0.00047467888297
2879 0.000108393087805
2880 0.000217834695272
2881 0.000312785019854
2882 0.000305898341403
2883 0.000107961656361
2884 0.000140110191772
2885 8.33886142542e-05
2886 9.13172309584e-05
2887 0.00016542610184
2888 0.000214185813698
2889 0.000133160538885
2890 0.00024845106593
2891 0.000420010899737
2892 0.000134203625288
2893 0.000221606964072
2894 0.000112537150373
2895 0.000362071526447
2896 9.91431729774e-05
2897 0.000250765357042
2898 0.00025626482257
2899 9.92531594129e-05
2900 8.24905726417e-05
2901 0.000109778515817
2902 0.000450633090812
2903 0.000158401701602
2904 0.00010522959677
2905 0.000447334827117
2906 0.000339072989442
2907 0.000411728469264
2908 0.00017645691977
2909 0.000145741147613
2910 0.000367923047402
2911 0.000373326930093
2912 0.000307234242259
2913 0.000279101151989
2914 0.000347111078915
2915 0.000293363136495
2916 0.000430862699353
2917 0.000392529081554
2918 0.000111909179284
2919 0.000172765043476
2920 0.000329398806887
2921 0.000346750367627
2922 0.000283870401335
2923 7.07640746379e-05
2924 0.000152880604765
2925 0.000208929234703
2926 0.000365443897139
2927 0.000142380630318
2928 0.000423590828425
2929 0.000405498290564
2930 0.000241529834197
2931 0.000178154892716
2932 0.00026648738983
2933 0.00029296943944
2934 0.000178291885427
2935 0.00018832962973
2936 0.000155234354203
2937 0.00036104120767
2938 0.000356460682334
2939 0.000168519070474
2940 0.00037105886244
2941 0.000298007134462
2942 0.000123738496448
2943 9.96224195718e-05
2944 0.000380198623394
2945 0.000492218660946
2946 0.000264545225061
2947 0.000342155725115
2948 0.000148856250433
2949 0.000135575078963
2950 0.00027708829946
2951 0.00030642188862
2952 0.000674381799389
2953 6.14532010818e-05
2954 0.000180546548497
2955 0.000135197720008
2956 0.000331047702853
2957 0.00043671560851
2958 0.000145608424404
2959 0.000290070312468
2960 0.000231959668386
2961 0.000417131915702
2962 0.000106070049054
2963 0.00020905728573
2964 5.965936365e-05
2965 0.000168616269071
2966 0.000140169090355
2967 0.000482999366918
2968 0.000142686412932
2969 0.000131208823066
2970 0.000328451760861
2971 0.000244662888314
2972 6.82923583603e-05
2973 0.000230715523363
2974 0.000399046337664
2975 0.000276257810554
2976 6.98498250474e-05
2977 0.000260129921701
2978 0.000179322273367
2979 0.000215325591189
2980 0.000175023979236
2981 6.97285613625e-05
2982 0.000146026175113
2983 0.000205824834191
2984 0.000227056065081
2985 0.000179156039569
2986 0.000275482149595
2987 0.000444900472309
2988 0.000155371880321
2989 0.000303824725939
2990 0.000340549567368
2991 0.000119083094972
2992 0.000329419643488
2993 0.000404410203801
2994 0.00027401322134
2995 0.000310525452226
2996 0.000129950684055
2997 0.000276184574518
2998 0.000178463121434
2999 5.76597132309e-05
3000 0.00031357628398
3001 0.000431504937896
3002 0.000290896154265
3003 0.000491673999847
3004 9.3951404221e-05
3005 0.000256770900206
3006 0.000306346252516
3007 4.9197341013e-05
3008 0.000173649226887
3009 0.000217544062934
3010 0.000147877567785
3011 0.000235786422264
3012 0.00030787353149
3013 0.000153786111563
3014 0.000178077671634
3015 0.000218203304327
3016 0.000102097578229
3017 0.000203977384822
3018 0.000442271106385
3019 0.000227803410018
3020 0.000501182664427
3021 0.000344941438297
3022 0.000275269856373
3023 0.000354125570714
3024 0.000195300517477
3025 0.000126648966297
3026 0.000292997594118
3027 0.000453422636851
3028 0.000435263624422
3029 0.000173606492032
3030 0.000272534766233
3031 8.9719145094e-05
3032 4.40183282635e-05
3033 0.00018427380186
3034 0.000400169595243
3035 0.000299450375617
3036 0.000488323300446
3037 0.000224399996396
3038 0.00010266983837
3039 0.000509996049579
3040 0.000155065670853
3041 0.000240917967544
3042 0.000191112289793
3043 0.000146156467225
3044 0.000147614827744
3045 7.16461510651e-05
3046 0.000117277793485
3047 0.000246249448446
3048 0.000236336307588
3049 0.000136924434637
3050 0.000408353397274
3051 0.000144943848237
3052 0.000570280818515
3053 0.000264484445825
3054 0.000201598247828
3055 0.000386615662108
3056 0.000159121623666
3057 0.000359637825286
3058 0.000182989210428
3059 0.000121588481422
3060 8.01696768854e-05
3061 0.000442489738785
3062 0.000156972653226
3063 0.000254212762102
3064 0.000151646288014
3065 0.000293754215031
3066 0.000252370405776
3067 0.000204206335797
3068 0.00012743368467
3069 0.000146371504526
3070 0.000145571106826
3071 0.00033784891898
3072 4.40183282635e-05
3073 0.000384712279204
3074 0.00030025265343
3075 0.000159121623666
3076 0.000183313399955
3077 0.000494241768519
3078 0.000465188800997
3079 0.000435673315616
3080 0.000245806597703
3081 0.000210697429084
3082 0.000234184315926
3083 0.000623651586216
3084 0.000155116520445
3085 0.000395066902355
3086 0.000251891329187
3087 0.000288236570502
3088 0.000377671135611
3089 9.95772703205e-05
3090 0.000320765611192
3091 0.000542038917592
3092 0.000105836799943
3093 8.96932291998e-05
3094 0.000134960872498
3095 7.3331488568e-05
3096 0.000138578431758
3097 0.000343286400207
3098 0.000283071127542
3099 0.000302178700335
3100 0.00011135732008
3101 0.000244045326929
3102 0.000670056191941
3103 0.000269171203385
3104 0.000172789745122
3105 0.000416005456784
3106 0.000229057272589
3107 0.000347184762537
3108 0.000365884592147
3109 0.000287972127972
3110 0.000138535811099
3111 0.000148195761558
3112 0.00032907744066
3113 0.000100177182838
3114 0.000385085259958
3115 0.000265773395036
3116 0.000345837469288
3117 0.000562838810683
3118 0.000361793306683
3119 0.000297829129431
3120 0.000341658185457
3121 0.000382985639007
3122 8.7141144865e-05
3123 0.000183777566924
3124 0.000192694784401
3125 0.00022656916584
3126 5.12370047941e-05
3127 0.000140487705361
3128 0.000159121623666
3129 0.000162069000942
3130 0.000192281241751
3131 0.000126740756881
3132 0.000178154892716
3133 0.000460020438719
3134 0.000104614857552
3135 5.10898835615e-05
3136 0.000190513505275
3137 0.00045798306505
3138 0.000294598458552
3139 0.000175034203094
3140 0.000185856396566
3141 0.000451681804153
3142 0.000224542291919
3143 0.00026351051896
3144 6.63004862957e-05
3145 0.000146067019034
3146 0.000393844824397
3147 0.00033988106975
3148 0.00013536148694
3149 0.000209063667391
3150 0.000306755015995
3151 0.000503983583768
3152 0.000125410862398
3153 0.00048012040252
3154 0.000117251037852
3155 0.000582930751009
3156 0.00016224156813
3157 0.000130061236683
3158 0.000140490683245
3159 0.000264569180569
3160 9.16363916915e-05
3161 0.000198477596269
3162 8.09796817951e-05
3163 0.000423360490062
3164 0.000133508463408
3165 0.000120015787621
3166 9.25676827872e-05
3167 0.000205792921111
3168 0.000152733200106
3169 0.000364218303823
3170 0.000328543930636
3171 0.000165761518735
3172 0.000167060914681
3173 0.000412822497311
3174 0.000164179228319
3175 0.00033665181514
3176 7.34337996649e-05
3177 0.000227427499975
3178 0.000305013527695
3179 0.000217233200689
3180 0.000392413700126
3181 0.000178154892716
3182 0.000178154892716
3183 0.000389649741335
3184 4.40183282635e-05
3185 0.000303118740691
3186 0.000460354852663
3187 0.000187638029995
3188 0.000286904221726
3189 0.000316649192005
3190 0.00015611884951
3191 0.000126732282419
3192 0.000271962557307
3193 0.00013038499796
3194 0.00016453213863
3195 0.000136167351691
3196 0.000329121047633
3197 0.000309680617103
3198 9.2186406748e-05
3199 0.000509308953881
3200 0.000155625978935
3201 0.000227557804165
3202 0.00049516586096
3203 8.63038983657e-05
3204 0.000225515385991
3205 0.000283910904623
3206 0.000152152827501
3207 0.000284221053438
3208 0.000308740603408
3209 0.000142445659235
3210 0.000170725186356
3211 0.000126752318216
3212 0.000207010472641
3213 0.000230091664174
3214 0.000201929923223
3215 0.000455685452181
3216 0.000187603040213
3217 0.000143505782416
3218 7.76280484329e-05
3219 0.000183777566924
3220 0.000284407366597
3221 0.000263748402961
3222 0.000228430980563
3223 0.00016466455774
3224 0.000188666980419
3225 0.000325512753436
3226 0.000198677914835
3227 0.00035919873783
3228 7.47147682079e-05
3229 0.000188208999446
3230 0.000135337013492
3231 4.40183282635e-05
3232 0.000227841448471
3233 0.000475085969967
3234 0.000465840925637
3235 0.000191764290162
3236 8.09849401131e-05
3237 0.000175514217721
3238 0.000173793651732
3239 0.000209195922732
3240 0.000333862186329
3241 0.000385307965581
3242 0.000167773841637
3243 0.000142219380559
3244 0.000150753152552
3245 0.000143446978287
3246 0.000146371241537
3247 0.000132525267625
3248 0.000353499090528
3249 0.00027697120246
3250 0.00012821680733
3251 0.000172844959865
3252 0.000195072424843
3253 0.000458095577853
3254 0.000355404595675
3255 0.000118694354433
3256 0.000253289553873
3257 0.000504606418035
3258 0.000226974013252
3259 0.000301092921588
3260 0.000236250092086
3261 0.000189913859199
3262 0.000321746013112
3263 0.000164687016412
3264 0.000477927234008
3265 0.00025076741658
3266 0.00028146649388
3267 0.00010740390923
3268 0.000408241917539
3269 7.670780575e-05
3270 0.000112741176973
3271 7.66893186676e-05
3272 0.000126602531202
3273 0.000289038423271
3274 0.000214243444901
3275 0.000414040479853
3276 0.000251268838528
3277 0.000167445914108
3278 0.000387492338959
3279 0.000186948127698
3280 0.000213801597414
3281 0.000606201241092
3282 0.000104069109325
3283 5.03146947561e-05
3284 0.000218814579801
3285 0.000317739423746
3286 0.00022180531345
3287 0.000146859854585
3288 0.000307669607476
3289 0.000287766730854
3290 0.000158271743616
3291 0.000102019293743
3292 0.000665797330459
3293 0.000119903456589
3294 0.000300132028224
3295 0.000152975981763
3296 0.00035563040567
3297 0.000256842248975
3298 0.000341566690116
3299 0.000280963743769
3300 0.000368095388414
3301 0.000177247346481
3302 0.000208256417934
3303 0.000464747665191
3304 0.000229305817016
3305 0.00019804285584
3306 7.42802865038e-05
3307 0.000163412295654
3308 0.000167050398165
3309 0.000116668656541
3310 0.000235078848849
3311 8.82653212889e-05
3312 0.000159012608273
3313 0.000153426049014
3314 0.000229350383238
3315 0.000219822443626
3316 0.000106511502228
3317 0.000223024955876
3318 8.53060086372e-05
3319 0.00026459548093
3320 0.00018974764876
3321 0.000628774300276
3322 0.000399828265405
3323 0.000140487705361
3324 7.91917810775e-05
3325 0.000410947542161
3326 0.000251125014958
3327 0.000139634705397
3328 0.000398058118835
3329 0.000163009934035
3330 0.000170498793134
3331 0.000519761165006
3332 0.000281035861042
3333 0.000349447217368
3334 8.396953178e-05
3335 9.77526283183e-05
3336 0.000379136494498
3337 0.000126712750577
3338 0.000185052772611
3339 0.000129153515459
3340 0.000333892514062
3341 0.000150478994048
3342 0.00023932615355
3343 0.000423934102436
3344 0.000142268243406
3345 0.000421369206493
3346 0.000388470633379
3347 0.000270207091277
3348 0.000422637756407
3349 0.00037783283653
3350 0.000119948654888
3351 0.000474236979332
3352 0.000450346353372
3353 0.000111229168744
3354 0.000390053372002
3355 0.000183777566924
3356 0.000306028350826
3357 0.000170974101343
3358 0.000127070290222
3359 0.000109866512738
3360 0.000153738255869
3361 0.000459025979041
3362 0.000151633753239
3363 0.00036172120817
3364 0.000597650806074
3365 0.00024278289557
3366 0.000360327756957
3367 0.000445324418453
3368 9.77761402877e-05
3369 0.000128263930794
3370 0.000333467965878
3371 7.63557548889e-05
3372 0.000138967945188
3373 0.000158401701602
3374 0.000151051636106
3375 0.000164468926574
3376 5.92190784691e-05
3377 0.00012206414069
3378 0.000204363294419
3379 0.000346557067462
3380 0.000190706728794
3381 0.000161833868506
3382 0.000310571676134
3383 0.0002299660149
3384 0.000166776793032
3385 0.000241713233871
3386 0.000384699855068
3387 0.000311947486841
3388 0.000466994425572
3389 9.68012800912e-05
3390 9.49972452124e-05
3391 0.000158771174855
3392 0.000292646268244
3393 0.000161297710508
3394 0.00015815053515
3395 0.000217146584012
3396 0.000273805208973
3397 0.000440073531995
3398 0.000646405490635
3399 0.000107228116937
3400 0.000186550487404
3401 0.000205436856209
3402 0.00012206414069
3403 0.000172776704274
3404 0.000351282047187
3405 0.000152929441589
3406 0.000149840797315
3407 0.000414140434523
3408 7.670780575e-05
3409 5.12154800258e-05
3410 0.000142625072786
3411 0.000146700199175
3412 0.000375296623004
3413 0.000338280791093
3414 5.8862205754e-05
3415 0.000121052749636
3416 0.000218911870493
3417 0.000292567384572
3418 0.000409160552714
3419 0.000102658927813
3420 0.000351055614261
3421 0.000196629515051
3422 0.000156521549228
3423 0.000251299926641
3424 0.000217990801065
3425 9.36229252598e-05
3426 0.000135838537674
3427 0.000537041950851
3428 0.000129153515459
3429 9.66324688199e-05
3430 7.48816723042e-05
3431 0.000151072574684
3432 0.000191958026647
3433 9.08637270963e-05
3434 0.000308628328342
3435 0.000569197624098
3436 0.000244858077897
3437 7.19349067441e-05
3438 0.00761470501819
3439 0.000246943870497
3440 0.000210082964169
3441 0.000270330916441
3442 0.000135963611094
3443 0.000560559788674
3444 0.000281677392094
3445 0.000125079012362
3446 0.000129094677507
3447 0.000228985297584
3448 0.000142018091059
3449 0.000426034986156
3450 0.00041896759767
3451 0.000183916235566
3452 4.89926623397e-05
3453 0.0001717454913
3454 4.89926623397e-05
3455 0.000196431186682
3456 0.000452260315261
3457 0.000468846662966
3458 9.45446997193e-05
3459 0.000233681364298
3460 0.000208940904865
3461 0.000334541036857
3462 0.00010983795874
3463 0.000204508767518
3464 0.000275128574755
3465 0.000377509830064
3466 0.000252793199079
3467 0.000323379839716
3468 6.8982553369e-05
3469 0.000344720796127
3470 0.000337840830628
3471 0.000212202103239
3472 0.000249080577193
3473 0.000206117725323
3474 0.000268357703406
3475 0.000228902536922
3476 0.000305614166742
3477 0.000237536815349
3478 0.000117937601428
3479 0.000257519888011
3480 0.000232396852873
3481 0.00025522465887
3482 0.000218930927871
3483 0.00018886985093
3484 0.00018823847249
3485 0.00017043897381
3486 0.000196495780161
3487 0.000331336147639
3488 0.000187263785165
3489 0.000418843154394
3490 0.000116408641257
3491 0.00030407421959
3492 0.000230110771401
3493 0.000122524147564
3494 0.000224022715412
3495 8.40819456505e-05
3496 0.000551048788879
3497 0.000250896556315
3498 0.000236960135612
3499 0.000223429736195
3500 0.00027115884289
3501 0.000294944669518
3502 0.000457862130665
3503 0.000161818046301
3504 0.000164436758067
3505 0.000157854169397
3506 0.000325016557376
3507 0.00053059419701
3508 0.000140893471145
3509 0.000326334800724
3510 0.000249725879341
3511 0.00024960124897
3512 0.000300000033279
3513 0.000156821317129
3514 0.000148338686054
3515 0.000370556955084
3516 0.000159454100733
3517 0.000218673199968
3518 0.000188011458714
3519 0.000303345899349
3520 0.000262869837887
3521 0.000132768501482
3522 0.000662730506168
3523 0.000137395886397
3524 0.000218930927871
3525 0.000207000548495
3526 0.000362791475382
3527 0.000352898488327
3528 0.000221554592239
3529 0.000329160730792
3530 0.000406687910752
3531 0.000165691356359
3532 0.000191209739121
3533 0.000208315564799
3534 0.000188615123786
3535 0.000282699251516
3536 0.000249687373867
3537 0.000248995287869
3538 0.0001015436564
3539 0.000317294736878
3540 0.000174877791806
3541 0.000329953443877
3542 0.000197341970295
3543 0.000314988217476
3544 0.000133071733306
3545 0.000117033668384
3546 0.000727160885619
3547 0.000335563985581
3548 0.00018466556267
3549 0.000137883301786
3550 0.000302485492522
3551 0.000218941802764
3552 0.000172955969288
3553 0.000102192413205
3554 0.00040440334557
3555 0.000262279352482
3556 0.000255838964067
3557 0.000170145705787
3558 0.000284994842218
3559 0.000417248392147
3560 0.000272482337695
3561 8.13914300245e-05
3562 0.000202032347662
3563 0.000232396852873
3564 0.000187699576981
3565 0.000232687529236
3566 9.21933057543e-05
3567 0.000167321107186
3568 0.000225037592875
3569 0.000409089631221
3570 0.00028768285003
3571 4.89926623397e-05
3572 0.000274007526225
3573 0.000115734971382
3574 0.000229745326242
3575 0.000163380403267
3576 6.91907679759e-05
3577 0.000387889972358
3578 0.000474727598326
3579 0.000229813080588
3580 0.000252793199079
3581 0.000197822175309
3582 0.000195260324421
3583 7.10212165121e-05
3584 0.000159532263431
3585 0.00055421996869
3586 0.000175423461148
3587 0.000437697171278
3588 0.000257161793489
3589 8.37320874314e-05
3590 6.27504051521e-05
3591 0.0003177155365
3592 0.000221295192551
3593 0.000209842088408
3594 0.000508843149824
3595 0.000191520079752
3596 0.000225337646394
3597 0.000765723055473
3598 6.92938231123e-05
3599 0.000164635654704
3600 0.000388371209928
3601 0.000121262978155
3602 0.000256036562059
3603 0.000217746945223
3604 0.000113165072864
3605 0.000698359653104
3606 0.000362854272919
3607 0.000127727156343
3608 0.000133298955856
3609 0.000241091045101
3610 0.000264754379581
3611 0.000248035666859
3612 0.000506325672064
3613 0.000270052498958
3614 0.000232396852873
3615 0.000149262181393
3616 0.000254883929086
3617 0.000267461823702
3618 0.000405883282913
3619 0.000203470774506
3620 8.70759589364e-05
3621 0.000195462348913
3622 0.000161833561955
3623 0.000171591669193
3624 0.000229582600227
3625 0.000289711654665
3626 0.000367054074435
3627 0.000155584788612
3628 0.000192781990994
3629 0.000337120053091
3630 0.000438669479384
3631 0.000173624968549
3632 0.000137891511169
3633 0.000129604340617
3634 0.000595502658522
3635 0.000269761269062
3636 0.000265360221062
3637 0.000300875731845
3638 0.000107468491034
3639 0.000244101094627
3640 0.000190961948782
3641 0.000381164879703
3642 0.000162116439733
3643 0.000237320926936
3644 0.000276212167971
3645 0.000189363724816
3646 0.000230858960832
3647 0.000205761480374
3648 0.000179570294151
3649 0.000263161140643
3650 0.000232396852873
3651 4.89926623397e-05
3652 0.000310400910952
3653 0.00014221467239
3654 0.000104339375769
3655 0.000142391313581
3656 0.000229517802813
3657 0.00022609928804
3658 0.000212243406387
3659 0.000171353001677
3660 0.000163831487552
3661 0.000113359696153
3662 0.000115701327852
3663 0.000345707804066
3664 0.000187590356421
3665 0.00017642863898
3666 0.000129004827647
3667 0.000129790671931
3668 0.000237071783811
3669 0.000152303167527
3670 0.000147751566915
3671 0.00022642779419
3672 0.000144865704145
3673 0.000466792038736
3674 9.07264048145e-05
3675 0.000390119866806
3676 0.000225659053498
3677 0.000116408641257
3678 0.00050477160015
3679 9.89895419615e-05
3680 0.000282266925223
3681 0.000494615799325
3682 0.000121161318165
3683 0.000196857803566
3684 0.000183958464735
3685 0.000628929114628
3686 0.0002061532168
3687 7.3564040893e-05
3688 0.000299883003948
3689 6.01039021759e-05
3690 7.00703961139e-05
3691 0.000358582761604
3692 8.13914300245e-05
3693 0.000355518877811
3694 0.000292545753145
3695 0.000103121617313
3696 0.000232396852873
3697 0.000231559373647
3698 0.000216934392259
3699 0.000242936518671
3700 8.80977096266e-05
3701 0.000147751566915
3702 0.000248171033701
3703 0.000347253565512
3704 0.000173660680948
3705 5.8437132048e-05
3706 0.000437856434328
3707 0.000286671396602
3708 0.000237527614055
3709 0.000238598388968
3710 4.89926623397e-05
3711 0.000312235808464
3712 0.000326248243931
3713 0.000105149528534
3714 0.000308378041521
3715 0.00029464754833
3716 0.000182892147855
3717 0.000163767101546
3718 8.13914300245e-05
3719 0.000299419501596
3720 0.00027771136873
3721 0.000222880427335
3722 0.00030284631901
3723 0.000391974405763
3724 0.000155545078139
3725 0.000108605383994
3726 0.000298069499674
3727 0.000198750911596
3728 0.000147644460704
3729 0.000334439374952
3730 4.89926623397e-05
3731 0.000264453067213
3732 0.000367113466342
3733 6.3087821505e-05
3734 8.77277374265e-05
3735 0.000448128593961
3736 0.000203724824359
3737 0.000140022734275
3738 0.000364532317887
3739 0.000365126453162
3740 0.000240174783028
3741 0.000329891460595
3742 0.00018843007251
3743 0.00013047697493
3744 0.000298069499674
3745 8.13914300245e-05
3746 0.000146866786092
3747 8.5358358445e-05
3748 0.000316770103654
3749 4.89926623397e-05
3750 0.000146902816802
3751 0.000297688576069
3752 0.000153109023565
3753 0.000249130319891
3754 0.000302822232774
3755 0.000126999303888
3756 0.000110094267135
3757 0.000587814723399
3758 0.000268605882554
3759 0.000495424451016
3760 0.000294126030115
3761 0.000200553506012
3762 0.000258768763031
3763 0.000178760141084
3764 0.000168148206957
3765 0.000353562069264
3766 7.51328806461e-05
3767 0.000164128274972
3768 0.000148142662904
3769 0.000278451922544
3770 0.000177582737239
3771 0.000146778848412
3772 0.000146045743738
3773 0.000131327977261
3774 0.000186598713091
3775 0.000287588397222
3776 0.000167075241297
3777 0.000281090571168
3778 0.000142818310708
3779 0.000180887622076
3780 0.000245875859574
3781 0.000187733737129
3782 9.34922547968e-05
3783 0.000376606393537
3784 0.000203225475379
3785 0.000156386412864
3786 0.000196066757915
3787 0.00024721486415
3788 0.000129095157015
3789 0.000137529776049
3790 0.000198879020466
3791 0.000406259156661
3792 0.000317056375644
3793 0.000194391704935
3794 0.000537247913725
3795 0.000384250604052
3796 8.76297160609e-05
3797 0.000137309315497
3798 0.000415740024823
3799 4.89926623397e-05
3800 0.000287292544484
3801 0.000437601763194
3802 9.12990062827e-05
3803 0.00021149390584
3804 0.000267264993732
3805 0.000439424919375
3806 9.42078292627e-05
3807 0.000144489623821
3808 7.02674420494e-05
3809 6.89312681577e-05
3810 0.000253420254523
3811 0.000389608519693
3812 8.56641427114e-05
3813 0.000154543111537
3814 0.000147751566915
3815 0.000174040331902
3816 0.000192656415145
3817 7.71654151e-05
3818 0.000146116519252
3819 0.000178034659808
3820 0.000212807516735
3821 4.89926623397e-05
3822 0.000329580973488
3823 0.00033233364355
3824 0.000211956003988
3825 0.000442164044368
3826 0.000378018897216
3827 0.000355165667939
3828 0.000130016972943
3829 0.000266831892856
3830 0.000434251287952
3831 0.00118444154381
3832 0.000265942938404
3833 0.000140718142647
3834 0.000350726257631
3835 0.000112236288217
3836 0.000308543743008
3837 0.000338677286667
3838 0.000265067083511
3839 0.000546761359545
3840 9.94560972527e-05
3841 0.00017006599567
3842 0.000319184854475
3843 0.000396819508679
3844 0.000123784642243
3845 0.000124817064848
3846 0.000200825189897
3847 8.5358358445e-05
3848 0.000223111565838
3849 0.000141049723737
3850 0.000125079012362
3851 0.000258326191981
3852 0.0005323246405
3853 0.000219638364359
3854 4.89926623397e-05
3855 6.39833469232e-05
3856 0.000193732106185
3857 4.89926623397e-05
3858 0.000183596773715
3859 0.000294938134935
3860 0.000106347970415
3861 0.000334160462133
3862 0.000281038095374
3863 0.000241646155325
3864 0.00022927515459
3865 0.000147751566915
3866 7.99583514253e-05
3867 0.00023475148735
3868 0.000315140231526
3869 0.000282866199602
3870 0.000359375363331
3871 0.000301740538442
3872 0.000142514941592
3873 0.000193871539856
3874 0.000354736893122
3875 0.000224991041119
3876 7.03020125299e-05
3877 0.000132976886844
3878 0.000495639621559
3879 0.000148208075373
3880 6.39833469232e-05
3881 0.000152164215256
3882 0.000227239804526
3883 8.34378107401e-05
3884 0.000232396852873
3885 0.000310952294507
3886 7.48867834797e-05
3887 0.000287918479524
3888 0.000125146869213
3889 0.000165986626587
3890 0.000158871647949
3891 9.54317881734e-05
3892 0.00026739836004
3893 0.000211109921261
3894 0.000110026559207
3895 0.000201498478254
3896 0.000186185132571
3897 0.000244879627325
3898 9.58460241782e-05
3899 0.000249589262861
3900 0.000129886259078
3901 0.000372834784337
3902 0.000152007078945
3903 0.000391012779401
3904 0.000217702145871
3905 0.000142824716368
3906 0.000176767324378
3907 0.000478310390046
3908 0.000313585030463
3909 0.000129931162793
3910 0.000256077933829
3911 8.98466223706e-05
3912 0.000147751566915
3913 0.000238836073936
3914 0.00018222483423
3915 0.000126315525638
3916 0.000268575664312
3917 0.000131908853213
3918 0.00024048485673
3919 0.000543555737429
3920 0.000190961948782
3921 0.000243114345215
3922 0.000368350253635
3923 6.83524022228e-05
3924 0.000169245570773
3925 0.000438353004799
3926 0.000116245818037
3927 0.000391812145719
3928 0.000319386128721
3929 6.51683226147e-05
3930 0.000175678208262
3931 0.000465149868712
3932 0.000286473309774
3933 0.000185149873925
3934 0.000325245606603
3935 0.000126651762211
3936 4.89926623397e-05
3937 0.000103502538078
3938 0.000186101772537
3939 0.000726605741214
3940 0.000106638897567
3941 0.000134427641552
3942 0.00011758325121
3943 6.12700802827e-05
3944 0.000239162486683
3945 0.000153088049048
3946 0.000402478686539
3947 9.34922547968e-05
3948 0.000356044621216
3949 0.000553373980687
3950 0.000262539264175
3951 0.000233734464078
3952 0.000379786139149
3953 0.000106761419292
3954 9.35497542738e-05
3955 0.000111242586909
3956 7.0487074601e-05
3957 0.000304325313343
3958 0.000278218600448
3959 0.000134679282507
3960 5.97184999861e-05
3961 0.000255658263057
3962 0.000140346609759
3963 0.000367148884808
3964 0.000148071802162
3965 0.000226733483526
3966 9.00408524484e-05
3967 0.000426400353926
3968 0.000240646525148
3969 0.000435407713696
3970 0.000280248924146
3971 0.000106856244107
3972 0.000441721431727
3973 0.0002274613226
3974 0.000116858358176
3975 4.89926623397e-05
3976 0.000238940530887
3977 0.000182920100343
3978 0.000103040364639
3979 7.91679780982e-05
3980 0.000193142743586
3981 0.00217043313495
3982 0.000250944159735
3983 0.000416274997139
3984 9.70735446715e-05
3985 6.83744398469e-05
3986 0.000205451816441
3987 0.000289108309375
3988 0.000119232572462
3989 0.000229499838526
3990 0.000215034172308
3991 0.000190600686891
3992 0.000126580054975
3993 0.000125341805703
3994 0.000204319178427
3995 0.000337374491239
3996 0.000287762253492
3997 0.000168826341348
3998 0.000328136583198
3999 0.000433742786485
4000 0.000177666975069
4001 0.00029962891471
4002 0.000119232572462
4003 0.000245122506187
4004 0.000169621973859
4005 0.000317796149284
4006 0.000132426530109
4007 0.000101028376674
4008 0.000190600686891
4009 6.83744398469e-05
4010 0.00030360192389
4011 6.83744398469e-05
4012 0.000148105471209
4013 0.000119232572462
4014 0.000207098300501
4015 0.000367922964769
4016 6.83744398469e-05
4017 0.000190600686891
4018 0.000304282405103
4019 0.000222961149918
4020 0.000249944900963
4021 0.000270063018492
4022 0.000334855670838
4023 6.83744398469e-05
4024 0.000539839682283
4025 6.83744398469e-05
4026 0.000190600686891
4027 0.000282229625746
4028 0.000269139757009
4029 0.000104219842399
4030 0.000119232572462
4031 0.00055416183094
4032 0.000358792541336
4033 0.000101028376674
4034 0.000123938262046
4035 9.38301523921e-05
4036 6.83744398469e-05
4037 0.000106116777451
4038 0.000148410798101
4039 0.000295941840879
