node,closeness
1 0.370424731676
2 0.328079298018
3 0.270498392283
4 0.31485380117
5 0.273133116883
6 0.291384038101
7 0.295348156817
8 0.376398210291
9 0.305955447795
10 0.350186453907
11 0.319968304279
12 0.275857357563
13 0.270317311554
14 0.319968304279
15 0.275293155168
16 0.270317311554
17 0.278828891037
18 0.271006711409
19 0.270317311554
20 0.271827667452
21 0.272966943825
22 0.37727739886
23 0.293886462882
24 0.271955818966
25 0.270589023655
26 0.320222045995
27 0.310806650246
28 0.271900882095
29 0.271043093033
30 0.302132435466
31 0.327866190322
32 0.348223525354
33 0.285048708175
34 0.270335408717
35 0.333195808235
36 0.270335408717
37 0.270498392283
38 0.270317311554
39 0.319816252178
40 0.293246187364
41 0.342261400237
42 0.279504395376
43 0.270335408717
44 0.270317311554
45 0.306745670009
46 0.31581417175
47 0.270425930887
48 0.270335408717
49 0.316631380852
50 0.300894187779
51 0.278137484502
52 0.290086206897
53 0.270335408717
54 0.275857357563
55 0.275480966025
56 0.299799539684
57 0.347713769052
58 0.273096172055
59 0.400555500446
60 0.291868449584
61 0.29425052831
62 0.288696646886
63 0.281825795645
64 0.274768644529
65 0.285028587563
66 0.322266560255
67 0.30046878488
68 0.34055831998
69 0.273410522039
70 0.282397370445
71 0.270335408717
72 0.270353508302
73 0.298315602837
74 0.281589958159
75 0.270317311554
76 0.297963400236
77 0.272249190939
78 0.285350858597
79 0.272837837838
80 0.283627168645
81 0.278501965653
82 0.270353508302
83 0.283766690091
84 0.290086206897
85 0.290754608295
86 0.282674133707
87 0.288965221125
88 0.304478962449
89 0.295197017326
90 0.291573398801
91 0.286423606185
92 0.272819404094
93 0.274171645845
94 0.271170505675
95 0.273466070703
96 0.274208882249
97 0.270444042596
98 0.270353508302
99 0.305146225346
100 0.270552763819
101 0.271974136189
102 0.270643431635
103 0.29010704792
104 0.304915804576
105 0.301996858874
106 0.298183429331
107 0.271516944594
108 0.462437013284
109 0.291510251227
110 0.297963400236
111 0.272764117806
112 0.272911597729
113 0.270353508302
114 0.33967025572
115 0.270317311554
116 0.27118871726
117 0.271115885592
118 0.273077703388
119 0.284847629797
120 0.320527067789
121 0.285189632036
122 0.293544635068
123 0.31436356559
124 0.29326748493
125 0.270371610311
126 0.271864269844
127 0.27452580053
128 0.291573398801
129 0.2842460932
130 0.295759173808
131 0.273373502133
132 0.270425930887
133 0.297042813006
134 0.295348156817
135 0.300647755193
136 0.270480273294
137 0.338304289544
138 0.271316266882
139 0.270335408717
140 0.270462156731
141 0.270970339552
142 0.297370940423
143 0.305932267596
144 0.270534637545
145 0.271079484425
146 0.270335408717
147 0.286993603412
148 0.274208882249
149 0.284486402705
150 0.270589023655
151 0.285109087058
152 0.270933977456
153 0.270407821603
154 0.270335408717
155 0.270335408717
156 0.270353508302
157 0.291805174158
158 0.270353508302
159 0.291847354727
160 0.291531297379
161 0.270335408717
162 0.29964381122
163 0.270444042596
164 0.27819497072
165 0.270353508302
166 0.294079091108
167 0.276726973684
168 0.27067971578
169 0.296454004845
170 0.312901975978
171 0.301051218967
172 0.372337482711
173 0.296279991195
174 0.298690731563
175 0.270371610311
176 0.27270885392
177 0.282713715606
178 0.272598393303
179 0.280008321198
180 0.270770468719
181 0.273373502133
182 0.2705165137
183 0.270353508302
184 0.270335408717
185 0.291615512385
186 0.297086521483
187 0.310519840049
188 0.272230836648
189 0.304089163341
190 0.285028587563
191 0.270371610311
192 0.270353508302
193 0.272230836648
194 0.273410522039
195 0.274134419552
196 0.270498392283
197 0.27328099621
198 0.291573398801
199 0.291215923842
200 0.303039399625
201 0.333223304176
202 0.272745694022
203 0.295932576035
204 0.320858164482
205 0.272340999528
206 0.270335408717
207 0.270371610311
208 0.274581803346
209 0.271937504209
210 0.270317311554
211 0.270317311554
212 0.282259191947
213 0.295002922268
214 0.312128004947
215 0.271115885592
216 0.270317311554
217 0.270335408717
218 0.285048708175
219 0.270498392283
220 0.274208882249
221 0.270371610311
222 0.281491808993
223 0.274843452219
224 0.295954265611
225 0.300290027515
226 0.2725799919
227 0.271061287508
228 0.272672023769
229 0.273373502133
230 0.290922190202
231 0.270933977456
232 0.295629255436
233 0.301388266906
234 0.270335408717
235 0.271864269844
236 0.291489208114
237 0.29809537871
238 0.290086206897
239 0.28137412027
240 0.309781357883
241 0.270353508302
242 0.272175788622
243 0.270734160241
244 0.270915800067
245 0.270335408717
246 0.272764117806
247 0.305746952374
248 0.271425690663
249 0.294379237443
250 0.273022312373
251 0.271772782339
252 0.291531297379
253 0.304731718361
254 0.270353508302
255 0.270607157218
256 0.272175788622
257 0.270335408717
258 0.287791319222
259 0.293886462882
260 0.272819404094
261 0.270444042596
262 0.285088957921
263 0.270371610311
264 0.270444042596
265 0.272764117806
266 0.293054648378
267 0.270625293211
268 0.270335408717
269 0.274227504244
270 0.298492016558
271 0.273929855505
272 0.316532100024
273 0.301838839886
274 0.270498392283
275 0.295067592254
276 0.2705165137
277 0.284386224382
278 0.306025009473
279 0.27256159298
280 0.270335408717
281 0.30411206507
282 0.291573398801
283 0.270335408717
284 0.274974463739
285 0.291573398801
286 0.296106181712
287 0.270335408717
288 0.270317311554
289 0.273133116883
290 0.270371610311
291 0.276840806253
292 0.304387155133
293 0.270317311554
294 0.270353508302
295 0.270353508302
296 0.281943862589
297 0.270444042596
298 0.30020072857
299 0.287402135231
300 0.274768644529
301 0.270425930887
302 0.270353508302
303 0.272635203565
304 0.286912036379
305 0.333884570862
306 0.270335408717
307 0.270498392283
308 0.285310534869
309 0.312490326575
310 0.270480273294
311 0.271298038162
312 0.270407821603
313 0.273170071709
314 0.296541088345
315 0.273540170709
316 0.324441587659
317 0.271974136189
318 0.285371024735
319 0.273225522701
320 0.274246128769
321 0.271791074914
322 0.270353508302
323 0.307750933618
324 0.301410763604
325 0.290922190202
326 0.298867589372
327 0.271152296535
328 0.271407447238
329 0.270498392283
330 0.299310651545
331 0.271699636657
332 0.283328655627
333 0.300066879691
334 0.270444042596
335 0.302744039586
336 0.270317311554
337 0.272249190939
338 0.27118871726
339 0.273929855505
340 0.311070025422
341 0.290086206897
342 0.28348778433
343 0.301951693711
344 0.273022312373
345 0.290545402216
346 0.301545814353
347 0.27428338541
348 0.291426096998
349 0.372715525198
350 0.271681356388
351 0.292948345908
352 0.277487630566
353 0.279969493171
354 0.367860071058
355 0.274339289354
356 0.279040840301
357 0.271571726411
358 0.288284429214
359 0.271535202744
360 0.279465706969
361 0.309757594354
362 0.276745939278
363 0.27574433215
364 0.33759719087
365 0.277563926313
366 0.272764117806
367 0.349096567822
368 0.2867083215
369 0.284206081081
370 0.292545098892
371 0.335298513659
372 0.271699636657
373 0.272304268663
374 0.323609552813
375 0.321215495983
376 0.291826262918
377 0.368901881966
378 0.271553463349
379 0.306559368357
380 0.271553463349
381 0.272212484832
382 0.272230836648
383 0.272948492632
384 0.271571726411
385 0.271589991929
386 0.279291741596
387 0.271571726411
388 0.310257395313
389 0.318831425188
390 0.32304
391 0.27555616214
392 0.324129073688
393 0.324806949807
394 0.277525773196
395 0.306210662016
396 0.3236354893
397 0.277278033372
398 0.299022511848
399 0.287504449982
400 0.277544848443
401 0.333663857214
402 0.271553463349
403 0.323014158867
404 0.277602089922
405 0.318730760123
406 0.290357373984
407 0.271589991929
408 0.28888252969
409 0.301974274604
410 0.300759719946
411 0.27659428728
412 0.271571726411
413 0.323479932708
414 0.277946035242
415 0.371891692761
416 0.307118953453
417 0.31016207082
418 0.317652611705
419 0.294186215941
420 0.320171265461
421 0.362445022888
422 0.29495982469
423 0.284086112284
424 0.316110850164
425 0.272322632857
426 0.2936086672
427 0.291510251227
428 0.297152108323
429 0.397519196692
430 0.271699636657
431 0.300379379603
432 0.316160350767
433 0.30411206507
434 0.287627323883
435 0.298779134295
436 0.289255014327
437 0.307165677773
438 0.271699636657
439 0.316730723978
440 0.310998151571
441 0.278751898385
442 0.277544848443
443 0.293054648378
444 0.271553463349
445 0.303289770167
446 0.2822394632
447 0.282614781635
448 0.271535202744
449 0.271571726411
450 0.305376994631
451 0.277201894693
452 0.31989226016
453 0.297108380546
454 0.271608259904
455 0.271571726411
456 0.297130242826
457 0.312393625251
458 0.288325598001
459 0.278501965653
460 0.288119871566
461 0.312587087784
462 0.319360961721
463 0.278598040569
464 0.301613385121
465 0.277563926313
466 0.325146952251
467 0.271681356388
468 0.271589991929
469 0.271553463349
470 0.293459302326
471 0.273521641943
472 0.310663178951
473 0.287504449982
474 0.298315602837
475 0.27595161621
476 0.373992775771
477 0.27750670057
478 0.287668305193
479 0.271955818966
480 0.309354171455
481 0.290378253991
482 0.281158613007
483 0.30319867848
484 0.372749930767
485 0.365661505026
486 0.287524921675
487 0.272304268663
488 0.287627323883
489 0.281609596206
490 0.277220925443
491 0.277926904811
492 0.277946035242
493 0.332838773492
494 0.289358652813
495 0.282002933166
496 0.278003442341
497 0.286484568996
498 0.323609552813
499 0.271955818966
500 0.271571726411
501 0.307727480567
502 0.277544848443
503 0.277946035242
504 0.300044583148
505 0.294766041317
506 0.272249190939
507 0.30704889362
508 0.314192343604
509 0.290148738952
510 0.272285906945
511 0.293779556202
512 0.314388041109
513 0.297787610619
514 0.328319375559
515 0.312031527703
516 0.307072243346
517 0.288325598001
518 0.347773662906
519 0.288305012138
520 0.276821827655
521 0.313948064065
522 0.280319333565
523 0.271717919386
524 0.297283368917
525 0.329256360078
526 0.327839571324
527 0.347893512536
528 0.314216792468
529 0.292206382517
530 0.271919191919
531 0.271589991929
532 0.293523297231
533 0.271699636657
534 0.271864269844
535 0.287647813079
536 0.278540387666
537 0.279775514446
538 0.295954265611
539 0.329390651766
540 0.279175884956
541 0.277468563183
542 0.288841201717
543 0.320909163157
544 0.28888252969
545 0.316929597363
546 0.298801243155
547 0.29422908773
548 0.277354213888
549 0.281884816754
550 0.295067592254
551 0.271535202744
552 0.272322632857
553 0.271589991929
554 0.337371543153
555 0.288284429214
556 0.296606434553
557 0.299377224199
558 0.281511433352
559 0.2960627612
560 0.331255127153
561 0.292439165701
562 0.334409937888
563 0.271608259904
564 0.396270853778
565 0.277563926313
566 0.281668526786
567 0.369847957501
568 0.336331834083
569 0.273262502538
570 0.292863359443
571 0.295132290601
572 0.271571726411
573 0.271589991929
574 0.271663078579
575 0.273447551974
576 0.271298038162
577 0.271334498051
578 0.27148043566
579 0.271516944594
580 0.272267547704
581 0.366358192705
582 0.271115885592
583 0.271462184874
584 0.271535202744
585 0.275011918545
586 0.271097683787
587 0.293950644245
588 0.274134419552
589 0.271334498051
590 0.271974136189
591 0.286912036379
592 0.318680451425
593 0.272304268663
594 0.274395216091
595 0.290232156975
596 0.271425690663
597 0.327255044979
598 0.271955818966
599 0.271370967742
600 0.271498688899
601 0.271516944594
602 0.344010904754
603 0.271097683787
604 0.271407447238
605 0.315074906367
606 0.271407447238
607 0.347265221878
608 0.271097683787
609 0.271097683787
610 0.29337401918
611 0.287668305193
612 0.271370967742
613 0.271352731671
614 0.271097683787
615 0.30060299263
616 0.271516944594
617 0.271937504209
618 0.27201077804
619 0.272506411122
620 0.272029102668
621 0.278732656865
622 0.271206931292
623 0.271316266882
624 0.271389206264
625 0.271097683787
626 0.271462184874
627 0.271334498051
628 0.271516944594
629 0.271298038162
630 0.324676368899
631 0.278348383539
632 0.271754492227
633 0.27148043566
634 0.271352731671
635 0.294379237443
636 0.271827667452
637 0.27201077804
638 0.334548467274
639 0.271097683787
640 0.27695473251
641 0.271498688899
642 0.35362115772
643 0.271115885592
644 0.271516944594
645 0.276651137298
646 0.311070025422
647 0.288346186804
648 0.271425690663
649 0.271115885592
650 0.32165046997
651 0.27148043566
652 0.364276048714
653 0.272893154018
654 0.272874712799
655 0.272672023769
656 0.272175788622
657 0.276291481355
658 0.271681356388
659 0.271516944594
660 0.271516944594
661 0.271134089841
662 0.271516944594
663 0.271516944594
664 0.272230836648
665 0.271389206264
666 0.271407447238
667 0.277106780126
668 0.288119871566
669 0.271097683787
670 0.303791754439
671 0.271498688899
672 0.274918300654
673 0.27122514777
674 0.272893154018
675 0.271097683787
676 0.271498688899
677 0.295499451153
678 0.27199245588
679 0.276196990424
680 0.273929855505
681 0.272672023769
682 0.271498688899
683 0.271791074914
684 0.31054372068
685 0.271443936542
686 0.271864269844
687 0.249922634152
688 0.20034730836
689 0.224745366505
690 0.200029722098
691 0.200039631428
692 0.200009906385
693 0.199960384273
694 0.217752372735
695 0.233612959213
696 0.224557891225
697 0.262207792208
698 0.237501470415
699 0.273874118285
700 0.199970286733
701 0.200019813751
702 0.217963942567
703 0.200029722098
704 0.223106248964
705 0.2
706 0.233060140829
707 0.212347496845
708 0.200049541739
709 0.22293380445
710 0.200138778747
711 0.200039631428
712 0.219004230394
713 0.200079278565
714 0.239062222485
715 0.200089192805
716 0.206875352221
717 0.200069365307
718 0.199990094597
719 0.207087542951
720 0.248293672754
721 0.200148698885
722 0.200009906385
723 0.228820762736
724 0.200079278565
725 0.224657839101
726 0.200029722098
727 0.265395990799
728 0.219087407086
729 0.229275493981
730 0.222737051134
731 0.200128859593
732 0.220921326184
733 0.200089192805
734 0.200029722098
735 0.200188389272
736 0.200118941421
737 0.200089192805
738 0.281845466602
739 0.21906363587
740 0.216410311378
741 0.200029722098
742 0.200128859593
743 0.200069365307
744 0.199980190174
745 0.199970286733
746 0.248171593633
747 0.200039631428
748 0.233437391606
749 0.200158620006
750 0.199970286733
751 0.199970286733
752 0.200069365307
753 0.256772224342
754 0.222737051134
755 0.217952177903
756 0.200158620006
757 0.200059453032
758 0.199990094597
759 0.200158620006
760 0.200049541739
761 0.21806988173
762 0.200039631428
763 0.200089192805
764 0.200178465199
765 0.200238024398
766 0.200208240369
767 0.221018062397
768 0.200029722098
769 0.200089192805
770 0.222761626303
771 0.200228095403
772 0.200099108028
773 0.222798499228
774 0.233369935849
775 0.233167802287
776 0.199970286733
777 0.222687917057
778 0.200138778747
779 0.222369073187
780 0.200138778747
781 0.222601984564
782 0.221236028928
783 0.200158620006
784 0.200138778747
785 0.224557891225
786 0.199980190174
787 0.200039631428
788 0.200238024398
789 0.199990094597
790 0.200079278565
791 0.199990094597
792 0.200019813751
793 0.200188389272
794 0.200158620006
795 0.200089192805
796 0.216259640103
797 0.200019813751
798 0.200238024398
799 0.222663358147
800 0.200069365307
801 0.228730032854
802 0.199960384273
803 0.2
804 0.222823087959
805 0.222773915922
806 0.248324211303
807 0.200099108028
808 0.20025788534
809 0.200039631428
810 0.200138778747
811 0.228652321631
812 0.222687917057
813 0.217681940701
814 0.200049541739
815 0.207066304292
816 0.232791421653
817 0.200039631428
818 0.200198314328
819 0.200128859593
820 0.226319919292
821 0.232643890073
822 0.217681940701
823 0.200099108028
824 0.238850112386
825 0.233680555556
826 0.222651080723
827 0.200069365307
828 0.212671828093
829 0.248522895126
830 0.219194441429
831 0.248156342183
832 0.212269358145
833 0.2
834 0.200099108028
835 0.241507177033
836 0.200168542111
837 0.200069365307
838 0.228820762736
839 0.200277750223
840 0.200099108028
841 0.231510147919
842 0.199970286733
843 0.219230142787
844 0.228833730024
845 0.217869860796
846 0.222369073187
847 0.200019813751
848 0.212448045457
849 0.200178465199
850 0.200357249181
851 0.200049541739
852 0.2
853 0.199990094597
854 0.224595361255
855 0.199980190174
856 0.199990094597
857 0.223056951886
858 0.256234532648
859 0.215050327528
860 0.215015974441
861 0.315764779481
862 0.215233729545
863 0.283348536945
864 0.215245202559
865 0.215141989451
866 0.233302519066
867 0.215050327528
868 0.215084691595
869 0.233302519066
870 0.218400129807
871 0.215073235686
872 0.215141989451
873 0.215073235686
874 0.215061780997
875 0.215073235686
876 0.215004525851
877 0.215245202559
878 0.21503887528
879 0.215233729545
880 0.215061780997
881 0.221953498598
882 0.215073235686
883 0.215210787188
884 0.215004525851
885 0.21503887528
886 0.215096148724
887 0.215119066645
888 0.215061780997
889 0.215222257755
890 0.215268152255
891 0.218506493506
892 0.215004525851
893 0.215004525851
894 0.215130527437
895 0.21503887528
896 0.215061780997
897 0.325881688322
898 0.320832671222
899 0.321011209158
900 0.316284170126
901 0.316507289544
902 0.317054020101
903 0.321266608322
904 0.317054020101
905 0.316556914393
906 0.318630158605
907 0.322215129269
908 0.316556914393
909 0.33460391117
910 0.316507289544
911 0.316333725029
912 0.316234630746
913 0.316408086507
914 0.318479375345
915 0.31665621079
916 0.339270710805
917 0.344216179354
918 0.325829097071
919 0.316234630746
920 0.322446698076
921 0.316581732654
922 0.341249049269
923 0.320425329313
924 0.317153628652
925 0.320374484291
926 0.343133922502
927 0.32027284264
928 0.322420951773
929 0.316432881436
930 0.316954474097
931 0.342029476537
932 0.317253299811
933 0.321266608322
934 0.321624850657
935 0.322086623594
936 0.316532100024
937 0.320298247006
938 0.316383295463
939 0.316929597363
940 0.316631380852
941 0.316705882353
942 0.32165046997
943 0.323869104909
944 0.316482482953
945 0.322833386633
946 0.316308945637
947 0.331990462879
948 0.323065845268
949 0.319386221625
950 0.317303158887
951 0.316457680251
952 0.334881406535
953 0.322138013562
954 0.323947051745
955 0.3233504164
956 0.316457680251
957 0.316457680251
958 0.322395209581
959 0.316805272242
960 0.320832671222
961 0.322601262283
962 0.317153628652
963 0.339556004036
964 0.317502752005
965 0.316854990584
966 0.319537865
967 0.323014158867
968 0.323376311364
969 0.322910835666
970 0.320577961258
971 0.316581732654
972 0.320960178046
973 0.320069752695
974 0.317527718802
975 0.316482482953
976 0.326303030303
977 0.319639040608
978 0.316879855607
979 0.322755974742
980 0.316457680251
981 0.326725463225
982 0.320909163157
983 0.321445629677
984 0.321292170592
985 0.323531768288
986 0.316383295463
987 0.316532100024
988 0.316532100024
989 0.321011209158
990 0.320705265666
991 0.342029476537
992 0.320807182013
993 0.316979354737
994 0.333168316832
995 0.320425329313
996 0.32165046997
997 0.316929597363
998 0.322395209581
999 0.316457680251
1000 0.321701720841
1001 0.316606554806
1002 0.319841584158
1003 0.316308945637
1004 0.322446698076
1005 0.323065845268
1006 0.316556914393
1007 0.324806949807
1008 0.316705882353
1009 0.317029127738
1010 0.325881688322
1011 0.320603414053
1012 0.317727594618
1013 0.319639040608
1014 0.33912824389
1015 0.332345679012
1016 0.320323655402
1017 0.316432881436
1018 0.323661429945
1019 0.332482503088
1020 0.32622394571
1021 0.323402210476
1022 0.325697693176
1023 0.319588444796
1024 0.316457680251
1025 0.322086623594
1026 0.326276664512
1027 0.322112316528
1028 0.316284170126
1029 0.340185341196
1030 0.343133922502
1031 0.316482482953
1032 0.31665621079
1033 0.324415521812
1034 0.316631380852
1035 0.316284170126
1036 0.31989226016
1037 0.321573624273
1038 0.324363402683
1039 0.316333725029
1040 0.32027284264
1041 0.321496815287
1042 0.318103040807
1043 0.316705882353
1044 0.316507289544
1045 0.320501627113
1046 0.316507289544
1047 0.316284170126
1048 0.321573624273
1049 0.323065845268
1050 0.322859198849
1051 0.316482482953
1052 0.325042260324
1053 0.322498203019
1054 0.316482482953
1055 0.321624850657
1056 0.316904724533
1057 0.321368881815
1058 0.316333725029
1059 0.316755569501
1060 0.324285255381
1061 0.330063756744
1062 0.316457680251
1063 0.316730723978
1064 0.320095124851
1065 0.316979354737
1066 0.316259398496
1067 0.323739276838
1068 0.322807578543
1069 0.32111332008
1070 0.320069752695
1071 0.341104916371
1072 0.316284170126
1073 0.316904724533
1074 0.316457680251
1075 0.338219281347
1076 0.3233504164
1077 0.327812956649
1078 0.3365
1079 0.325304116652
1080 0.323195133664
1081 0.3236354893
1082 0.320781696854
1083 0.3215480172
1084 0.322730179028
1085 0.316581732654
1086 0.357946990515
1087 0.336023966048
1088 0.317004239284
1089 0.335075927309
1090 0.316556914393
1091 0.316532100024
1092 0.320171265461
1093 0.3210367308
1094 0.316432881436
1095 0.316482482953
1096 0.3236354893
1097 0.316234630746
1098 0.317103816554
1099 0.33647196067
1100 0.3233504164
1101 0.324129073688
1102 0.323195133664
1103 0.323246878002
1104 0.316830129463
1105 0.325173135771
1106 0.316308945637
1107 0.320552512503
1108 0.323479932708
1109 0.322885015193
1110 0.33981317849
1111 0.32265281662
1112 0.316432881436
1113 0.321138857961
1114 0.322936660269
1115 0.340300016855
1116 0.320628870891
1117 0.320577961258
1118 0.323195133664
1119 0.317078916372
1120 0.316234630746
1121 0.321522414205
1122 0.320298247006
1123 0.32564516129
1124 0.321701720841
1125 0.327520480169
1126 0.32304
1127 0.344040214706
1128 0.316730723978
1129 0.324467657694
1130 0.322086623594
1131 0.321599235425
1132 0.319942952222
1133 0.323765234124
1134 0.316358508305
1135 0.316482482953
1136 0.321727352402
1137 0.356461864407
1138 0.316929597363
1139 0.316556914393
1140 0.319234722112
1141 0.317527718802
1142 0.319563152896
1143 0.319310453898
1144 0.320909163157
1145 0.316730723978
1146 0.316234630746
1147 0.324129073688
1148 0.316333725029
1149 0.324519810335
1150 0.323454021147
1151 0.316805272242
1152 0.316432881436
1153 0.319664344522
1154 0.3236354893
1155 0.316432881436
1156 0.324285255381
1157 0.322498203019
1158 0.316333725029
1159 0.32901491078
1160 0.3297133992
1161 0.3233504164
1162 0.316929597363
1163 0.316408086507
1164 0.322549724419
1165 0.319917604183
1166 0.356650768415
1167 0.328185955787
1168 0.319816252178
1169 0.316358508305
1170 0.317353033637
1171 0.32034906783
1172 0.362607758621
1173 0.323014158867
1174 0.344509854108
1175 0.31665621079
1176 0.323947051745
1177 0.319588444796
1178 0.316581732654
1179 0.335382059801
1180 0.342493638677
1181 0.320399904785
1182 0.322086623594
1183 0.340730740022
1184 0.320501627113
1185 0.32410305803
1186 0.324077046549
1187 0.316631380852
1188 0.335242839352
1189 0.328907713611
1190 0.318404037218
1191 0.317477789134
1192 0.323376311364
1193 0.325042260324
1194 0.335940099834
1195 0.316308945637
1196 0.3210622565
1197 0.338559570722
1198 0.334465335873
1199 0.321983892832
1200 0.325750242014
1201 0.316308945637
1202 0.320705265666
1203 0.316432881436
1204 0.316408086507
1205 0.325251711639
1206 0.322575491293
1207 0.316234630746
1208 0.321727352402
1209 0.316284170126
1210 0.322472448491
1211 0.340042105263
1212 0.32459807074
1213 0.316854990584
1214 0.316830129463
1215 0.322343737527
1216 0.321599235425
1217 0.317103816554
1218 0.340271340693
1219 0.316482482953
1220 0.317852644836
1221 0.316432881436
1222 0.322755974742
1223 0.323765234124
1224 0.318605018147
1225 0.316259398496
1226 0.319993660353
1227 0.33647196067
1228 0.322601262283
1229 0.31979092421
1230 0.321496815287
1231 0.325225515464
1232 0.323791195574
1233 0.316929597363
1234 0.316681044624
1235 0.316581732654
1236 0.331663244353
1237 0.32034906783
1238 0.34266802444
1239 0.325094597858
1240 0.316432881436
1241 0.316730723978
1242 0.319765600253
1243 0.322859198849
1244 0.322988321869
1245 0.319841584158
1246 0.327228525122
1247 0.319942952222
1248 0.320425329313
1249 0.316408086507
1250 0.316606554806
1251 0.324051039242
1252 0.316507289544
1253 0.316284170126
1254 0.316284170126
1255 0.316358508305
1256 0.323791195574
1257 0.324363402683
1258 0.321573624273
1259 0.32034906783
1260 0.320960178046
1261 0.32027284264
1262 0.323739276838
1263 0.319108582266
1264 0.319689652442
1265 0.316333725029
1266 0.317552689525
1267 0.316879855607
1268 0.323117548212
1269 0.316457680251
1270 0.323272756385
1271 0.316259398496
1272 0.322395209581
1273 0.322704387437
1274 0.333995037221
1275 0.33566084788
1276 0.321292170592
1277 0.316259398496
1278 0.325750242014
1279 0.317577664176
1280 0.320858164482
1281 0.321855571497
1282 0.322910835666
1283 0.330063756744
1284 0.317677602077
1285 0.323609552813
1286 0.321241050119
1287 0.320705265666
1288 0.321496815287
1289 0.322215129269
1290 0.342116411082
1291 0.322730179028
1292 0.322910835666
1293 0.321496815287
1294 0.32108778626
1295 0.318705603788
1296 0.316333725029
1297 0.317477789134
1298 0.316681044624
1299 0.322138013562
1300 0.319968304279
1301 0.341826800982
1302 0.316358508305
1303 0.32278177458
1304 0.32314340589
1305 0.320120501031
1306 0.324467657694
1307 0.319866920152
1308 0.335549277048
1309 0.319664344522
1310 0.32224084271
1311 0.319917604183
1312 0.317952755906
1313 0.341047297297
1314 0.342261400237
1315 0.317328094303
1316 0.317602642756
1317 0.320730738681
1318 0.33630382277
1319 0.326434923201
1320 0.316879855607
1321 0.343017329256
1322 0.316979354737
1323 0.322962489003
1324 0.321932552021
1325 0.323065845268
1326 0.31665621079
1327 0.316259398496
1328 0.339556004036
1329 0.335242839352
1330 0.324545892943
1331 0.324989939638
1332 0.323817161187
1333 0.323947051745
1334 0.317029127738
1335 0.341913632515
1336 0.323376311364
1337 0.3210367308
1338 0.317128720647
1339 0.340242669363
1340 0.322472448491
1341 0.321241050119
1342 0.323195133664
1343 0.316457680251
1344 0.319841584158
1345 0.32278177458
1346 0.323376311364
1347 0.316333725029
1348 0.323454021147
1349 0.317752596789
1350 0.320095124851
1351 0.320552512503
1352 0.32165046997
1353 0.345128205128
1354 0.316284170126
1355 0.316333725029
1356 0.328319375559
1357 0.316705882353
1358 0.320374484291
1359 0.343630329334
1360 0.322112316528
1361 0.335940099834
1362 0.344216179354
1363 0.316284170126
1364 0.316730723978
1365 0.316507289544
1366 0.320756215744
1367 0.321676093364
1368 0.324780825223
1369 0.316457680251
1370 0.340989697686
1371 0.322885015193
1372 0.317877666693
1373 0.316383295463
1374 0.323817161187
1375 0.342493638677
1376 0.321778627779
1377 0.346549948507
1378 0.325513905683
1379 0.317004239284
1380 0.32131773693
1381 0.321932552021
1382 0.320577961258
1383 0.322266560255
1384 0.316308945637
1385 0.317253299811
1386 0.31717854057
1387 0.316234630746
1388 0.316954474097
1389 0.322163714696
1390 0.320909163157
1391 0.325042260324
1392 0.328747048767
1393 0.322549724419
1394 0.320960178046
1395 0.316259398496
1396 0.316259398496
1397 0.323324525583
1398 0.319007742139
1399 0.320832671222
1400 0.324702476681
1401 0.322318007663
1402 0.316532100024
1403 0.321855571497
1404 0.316432881436
1405 0.326092223209
1406 0.343864429873
1407 0.322575491293
1408 0.317727594618
1409 0.336949265688
1410 0.32278177458
1411 0.335270674195
1412 0.316681044624
1413 0.320171265461
1414 0.32941752325
1415 0.316507289544
1416 0.317552689525
1417 0.323272756385
1418 0.316333725029
1419 0.319537865
1420 0.341884683769
1421 0.340271340693
1422 0.335354206461
1423 0.317777602896
1424 0.322498203019
1425 0.316681044624
1426 0.341479915433
1427 0.32203525002
1428 0.324754704842
1429 0.318128102104
1430 0.32224084271
1431 0.316259398496
1432 0.32580280781
1433 0.321496815287
1434 0.316780418922
1435 0.316929597363
1436 0.323973042362
1437 0.320807182013
1438 0.318002835092
1439 0.320399904785
1440 0.316854990584
1441 0.335131546186
1442 0.316954474097
1443 0.316333725029
1444 0.316432881436
1445 0.320985691574
1446 0.317054020101
1447 0.340242669363
1448 0.323661429945
1449 0.322318007663
1450 0.32224084271
1451 0.341884683769
1452 0.320781696854
1453 0.317054020101
1454 0.316979354737
1455 0.323195133664
1456 0.318052930057
1457 0.323428113736
1458 0.321343307337
1459 0.335075927309
1460 0.323376311364
1461 0.32108778626
1462 0.317153628652
1463 0.322343737527
1464 0.319310453898
1465 0.318881781568
1466 0.360117720503
1467 0.316234630746
1468 0.323739276838
1469 0.316979354737
1470 0.318328734726
1471 0.321522414205
1472 0.324389460154
1473 0.322189419931
1474 0.323791195574
1475 0.316308945637
1476 0.324650265316
1477 0.316681044624
1478 0.317253299811
1479 0.316631380852
1480 0.323272756385
1481 0.322859198849
1482 0.320247442303
1483 0.320527067789
1484 0.340500885403
1485 0.32027284264
1486 0.34009938516
1487 0.31665621079
1488 0.324859211585
1489 0.324415521812
1490 0.320476190476
1491 0.318454258675
1492 0.323091694671
1493 0.31830364181
1494 0.316854990584
1495 0.335409917767
1496 0.340587044534
1497 0.326276664512
1498 0.32027284264
1499 0.316358508305
1500 0.316507289544
1501 0.319942952222
1502 0.316780418922
1503 0.322189419931
1504 0.320552512503
1505 0.320883661793
1506 0.342929936306
1507 0.318253467844
1508 0.320628870891
1509 0.322627037392
1510 0.342638947815
1511 0.316308945637
1512 0.3358004158
1513 0.337512537613
1514 0.339441829186
1515 0.323869104909
1516 0.324129073688
1517 0.324207145725
1518 0.320095124851
1519 0.33510373444
1520 0.317902692489
1521 0.323065845268
1522 0.316358508305
1523 0.342784380306
1524 0.340070742799
1525 0.320679796696
1526 0.320858164482
1527 0.317802612939
1528 0.316854990584
1529 0.32224084271
1530 0.319159026241
1531 0.322575491293
1532 0.316755569501
1533 0.320679796696
1534 0.317253299811
1535 0.36483556198
1536 0.3215480172
1537 0.343601089176
1538 0.335242839352
1539 0.321676093364
1540 0.321983892832
1541 0.340414769853
1542 0.317203456402
1543 0.321164399905
1544 0.319816252178
1545 0.317054020101
1546 0.342406512338
1547 0.316284170126
1548 0.323195133664
1549 0.317627625265
1550 0.341797866938
1551 0.320705265666
1552 0.324519810335
1553 0.317303158887
1554 0.335716661124
1555 0.324963785611
1556 0.336079900125
1557 0.319816252178
1558 0.324441587659
1559 0.316259398496
1560 0.330306748466
1561 0.316234630746
1562 0.317702596381
1563 0.316457680251
1564 0.322988321869
1565 0.316954474097
1566 0.322807578543
1567 0.316854990584
1568 0.335605053191
1569 0.316929597363
1570 0.321138857961
1571 0.323221003762
1572 0.321420042983
1573 0.320577961258
1574 0.323479932708
1575 0.34266802444
1576 0.316705882353
1577 0.322266560255
1578 0.362738052461
1579 0.3215480172
1580 0.316333725029
1581 0.321983892832
1582 0.316234630746
1583 0.319285205978
1584 0.322962489003
1585 0.326751901602
1586 0.317054020101
1587 0.316284170126
1588 0.321496815287
1589 0.335326357748
1590 0.326118559199
1591 0.341220212946
1592 0.330252719392
1593 0.317078916372
1594 0.336415896026
1595 0.316879855607
1596 0.323895083019
1597 0.322215129269
1598 0.322730179028
1599 0.324676368899
1600 0.316482482953
1601 0.323454021147
1602 0.317004239284
1603 0.316532100024
1604 0.323843130965
1605 0.333003463632
1606 0.322215129269
1607 0.322446698076
1608 0.316333725029
1609 0.323091694671
1610 0.324728588661
1611 0.328854141217
1612 0.323791195574
1613 0.325487667258
1614 0.327866190322
1615 0.322086623594
1616 0.316805272242
1617 0.324363402683
1618 0.341653270158
1619 0.336528044004
1620 0.328079298018
1621 0.324911490183
1622 0.343776604802
1623 0.329283209655
1624 0.322369471499
1625 0.317253299811
1626 0.321624850657
1627 0.338900545531
1628 0.316284170126
1629 0.322936660269
1630 0.316755569501
1631 0.323246878002
1632 0.318404037218
1633 0.32203525002
1634 0.316830129463
1635 0.320145881234
1636 0.317402924069
1637 0.323557692308
1638 0.323091694671
1639 0.322730179028
1640 0.321881227581
1641 0.316408086507
1642 0.316556914393
1643 0.342058449809
1644 0.32195822038
1645 0.32195822038
1646 0.324780825223
1647 0.316681044624
1648 0.318328734726
1649 0.316830129463
1650 0.3210367308
1651 0.317203456402
1652 0.316308945637
1653 0.321752988048
1654 0.321778627779
1655 0.318103040807
1656 0.321573624273
1657 0.342232392576
1658 0.316333725029
1659 0.317727594618
1660 0.32203525002
1661 0.321420042983
1662 0.324389460154
1663 0.33060422466
1664 0.345128205128
1665 0.316358508305
1666 0.323324525583
1667 0.364967462039
1668 0.316879855607
1669 0.32314340589
1670 0.323583620482
1671 0.316830129463
1672 0.321573624273
1673 0.316879855607
1674 0.324285255381
1675 0.322163714696
1676 0.32304
1677 0.316606554806
1678 0.319968304279
1679 0.317228376149
1680 0.322549724419
1681 0.335242839352
1682 0.317477789134
1683 0.322420951773
1684 0.324363402683
1685 0.395146296115
1686 0.322395209581
1687 0.320145881234
1688 0.357408390866
1689 0.342493638677
1690 0.323298638911
1691 0.316259398496
1692 0.321599235425
1693 0.343630329334
1694 0.316284170126
1695 0.319765600253
1696 0.319184254209
1697 0.316581732654
1698 0.334271523179
1699 0.316681044624
1700 0.321241050119
1701 0.316730723978
1702 0.317253299811
1703 0.336977384628
1704 0.321164399905
1705 0.319866920152
1706 0.335437780362
1707 0.322936660269
1708 0.324806949807
1709 0.316457680251
1710 0.31865530303
1711 0.317103816554
1712 0.316333725029
1713 0.322498203019
1714 0.316308945637
1715 0.324911490183
1716 0.321829919503
1717 0.32278177458
1718 0.323609552813
1719 0.362152466368
1720 0.335215009132
1721 0.323713323713
1722 0.323014158867
1723 0.321241050119
1724 0.320934668574
1725 0.321676093364
1726 0.320603414053
1727 0.341797866938
1728 0.321215495983
1729 0.317278227391
1730 0.323973042362
1731 0.326461314577
1732 0.316408086507
1733 0.32304
1734 0.317153628652
1735 0.320909163157
1736 0.322859198849
1737 0.32410305803
1738 0.321932552021
1739 0.32034906783
1740 0.316556914393
1741 0.337343358396
1742 0.32265281662
1743 0.324051039242
1744 0.317652611705
1745 0.322678599968
1746 0.335688752182
1747 0.325330325491
1748 0.316755569501
1749 0.316556914393
1750 0.316532100024
1751 0.323324525583
1752 0.323117548212
1753 0.322910835666
1754 0.322163714696
1755 0.321804271597
1756 0.316284170126
1757 0.316631380852
1758 0.323376311364
1759 0.342348452734
1760 0.316358508305
1761 0.316284170126
1762 0.323169267707
1763 0.316308945637
1764 0.322420951773
1765 0.320425329313
1766 0.321445629677
1767 0.322189419931
1768 0.324415521812
1769 0.326039563989
1770 0.334825870647
1771 0.318052930057
1772 0.319993660353
1773 0.321292170592
1774 0.318605018147
1775 0.320374484291
1776 0.316432881436
1777 0.316333725029
1778 0.337005508262
1779 0.340500885403
1780 0.317228376149
1781 0.338446064873
1782 0.32034906783
1783 0.340156684357
1784 0.325199323508
1785 0.316631380852
1786 0.319841584158
1787 0.325068426984
1788 0.317328094303
1789 0.316457680251
1790 0.322575491293
1791 0.319917604183
1792 0.323947051745
1793 0.316780418922
1794 0.323843130965
1795 0.322472448491
1796 0.322163714696
1797 0.321599235425
1798 0.316333725029
1799 0.317054020101
1800 0.32399903715
1801 0.334188529339
1802 0.318881781568
1803 0.316507289544
1804 0.335382059801
1805 0.325146952251
1806 0.316830129463
1807 0.335856275472
1808 0.321215495983
1809 0.335744574707
1810 0.328079298018
1811 0.322627037392
1812 0.3215480172
1813 0.323014158867
1814 0.325408977355
1815 0.316457680251
1816 0.316879855607
1817 0.323402210476
1818 0.334465335873
1819 0.320399904785
1820 0.322163714696
1821 0.323687374749
1822 0.316954474097
1823 0.316854990584
1824 0.323324525583
1825 0.328559804719
1826 0.335884212277
1827 0.322472448491
1828 0.325330325491
1829 0.3236354893
1830 0.316606554806
1831 0.32034906783
1832 0.317253299811
1833 0.320934668574
1834 0.325042260324
1835 0.316234630746
1836 0.351895424837
1837 0.338559570722
1838 0.317328094303
1839 0.316358508305
1840 0.324363402683
1841 0.316457680251
1842 0.321164399905
1843 0.323091694671
1844 0.320807182013
1845 0.331935881628
1846 0.322575491293
1847 0.3394703657
1848 0.335521395929
1849 0.322627037392
1850 0.32314340589
1851 0.321752988048
1852 0.320807182013
1853 0.334992533599
1854 0.317577664176
1855 0.316259398496
1856 0.317477789134
1857 0.316308945637
1858 0.322009569378
1859 0.317353033637
1860 0.31815316735
1861 0.317153628652
1862 0.323014158867
1863 0.321471220444
1864 0.339185216296
1865 0.323272756385
1866 0.316408086507
1867 0.335549277048
1868 0.323195133664
1869 0.32314340589
1870 0.316631380852
1871 0.319159026241
1872 0.324259214647
1873 0.321778627779
1874 0.321164399905
1875 0.316681044624
1876 0.318755920429
1877 0.321266608322
1878 0.3215480172
1879 0.319664344522
1880 0.323973042362
1881 0.317004239284
1882 0.323246878002
1883 0.323221003762
1884 0.338190954774
1885 0.320705265666
1886 0.321394460363
1887 0.322678599968
1888 0.316507289544
1889 0.326725463225
1890 0.316581732654
1891 0.316358508305
1892 0.321804271597
1893 0.316507289544
1894 0.324207145725
1895 0.323531768288
1896 0.31717854057
1897 0.316432881436
1898 0.323791195574
1899 0.322523961661
1900 0.324181117534
1901 0.320222045995
1902 0.317203456402
1903 0.323428113736
1904 0.32108778626
1905 0.31717854057
1906 0.316482482953
1907 0.316805272242
1908 0.321829919503
1909 0.316854990584
1910 0.335437780362
1911 0.316979354737
1912 0.335437780362
1913 0.356367487424
1914 0.281315312805
1915 0.263542618457
1916 0.262924860008
1917 0.286525225289
1918 0.267665385125
1919 0.267151835925
1920 0.263680292543
1921 0.29163657374
1922 0.263422271512
1923 0.26299335678
1924 0.265535608601
1925 0.262839289201
1926 0.26651706158
1927 0.296258253852
1928 0.263680292543
1929 0.263130457448
1930 0.266975206612
1931 0.262959103933
1932 0.263405088063
1933 0.295759173808
1934 0.262924860008
1935 0.262941980856
1936 0.263594229388
1937 0.263113312048
1938 0.262805076473
1939 0.267647643667
1940 0.275443383356
1941 0.290754608295
1942 0.292884601436
1943 0.265012797795
1944 0.267700875099
1945 0.265064986215
1946 0.297239602503
1947 0.267683128936
1948 0.291573398801
1949 0.291278943952
1950 0.262873510839
1951 0.262941980856
1952 0.274768644529
1953 0.263559819855
1954 0.265082386923
1955 0.290670889721
1956 0.295132290601
1957 0.262873510839
1958 0.263405088063
1959 0.263319204434
1960 0.294486581097
1961 0.263473835313
1962 0.262856398906
1963 0.267612167804
1964 0.26567537338
1965 0.266904620266
1966 0.26307902795
1967 0.267346398305
1968 0.300290027515
1969 0.263336376679
1970 0.262805076473
1971 0.280358258696
1972 0.267417218543
1973 0.274880871341
1974 0.274787342634
1975 0.262856398906
1976 0.263353551164
1977 0.274302017526
1978 0.262890625
1979 0.26299335678
1980 0.267417218543
1981 0.263714733542
1982 0.270046144586
1983 0.269433509041
1984 0.267825164157
1985 0.267452642734
1986 0.269775521112
1987 0.267010513787
1988 0.271882574737
1989 0.265117195194
1990 0.265850286391
1991 0.26307902795
1992 0.27448847801
1993 0.26299335678
1994 0.267896238307
1995 0.285189632036
1996 0.274749948969
1997 0.262805076473
1998 0.26529137376
1999 0.274581803346
2000 0.263319204434
2001 0.263302034429
2002 0.274693877551
2003 0.289628460766
2004 0.296345222369
2005 0.274507138001
2006 0.267045830302
2007 0.263628647908
2008 0.297677847401
2009 0.262856398906
2010 0.274413863405
2011 0.286749041329
2012 0.263422271512
2013 0.26299335678
2014 0.262890625
2015 0.262907741389
2016 0.262822181724
2017 0.263044752785
2018 0.262856398906
2019 0.274600476029
2020 0.263061889251
2021 0.267098822596
2022 0.263267701134
2023 0.263594229388
2024 0.263164754953
2025 0.274563133202
2026 0.263250537845
2027 0.289961223611
2028 0.274395216091
2029 0.287340781328
2030 0.273577235772
2031 0.267612167804
2032 0.288305012138
2033 0.297261484099
2034 0.267364099848
2035 0.262873510839
2036 0.263250537845
2037 0.263096168882
2038 0.267364099848
2039 0.296541088345
2040 0.295456208385
2041 0.266992859032
2042 0.262873510839
2043 0.296171336365
2044 0.267381803735
2045 0.26476952331
2046 0.267417218543
2047 0.266481884775
2048 0.292693534358
2049 0.264318910781
2050 0.263370727889
2051 0.263113312048
2052 0.262890625
2053 0.28719772404
2054 0.28975315729
2055 0.297699793571
2056 0.265605472604
2057 0.266341270365
2058 0.267081156161
2059 0.267028170877
2060 0.267718623616
2061 0.267488076312
2062 0.263559819855
2063 0.289213579716
2064 0.266957556525
2065 0.2675944334
2066 0.283129995793
2067 0.262890625
2068 0.263302034429
2069 0.303563373929
2070 0.267275615568
2071 0.262959103933
2072 0.296584649284
2073 0.296650014693
2074 0.26775412771
2075 0.267169511711
2076 0.269757498831
2077 0.263027618551
2078 0.266534653465
2079 0.267914012739
2080 0.262753774076
2081 0.262890625
2082 0.319411485524
2083 0.263044752785
2084 0.266904620266
2085 0.266798810704
2086 0.264544025157
2087 0.266710700132
2088 0.292396813903
2089 0.267807401512
2090 0.263130457448
2091 0.267647643667
2092 0.263319204434
2093 0.263473835313
2094 0.267434929466
2095 0.262856398906
2096 0.267028170877
2097 0.263096168882
2098 0.263387906855
2099 0.266376410053
2100 0.26301048655
2101 0.262839289201
2102 0.284968242766
2103 0.305400090758
2104 0.267558971641
2105 0.267505796621
2106 0.262924860008
2107 0.262805076473
2108 0.263370727889
2109 0.267204870302
2110 0.266693085001
2111 0.27583851356
2112 0.298183429331
2113 0.267134162477
2114 0.262907741389
2115 0.26299335678
2116 0.266710700132
2117 0.275030649775
2118 0.297283368917
2119 0.26762990456
2120 0.26299335678
2121 0.263130457448
2122 0.267098822596
2123 0.266886979511
2124 0.267896238307
2125 0.267293307738
2126 0.291615512385
2127 0.263663075416
2128 0.296279991195
2129 0.29495982469
2130 0.263387906855
2131 0.262924860008
2132 0.267807401512
2133 0.291173925584
2134 0.297436652917
2135 0.286220584066
2136 0.294938280622
2137 0.264007845701
2138 0.284386224382
2139 0.296193060955
2140 0.267452642734
2141 0.267328699106
2142 0.26476952331
2143 0.288366778547
2144 0.296084469864
2145 0.285835633893
2146 0.263473835313
2147 0.263147605083
2148 0.263663075416
2149 0.290608132422
2150 0.287852865697
2151 0.267700875099
2152 0.286159733541
2153 0.263044752785
2154 0.297130242826
2155 0.267134162477
2156 0.283249158249
2157 0.2631990614
2158 0.274302017526
2159 0.262907741389
2160 0.263559819855
2161 0.263147605083
2162 0.270589023655
2163 0.26299335678
2164 0.283070452156
2165 0.265937829294
2166 0.266569844204
2167 0.262890625
2168 0.262822181724
2169 0.262787973448
2170 0.290838375108
2171 0.263044752785
2172 0.274806043283
2173 0.267718623616
2174 0.263250537845
2175 0.296584649284
2176 0.262873510839
2177 0.287688800228
2178 0.265134602758
2179 0.262787973448
2180 0.2659728626
2181 0.296475770925
2182 0.263027618551
2183 0.264700098328
2184 0.296127896744
2185 0.2675944334
2186 0.28155069028
2187 0.263044752785
2188 0.297283368917
2189 0.267736374486
2190 0.296345222369
2191 0.267275615568
2192 0.285431540256
2193 0.263439457203
2194 0.262976229241
2195 0.290461804057
2196 0.262753774076
2197 0.287483981205
2198 0.263113312048
2199 0.285593040526
2200 0.298073374179
2201 0.265955344794
2202 0.267665385125
2203 0.263577023499
2204 0.296171336365
2205 0.262805076473
2206 0.262976229241
2207 0.268020708881
2208 0.263113312048
2209 0.263113312048
2210 0.26497801693
2211 0.26464805348
2212 0.269505439498
2213 0.266781183932
2214 0.266130626771
2215 0.2631990614
2216 0.2854517178
2217 0.266657861718
2218 0.262959103933
2219 0.26793178953
2220 0.262822181724
2221 0.26775412771
2222 0.265221674877
2223 0.269469469469
2224 0.296650014693
2225 0.296650014693
2226 0.274357929066
2227 0.302539896606
2228 0.262856398906
2229 0.263284866662
2230 0.267967350189
2231 0.262822181724
2232 0.263353551164
2233 0.270046144586
2234 0.268234356317
2235 0.263456645136
2236 0.270263034603
2237 0.263370727889
2238 0.264873729092
2239 0.262959103933
2240 0.289773950484
2241 0.267860696517
2242 0.287463515341
2243 0.303928947765
2244 0.270082268745
2245 0.267842929159
2246 0.262856398906
2247 0.2867083215
2248 0.296519312674
2249 0.263044752785
2250 0.26378364254
2251 0.296279991195
2252 0.262890625
2253 0.262873510839
2254 0.267081156161
2255 0.295283363803
2256 0.262907741389
2257 0.262856398906
2258 0.267045830302
2259 0.265186839167
2260 0.270389714745
2261 0.26307902795
2262 0.266587443058
2263 0.2631990614
2264 0.262856398906
2265 0.295499451153
2266 0.262924860008
2267 0.294723012919
2268 0.295694200351
2269 0.296868107631
2270 0.262753774076
2271 0.26299335678
2272 0.267488076312
2273 0.265064986215
2274 0.289628460766
2275 0.265850286391
2276 0.267576701345
2277 0.267028170877
2278 0.26301048655
2279 0.268769968051
2280 0.295975958367
2281 0.2706978615
2282 0.262890625
2283 0.29256629474
2284 0.297612028302
2285 0.274619151251
2286 0.284526493799
2287 0.263147605083
2288 0.265518148343
2289 0.263319204434
2290 0.297612028302
2291 0.267558971641
2292 0.263027618551
2293 0.297042813006
2294 0.284707043644
2295 0.291510251227
2296 0.281393728223
2297 0.264613368283
2298 0.263387906855
2299 0.282852339591
2300 0.267045830302
2301 0.266464299855
2302 0.262907741389
2303 0.295845849513
2304 0.264838984718
2305 0.270244947129
2306 0.265535608601
2307 0.266306139946
2308 0.266798810704
2309 0.267063492063
2310 0.267825164157
2311 0.264422762098
2312 0.265221674877
2313 0.26299335678
2314 0.266042956911
2315 0.263061889251
2316 0.284686971235
2317 0.262907741389
2318 0.263353551164
2319 0.265395990799
2320 0.296562867215
2321 0.26301048655
2322 0.262856398906
2323 0.26482161595
2324 0.267541244285
2325 0.269146170766
2326 0.286139455782
2327 0.267488076312
2328 0.320960178046
2329 0.292842120531
2330 0.266499472017
2331 0.282891971417
2332 0.267665385125
2333 0.290273883977
2334 0.291995082797
2335 0.26676355949
2336 0.263319204434
2337 0.297217724128
2338 0.274227504244
2339 0.290420023015
2340 0.267523519279
2341 0.267807401512
2342 0.263181907059
2343 0.263216217978
2344 0.290461804057
2345 0.291784088446
2346 0.269469469469
2347 0.263353551164
2348 0.290420023015
2349 0.266975206612
2350 0.263044752785
2351 0.263439457203
2352 0.290211297973
2353 0.267275615568
2354 0.264440078585
2355 0.267434929466
2356 0.2833087771
2357 0.267346398305
2358 0.262959103933
2359 0.262839289201
2360 0.266904620266
2361 0.262941980856
2362 0.263508222396
2363 0.264995406221
2364 0.26725792574
2365 0.274787342634
2366 0.263680292543
2367 0.265326236941
2368 0.269649415693
2369 0.290670889721
2370 0.267789641223
2371 0.267098822596
2372 0.263353551164
2373 0.290378253991
2374 0.262941980856
2375 0.267275615568
2376 0.262839289201
2377 0.267470358349
2378 0.28942087156
2379 0.274507138001
2380 0.26918205453
2381 0.262787973448
2382 0.267417218543
2383 0.262770872649
2384 0.263147605083
2385 0.29734904271
2386 0.285593040526
2387 0.26676355949
2388 0.265204255878
2389 0.262839289201
2390 0.281688175794
2391 0.269775521112
2392 0.264197853965
2393 0.265937829294
2394 0.264891104697
2395 0.290253018976
2396 0.268787858617
2397 0.270534637545
2398 0.263336376679
2399 0.295434591747
2400 0.285391193724
2401 0.265204255878
2402 0.265064986215
2403 0.26299335678
2404 0.263027618551
2405 0.267311002251
2406 0.26307902795
2407 0.26464805348
2408 0.265885296635
2409 0.267010513787
2410 0.267452642734
2411 0.267967350189
2412 0.263284866662
2413 0.263267701134
2414 0.283547503687
2415 0.267541244285
2416 0.269631410256
2417 0.264665399489
2418 0.294443634242
2419 0.26497801693
2420 0.291194923199
2421 0.284767277856
2422 0.262873510839
2423 0.262822181724
2424 0.267222553107
2425 0.262924860008
2426 0.265640418394
2427 0.263044752785
2428 0.26476952331
2429 0.267683128936
2430 0.267204870302
2431 0.266886979511
2432 0.262822181724
2433 0.265535608601
2434 0.266904620266
2435 0.270770468719
2436 0.2631990614
2437 0.295954265611
2438 0.262822181724
2439 0.270281124498
2440 0.262907741389
2441 0.263319204434
2442 0.262805076473
2443 0.262787973448
2444 0.264734806268
2445 0.26301048655
2446 0.294400699913
2447 0.267151835925
2448 0.27448847801
2449 0.263302034429
2450 0.266499472017
2451 0.262941980856
2452 0.296279991195
2453 0.264925862748
2454 0.2631990614
2455 0.264613368283
2456 0.26301048655
2457 0.262873510839
2458 0.262753774076
2459 0.295110721333
2460 0.274675192164
2461 0.267293307738
2462 0.296584649284
2463 0.267346398305
2464 0.296584649284
2465 0.267878466233
2466 0.284266103485
2467 0.262924860008
2468 0.266605044236
2469 0.291341991342
2470 0.266693085001
2471 0.262753774076
2472 0.296824463393
2473 0.294465106104
2474 0.269415532426
2475 0.263181907059
2476 0.295954265611
2477 0.264960629921
2478 0.264908482582
2479 0.265955344794
2480 0.269721461492
2481 0.265030191651
2482 0.262787973448
2483 0.267134162477
2484 0.262787973448
2485 0.266534653465
2486 0.26672831759
2487 0.263044752785
2488 0.262890625
2489 0.263405088063
2490 0.26482161595
2491 0.26299335678
2492 0.296693607641
2493 0.267452642734
2494 0.264318910781
2495 0.274302017526
2496 0.266710700132
2497 0.283030770309
2498 0.263164754953
2499 0.295954265611
2500 0.265955344794
2501 0.267505796621
2502 0.285371024735
2503 0.293544635068
2504 0.26301048655
2505 0.266975206612
2506 0.262822181724
2507 0.266499472017
2508 0.267860696517
2509 0.296193060955
2510 0.291826262918
2511 0.297086521483
2512 0.297042813006
2513 0.287054809128
2514 0.26299335678
2515 0.262890625
2516 0.262959103933
2517 0.288965221125
2518 0.262839289201
2519 0.266534653465
2520 0.283906348872
2521 0.267222553107
2522 0.266798810704
2523 0.262976229241
2524 0.263027618551
2525 0.262959103933
2526 0.263559819855
2527 0.267683128936
2528 0.262805076473
2529 0.262856398906
2530 0.294443634242
2531 0.283189564486
2532 0.265413434994
2533 0.266183256427
2534 0.295326555986
2535 0.263044752785
2536 0.262924860008
2537 0.265430881483
2538 0.270843114897
2539 0.274619151251
2540 0.266781183932
2541 0.265099789916
2542 0.262770872649
2543 0.286078639745
2544 0.300558243394
2545 0.281531060448
2546 0.262890625
2547 0.266851704996
2548 0.29502447578
2549 0.262873510839
2550 0.267151835925
2551 0.267169511711
2552 0.267098822596
2553 0.266288578212
2554 0.267364099848
2555 0.265955344794
2556 0.291910648449
2557 0.266622647739
2558 0.264561357531
2559 0.263113312048
2560 0.267222553107
2561 0.267860696517
2562 0.267045830302
2563 0.262976229241
2564 0.264856355765
2565 0.26762990456
2566 0.262805076473
2567 0.264474718365
2568 0.290566309275
2569 0.262924860008
2570 0.262753774076
2571 0.263096168882
2572 0.27428338541
2573 0.263956072689
2574 0.266992859032
2575 0.266130626771
2576 0.266798810704
2577 0.263731957416
2578 0.26307902795
2579 0.267204870302
2580 0.26635883905
2581 0.262839289201
2582 0.264734806268
2583 0.287095627444
2584 0.274432513253
2585 0.26299335678
2586 0.263422271512
2587 0.267612167804
2588 0.263061889251
2589 0.286891651865
2590 0.295564339043
2591 0.267789641223
2592 0.266007905138
2593 0.29010704792
2594 0.267576701345
2595 0.317203456402
2596 0.262787973448
2597 0.262753774076
2598 0.289607688446
2599 0.297677847401
2600 0.2631990614
2601 0.267523519279
2602 0.267665385125
2603 0.267807401512
2604 0.270118402569
2605 0.267771883289
2606 0.283010933558
2607 0.265640418394
2608 0.26775412771
2609 0.285270222536
2610 0.283986215627
2611 0.266781183932
2612 0.267967350189
2613 0.266148167677
2614 0.263267701134
2615 0.263027618551
2616 0.267576701345
2617 0.286362669314
2618 0.296323475453
2619 0.263130457448
2620 0.267204870302
2621 0.263680292543
2622 0.262839289201
2623 0.263096168882
2624 0.266605044236
2625 0.26762990456
2626 0.2675944334
2627 0.263319204434
2628 0.263439457203
2629 0.263216217978
2630 0.296759021092
2631 0.267364099848
2632 0.26635883905
2633 0.262856398906
2634 0.263439457203
2635 0.262822181724
2636 0.27394843962
2637 0.27428338541
2638 0.265169424744
2639 0.267240238253
2640 0.263370727889
2641 0.274619151251
2642 0.263061889251
2643 0.287934968625
2644 0.296171336365
2645 0.2631990614
2646 0.263663075416
2647 0.266693085001
2648 0.274451165636
2649 0.263559819855
2650 0.296650014693
2651 0.263044752785
2652 0.262856398906
2653 0.269775521112
2654 0.295261772448
2655 0.266975206612
2656 0.267275615568
2657 0.26301048655
2658 0.263628647908
2659 0.263353551164
2660 0.263731957416
2661 0.27428338541
2662 0.291447131
2663 0.285270222536
2664 0.286098908885
2665 0.290712742981
2666 0.286687965921
2667 0.289898772345
2668 0.284366197183
2669 0.286464245176
2670 0.310974201001
2671 0.283607248209
2672 0.283348536945
2673 0.286261165462
2674 0.287627323883
2675 0.289794746663
2676 0.287668305193
2677 0.290086206897
2678 0.286159733541
2679 0.284026165858
2680 0.291931752458
2681 0.289940403533
2682 0.290440912033
2683 0.283547503687
2684 0.291299956716
2685 0.286098908885
2686 0.283467883468
2687 0.283706878381
2688 0.286362669314
2689 0.283447985399
2690 0.290524498165
2691 0.284646834908
2692 0.283288901361
2693 0.283328655627
2694 0.28713645737
2695 0.291594454073
2696 0.286769405582
2697 0.285411365564
2698 0.283547503687
2699 0.294981371904
2700 0.28348778433
2701 0.283527594439
2702 0.284747196954
2703 0.284646834908
2704 0.283587330571
2705 0.289711579854
2706 0.287014002417
2707 0.316457680251
2708 0.288387373232
2709 0.288469781397
2710 0.283467883468
2711 0.28348778433
2712 0.284787361591
2713 0.288305012138
2714 0.284907923517
2715 0.283288901361
2716 0.285754723657
2717 0.290545402216
2718 0.288119871566
2719 0.284847629797
2720 0.291278943952
2721 0.288099315068
2722 0.283348536945
2723 0.28450644684
2724 0.283467883468
2725 0.286525225289
2726 0.28406612733
2727 0.285754723657
2728 0.28348778433
2729 0.283986215627
2730 0.317802612939
2731 0.285997591897
2732 0.288263849229
2733 0.283388307951
2734 0.285633444154
2735 0.284386224382
2736 0.285350858597
2737 0.283328655627
2738 0.28597733711
2739 0.316284170126
2740 0.283846478279
2741 0.289711579854
2742 0.290253018976
2743 0.29169977606
2744 0.289524628952
2745 0.283627168645
2746 0.287095627444
2747 0.284666901657
2748 0.28348778433
2749 0.305146225346
2750 0.289400129005
2751 0.291006053618
2752 0.311165908916
2753 0.283966244726
2754 0.289317188508
2755 0.29309719097
2756 0.290503597122
2757 0.289877961235
2758 0.290733674131
2759 0.284146084019
2760 0.283706878381
2761 0.283986215627
2762 0.28861410907
2763 0.28364709188
2764 0.325487667258
2765 0.288243272182
2766 0.288861864225
2767 0.287402135231
2768 0.283348536945
2769 0.284907923517
2770 0.283467883468
2771 0.288407970859
2772 0.283507687987
2773 0.286667613233
2774 0.290587219344
2775 0.283348536945
2776 0.285653650255
2777 0.283348536945
2778 0.29104800346
2779 0.303449312392
2780 0.283607248209
2781 0.287422592355
2782 0.288469781397
2783 0.291194923199
2784 0.285109087058
2785 0.284586651632
2786 0.285048708175
2787 0.296301731729
2788 0.286789772727
2789 0.283269028411
2790 0.283607248209
2791 0.283408197642
2792 0.283467883468
2793 0.283288901361
2794 0.29010704792
2795 0.287586354248
2796 0.283706878381
2797 0.289877961235
2798 0.285936836142
2799 0.285471898197
2800 0.283388307951
2801 0.291510251227
2802 0.283428090124
2803 0.283428090124
2804 0.283667017914
2805 0.283408197642
2806 0.283527594439
2807 0.293501962495
2808 0.283667017914
2809 0.283288901361
2810 0.285795173048
2811 0.300133789208
2812 0.283368421053
2813 0.285795173048
2814 0.285229921594
2815 0.306536096561
2816 0.302494568882
2817 0.283447985399
2818 0.283328655627
2819 0.284486402705
2820 0.285391193724
2821 0.283527594439
2822 0.287340781328
2823 0.287095627444
2824 0.288572857858
2825 0.283348536945
2826 0.283926311349
2827 0.286545557763
2828 0.290566309275
2829 0.316979354737
2830 0.283786632933
2831 0.283667017914
2832 0.284546543584
2833 0.28406612733
2834 0.291257934218
2835 0.283408197642
2836 0.290002872738
2837 0.284646834908
2838 0.283507687987
2839 0.306838905775
2840 0.293587320052
2841 0.285411365564
2842 0.285714285714
2843 0.283249158249
2844 0.283806578577
2845 0.284046145189
2846 0.285997591897
2847 0.286484568996
2848 0.283467883468
2849 0.283627168645
2850 0.29010704792
2851 0.287627323883
2852 0.283667017914
2853 0.284606709896
2854 0.289711579854
2855 0.287586354248
2856 0.2833087771
2857 0.284386224382
2858 0.283269028411
2859 0.28356741573
2860 0.283627168645
2861 0.283288901361
2862 0.283447985399
2863 0.30911735436
2864 0.290440912033
2865 0.290880276617
2866 0.284968242766
2867 0.290253018976
2868 0.291615512385
2869 0.287177298912
2870 0.315987166445
2871 0.283906348872
2872 0.285774946921
2873 0.290754608295
2874 0.291468168038
2875 0.290608132422
2876 0.288820542164
2877 0.283507687987
2878 0.291594454073
2879 0.285250070641
2880 0.283547503687
2881 0.298933965058
2882 0.287545396283
2883 0.283428090124
2884 0.287791319222
2885 0.283348536945
2886 0.306838905775
2887 0.283428090124
2888 0.289982046679
2889 0.285714285714
2890 0.283607248209
2891 0.29176300578
2892 0.287483981205
2893 0.284466361395
2894 0.283388307951
2895 0.287116040956
2896 0.28364709188
2897 0.288861864225
2898 0.288140430998
2899 0.283388307951
2900 0.283348536945
2901 0.283447985399
2902 0.290503597122
2903 0.283368421053
2904 0.283587330571
2905 0.289358652813
2906 0.290065368867
2907 0.291720849588
2908 0.289110045106
2909 0.286667613233
2910 0.288634739099
2911 0.291320972513
2912 0.290044533831
2913 0.299066804918
2914 0.290691814844
2915 0.310400491967
2916 0.300401725934
2917 0.290211297973
2918 0.285694071034
2919 0.283627168645
2920 0.290086206897
2921 0.305400090758
2922 0.286443924239
2923 0.283288901361
2924 0.284767277856
2925 0.289068652015
2926 0.29033649698
2927 0.283428090124
2928 0.291594454073
2929 0.292016199016
2930 0.289317188508
2931 0.283388307951
2932 0.289047959914
2933 0.284026165858
2934 0.283507687987
2935 0.283627168645
2936 0.283467883468
2937 0.31399688958
2938 0.289130746098
2939 0.285250070641
2940 0.298359686715
2941 0.290482699086
2942 0.283686946747
2943 0.283428090124
2944 0.291573398801
2945 0.292121825942
2946 0.290002872738
2947 0.290461804057
2948 0.28356741573
2949 0.287443052392
2950 0.283627168645
2951 0.287054809128
2952 0.289151450054
2953 0.283288901361
2954 0.286891651865
2955 0.28348778433
2956 0.285088957921
2957 0.296410482273
2958 0.283507687987
2959 0.285795173048
2960 0.28356741573
2961 0.291741926161
2962 0.283447985399
2963 0.284206081081
2964 0.2833087771
2965 0.286301758366
2966 0.28597733711
2967 0.291468168038
2968 0.287811831789
2969 0.287443052392
2970 0.290378253991
2971 0.288284429214
2972 0.283587330571
2973 0.28356741573
2974 0.289711579854
2975 0.290461804057
2976 0.283288901361
2977 0.293352706139
2978 0.288799885567
2979 0.28591658996
2980 0.287361229718
2981 0.284446322908
2982 0.287116040956
2983 0.283527594439
2984 0.28356741573
2985 0.283706878381
2986 0.289940403533
2987 0.29169977606
2988 0.287955501676
2989 0.289982046679
2990 0.289524628952
2991 0.28348778433
2992 0.289462365591
2993 0.289919586445
2994 0.289649236066
2995 0.310424354244
2996 0.284827537561
2997 0.285876106195
2998 0.283507687987
2999 0.284386224382
3000 0.284026165858
3001 0.296279991195
3002 0.284526493799
3003 0.28693242379
3004 0.306838905775
3005 0.289089347079
3006 0.286382978723
3007 0.283269028411
3008 0.285411365564
3009 0.283547503687
3010 0.283667017914
3011 0.287627323883
3012 0.285552648328
3013 0.283447985399
3014 0.285835633893
3015 0.290399137001
3016 0.284526493799
3017 0.286301758366
3018 0.29502447578
3019 0.283826527026
3020 0.287934968625
3021 0.288078761504
3022 0.288531618435
3023 0.290461804057
3024 0.288634739099
3025 0.284807448159
3026 0.289296460811
3027 0.29169977606
3028 0.28942087156
3029 0.283467883468
3030 0.29320360151
3031 0.283388307951
3032 0.283249158249
3033 0.283667017914
3034 0.314388041109
3035 0.28693242379
3036 0.290985083231
3037 0.287893911308
3038 0.283288901361
3039 0.308621216753
3040 0.286322059136
3041 0.289358652813
3042 0.284707043644
3043 0.287279453614
3044 0.285371024735
3045 0.283348536945
3046 0.283388307951
3047 0.286525225289
3048 0.288779231924
3049 0.283507687987
3050 0.290211297973
3051 0.283547503687
3052 0.299666048237
3053 0.288799885567
3054 0.283428090124
3055 0.290482699086
3056 0.283348536945
3057 0.290838375108
3058 0.284046145189
3059 0.284466361395
3060 0.283328655627
3061 0.291006053618
3062 0.283507687987
3063 0.284386224382
3064 0.283447985399
3065 0.289773950484
3066 0.2882021269
3067 0.283507687987
3068 0.28348778433
3069 0.283547503687
3070 0.283547503687
3071 0.289089347079
3072 0.283249158249
3073 0.286565893123
3074 0.290566309275
3075 0.283348536945
3076 0.286180014174
3077 0.299244108493
3078 0.285129219037
3079 0.29176300578
3080 0.285411365564
3081 0.287095627444
3082 0.284807448159
3083 0.291889547492
3084 0.283428090124
3085 0.291363013204
3086 0.287976037655
3087 0.283966244726
3088 0.284988354859
3089 0.283428090124
3090 0.288758581236
3091 0.292058440619
3092 0.283348536945
3093 0.286119180897
3094 0.286891651865
3095 0.284887822774
3096 0.283527594439
3097 0.290211297973
3098 0.285371024735
3099 0.289711579854
3100 0.283428090124
3101 0.289400129005
3102 0.295802505311
3103 0.288923869491
3104 0.283627168645
3105 0.29062904851
3106 0.283467883468
3107 0.289275736084
3108 0.286098908885
3109 0.29824950144
3110 0.285008469791
3111 0.28450644684
3112 0.291363013204
3113 0.283826527026
3114 0.290775545474
3115 0.288181558664
3116 0.29064996761
3117 0.291468168038
3118 0.300782122905
3119 0.285936836142
3120 0.291068982916
3121 0.289441617088
3122 0.2833087771
3123 0.283408197642
3124 0.288284429214
3125 0.286993603412
3126 0.283269028411
3127 0.283388307951
3128 0.283348536945
3129 0.283428090124
3130 0.285068831627
3131 0.28348778433
3132 0.283388307951
3133 0.317353033637
3134 0.283428090124
3135 0.283269028411
3136 0.294551024874
3137 0.28713645737
3138 0.288634739099
3139 0.283607248209
3140 0.28364709188
3141 0.28861410907
3142 0.283447985399
3143 0.288366778547
3144 0.2833087771
3145 0.283547503687
3146 0.29922193405
3147 0.289296460811
3148 0.283328655627
3149 0.287545396283
3150 0.316681044624
3151 0.291363013204
3152 0.283507687987
3153 0.290754608295
3154 0.283447985399
3155 0.290294751977
3156 0.283467883468
3157 0.28348778433
3158 0.283507687987
3159 0.289441617088
3160 0.283368421053
3161 0.287443052392
3162 0.283348536945
3163 0.286261165462
3164 0.287852865697
3165 0.284286116587
3166 0.284146084019
3167 0.288078761504
3168 0.28356741573
3169 0.288160993363
3170 0.289503871523
3171 0.287504449982
3172 0.283607248209
3173 0.290482699086
3174 0.306955530217
3175 0.298823355288
3176 0.284286116587
3177 0.283766690091
3178 0.286606572503
3179 0.284206081081
3180 0.290461804057
3181 0.283388307951
3182 0.283388307951
3183 0.288119871566
3184 0.283249158249
3185 0.290065368867
3186 0.290253018976
3187 0.288469781397
3188 0.283906348872
3189 0.288387373232
3190 0.283607248209
3191 0.283467883468
3192 0.286301758366
3193 0.283786632933
3194 0.287647813079
3195 0.285694071034
3196 0.289670014347
3197 0.284226085732
3198 0.285209775392
3199 0.289110045106
3200 0.286912036379
3201 0.283447985399
3202 0.291152930997
3203 0.283447985399
3204 0.287095627444
3205 0.300178412132
3206 0.284226085732
3207 0.289110045106
3208 0.284046145189
3209 0.283527594439
3210 0.287791319222
3211 0.2842460932
3212 0.283726812816
3213 0.287545396283
3214 0.288923869491
3215 0.286850891525
3216 0.285754723657
3217 0.283368421053
3218 0.283348536945
3219 0.283408197642
3220 0.284928027096
3221 0.290566309275
3222 0.283746750053
3223 0.287402135231
3224 0.284486402705
3225 0.288696646886
3226 0.286342362785
3227 0.290169588962
3228 0.2833087771
3229 0.289317188508
3230 0.285694071034
3231 0.283249158249
3232 0.28597733711
3233 0.291468168038
3234 0.285088957921
3235 0.287791319222
3236 0.283388307951
3237 0.285310534869
3238 0.288490390798
3239 0.289711579854
3240 0.289441617088
3241 0.288078761504
3242 0.283607248209
3243 0.283527594439
3244 0.287750302858
3245 0.283507687987
3246 0.287750302858
3247 0.28348778433
3248 0.313826066682
3249 0.288017118402
3250 0.283507687987
3251 0.286993603412
3252 0.283408197642
3253 0.290420023015
3254 0.287934968625
3255 0.283467883468
3256 0.284566596195
3257 0.286728679969
3258 0.289275736084
3259 0.29104800346
3260 0.283846478279
3261 0.287832347281
3262 0.289670014347
3263 0.284586651632
3264 0.288820542164
3265 0.283846478279
3266 0.311213872832
3267 0.283388307951
3268 0.28973236708
3269 0.283269028411
3270 0.283408197642
3271 0.284466361395
3272 0.283328655627
3273 0.289213579716
3274 0.283746750053
3275 0.288841201717
3276 0.283806578577
3277 0.285532456513
3278 0.289836347976
3279 0.287914438503
3280 0.287688800228
3281 0.291278943952
3282 0.284847629797
3283 0.283269028411
3284 0.283547503687
3285 0.296889934564
3286 0.283766690091
3287 0.288160993363
3288 0.287914438503
3289 0.288841201717
3290 0.289172156975
3291 0.307142313836
3292 0.292248679163
3293 0.283467883468
3294 0.307868252516
3295 0.288305012138
3296 0.284747196954
3297 0.288531618435
3298 0.289586919105
3299 0.289441617088
3300 0.287976037655
3301 0.283587330571
3302 0.288099315068
3303 0.288944543828
3304 0.287729799059
3305 0.288058210872
3306 0.283328655627
3307 0.285088957921
3308 0.283607248209
3309 0.283408197642
3310 0.283726812816
3311 0.283328655627
3312 0.283447985399
3313 0.284526493799
3314 0.296889934564
3315 0.283547503687
3316 0.286993603412
3317 0.288017118402
3318 0.283368421053
3319 0.283627168645
3320 0.285028587563
3321 0.29222752931
3322 0.290002872738
3323 0.283388307951
3324 0.283368421053
3325 0.290232156975
3326 0.283607248209
3327 0.285250070641
3328 0.286078639745
3329 0.283886389201
3330 0.283607248209
3331 0.290440912033
3332 0.284546543584
3333 0.289857153112
3334 0.283368421053
3335 0.283408197642
3336 0.290148738952
3337 0.283368421053
3338 0.283706878381
3339 0.283408197642
3340 0.290566309275
3341 0.290524498165
3342 0.284646834908
3343 0.313606710158
3344 0.283507687987
3345 0.307680585187
3346 0.288346186804
3347 0.283926311349
3348 0.290169588962
3349 0.290859324354
3350 0.283467883468
3351 0.290566309275
3352 0.29010704792
3353 0.28348778433
3354 0.289503871523
3355 0.283408197642
3356 0.304639758582
3357 0.283627168645
3358 0.285330695308
3359 0.283447985399
3360 0.283587330571
3361 0.287627323883
3362 0.2887379335
3363 0.291784088446
3364 0.293459302326
3365 0.289586919105
3366 0.285229921594
3367 0.28658623137
3368 0.284546543584
3369 0.283408197642
3370 0.284086112284
3371 0.283348536945
3372 0.283527594439
3373 0.283368421053
3374 0.28591658996
3375 0.283547503687
3376 0.283288901361
3377 0.283388307951
3378 0.287996576564
3379 0.296432241962
3380 0.283706878381
3381 0.286484568996
3382 0.293544635068
3383 0.28356741573
3384 0.28356741573
3385 0.290294751977
3386 0.2887379335
3387 0.288944543828
3388 0.322446698076
3389 0.283428090124
3390 0.283368421053
3391 0.286626916525
3392 0.288552236673
3393 0.28356741573
3394 0.305584985621
3395 0.285714285714
3396 0.285189632036
3397 0.290253018976
3398 0.292016199016
3399 0.283388307951
3400 0.286667613233
3401 0.287586354248
3402 0.283388307951
3403 0.283527594439
3404 0.295283363803
3405 0.284186079246
3406 0.28348778433
3407 0.289961223611
3408 0.283269028411
3409 0.283269028411
3410 0.285673859215
3411 0.283826527026
3412 0.289462365591
3413 0.284727118883
3414 0.283288901361
3415 0.287402135231
3416 0.283806578577
3417 0.289337919175
3418 0.291657638137
3419 0.283428090124
3420 0.289130746098
3421 0.283966244726
3422 0.2854517178
3423 0.28658623137
3424 0.283547503687
3425 0.283368421053
3426 0.283428090124
3427 0.292269832079
3428 0.283408197642
3429 0.283388307951
3430 0.283328655627
3431 0.284086112284
3432 0.283746750053
3433 0.28364709188
3434 0.290670889721
3435 0.291384038101
3436 0.290378253991
3437 0.283348536945
3438 0.318002835092
3439 0.241622786022
3440 0.241406109882
3441 0.277965168307
3442 0.241362821279
3443 0.241926786891
3444 0.2415938734
3445 0.241348395195
3446 0.241377249088
3447 0.241434977578
3448 0.241362821279
3449 0.255440283401
3450 0.251119402985
3451 0.252864925794
3452 0.241290708097
3453 0.241507177033
3454 0.241290708097
3455 0.264700098328
3456 0.241825368308
3457 0.282595003149
3458 0.241362821279
3459 0.241564967696
3460 0.241492733688
3461 0.241680632033
3462 0.241391678623
3463 0.241564967696
3464 0.241622786022
3465 0.24172403472
3466 0.241507177033
3467 0.241651705566
3468 0.241319548198
3469 0.241695097863
3470 0.241680632033
3471 0.241507177033
3472 0.241637244928
3473 0.241492733688
3474 0.241521622107
3475 0.241536068908
3476 0.241738505747
3477 0.241492733688
3478 0.241362821279
3479 0.241521622107
3480 0.241492733688
3481 0.241637244928
3482 0.24147829207
3483 0.24146385218
3484 0.24146385218
3485 0.241492733688
3486 0.241550517437
3487 0.241709565426
3488 0.264630709745
3489 0.253324968632
3490 0.241348395195
3491 0.241492733688
3492 0.241608328846
3493 0.241406109882
3494 0.241550517437
3495 0.241333970834
3496 0.2820620285
3497 0.241550517437
3498 0.241622786022
3499 0.241536068908
3500 0.241579419683
3501 0.241564967696
3502 0.279853073671
3503 0.241391678623
3504 0.24146385218
3505 0.241391678623
3506 0.241637244928
3507 0.241970278044
3508 0.241406109882
3509 0.241622786022
3510 0.2415938734
3511 0.241564967696
3512 0.2415938734
3513 0.24146385218
3514 0.241362821279
3515 0.253229650069
3516 0.241434977578
3517 0.24147829207
3518 0.241550517437
3519 0.253102670177
3520 0.241521622107
3521 0.241420542867
3522 0.242115361554
3523 0.241406109882
3524 0.24147829207
3525 0.241507177033
3526 0.278156643935
3527 0.241709565426
3528 0.241608328846
3529 0.25315027271
3530 0.241781929226
3531 0.241391678623
3532 0.241406109882
3533 0.241492733688
3534 0.241492733688
3535 0.241608328846
3536 0.241550517437
3537 0.241434977578
3538 0.241333970834
3539 0.241564967696
3540 0.241420542867
3541 0.278118327709
3542 0.241449414016
3543 0.241752978507
3544 0.241420542867
3545 0.241348395195
3546 0.257394186639
3547 0.241507177033
3548 0.24146385218
3549 0.241391678623
3550 0.241492733688
3551 0.277869529315
3552 0.241406109882
3553 0.241377249088
3554 0.241752978507
3555 0.241579419683
3556 0.241564967696
3557 0.277716643741
3558 0.253070945099
3559 0.241825368308
3560 0.241666167933
3561 0.241319548198
3562 0.277735745237
3563 0.241492733688
3564 0.241521622107
3565 0.241521622107
3566 0.241333970834
3567 0.241406109882
3568 0.24147829207
3569 0.241781929226
3570 0.241651705566
3571 0.241290708097
3572 0.241521622107
3573 0.241391678623
3574 0.2415938734
3575 0.241492733688
3576 0.241319548198
3577 0.253245531515
3578 0.279891869412
3579 0.25295996993
3580 0.241507177033
3581 0.241406109882
3582 0.241449414016
3583 0.241319548198
3584 0.241420542867
3585 0.24198477857
3586 0.241391678623
3587 0.241955779256
3588 0.241521622107
3589 0.241333970834
3590 0.241305127286
3591 0.241666167933
3592 0.241550517437
3593 0.27775484936
3594 0.241955779256
3595 0.241449414016
3596 0.24147829207
3597 0.253946292686
3598 0.241319548198
3599 0.241434977578
3600 0.241752978507
3601 0.241377249088
3602 0.241579419683
3603 0.241521622107
3604 0.241406109882
3605 0.253786688455
3606 0.253197893153
3607 0.241348395195
3608 0.241391678623
3609 0.241550517437
3610 0.298337643147
3611 0.241492733688
3612 0.253483992467
3613 0.241550517437
3614 0.241492733688
3615 0.241420542867
3616 0.241564967696
3617 0.241449414016
3618 0.241752978507
3619 0.250729587085
3620 0.241333970834
3621 0.241507177033
3622 0.24147829207
3623 0.241449414016
3624 0.241550517437
3625 0.24147829207
3626 0.241810886879
3627 0.241434977578
3628 0.241550517437
3629 0.241608328846
3630 0.241810886879
3631 0.24146385218
3632 0.241420542867
3633 0.241362821279
3634 0.283706878381
3635 0.2415938734
3636 0.241666167933
3637 0.241637244928
3638 0.241348395195
3639 0.241434977578
3640 0.241449414016
3641 0.253245531515
3642 0.241420542867
3643 0.25294412428
3644 0.241622786022
3645 0.24146385218
3646 0.241536068908
3647 0.241521622107
3648 0.241391678623
3649 0.241579419683
3650 0.241492733688
3651 0.241290708097
3652 0.278080022037
3653 0.241377249088
3654 0.241333970834
3655 0.301253357207
3656 0.241492733688
3657 0.2415938734
3658 0.24146385218
3659 0.241507177033
3660 0.241420542867
3661 0.241362821279
3662 0.241362821279
3663 0.241521622107
3664 0.24147829207
3665 0.241420542867
3666 0.241362821279
3667 0.241406109882
3668 0.241608328846
3669 0.241434977578
3670 0.241377249088
3671 0.2415938734
3672 0.241406109882
3673 0.241955779256
3674 0.241333970834
3675 0.27819497072
3676 0.24147829207
3677 0.241348395195
3678 0.278463554238
3679 0.241348395195
3680 0.24146385218
3681 0.241897801474
3682 0.241420542867
3683 0.241406109882
3684 0.241521622107
3685 0.278790389395
3686 0.241492733688
3687 0.241333970834
3688 0.253102670177
3689 0.241305127286
3690 0.241319548198
3691 0.241651705566
3692 0.241319548198
3693 0.279581804334
3694 0.241695097863
3695 0.241348395195
3696 0.241492733688
3697 0.241492733688
3698 0.253866465485
3699 0.241536068908
3700 0.241319548198
3701 0.241377249088
3702 0.241492733688
3703 0.241825368308
3704 0.253786688455
3705 0.241305127286
3706 0.241825368308
3707 0.241637244928
3708 0.241622786022
3709 0.241492733688
3710 0.241290708097
3711 0.241651705566
3712 0.241695097863
3713 0.241391678623
3714 0.241651705566
3715 0.241651705566
3716 0.24147829207
3717 0.241377249088
3718 0.241319548198
3719 0.241666167933
3720 0.241608328846
3721 0.241420542867
3722 0.281531060448
3723 0.241752978507
3724 0.264596029094
3725 0.241362821279
3726 0.241550517437
3727 0.241492733688
3728 0.241362821279
3729 0.241680632033
3730 0.241290708097
3731 0.241680632033
3732 0.253213770615
3733 0.241305127286
3734 0.241319548198
3735 0.24198477857
3736 0.241507177033
3737 0.241449414016
3738 0.253197893153
3739 0.241709565426
3740 0.241492733688
3741 0.241666167933
3742 0.27919518772
3743 0.241348395195
3744 0.241550517437
3745 0.241319548198
3746 0.241362821279
3747 0.241305127286
3748 0.2415938734
3749 0.241290708097
3750 0.241362821279
3751 0.279407694437
3752 0.241362821279
3753 0.241550517437
3754 0.241637244928
3755 0.241391678623
3756 0.25367508481
3757 0.280027739251
3758 0.241521622107
3759 0.241912293314
3760 0.241550517437
3761 0.241521622107
3762 0.241579419683
3763 0.241521622107
3764 0.241449414016
3765 0.241695097863
3766 0.241333970834
3767 0.241420542867
3768 0.241420542867
3769 0.241608328846
3770 0.24146385218
3771 0.241420542867
3772 0.241377249088
3773 0.241391678623
3774 0.24147829207
3775 0.241536068908
3776 0.241406109882
3777 0.241550517437
3778 0.241420542867
3779 0.24146385218
3780 0.250745156483
3781 0.241507177033
3782 0.241333970834
3783 0.241738505747
3784 0.24146385218
3785 0.241449414016
3786 0.252880761523
3787 0.241579419683
3788 0.241348395195
3789 0.241449414016
3790 0.241391678623
3791 0.253293187806
3792 0.241579419683
3793 0.241492733688
3794 0.24198477857
3795 0.241781929226
3796 0.241348395195
3797 0.241434977578
3798 0.279736750953
3799 0.241290708097
3800 0.24147829207
3801 0.24198477857
3802 0.241319548198
3803 0.241507177033
3804 0.241579419683
3805 0.256837552474
3806 0.241348395195
3807 0.241362821279
3808 0.241305127286
3809 0.241305127286
3810 0.241507177033
3811 0.241781929226
3812 0.241319548198
3813 0.241377249088
3814 0.241377249088
3815 0.241391678623
3816 0.241492733688
3817 0.241319548198
3818 0.241449414016
3819 0.24147829207
3820 0.24146385218
3821 0.241290708097
3822 0.241651705566
3823 0.241709565426
3824 0.24147829207
3825 0.256853889702
3826 0.241666167933
3827 0.241738505747
3828 0.241391678623
3829 0.253023372392
3830 0.241810886879
3831 0.284526493799
3832 0.241622786022
3833 0.241449414016
3834 0.241738505747
3835 0.241377249088
3836 0.241651705566
3837 0.2415938734
3838 0.241521622107
3839 0.253547657918
3840 0.241348395195
3841 0.241449414016
3842 0.241752978507
3843 0.241868823001
3844 0.241391678623
3845 0.241348395195
3846 0.241564967696
3847 0.241305127286
3848 0.24146385218
3849 0.241362821279
3850 0.241348395195
3851 0.241564967696
3852 0.279988905838
3853 0.2415938734
3854 0.241290708097
3855 0.241305127286
3856 0.241492733688
3857 0.241290708097
3858 0.241434977578
3859 0.253086806644
3860 0.241362821279
3861 0.298690731563
3862 0.264734806268
3863 0.241550517437
3864 0.241434977578
3865 0.241377249088
3866 0.241333970834
3867 0.241550517437
3868 0.241651705566
3869 0.241536068908
3870 0.241738505747
3871 0.241651705566
3872 0.241391678623
3873 0.277773956112
3874 0.241825368308
3875 0.24147829207
3876 0.241305127286
3877 0.241406109882
3878 0.279911271316
3879 0.241420542867
3880 0.241305127286
3881 0.241420542867
3882 0.241536068908
3883 0.241333970834
3884 0.241492733688
3885 0.253118535699
3886 0.241305127286
3887 0.279407694437
3888 0.241348395195
3889 0.241420542867
3890 0.241492733688
3891 0.241348395195
3892 0.241622786022
3893 0.24146385218
3894 0.241362821279
3895 0.241406109882
3896 0.24146385218
3897 0.241579419683
3898 0.241333970834
3899 0.241507177033
3900 0.241377249088
3901 0.241767453
3902 0.241391678623
3903 0.253245531515
3904 0.241536068908
3905 0.241377249088
3906 0.241391678623
3907 0.241912293314
3908 0.241651705566
3909 0.241377249088
3910 0.2415938734
3911 0.241333970834
3912 0.241377249088
3913 0.241492733688
3914 0.252864925794
3915 0.241391678623
3916 0.2415938734
3917 0.241377249088
3918 0.241492733688
3919 0.24172403472
3920 0.241449414016
3921 0.241507177033
3922 0.241709565426
3923 0.241305127286
3924 0.241377249088
3925 0.241868823001
3926 0.241348395195
3927 0.241897801474
3928 0.241622786022
3929 0.241319548198
3930 0.241492733688
3931 0.256804884253
3932 0.2415938734
3933 0.241391678623
3934 0.2415938734
3935 0.241420542867
3936 0.241290708097
3937 0.241362821279
3938 0.24147829207
3939 0.258812972696
3940 0.241333970834
3941 0.241434977578
3942 0.241377249088
3943 0.241305127286
3944 0.279330381848
3945 0.24146385218
3946 0.241767453
3947 0.241333970834
3948 0.241738505747
3949 0.280027739251
3950 0.241449414016
3951 0.241507177033
3952 0.241781929226
3953 0.241333970834
3954 0.241333970834
3955 0.241333970834
3956 0.241319548198
3957 0.241622786022
3958 0.241536068908
3959 0.241406109882
3960 0.241305127286
3961 0.241521622107
3962 0.264578692177
3963 0.279601163274
3964 0.241362821279
3965 0.241492733688
3966 0.241333970834
3967 0.253324968632
3968 0.241507177033
3969 0.251135020835
3970 0.241637244928
3971 0.241362821279
3972 0.241955779256
3973 0.241536068908
3974 0.241391678623
3975 0.241290708097
3976 0.241492733688
3977 0.241492733688
3978 0.241362821279
3979 0.241333970834
3980 0.241449414016
3981 0.226383360431
3982 0.18466181918
3983 0.184712501715
3984 0.184611164449
3985 0.184602724696
3986 0.184644931181
3987 0.184670264337
3988 0.184611164449
3989 0.184653374794
3990 0.225712688653
3991 0.184628046271
3992 0.184619604974
3993 0.184619604974
3994 0.184644931181
3995 0.18468715697
3996 0.184670264337
3997 0.184628046271
3998 0.18468715697
3999 0.184712501715
4000 0.184628046271
4001 0.184670264337
4002 0.184611164449
4003 0.184653374794
4004 0.18463648834
4005 0.184678710268
4006 0.184619604974
4007 0.184611164449
4008 0.184628046271
4009 0.184602724696
4010 0.184678710268
4011 0.184602724696
4012 0.225687458082
4013 0.184611164449
4014 0.184644931181
4015 0.184695604446
4016 0.184602724696
4017 0.184628046271
4018 0.184670264337
4019 0.184653374794
4020 0.18466181918
4021 0.18466181918
4022 0.18468715697
4023 0.184602724696
4024 0.184746305531
4025 0.184602724696
4026 0.184628046271
4027 0.184670264337
4028 0.184653374794
4029 0.184611164449
4030 0.184611164449
4031 0.184754758419
4032 0.225775789768
4033 0.184611164449
4034 0.184619604974
4035 0.184611164449
4036 0.184602724696
4037 0.184611164449
4038 0.184628046271
4039 0.184670264337
