node,closeness
1 0.399525081627
2 0.370764851712
3 0.374131381451
4 0.344304229195
5 0.360632312226
6 0.353002884868
7 0.369137946796
8 0.34055831998
9 0.334853636288
10 0.350247202706
11 0.352848654317
12 0.345187211489
13 0.343075615973
14 0.383184665022
15 0.328800586271
16 0.338162632945
17 0.375767727527
18 0.313728537021
19 0.335605053191
20 0.313826066682
21 0.333168316832
22 0.349701221096
23 0.313874854256
24 0.313777294273
25 0.316110850164
26 0.387784500144
27 0.335521395929
28 0.321522414205
29 0.313752913753
30 0.333305819232
31 0.333746590627
32 0.338049393051
33 0.32131773693
34 0.289545389359
35 0.360310520211
36 0.295629255436
37 0.313704164077
38 0.289524628952
39 0.356273160402
40 0.33355360978
41 0.38213305574
42 0.337371543153
43 0.289545389359
44 0.289524628952
45 0.332948548813
46 0.332893652102
47 0.285613240911
48 0.222173314993
49 0.337879675341
50 0.285552648328
51 0.333305819232
52 0.312708123596
53 0.285512267553
54 0.368195495578
55 0.312998992326
56 0.333443435178
57 0.369949610628
58 0.313972474924
59 0.410699755899
60 0.360053499777
61 0.312611287451
62 0.294636993798
63 0.337907949791
64 0.296868107631
65 0.302517231046
66 0.333581164808
67 0.334050297816
68 0.36316215487
69 0.294809082281
70 0.33369143046
71 0.285512267553
72 0.285532456513
73 0.338162632945
74 0.333443435178
75 0.285492081448
76 0.33369143046
77 0.312611287451
78 0.299088956374
79 0.297392841361
80 0.33377417755
81 0.337484329294
82 0.285552648328
83 0.367224445253
84 0.312708123596
85 0.333223304176
86 0.318253467844
87 0.285613240911
88 0.333140829965
89 0.338304289544
90 0.311886923612
91 0.285512267553
92 0.301433263661
93 0.324389460154
94 0.302087229745
95 0.337681886603
96 0.302064631957
97 0.295585974672
98 0.285532456513
99 0.378870332145
100 0.313704164077
101 0.286443924239
102 0.297787610619
103 0.294723012919
104 0.316185106883
105 0.362575199785
106 0.31367979492
107 0.295585974672
108 0.4786628734
109 0.300178412132
110 0.374131381451
111 0.301365773565
112 0.312441968431
113 0.294636993798
114 0.374339482711
115 0.285492081448
116 0.325592646347
117 0.302449254737
118 0.312417794971
119 0.362445022888
120 0.334437634587
121 0.29809537871
122 0.313144629701
123 0.336836836837
124 0.313436311418
125 0.295499451153
126 0.297414745526
127 0.301028775906
128 0.300245371403
129 0.338021094927
130 0.295564339043
131 0.312998992326
132 0.294744525547
133 0.313241796602
134 0.313972474924
135 0.313874854256
136 0.2948736673
137 0.357471671388
138 0.312490326575
139 0.294615496863
140 0.285754723657
141 0.295434591747
142 0.314657523572
143 0.362901051496
144 0.311742453486
145 0.29554270658
146 0.285512267553
147 0.300334696913
148 0.302064631957
149 0.314412520439
150 0.302381308971
151 0.302607913669
152 0.295369760808
153 0.29734904271
154 0.295456208385
155 0.285512267553
156 0.294636993798
157 0.301929116196
158 0.285532456513
159 0.313801678583
160 0.30020072857
161 0.285512267553
162 0.313874854256
163 0.294744525547
164 0.288017118402
165 0.295477828187
166 0.313071794077
167 0.287381681019
168 0.301410763604
169 0.31253869969
170 0.337033636591
171 0.362933668884
172 0.381447194408
173 0.362738052461
174 0.324129073688
175 0.29465849387
176 0.295802505311
177 0.313411983856
178 0.294852135816
179 0.312562891865
180 0.285532456513
181 0.298580301686
182 0.297414745526
183 0.285532456513
184 0.285532456513
185 0.300290027515
186 0.313850458573
187 0.363031556235
188 0.296824463393
189 0.361892812332
190 0.302517231046
191 0.294679997081
192 0.297436652917
193 0.286159733541
194 0.301365773565
195 0.301523297491
196 0.297392841361
197 0.297831538575
198 0.300245371403
199 0.302087229745
200 0.363227489431
201 0.364539135145
202 0.301343283582
203 0.287791319222
204 0.388904940769
205 0.298712827341
206 0.285512267553
207 0.285613240911
208 0.296802646086
209 0.295585974672
210 0.285492081448
211 0.285492081448
212 0.362055052452
213 0.313484977874
214 0.335912153731
215 0.295585974672
216 0.285492081448
217 0.285512267553
218 0.302539896606
219 0.297392841361
220 0.302064631957
221 0.286139455782
222 0.312877731288
223 0.298293565783
224 0.314045730285
225 0.313948064065
226 0.294830607477
227 0.302381308971
228 0.294938280622
229 0.296236519698
230 0.298117386489
231 0.295391367959
232 0.313850458573
233 0.314192343604
234 0.285512267553
235 0.302109830914
236 0.300871768125
237 0.362835834307
238 0.312708123596
239 0.313655429548
240 0.3635217861
241 0.294636993798
242 0.285512267553
243 0.298029374862
244 0.286220584066
245 0.285512267553
246 0.311525999074
247 0.315740089139
248 0.294679997081
249 0.313241796602
250 0.312998992326
251 0.295521077283
252 0.30020072857
253 0.333636288524
254 0.285532456513
255 0.29774369562
256 0.285512267553
257 0.285512267553
258 0.313193205615
259 0.302721343429
260 0.301433263661
261 0.297677847401
262 0.336079900125
263 0.286139455782
264 0.294744525547
265 0.301365773565
266 0.31399688958
267 0.297765651501
268 0.294615496863
269 0.312635490864
270 0.312587087784
271 0.312635490864
272 0.362607758621
273 0.362998921251
274 0.297392841361
275 0.313339023822
276 0.297414745526
277 0.313899253731
278 0.33463164001
279 0.294830607477
280 0.285512267553
281 0.363194819212
282 0.300245371403
283 0.285512267553
284 0.312732342007
285 0.300245371403
286 0.36316215487
287 0.285512267553
288 0.285492081448
289 0.312659698026
290 0.29465849387
291 0.313071794077
292 0.362575199785
293 0.285492081448
294 0.294636993798
295 0.286322059136
296 0.313363340059
297 0.294744525547
298 0.314314625983
299 0.300133789208
300 0.301523297491
301 0.286261165462
302 0.285613240911
303 0.312901975978
304 0.313193205615
305 0.38901734104
306 0.285512267553
307 0.297392841361
308 0.298978231897
309 0.315937720053
310 0.2948736673
311 0.312441968431
312 0.286403291014
313 0.313071794077
314 0.362575199785
315 0.298558225508
316 0.389617908144
317 0.295867526377
318 0.30011148272
319 0.297042813006
320 0.311886923612
321 0.295845849513
322 0.285572842999
323 0.362412493269
324 0.316259398496
325 0.316110850164
326 0.339213709677
327 0.302494568882
328 0.285552648328
329 0.297392841361
330 0.337964512889
331 0.29774369562
332 0.31367979492
333 0.361406963215
334 0.301568334578
335 0.314314625983
336 0.285492081448
337 0.312611287451
338 0.302109830914
339 0.312441968431
340 0.315789473684
341 0.295477828187
342 0.313290402669
343 0.338701560141
344 0.312877731288
345 0.312466145632
346 0.313047523064
347 0.301793721973
348 0.312417794971
349 0.388605524011
350 0.280047159997
351 0.33369143046
352 0.284907923517
353 0.33369143046
354 0.380118610562
355 0.332537264267
356 0.332619439868
357 0.279911271316
358 0.334022665233
359 0.279872470197
360 0.314485981308
361 0.375313690863
362 0.332866210535
363 0.314706570026
364 0.379761121038
365 0.284988354859
366 0.318932153858
367 0.370356782537
368 0.316110850164
369 0.334714854111
370 0.334437634587
371 0.4035982009
372 0.30046878488
373 0.313168915775
374 0.372784342688
375 0.35605325809
376 0.334077934971
377 0.381663516068
378 0.279891869412
379 0.340328697851
380 0.279891869412
381 0.312926224427
382 0.331908597731
383 0.331472664587
384 0.279891869412
385 0.284867724868
386 0.332126994571
387 0.279911271316
388 0.349701221096
389 0.34918713248
390 0.379975534017
391 0.286301758366
392 0.354117337543
393 0.350156087409
394 0.284948133512
395 0.336780650542
396 0.390107236016
397 0.333636288524
398 0.358805757953
399 0.333388375165
400 0.284968242766
401 0.390560015475
402 0.279891869412
403 0.418836220309
404 0.332619439868
405 0.387523992322
406 0.315099492782
407 0.284867724868
408 0.314388041109
409 0.387115329307
410 0.334576186925
411 0.332646840761
412 0.279911271316
413 0.366391434534
414 0.332893652102
415 0.384644694227
416 0.335048124793
417 0.357978723404
418 0.352756180659
419 0.333003463632
420 0.410282462914
421 0.373819663025
422 0.33449304175
423 0.345926497044
424 0.42132721202
425 0.332045062084
426 0.334687111479
427 0.314927468414
428 0.305446293495
429 0.413941568426
430 0.312272832728
431 0.33630382277
432 0.371583693752
433 0.360535714286
434 0.314045730285
435 0.337118049758
436 0.333995037221
437 0.349368402838
438 0.312272832728
439 0.371481140754
440 0.375453277545
441 0.333113347632
442 0.284968242766
443 0.315271705184
444 0.279891869412
445 0.359860974958
446 0.332509881423
447 0.322395209581
448 0.279872470197
449 0.285129219037
450 0.314682044888
451 0.333113347632
452 0.351160970519
453 0.357978723404
454 0.284887822774
455 0.279911271316
456 0.335716661124
457 0.351313728902
458 0.314878353088
459 0.333305819232
460 0.314633006078
461 0.352817824377
462 0.380333427522
463 0.333223304176
464 0.350065019506
465 0.284988354859
466 0.401991040319
467 0.30020072857
468 0.284867724868
469 0.279891869412
470 0.334714854111
471 0.312417794971
472 0.349701221096
473 0.313047523064
474 0.334188529339
475 0.333003463632
476 0.383075609525
477 0.284928027096
478 0.314094586185
479 0.30046878488
480 0.33460391117
481 0.304318335971
482 0.318002835092
483 0.335912153731
484 0.408084891359
485 0.377736202058
486 0.301816279244
487 0.332017760237
488 0.333995037221
489 0.333856965688
490 0.314437003582
491 0.313558005902
492 0.304846746188
493 0.356966053748
494 0.358837643295
495 0.341624365482
496 0.33231832771
497 0.361051502146
498 0.42473966551
499 0.286993603412
500 0.284847629797
501 0.403356308061
502 0.284968242766
503 0.2882021269
504 0.375453277545
505 0.335716661124
506 0.319184254209
507 0.372715525198
508 0.338247612665
509 0.321752988048
510 0.300983899821
511 0.323609552813
512 0.334881406535
513 0.324467657694
514 0.36662429635
515 0.340989697686
516 0.340042105263
517 0.321215495983
518 0.360664523044
519 0.321189945912
520 0.320399904785
521 0.376960418223
522 0.32278177458
523 0.300245371403
524 0.358678273228
525 0.35577092511
526 0.356178883302
527 0.369644818748
528 0.366524462195
529 0.304341272234
530 0.30042407559
531 0.284867724868
532 0.357250287534
533 0.284988354859
534 0.285109087058
535 0.301929116196
536 0.317577664176
537 0.321241050119
538 0.373370319001
539 0.42532125553
540 0.302087229745
541 0.32027284264
542 0.302087229745
543 0.380871533673
544 0.320577961258
545 0.340042105263
546 0.358965241355
547 0.323246878002
548 0.321189945912
549 0.321368881815
550 0.303221446272
551 0.279872470197
552 0.319285205978
553 0.284867724868
554 0.391165358907
555 0.302698650675
556 0.322292281906
557 0.360793423874
558 0.332674246169
559 0.32462416593
560 0.393069210552
561 0.332893652102
562 0.392114973781
563 0.30011148272
564 0.420187304891
565 0.284988354859
566 0.323531768288
567 0.419619661228
568 0.3717547413
569 0.300267697799
570 0.308550469932
571 0.323583620482
572 0.295326555986
573 0.284867724868
574 0.278405956977
575 0.300535873772
576 0.27802258331
577 0.278060873158
578 0.278214138074
579 0.278252480706
580 0.28450644684
581 0.417839403974
582 0.277831292143
583 0.27819497072
584 0.278271655985
585 0.2865048957
586 0.277812177503
587 0.318605018147
588 0.321241050119
589 0.278060873158
590 0.279349705984
591 0.315987166445
592 0.371003307607
593 0.296780831986
594 0.284767277856
595 0.303951825367
596 0.278156643935
597 0.351711523386
598 0.284166080225
599 0.278099173554
600 0.278233308069
601 0.278252480706
602 0.356084656085
603 0.277812177503
604 0.278137484502
605 0.353373588868
606 0.278137484502
607 0.372990947718
608 0.277812177503
609 0.277812177503
610 0.302834858257
611 0.313193205615
612 0.278099173554
613 0.278080022037
614 0.277812177503
615 0.335688752182
616 0.278252480706
617 0.279311060386
618 0.284226085732
619 0.285048708175
620 0.2842460932
621 0.301680986179
622 0.277926904811
623 0.278041726916
624 0.278118327709
625 0.277812177503
626 0.278175806007
627 0.278060873158
628 0.278252480706
629 0.27802258331
630 0.329740323371
631 0.302744039586
632 0.283946276633
633 0.278214138074
634 0.278080022037
635 0.32278177458
636 0.283946276633
637 0.284226085732
638 0.360632312226
639 0.277812177503
640 0.294271972016
641 0.278233308069
642 0.35769332979
643 0.277831292143
644 0.278252480706
645 0.300178412132
646 0.340845783743
647 0.334770353175
648 0.278156643935
649 0.277831292143
650 0.329498164015
651 0.278214138074
652 0.416117065128
653 0.30042407559
654 0.300692531089
655 0.284887822774
656 0.284686971235
657 0.305608113222
658 0.283866432337
659 0.278252480706
660 0.278252480706
661 0.277850409413
662 0.278252480706
663 0.278252480706
664 0.284747196954
665 0.278118327709
666 0.278137484502
667 0.302381308971
668 0.297677847401
669 0.277812177503
670 0.337118049758
671 0.278233308069
672 0.293544635068
673 0.277946035242
674 0.30042407559
675 0.277812177503
676 0.278233308069
677 0.308621216753
678 0.279369032794
679 0.302993922113
680 0.277907777013
681 0.287914438503
682 0.278233308069
683 0.283986215627
684 0.33912824389
685 0.278175806007
686 0.28406612733
687 0.30985267035
688 0.274078599063
689 0.313826066682
690 0.236666275935
691 0.261630167163
692 0.236638537271
693 0.236569219052
694 0.273725596529
695 0.334798109609
696 0.313484977874
697 0.273967026257
698 0.350520833333
699 0.361795538034
700 0.236583079447
701 0.26301048655
702 0.271134089841
703 0.236666275935
704 0.32736116741
705 0.236624670378
706 0.326197592697
707 0.273781273307
708 0.236694021102
709 0.295499451153
710 0.273688491257
711 0.263044752785
712 0.273725596529
713 0.236735651052
714 0.348885432867
715 0.236749530957
716 0.270190699231
717 0.236707896125
718 0.244667959283
719 0.274004207098
720 0.327919441286
721 0.270353508302
722 0.270806786936
723 0.271061287508
724 0.273577235772
725 0.313655429548
726 0.236666275935
727 0.274134419552
728 0.273855544252
729 0.274339289354
730 0.271352731671
731 0.2631990614
732 0.273967026257
733 0.236749530957
734 0.25
735 0.271134089841
736 0.244860833182
737 0.261714952362
738 0.273744152939
739 0.271298038162
740 0.274004207098
741 0.242115361554
742 0.273762711864
743 0.261681031689
744 0.236596941466
745 0.236583079447
746 0.350673035172
747 0.261630167163
748 0.350642584231
749 0.27118871726
750 0.236583079447
751 0.236583079447
752 0.273577235772
753 0.274171645845
754 0.28658623137
755 0.274022801303
756 0.270371610311
757 0.26307902795
758 0.23661080511
759 0.270371610311
760 0.273632852206
761 0.274041398032
762 0.257525510204
763 0.271061287508
764 0.270407821603
765 0.273967026257
766 0.263336376679
767 0.274022801303
768 0.236666275935
769 0.250092902267
770 0.295197017326
771 0.27394843962
772 0.242217023574
773 0.295369760808
774 0.274134419552
775 0.295672548876
776 0.236583079447
777 0.271279811891
778 0.271043093033
779 0.273744152939
780 0.273688491257
781 0.274097203367
782 0.334742601343
783 0.271079484425
784 0.263216217978
785 0.313460642757
786 0.236596941466
787 0.242129879475
788 0.271352731671
789 0.23661080511
790 0.236735651052
791 0.262959103933
792 0.23665240579
793 0.273781273307
794 0.263250537845
795 0.270952157284
796 0.2631990614
797 0.23665240579
798 0.273874118285
799 0.286464245176
800 0.270208779443
801 0.295780837972
802 0.236569219052
803 0.236624670378
804 0.293310089344
805 0.286647263434
806 0.327972709552
807 0.236763412489
808 0.274004207098
809 0.249166975194
810 0.270335408717
811 0.295672548876
812 0.271279811891
813 0.264094179202
814 0.270879452606
815 0.273967026257
816 0.27428338541
817 0.261630167163
818 0.273799837266
819 0.271024901
820 0.295780837972
821 0.274190262783
822 0.254330163129
823 0.236763412489
824 0.350642584231
825 0.343864429873
826 0.27122514777
827 0.273558701985
828 0.313606710158
829 0.355020221558
830 0.274078599063
831 0.350612138578
832 0.271097683787
833 0.244682784948
834 0.261731915997
835 0.313533659446
836 0.273836972738
837 0.26102133161
838 0.273595772071
839 0.27394843962
840 0.236763412489
841 0.295456208385
842 0.236583079447
843 0.274153031435
844 0.270263034603
845 0.273725596529
846 0.273874118285
847 0.273466070703
848 0.27394843962
849 0.273762711864
850 0.274190262783
851 0.261647119808
852 0.270752313263
853 0.244667959283
854 0.313558005902
855 0.242042798058
856 0.244667959283
857 0.295715854998
858 0.276556400247
859 0.265762801106
860 0.265710337567
861 0.322369471499
862 0.268537607235
863 0.294057675502
864 0.268555466879
865 0.268394815553
866 0.266657861718
867 0.265762801106
868 0.266622647739
869 0.266657861718
870 0.268859444703
871 0.26579778831
872 0.265902805215
873 0.266605044236
874 0.266587443058
875 0.266605044236
876 0.265692854323
877 0.268555466879
878 0.266552247673
879 0.268537607235
880 0.265780293556
881 0.29348063086
882 0.26579778831
883 0.268501895073
884 0.265692854323
885 0.266552247673
886 0.266640253566
887 0.266675472197
888 0.266587443058
889 0.268519749967
890 0.268591193295
891 0.284026165858
892 0.265692854323
893 0.265692854323
894 0.26837697727
895 0.265745310958
896 0.265780293556
897 0.352663755459
898 0.350520833333
899 0.325304116652
900 0.323791195574
901 0.324207145725
902 0.32459807074
903 0.349943669295
904 0.324780825223
905 0.324077046549
906 0.341884683769
907 0.38984359915
908 0.324181117534
909 0.342900815217
910 0.324077046549
911 0.323843130965
912 0.323739276838
913 0.324129073688
914 0.333967413779
915 0.324363402683
916 0.344509854108
917 0.350733952923
918 0.35321903429
919 0.323739276838
920 0.349459108611
921 0.324155093522
922 0.345748779861
923 0.324702476681
924 0.324754704842
925 0.348163476461
926 0.347683829861
927 0.339613120269
928 0.387598387406
929 0.323947051745
930 0.324519810335
931 0.379368658399
932 0.340328697851
933 0.350399166956
934 0.349217331142
935 0.387263834276
936 0.324051039242
937 0.351742160279
938 0.323921065298
939 0.324650265316
940 0.324233178095
941 0.324519810335
942 0.375837676843
943 0.350581698211
944 0.324207145725
945 0.347175651277
946 0.339071290621
947 0.346134064804
948 0.343163083199
949 0.349913344887
950 0.340271340693
951 0.32399903715
952 0.343221419465
953 0.387226697353
954 0.343601089176
955 0.37580269893
956 0.32399903715
957 0.323973042362
958 0.350764419736
959 0.324337349398
960 0.349852711835
961 0.342174392001
962 0.324806949807
963 0.351680891831
964 0.326171243942
965 0.324806949807
966 0.324650265316
967 0.342493638677
968 0.343425752679
969 0.350368763557
970 0.340271340693
971 0.32410305803
972 0.340300016855
973 0.324363402683
974 0.325173135771
975 0.324259214647
976 0.375837676843
977 0.350886339937
978 0.324754704842
979 0.342203389831
980 0.323973042362
981 0.342871699074
982 0.34997399896
983 0.350520833333
984 0.334188529339
985 0.285068831627
986 0.323947051745
987 0.324181117534
988 0.32410305803
989 0.311886923612
990 0.340271340693
991 0.347145804677
992 0.325173135771
993 0.324702476681
994 0.344392324094
995 0.340128032345
996 0.350794891843
997 0.324493731919
998 0.362347451543
999 0.339242207847
1000 0.386929858183
1001 0.324389460154
1002 0.350216825672
1003 0.323817161187
1004 0.362217438105
1005 0.342580809366
1006 0.324389460154
1007 0.343338151518
1008 0.339727410399
1009 0.324650265316
1010 0.375907652206
1011 0.34081701553
1012 0.340845783743
1013 0.350065019506
1014 0.348013444799
1015 0.362412493269
1016 0.340472175379
1017 0.323947051745
1018 0.343454963001
1019 0.375767727527
1020 0.350733952923
1021 0.350368763557
1022 0.350429575631
1023 0.324311300297
1024 0.323973042362
1025 0.387226697353
1026 0.353807062122
1027 0.387115329307
1028 0.323791195574
1029 0.354148395018
1030 0.387858995293
1031 0.324129073688
1032 0.324207145725
1033 0.387747263299
1034 0.324181117534
1035 0.323791195574
1036 0.324833078594
1037 0.350368763557
1038 0.341047297297
1039 0.323869104909
1040 0.33967025572
1041 0.334299196953
1042 0.350247202706
1043 0.324493731919
1044 0.324051039242
1045 0.340042105263
1046 0.324077046549
1047 0.323791195574
1048 0.350338365435
1049 0.343075615973
1050 0.387710033605
1051 0.32402503611
1052 0.333995037221
1053 0.335493519442
1054 0.324051039242
1055 0.35009537021
1056 0.324519810335
1057 0.35055126313
1058 0.32402503611
1059 0.324311300297
1060 0.344069529652
1061 0.350368763557
1062 0.323973042362
1063 0.324415521812
1064 0.324441587659
1065 0.324650265316
1066 0.323765234124
1067 0.350733952923
1068 0.387226697353
1069 0.349883025734
1070 0.324363402683
1071 0.364703757225
1072 0.323791195574
1073 0.324702476681
1074 0.32459807074
1075 0.356147468689
1076 0.387338129496
1077 0.343367346939
1078 0.345010252905
1079 0.34524623803
1080 0.342755283932
1081 0.363260165527
1082 0.340300016855
1083 0.350338365435
1084 0.342174392001
1085 0.33941329747
1086 0.366059287463
1087 0.35649333451
1088 0.324571979744
1089 0.339014356477
1090 0.324389460154
1091 0.324207145725
1092 0.324441587659
1093 0.349913344887
1094 0.324285255381
1095 0.324181117534
1096 0.350459989585
1097 0.323739276838
1098 0.324650265316
1099 0.340414769853
1100 0.35027758501
1101 0.350581698211
1102 0.34266802444
1103 0.350065019506
1104 0.324493731919
1105 0.353683104143
1106 0.323817161187
1107 0.324806949807
1108 0.327679948065
1109 0.284928027096
1110 0.344833475662
1111 0.36163353036
1112 0.323973042362
1113 0.350034674064
1114 0.351742160279
1115 0.352417524873
1116 0.340472175379
1117 0.339784584315
1118 0.34266802444
1119 0.32462416593
1120 0.323739276838
1121 0.350125726177
1122 0.34055831998
1123 0.352786999825
1124 0.361374619653
1125 0.342959062341
1126 0.34255174754
1127 0.348554164868
1128 0.324545892943
1129 0.362803234501
1130 0.350794891843
1131 0.350338365435
1132 0.324911490183
1133 0.343250595036
1134 0.339042821159
1135 0.324155093522
1136 0.341104916371
1137 0.360278372591
1138 0.324467657694
1139 0.324077046549
1140 0.324702476681
1141 0.325120772947
1142 0.324467657694
1143 0.349670938691
1144 0.325120772947
1145 0.324259214647
1146 0.323739276838
1147 0.344451079075
1148 0.324077046549
1149 0.361827956989
1150 0.342174392001
1151 0.324415521812
1152 0.32402503611
1153 0.324702476681
1154 0.343396547325
1155 0.32410305803
1156 0.348584254144
1157 0.351405447742
1158 0.323895083019
1159 0.361374619653
1160 0.343747339746
1161 0.387412453228
1162 0.324571979744
1163 0.32402503611
1164 0.342058449809
1165 0.33981317849
1166 0.361180679785
1167 0.350307972586
1168 0.325094597858
1169 0.323921065298
1170 0.340443470196
1171 0.34055831998
1172 0.368094804011
1173 0.342522690644
1174 0.349459108611
1175 0.324181117534
1176 0.344274874243
1177 0.323869104909
1178 0.324129073688
1179 0.339327731092
1180 0.351436031332
1181 0.349822403188
1182 0.387338129496
1183 0.36043916808
1184 0.326725463225
1185 0.343864429873
1186 0.343747339746
1187 0.324155093522
1188 0.3391567277
1189 0.325016097875
1190 0.341595465697
1191 0.325277912035
1192 0.343601089176
1193 0.362607758621
1194 0.339870381281
1195 0.323843130965
1196 0.349822403188
1197 0.343221419465
1198 0.342784380306
1199 0.387152444871
1200 0.348764898946
1201 0.323895083019
1202 0.35027758501
1203 0.32399903715
1204 0.323921065298
1205 0.352479050279
1206 0.342174392001
1207 0.323739276838
1208 0.361471667711
1209 0.323791195574
1210 0.36153639538
1211 0.352263805287
1212 0.344245524297
1213 0.32459807074
1214 0.32459807074
1215 0.342609876124
1216 0.350338365435
1217 0.324833078594
1218 0.353188139596
1219 0.32399903715
1220 0.333939794906
1221 0.339299218553
1222 0.348433859695
1223 0.344245524297
1224 0.341855739925
1225 0.323765234124
1226 0.325068426984
1227 0.344980777446
1228 0.361892812332
1229 0.324650265316
1230 0.350368763557
1231 0.342784380306
1232 0.361763124888
1233 0.324467657694
1234 0.324259214647
1235 0.324259214647
1236 0.346907216495
1237 0.333608724389
1238 0.36539679667
1239 0.345010252905
1240 0.323973042362
1241 0.324259214647
1242 0.324702476681
1243 0.362119989239
1244 0.343133922502
1245 0.324311300297
1246 0.349792099792
1247 0.325173135771
1248 0.339841777479
1249 0.323947051745
1250 0.324441587659
1251 0.34380587484
1252 0.32402503611
1253 0.323791195574
1254 0.323791195574
1255 0.323869104909
1256 0.344040214706
1257 0.343163083199
1258 0.350247202706
1259 0.302562565563
1260 0.350947331827
1261 0.347115963208
1262 0.361406963215
1263 0.323791195574
1264 0.324181117534
1265 0.323843130965
1266 0.341162554917
1267 0.324493731919
1268 0.342697106
1269 0.325829097071
1270 0.343454963001
1271 0.323765234124
1272 0.362184949323
1273 0.349307958478
1274 0.361439312567
1275 0.339584559751
1276 0.350855851942
1277 0.323791195574
1278 0.353157250306
1279 0.340615773935
1280 0.340644508183
1281 0.361504028648
1282 0.286749041329
1283 0.361406963215
1284 0.325356538555
1285 0.361180679785
1286 0.350034674064
1287 0.339898989899
1288 0.356273160402
1289 0.362087517934
1290 0.367024177422
1291 0.361925248723
1292 0.342377480075
1293 0.350338365435
1294 0.325146952251
1295 0.34918713248
1296 0.323921065298
1297 0.34052960027
1298 0.324259214647
1299 0.36153639538
1300 0.325068426984
1301 0.353126366419
1302 0.323895083019
1303 0.342290412817
1304 0.350125726177
1305 0.325120772947
1306 0.342406512338
1307 0.324859211585
1308 0.339441829186
1309 0.324545892943
1310 0.340644508183
1311 0.324806949807
1312 0.325986921773
1313 0.365860288122
1314 0.353590192644
1315 0.326144899443
1316 0.325461433062
1317 0.340357383682
1318 0.356997612943
1319 0.310376633359
1320 0.324415521812
1321 0.36569462054
1322 0.324441587659
1323 0.362640323305
1324 0.361504028648
1325 0.350004333882
1326 0.324181117534
1327 0.323765234124
1328 0.344245524297
1329 0.33912824389
1330 0.345010252905
1331 0.342871699074
1332 0.343396547325
1333 0.30911735436
1334 0.324571979744
1335 0.346996648621
1336 0.342842587876
1337 0.350004333882
1338 0.324728588661
1339 0.349731508748
1340 0.342029476537
1341 0.340730740022
1342 0.342609876124
1343 0.32402503611
1344 0.327786346294
1345 0.362087517934
1346 0.362835834307
1347 0.339099764864
1348 0.36163353036
1349 0.340615773935
1350 0.324233178095
1351 0.325068426984
1352 0.340989697686
1353 0.350429575631
1354 0.323791195574
1355 0.323869104909
1356 0.325120772947
1357 0.324389460154
1358 0.350764419736
1359 0.366258503401
1360 0.361763124888
1361 0.339898989899
1362 0.348855291577
1363 0.323817161187
1364 0.324259214647
1365 0.324207145725
1366 0.298779134295
1367 0.326329400356
1368 0.344686299616
1369 0.32399903715
1370 0.355301363836
1371 0.342406512338
1372 0.326725463225
1373 0.323921065298
1374 0.361601146234
1375 0.328025995126
1376 0.361504028648
1377 0.349338178043
1378 0.346223098688
1379 0.324545892943
1380 0.350156087409
1381 0.361827956989
1382 0.340042105263
1383 0.284767277856
1384 0.323869104909
1385 0.324885348781
1386 0.339984844658
1387 0.323739276838
1388 0.324571979744
1389 0.361860381755
1390 0.325146952251
1391 0.344892381278
1392 0.344421699079
1393 0.349640661529
1394 0.341971544715
1395 0.323765234124
1396 0.323791195574
1397 0.350216825672
1398 0.333305819232
1399 0.340300016855
1400 0.344421699079
1401 0.350916833232
1402 0.32410305803
1403 0.361504028648
1404 0.323947051745
1405 0.34081701553
1406 0.365297629817
1407 0.349338178043
1408 0.341422169612
1409 0.352417524873
1410 0.342348452734
1411 0.3391567277
1412 0.324311300297
1413 0.340414769853
1414 0.341220212946
1415 0.324181117534
1416 0.340673247279
1417 0.343630329334
1418 0.323947051745
1419 0.32462416593
1420 0.347026469577
1421 0.360246230707
1422 0.339242207847
1423 0.325356538555
1424 0.344774590164
1425 0.324207145725
1426 0.353962131837
1427 0.34130673654
1428 0.352972027972
1429 0.341249049269
1430 0.349913344887
1431 0.323791195574
1432 0.34563040315
1433 0.34101849506
1434 0.324311300297
1435 0.324545892943
1436 0.344098849595
1437 0.326831242412
1438 0.340874556812
1439 0.340357383682
1440 0.339584559751
1441 0.343396547325
1442 0.32462416593
1443 0.338985896575
1444 0.32402503611
1445 0.327148991331
1446 0.324650265316
1447 0.352202354993
1448 0.343425752679
1449 0.341740013541
1450 0.361990138951
1451 0.346966832789
1452 0.325094597858
1453 0.32459807074
1454 0.340989697686
1455 0.350156087409
1456 0.332482503088
1457 0.343046470138
1458 0.325566395227
1459 0.343338151518
1460 0.347026469577
1461 0.341162554917
1462 0.324754704842
1463 0.362055052452
1464 0.324129073688
1465 0.34927774414
1466 0.374339482711
1467 0.323739276838
1468 0.344010904754
1469 0.324519810335
1470 0.341740013541
1471 0.361342281879
1472 0.344098849595
1473 0.362347451543
1474 0.351099904356
1475 0.323817161187
1476 0.361860381755
1477 0.324233178095
1478 0.324859211585
1479 0.324259214647
1480 0.362152466368
1481 0.362803234501
1482 0.324545892943
1483 0.344274874243
1484 0.365496017379
1485 0.324389460154
1486 0.344421699079
1487 0.324181117534
1488 0.352140926136
1489 0.343017329256
1490 0.339984844658
1491 0.333884570862
1492 0.342726192497
1493 0.332729070534
1494 0.324389460154
1495 0.339299218553
1496 0.351008344924
1497 0.341191381496
1498 0.324702476681
1499 0.323843130965
1500 0.32402503611
1501 0.324859211585
1502 0.33938477055
1503 0.361471667711
1504 0.340042105263
1505 0.326013240756
1506 0.348795024618
1507 0.329202674058
1508 0.340845783743
1509 0.349549861496
1510 0.347893512536
1511 0.323895083019
1512 0.339698830655
1513 0.353869073701
1514 0.345423438837
1515 0.352202354993
1516 0.351742160279
1517 0.34380587484
1518 0.340042105263
1519 0.339014356477
1520 0.341740013541
1521 0.342522690644
1522 0.323947051745
1523 0.347953468333
1524 0.344568649202
1525 0.27597047567
1526 0.326065891473
1527 0.340673247279
1528 0.324441587659
1529 0.363325535361
1530 0.297173977039
1531 0.342174392001
1532 0.324650265316
1533 0.34009938516
1534 0.324989939638
1535 0.370288858322
1536 0.341076104401
1537 0.366724184906
1538 0.355927721463
1539 0.356461864407
1540 0.356745295521
1541 0.34524623803
1542 0.324911490183
1543 0.325330325491
1544 0.35009537021
1545 0.324702476681
1546 0.351558418945
1547 0.323791195574
1548 0.342697106
1549 0.326303030303
1550 0.346371590324
1551 0.340443470196
1552 0.344274874243
1553 0.324885348781
1554 0.356619270511
1555 0.343864429873
1556 0.34001347255
1557 0.32459807074
1558 0.344951307022
1559 0.323765234124
1560 0.345275758871
1561 0.323739276838
1562 0.325304116652
1563 0.32402503611
1564 0.34310476676
1565 0.324571979744
1566 0.34266802444
1567 0.324415521812
1568 0.339527453124
1569 0.324467657694
1570 0.344539249147
1571 0.342900815217
1572 0.340874556812
1573 0.340185341196
1574 0.362347451543
1575 0.35577092511
1576 0.324676368899
1577 0.347175651277
1578 0.376187814421
1579 0.341133733209
1580 0.323843130965
1581 0.348644448282
1582 0.323739276838
1583 0.284566596195
1584 0.362445022888
1585 0.346996648621
1586 0.324702476681
1587 0.323791195574
1588 0.340989697686
1589 0.339213709677
1590 0.345867237687
1591 0.366092475068
1592 0.36228243316
1593 0.34001347255
1594 0.340386074349
1595 0.324389460154
1596 0.34997399896
1597 0.357313512079
1598 0.342377480075
1599 0.344509854108
1600 0.324155093522
1601 0.343250595036
1602 0.324545892943
1603 0.324129073688
1604 0.344069529652
1605 0.344862925954
1606 0.362022592792
1607 0.351252609603
1608 0.323843130965
1609 0.343338151518
1610 0.362087517934
1611 0.344421699079
1612 0.36163353036
1613 0.345956134339
1614 0.345275758871
1615 0.357092324018
1616 0.324337349398
1617 0.352910330362
1618 0.346104397017
1619 0.344951307022
1620 0.342435549525
1621 0.345689581371
1622 0.3483436853
1623 0.345010252905
1624 0.341942586163
1625 0.325146952251
1626 0.34918713248
1627 0.343513398554
1628 0.323791195574
1629 0.357471671388
1630 0.324389460154
1631 0.343688824581
1632 0.332811340971
1633 0.356713780919
1634 0.324650265316
1635 0.325120772947
1636 0.340386074349
1637 0.356839872747
1638 0.358105711245
1639 0.349580122933
1640 0.341826800982
1641 0.324051039242
1642 0.324129073688
1643 0.34708612687
1644 0.342000508173
1645 0.3415665708
1646 0.353002884868
1647 0.324467657694
1648 0.341624365482
1649 0.324363402683
1650 0.340472175379
1651 0.325016097875
1652 0.323869104909
1653 0.356808341433
1654 0.341191381496
1655 0.332564651622
1656 0.345275758871
1657 0.347324961294
1658 0.323843130965
1659 0.325697693176
1660 0.356808341433
1661 0.349036217478
1662 0.351619644723
1663 0.343454963001
1664 0.350490408819
1665 0.323895083019
1666 0.342842587876
1667 0.370458715596
1668 0.324780825223
1669 0.342726192497
1670 0.345157705787
1671 0.324415521812
1672 0.346223098688
1673 0.324728588661
1674 0.352448284891
1675 0.327520480169
1676 0.343425752679
1677 0.324129073688
1678 0.351466620245
1679 0.324885348781
1680 0.350034674064
1681 0.350399166956
1682 0.340386074349
1683 0.349670938691
1684 0.342842587876
1685 0.407467204844
1686 0.357123905545
1687 0.325277912035
1688 0.361406963215
1689 0.361471667711
1690 0.34266802444
1691 0.323869104909
1692 0.341249049269
1693 0.355020221558
1694 0.323791195574
1695 0.350065019506
1696 0.349640661529
1697 0.324233178095
1698 0.342609876124
1699 0.324207145725
1700 0.294465106104
1701 0.3394703657
1702 0.324833078594
1703 0.345452989991
1704 0.346668956044
1705 0.339984844658
1706 0.339327731092
1707 0.285330695308
1708 0.344686299616
1709 0.323973042362
1710 0.341797866938
1711 0.325435203095
1712 0.323895083019
1713 0.342174392001
1714 0.323869104909
1715 0.344627464368
1716 0.341393304024
1717 0.341884683769
1718 0.343279775567
1719 0.375313690863
1720 0.339099764864
1721 0.35055126313
1722 0.342464591638
1723 0.341479915433
1724 0.341047297297
1725 0.342058449809
1726 0.325723965476
1727 0.346937022081
1728 0.32659333549
1729 0.324989939638
1730 0.351130434783
1731 0.347235359876
1732 0.32399903715
1733 0.350034674064
1734 0.324885348781
1735 0.340443470196
1736 0.342319430315
1737 0.343747339746
1738 0.341393304024
1739 0.326461314577
1740 0.324389460154
1741 0.35352827876
1742 0.342203389831
1743 0.350977835724
1744 0.340615773935
1745 0.351436031332
1746 0.34389371487
1747 0.345926497044
1748 0.324285255381
1749 0.324363402683
1750 0.324337349398
1751 0.342959062341
1752 0.35009537021
1753 0.342406512338
1754 0.342174392001
1755 0.342000508173
1756 0.323791195574
1757 0.324415521812
1758 0.343601089176
1759 0.34708612687
1760 0.323895083019
1761 0.323869104909
1762 0.342755283932
1763 0.323895083019
1764 0.349943669295
1765 0.339984844658
1766 0.342174392001
1767 0.349913344887
1768 0.352479050279
1769 0.346698720701
1770 0.343133922502
1771 0.342290412817
1772 0.3394703657
1773 0.340932117528
1774 0.349066390041
1775 0.340242669363
1776 0.339071290621
1777 0.323843130965
1778 0.345187211489
1779 0.352602165561
1780 0.324885348781
1781 0.343163083199
1782 0.340156684357
1783 0.345216722236
1784 0.353590192644
1785 0.324155093522
1786 0.325016097875
1787 0.362347451543
1788 0.325146952251
1789 0.32399903715
1790 0.342029476537
1791 0.351374869474
1792 0.344245524297
1793 0.324363402683
1794 0.343396547325
1795 0.350429575631
1796 0.3415665708
1797 0.341076104401
1798 0.323869104909
1799 0.32459807074
1800 0.343630329334
1801 0.347145804677
1802 0.34915693904
1803 0.32402503611
1804 0.339270710805
1805 0.344980777446
1806 0.324389460154
1807 0.339784584315
1808 0.32580280781
1809 0.343688824581
1810 0.342435549525
1811 0.342087427991
1812 0.341537680792
1813 0.340673247279
1814 0.34577838671
1815 0.324077046549
1816 0.324676368899
1817 0.342871699074
1818 0.34281348162
1819 0.324754704842
1820 0.341653270158
1821 0.352448284891
1822 0.339755994952
1823 0.324441587659
1824 0.342871699074
1825 0.350338365435
1826 0.339784584315
1827 0.342000508173
1828 0.345719178082
1829 0.350247202706
1830 0.324259214647
1831 0.340472175379
1832 0.288325598001
1833 0.325068426984
1834 0.344804030399
1835 0.323739276838
1836 0.349701221096
1837 0.343192248853
1838 0.324885348781
1839 0.323869104909
1840 0.34389371487
1841 0.32410305803
1842 0.34090333474
1843 0.342697106
1844 0.340443470196
1845 0.352972027972
1846 0.342697106
1847 0.344186839414
1848 0.33941329747
1849 0.349670938691
1850 0.342638947815
1851 0.349307958478
1852 0.303700361011
1853 0.343308961061
1854 0.340472175379
1855 0.323765234124
1856 0.325277912035
1857 0.339071290621
1858 0.341537680792
1859 0.324859211585
1860 0.341335587489
1861 0.324780825223
1862 0.35778841042
1863 0.347474399793
1864 0.343835149864
1865 0.343542623788
1866 0.32399903715
1867 0.339441829186
1868 0.342784380306
1869 0.342726192497
1870 0.324285255381
1871 0.349549861496
1872 0.353342667133
1873 0.341451040081
1874 0.283667017914
1875 0.324155093522
1876 0.333333333333
1877 0.327387708772
1878 0.340874556812
1879 0.35009537021
1880 0.343513398554
1881 0.324545892943
1882 0.350338365435
1883 0.351589029168
1884 0.343367346939
1885 0.325042260324
1886 0.325907990315
1887 0.342174392001
1888 0.324441587659
1889 0.34675826535
1890 0.32410305803
1891 0.323869104909
1892 0.341076104401
1893 0.32402503611
1894 0.351222057928
1895 0.35055126313
1896 0.324728588661
1897 0.323973042362
1898 0.329202674058
1899 0.342174392001
1900 0.351742160279
1901 0.324519810335
1902 0.324911490183
1903 0.343133922502
1904 0.340615773935
1905 0.324728588661
1906 0.324051039242
1907 0.324911490183
1908 0.349549861496
1909 0.324389460154
1910 0.300535873772
1911 0.324754704842
1912 0.345659989728
1913 0.411201629328
1914 0.302403954168
1915 0.29256629474
1916 0.291678705576
1917 0.306768973638
1918 0.295650900571
1919 0.296693607641
1920 0.294809082281
1921 0.307985660895
1922 0.327972709552
1923 0.29176300578
1924 0.294508059223
1925 0.291510251227
1926 0.295975958367
1927 0.307797850446
1928 0.294443634242
1929 0.29203731829
1930 0.29470150343
1931 0.29176300578
1932 0.294121931677
1933 0.317977793527
1934 0.291657638137
1935 0.291720849588
1936 0.29465849387
1937 0.291952859518
1938 0.291489208114
1939 0.295629255436
1940 0.295585974672
1941 0.317752596789
1942 0.309377873123
1943 0.292375642604
1944 0.295715854998
1945 0.293886462882
1946 0.308857273979
1947 0.29560761347
1948 0.325697693176
1949 0.307633704099
1950 0.291615512385
1951 0.291805174158
1952 0.295369760808
1953 0.292016199016
1954 0.294121931677
1955 0.317777602896
1956 0.317203456402
1957 0.291573398801
1958 0.292375642604
1959 0.292269832079
1960 0.306955530217
1961 0.243179765131
1962 0.29328878559
1963 0.29554270658
1964 0.29328878559
1965 0.316135598528
1966 0.293630017452
1967 0.295304958315
1968 0.321011209158
1969 0.294336321889
1970 0.291531297379
1971 0.29348063086
1972 0.295283363803
1973 0.29521859921
1974 0.295521077283
1975 0.293331396194
1976 0.292269832079
1977 0.294594003064
1978 0.293331396194
1979 0.291805174158
1980 0.295283363803
1981 0.293118466899
1982 0.294723012919
1983 0.292016199016
1984 0.295845849513
1985 0.295326555986
1986 0.296562867215
1987 0.294744525547
1988 0.294186215941
1989 0.291952859518
1990 0.293459302326
1991 0.291910648449
1992 0.29470150343
1993 0.29169977606
1994 0.295867526377
1995 0.305376994631
1996 0.29502447578
1997 0.291468168038
1998 0.294379237443
1999 0.294809082281
2000 0.293972044263
2001 0.29222752931
2002 0.295283363803
2003 0.305839581913
2004 0.303609022556
2005 0.295067592254
2006 0.294830607477
2007 0.292629900717
2008 0.309472716125
2009 0.291594454073
2010 0.268448344635
2011 0.306885544916
2012 0.332345679012
2013 0.291847354727
2014 0.292016199016
2015 0.291720849588
2016 0.291531297379
2017 0.291910648449
2018 0.29155234657
2019 0.294830607477
2020 0.291931752458
2021 0.294895201928
2022 0.292121825942
2023 0.29299085764
2024 0.29371544952
2025 0.295132290601
2026 0.292523906114
2027 0.316954474097
2028 0.267275615568
2029 0.307586837294
2030 0.292523906114
2031 0.295521077283
2032 0.305238491194
2033 0.308880899564
2034 0.29521859921
2035 0.291573398801
2036 0.293779556202
2037 0.29371544952
2038 0.295283363803
2039 0.308079652094
2040 0.306768973638
2041 0.294852135816
2042 0.291615512385
2043 0.318128102104
2044 0.295240184251
2045 0.292079566004
2046 0.295283363803
2047 0.294143356643
2048 0.30897543806
2049 0.2936086672
2050 0.292269832079
2051 0.291995082797
2052 0.29163657374
2053 0.307376113268
2054 0.306838905775
2055 0.318103040807
2056 0.29307591813
2057 0.293993447397
2058 0.27098852426
2059 0.293182313222
2060 0.295715854998
2061 0.293865075322
2062 0.292927094668
2063 0.303860335616
2064 0.294529540481
2065 0.295521077283
2066 0.302200269421
2067 0.293395335319
2068 0.29222752931
2069 0.308739200245
2070 0.295261772448
2071 0.291720849588
2072 0.308103158859
2073 0.30829134219
2074 0.295759173808
2075 0.29495982469
2076 0.294551024874
2077 0.29176300578
2078 0.294186215941
2079 0.295954265611
2080 0.291405066032
2081 0.29169977606
2082 0.309496435962
2083 0.291826262918
2084 0.294723012919
2085 0.294551024874
2086 0.293972044263
2087 0.294486581097
2088 0.318103040807
2089 0.295759173808
2090 0.291931752458
2091 0.295629255436
2092 0.293907853556
2093 0.250900956878
2094 0.295304958315
2095 0.291531297379
2096 0.294809082281
2097 0.291973969631
2098 0.292375642604
2099 0.294014853648
2100 0.292164098112
2101 0.291573398801
2102 0.303837471783
2103 0.308526894866
2104 0.295521077283
2105 0.295369760808
2106 0.291678705576
2107 0.291468168038
2108 0.292312147097
2109 0.29502447578
2110 0.294379237443
2111 0.264838984718
2112 0.332729070534
2113 0.295002922268
2114 0.291657638137
2115 0.291784088446
2116 0.294443634242
2117 0.295434591747
2118 0.308739200245
2119 0.295585974672
2120 0.29176300578
2121 0.291931752458
2122 0.294938280622
2123 0.294615496863
2124 0.295932576035
2125 0.295175438596
2126 0.307868252516
2127 0.294486581097
2128 0.307938686799
2129 0.317153628652
2130 0.292248679163
2131 0.291720849588
2132 0.295824175824
2133 0.307189045264
2134 0.308999081726
2135 0.306048203729
2136 0.306466302368
2137 0.293054648378
2138 0.304961860887
2139 0.307680585187
2140 0.295326555986
2141 0.295175438596
2142 0.293758184199
2143 0.296410482273
2144 0.307633704099
2145 0.306745670009
2146 0.268341307815
2147 0.292016199016
2148 0.25015487548
2149 0.307189045264
2150 0.30815018315
2151 0.297480477383
2152 0.306885544916
2153 0.291826262918
2154 0.308691996025
2155 0.294981371904
2156 0.278367572039
2157 0.292058440619
2158 0.294508059223
2159 0.29163657374
2160 0.292905846511
2161 0.291995082797
2162 0.295240184251
2163 0.293501962495
2164 0.304318335971
2165 0.293437976891
2166 0.29425052831
2167 0.291657638137
2168 0.291489208114
2169 0.291447131
2170 0.30770403109
2171 0.29176300578
2172 0.295089155218
2173 0.295737512817
2174 0.292121825942
2175 0.308079652094
2176 0.291678705576
2177 0.307563409247
2178 0.291805174158
2179 0.291447131
2180 0.293501962495
2181 0.308079652094
2182 0.291805174158
2183 0.291615512385
2184 0.307493146512
2185 0.295564339043
2186 0.304341272234
2187 0.2936086672
2188 0.308904528764
2189 0.295737512817
2190 0.307915205124
2191 0.295110721333
2192 0.306141015921
2193 0.257805018196
2194 0.291784088446
2195 0.306605922551
2196 0.291405066032
2197 0.307727480567
2198 0.293651370809
2199 0.304524886878
2200 0.328506345591
2201 0.295240184251
2202 0.295650900571
2203 0.294615496863
2204 0.30770403109
2205 0.291468168038
2206 0.291805174158
2207 0.296084469864
2208 0.291973969631
2209 0.292185238784
2210 0.294121931677
2211 0.29371544952
2212 0.294529540481
2213 0.294486581097
2214 0.293672727273
2215 0.293865075322
2216 0.305192351296
2217 0.294357778102
2218 0.291720849588
2219 0.295910889638
2220 0.293246187364
2221 0.295694200351
2222 0.261799792531
2223 0.267328699106
2224 0.308103158859
2225 0.308220746508
2226 0.26602542987
2227 0.294465106104
2228 0.291594454073
2229 0.293950644245
2230 0.296106181712
2231 0.291657638137
2232 0.292269832079
2233 0.295002922268
2234 0.298227474151
2235 0.292142960498
2236 0.293501962495
2237 0.293950644245
2238 0.294121931677
2239 0.29169977606
2240 0.289068652015
2241 0.295889206419
2242 0.307750933618
2243 0.294186215941
2244 0.29320360151
2245 0.295802505311
2246 0.291531297379
2247 0.307118953453
2248 0.308197221798
2249 0.291868449584
2250 0.292079566004
2251 0.30789172703
2252 0.29163657374
2253 0.291910648449
2254 0.2948736673
2255 0.306605922551
2256 0.291594454073
2257 0.293331396194
2258 0.294895201928
2259 0.29258749366
2260 0.293054648378
2261 0.291931752458
2262 0.294271972016
2263 0.291784088446
2264 0.291594454073
2265 0.307072243346
2266 0.29348063086
2267 0.306862223573
2268 0.307305936073
2269 0.308526894866
2270 0.291405066032
2271 0.291805174158
2272 0.295391367959
2273 0.29222752931
2274 0.306001818733
2275 0.292629900717
2276 0.295477828187
2277 0.294809082281
2278 0.291847354727
2279 0.296999117387
2280 0.307516563857
2281 0.293224892891
2282 0.291573398801
2283 0.308786418903
2284 0.32861328125
2285 0.2948736673
2286 0.303449312392
2287 0.291995082797
2288 0.294679997081
2289 0.293822309539
2290 0.309164688768
2291 0.295456208385
2292 0.293565976009
2293 0.308833652008
2294 0.303494926719
2295 0.307821314225
2296 0.30406626506
2297 0.293993447397
2298 0.294379237443
2299 0.302109830914
2300 0.296541088345
2301 0.294207650273
2302 0.29163657374
2303 0.307329324911
2304 0.292164098112
2305 0.29502447578
2306 0.291910648449
2307 0.293929247343
2308 0.294486581097
2309 0.294895201928
2310 0.295845849513
2311 0.293800931315
2312 0.292545098892
2313 0.292079566004
2314 0.295197017326
2315 0.291889547492
2316 0.305793260129
2317 0.291657638137
2318 0.293907853556
2319 0.294100509832
2320 0.308314881271
2321 0.291720849588
2322 0.29155234657
2323 0.294293418847
2324 0.295434591747
2325 0.295824175824
2326 0.305885917734
2327 0.295348156817
2328 0.307352717309
2329 0.309022729012
2330 0.294143356643
2331 0.305215419501
2332 0.295650900571
2333 0.306443044699
2334 0.308928161579
2335 0.294551024874
2336 0.293907853556
2337 0.308951798011
2338 0.294379237443
2339 0.306629204951
2340 0.295391367959
2341 0.295824175824
2342 0.292079566004
2343 0.293843690875
2344 0.30672236992
2345 0.307774390244
2346 0.294551024874
2347 0.292312147097
2348 0.310998151571
2349 0.294809082281
2350 0.291805174158
2351 0.293865075322
2352 0.30672236992
2353 0.295067592254
2354 0.293331396194
2355 0.295369760808
2356 0.304570825162
2357 0.295197017326
2358 0.291784088446
2359 0.291678705576
2360 0.294615496863
2361 0.29169977606
2362 0.25741059476
2363 0.293779556202
2364 0.295110721333
2365 0.295089155218
2366 0.294766041317
2367 0.294057675502
2368 0.294486581097
2369 0.306838905775
2370 0.297480477383
2371 0.294895201928
2372 0.293950644245
2373 0.306536096561
2374 0.29169977606
2375 0.295110721333
2376 0.291573398801
2377 0.295391367959
2378 0.306048203729
2379 0.295046032442
2380 0.292396813903
2381 0.291510251227
2382 0.29702096359
2383 0.291426096998
2384 0.29203731829
2385 0.314461490538
2386 0.305376994631
2387 0.294486581097
2388 0.292693534358
2389 0.291573398801
2390 0.302698650675
2391 0.292927094668
2392 0.293054648378
2393 0.293565976009
2394 0.29222752931
2395 0.307189045264
2396 0.295348156817
2397 0.312562891865
2398 0.29222752931
2399 0.306932198237
2400 0.306233884423
2401 0.293758184199
2402 0.291826262918
2403 0.29176300578
2404 0.291847354727
2405 0.295153863022
2406 0.291910648449
2407 0.294164784731
2408 0.293395335319
2409 0.294787560228
2410 0.295369760808
2411 0.296041055718
2412 0.292164098112
2413 0.292100694444
2414 0.302403954168
2415 0.297239602503
2416 0.261477692158
2417 0.294100509832
2418 0.305770104498
2419 0.293972044263
2420 0.307376113268
2421 0.305885917734
2422 0.29155234657
2423 0.29155234657
2424 0.295046032442
2425 0.291720849588
2426 0.294036263016
2427 0.291784088446
2428 0.292164098112
2429 0.29560761347
2430 0.293501962495
2431 0.29470150343
2432 0.29155234657
2433 0.292396813903
2434 0.294723012919
2435 0.295521077283
2436 0.292079566004
2437 0.307422915874
2438 0.291489208114
2439 0.295067592254
2440 0.291657638137
2441 0.293907853556
2442 0.291531297379
2443 0.291468168038
2444 0.292100694444
2445 0.291720849588
2446 0.305746952374
2447 0.29495982469
2448 0.295046032442
2449 0.293865075322
2450 0.292523906114
2451 0.29169977606
2452 0.307844781581
2453 0.29176300578
2454 0.293587320052
2455 0.291868449584
2456 0.291784088446
2457 0.291615512385
2458 0.291405066032
2459 0.30672236992
2460 0.295110721333
2461 0.295175438596
2462 0.30812666921
2463 0.293630017452
2464 0.308197221798
2465 0.295845849513
2466 0.305284645044
2467 0.291615512385
2468 0.294271972016
2469 0.30789172703
2470 0.294465106104
2471 0.291405066032
2472 0.308338423946
2473 0.306048203729
2474 0.292820884699
2475 0.292058440619
2476 0.307422915874
2477 0.29222752931
2478 0.293865075322
2479 0.310998151571
2480 0.294508059223
2481 0.292164098112
2482 0.291447131
2483 0.295002922268
2484 0.291447131
2485 0.294186215941
2486 0.294422165512
2487 0.291847354727
2488 0.291573398801
2489 0.293972044263
2490 0.293800931315
2491 0.291720849588
2492 0.30829134219
2493 0.295326555986
2494 0.29163657374
2495 0.294465106104
2496 0.294615496863
2497 0.301951693711
2498 0.292016199016
2499 0.307352717309
2500 0.29348063086
2501 0.295348156817
2502 0.303586196527
2503 0.288572857858
2504 0.291826262918
2505 0.29470150343
2506 0.29326748493
2507 0.294164784731
2508 0.295889206419
2509 0.307680585187
2510 0.308267806703
2511 0.308691996025
2512 0.308574048602
2513 0.307516563857
2514 0.291741926161
2515 0.29337401918
2516 0.291678705576
2517 0.306141015921
2518 0.293310089344
2519 0.292927094668
2520 0.302698650675
2521 0.29502447578
2522 0.294529540481
2523 0.293587320052
2524 0.291805174158
2525 0.291826262918
2526 0.294057675502
2527 0.297414745526
2528 0.291489208114
2529 0.291594454073
2530 0.305978631507
2531 0.302403954168
2532 0.293972044263
2533 0.293736815305
2534 0.306768973638
2535 0.291910648449
2536 0.291657638137
2537 0.292842120531
2538 0.295672548876
2539 0.2948736673
2540 0.294486581097
2541 0.293865075322
2542 0.291426096998
2543 0.305978631507
2544 0.319917604183
2545 0.304410101772
2546 0.291657638137
2547 0.294594003064
2548 0.306559368357
2549 0.291615512385
2550 0.294895201928
2551 0.296759021092
2552 0.295110721333
2553 0.293843690875
2554 0.295175438596
2555 0.295175438596
2556 0.308314881271
2557 0.294357778102
2558 0.294036263016
2559 0.291910648449
2560 0.295046032442
2561 0.295975958367
2562 0.294895201928
2563 0.291741926161
2564 0.293822309539
2565 0.29560761347
2566 0.291468168038
2567 0.293865075322
2568 0.306862223573
2569 0.291720849588
2570 0.291405066032
2571 0.291889547492
2572 0.294400699913
2573 0.292142960498
2574 0.294766041317
2575 0.293672727273
2576 0.294529540481
2577 0.249845316174
2578 0.291868449584
2579 0.29502447578
2580 0.293993447397
2581 0.291615512385
2582 0.292121825942
2583 0.307329324911
2584 0.29465849387
2585 0.291826262918
2586 0.294443634242
2587 0.295585974672
2588 0.291847354727
2589 0.307095596623
2590 0.307025547445
2591 0.295737512817
2592 0.293544635068
2593 0.307118953453
2594 0.295477828187
2595 0.30609460279
2596 0.291447131
2597 0.291405066032
2598 0.306605922551
2599 0.309283088235
2600 0.291847354727
2601 0.295412978272
2602 0.295650900571
2603 0.295824175824
2604 0.295046032442
2605 0.295715854998
2606 0.302200269421
2607 0.293118466899
2608 0.297436652917
2609 0.306466302368
2610 0.30498489426
2611 0.294400699913
2612 0.29601935342
2613 0.329175837613
2614 0.292100694444
2615 0.291805174158
2616 0.295499451153
2617 0.307352717309
2618 0.307915205124
2619 0.293736815305
2620 0.295089155218
2621 0.294723012919
2622 0.291573398801
2623 0.291847354727
2624 0.294357778102
2625 0.29560761347
2626 0.295499451153
2627 0.292269832079
2628 0.266060486262
2629 0.29203731829
2630 0.308409073551
2631 0.29521859921
2632 0.293993447397
2633 0.291594454073
2634 0.249028677151
2635 0.291531297379
2636 0.294079091108
2637 0.294766041317
2638 0.294143356643
2639 0.295046032442
2640 0.292651108856
2641 0.295175438596
2642 0.291973969631
2643 0.30812666921
2644 0.307680585187
2645 0.292058440619
2646 0.292757195679
2647 0.296193060955
2648 0.295002922268
2649 0.292927094668
2650 0.308267806703
2651 0.29176300578
2652 0.293395335319
2653 0.292927094668
2654 0.306862223573
2655 0.294723012919
2656 0.295089155218
2657 0.291805174158
2658 0.29299085764
2659 0.294357778102
2660 0.294852135816
2661 0.294508059223
2662 0.296171336365
2663 0.290796485669
2664 0.290524498165
2665 0.291973969631
2666 0.291215923842
2667 0.249737151339
2668 0.290023701788
2669 0.290440912033
2670 0.29422908773
2671 0.289898772345
2672 0.289628460766
2673 0.293929247343
2674 0.290524498165
2675 0.295348156817
2676 0.2909012319
2677 0.291741926161
2678 0.295954265611
2679 0.290357373984
2680 0.316532100024
2681 0.291110950905
2682 0.290461804057
2683 0.289836347976
2684 0.293587320052
2685 0.290420023015
2686 0.289773950484
2687 0.290232156975
2688 0.290211297973
2689 0.28973236708
2690 0.291447131
2691 0.290211297973
2692 0.289566152743
2693 0.289794746663
2694 0.293523297231
2695 0.292185238784
2696 0.28975315729
2697 0.289919586445
2698 0.291510251227
2699 0.293800931315
2700 0.289773950484
2701 0.289836347976
2702 0.291468168038
2703 0.290232156975
2704 0.289877961235
2705 0.295672548876
2706 0.290315622978
2707 0.291363013204
2708 0.29337401918
2709 0.290253018976
2710 0.28975315729
2711 0.290023701788
2712 0.334465335873
2713 0.293182313222
2714 0.29033649698
2715 0.289670014347
2716 0.290190441969
2717 0.336977384628
2718 0.291131939438
2719 0.290733674131
2720 0.295889206419
2721 0.292100694444
2722 0.289628460766
2723 0.289566152743
2724 0.289857153112
2725 0.292121825942
2726 0.290378253991
2727 0.289877961235
2728 0.289773950484
2729 0.290482699086
2730 0.29320360151
2731 0.291847354727
2732 0.292290988056
2733 0.289670014347
2734 0.2936086672
2735 0.290608132422
2736 0.29010704792
2737 0.289628460766
2738 0.290232156975
2739 0.293865075322
2740 0.29033649698
2741 0.295672548876
2742 0.293182313222
2743 0.296671809566
2744 0.29062904851
2745 0.289940403533
2746 0.290524498165
2747 0.289836347976
2748 0.289794746663
2749 0.294036263016
2750 0.292863359443
2751 0.293950644245
2752 0.291341991342
2753 0.29033649698
2754 0.292523906114
2755 0.29470150343
2756 0.29422908773
2757 0.292651108856
2758 0.291741926161
2759 0.290985083231
2760 0.290420023015
2761 0.290294751977
2762 0.29033649698
2763 0.289961223611
2764 0.29326748493
2765 0.29470150343
2766 0.318479375345
2767 0.289794746663
2768 0.289628460766
2769 0.290440912033
2770 0.289773950484
2771 0.294551024874
2772 0.289815545826
2773 0.290273883977
2774 0.293182313222
2775 0.289628460766
2776 0.291215923842
2777 0.289628460766
2778 0.291573398801
2779 0.295997654303
2780 0.290190441969
2781 0.293630017452
2782 0.295477828187
2783 0.29422908773
2784 0.293950644245
2785 0.290524498165
2786 0.292333309201
2787 0.294314868805
2788 0.292290988056
2789 0.289545389359
2790 0.292079566004
2791 0.289670014347
2792 0.289773950484
2793 0.289566152743
2794 0.340932117528
2795 0.290190441969
2796 0.291236927515
2797 0.294895201928
2798 0.290357373984
2799 0.289566152743
2800 0.289670014347
2801 0.293630017452
2802 0.289711579854
2803 0.29010704792
2804 0.291384038101
2805 0.28975315729
2806 0.289670014347
2807 0.290775545474
2808 0.290211297973
2809 0.289566152743
2810 0.291847354727
2811 0.294916739702
2812 0.291068982916
2813 0.290044533831
2814 0.290775545474
2815 0.312103880043
2816 0.292948345908
2817 0.289940403533
2818 0.289607688446
2819 0.290023701788
2820 0.291447131
2821 0.289815545826
2822 0.290023701788
2823 0.29348063086
2824 0.290796485669
2825 0.289628460766
2826 0.290754608295
2827 0.292799651947
2828 0.293736815305
2829 0.319209486166
2830 0.290378253991
2831 0.290420023015
2832 0.289898772345
2833 0.290378253991
2834 0.295694200351
2835 0.289690795609
2836 0.290691814844
2837 0.290211297973
2838 0.289794746663
2839 0.312466145632
2840 0.29502447578
2841 0.2936086672
2842 0.290608132422
2843 0.289524628952
2844 0.29033649698
2845 0.290587219344
2846 0.290524498165
2847 0.290670889721
2848 0.289773950484
2849 0.291720849588
2850 0.295759173808
2851 0.29081742888
2852 0.290211297973
2853 0.28975315729
2854 0.293630017452
2855 0.290503597122
2856 0.290985083231
2857 0.293310089344
2858 0.289545389359
2859 0.289877961235
2860 0.290190441969
2861 0.289566152743
2862 0.28973236708
2863 0.293437976891
2864 0.296323475453
2865 0.291847354727
2866 0.29033649698
2867 0.293800931315
2868 0.306466302368
2869 0.290211297973
2870 0.297414745526
2871 0.289982046679
2872 0.290754608295
2873 0.293736815305
2874 0.293694086843
2875 0.291006053618
2876 0.294981371904
2877 0.291236927515
2878 0.316086105675
2879 0.290211297973
2880 0.289836347976
2881 0.291826262918
2882 0.293972044263
2883 0.28973236708
2884 0.29470150343
2885 0.289649236066
2886 0.312466145632
2887 0.289711579854
2888 0.290754608295
2889 0.289836347976
2890 0.289898772345
2891 0.294014853648
2892 0.292312147097
2893 0.292651108856
2894 0.289690795609
2895 0.2659728626
2896 0.289711579854
2897 0.291257934218
2898 0.29104800346
2899 0.289690795609
2900 0.289628460766
2901 0.28973236708
2902 0.293822309539
2903 0.289649236066
2904 0.289898772345
2905 0.29299085764
2906 0.293907853556
2907 0.294293418847
2908 0.290232156975
2909 0.290482699086
2910 0.293779556202
2911 0.291952859518
2912 0.291447131
2913 0.29320360151
2914 0.314265701611
2915 0.291089965398
2916 0.315493397922
2917 0.295715854998
2918 0.289898772345
2919 0.289940403533
2920 0.29169977606
2921 0.291784088446
2922 0.291006053618
2923 0.289566152743
2924 0.289961223611
2925 0.290587219344
2926 0.291784088446
2927 0.289711579854
2928 0.294121931677
2929 0.293993447397
2930 0.292884601436
2931 0.289670014347
2932 0.29309719097
2933 0.290712742981
2934 0.289815545826
2935 0.289919586445
2936 0.289773950484
2937 0.293012118134
2938 0.292502716407
2939 0.290148738952
2940 0.295564339043
2941 0.29155234657
2942 0.289982046679
2943 0.289815545826
2944 0.291931752458
2945 0.294400699913
2946 0.292608695652
2947 0.291215923842
2948 0.290065368867
2949 0.289961223611
2950 0.289919586445
2951 0.294916739702
2952 0.319512581105
2953 0.289566152743
2954 0.29258749366
2955 0.289794746663
2956 0.29062904851
2957 0.294379237443
2958 0.289815545826
2959 0.292417988269
2960 0.289857153112
2961 0.292142960498
2962 0.28975315729
2963 0.290566309275
2964 0.289836347976
2965 0.290985083231
2966 0.291384038101
2967 0.307422915874
2968 0.290608132422
2969 0.293907853556
2970 0.29169977606
2971 0.294766041317
2972 0.289877961235
2973 0.289857153112
2974 0.293758184199
2975 0.291236927515
2976 0.289566152743
2977 0.294679997081
2978 0.290440912033
2979 0.290273883977
2980 0.293843690875
2981 0.289607688446
2982 0.290002872738
2983 0.289815545826
2984 0.289857153112
2985 0.290482699086
2986 0.291257934218
2987 0.292100694444
2988 0.29248152977
2989 0.293310089344
2990 0.292863359443
2991 0.290232156975
2992 0.295110721333
2993 0.29326748493
2994 0.293118466899
2995 0.291594454073
2996 0.29010704792
2997 0.290712742981
2998 0.289794746663
2999 0.289566152743
3000 0.290357373984
3001 0.29425052831
3002 0.291110950905
3003 0.291784088446
3004 0.312466145632
3005 0.29155234657
3006 0.295046032442
3007 0.289545389359
3008 0.292185238784
3009 0.289836347976
3010 0.290023701788
3011 0.290420023015
3012 0.29104800346
3013 0.28973236708
3014 0.290608132422
3015 0.292842120531
3016 0.290002872738
3017 0.290357373984
3018 0.294895201928
3019 0.29033649698
3020 0.292651108856
3021 0.294679997081
3022 0.293139745917
3023 0.293800931315
3024 0.290253018976
3025 0.290086206897
3026 0.293054648378
3027 0.32224084271
3028 0.292884601436
3029 0.28975315729
3030 0.29104800346
3031 0.289919586445
3032 0.289524628952
3033 0.289982046679
3034 0.294207650273
3035 0.291173925584
3036 0.318755920429
3037 0.29248152977
3038 0.289566152743
3039 0.30422662548
3040 0.290127891938
3041 0.291173925584
3042 0.291741926161
3043 0.290608132422
3044 0.289877961235
3045 0.289649236066
3046 0.289670014347
3047 0.291952859518
3048 0.29320360151
3049 0.293246187364
3050 0.320603414053
3051 0.290065368867
3052 0.338190954774
3053 0.293139745917
3054 0.289711579854
3055 0.291973969631
3056 0.289628460766
3057 0.291678705576
3058 0.290399137001
3059 0.290253018976
3060 0.289607688446
3061 0.295326555986
3062 0.289815545826
3063 0.290838375108
3064 0.28973236708
3065 0.291573398801
3066 0.290943151524
3067 0.289794746663
3068 0.289961223611
3069 0.289836347976
3070 0.289836347976
3071 0.29337401918
3072 0.289524628952
3073 0.292312147097
3074 0.291531297379
3075 0.289628460766
3076 0.290503597122
3077 0.295456208385
3078 0.291131939438
3079 0.320450757876
3080 0.29256629474
3081 0.29010704792
3082 0.290044533831
3083 0.302200269421
3084 0.289711579854
3085 0.317402924069
3086 0.290922190202
3087 0.290461804057
3088 0.2909012319
3089 0.291131939438
3090 0.292269832079
3091 0.294443634242
3092 0.289628460766
3093 0.289982046679
3094 0.289898772345
3095 0.291278943952
3096 0.290232156975
3097 0.293758184199
3098 0.292863359443
3099 0.29348063086
3100 0.289711579854
3101 0.294615496863
3102 0.338587959081
3103 0.294895201928
3104 0.291468168038
3105 0.293907853556
3106 0.28975315729
3107 0.292884601436
3108 0.292842120531
3109 0.291152930997
3110 0.290482699086
3111 0.290148738952
3112 0.298161411799
3113 0.293395335319
3114 0.293182313222
3115 0.293054648378
3116 0.295391367959
3117 0.296301731729
3118 0.337456125689
3119 0.290733674131
3120 0.293395335319
3121 0.293886462882
3122 0.289586919105
3123 0.289690795609
3124 0.292375642604
3125 0.293993447397
3126 0.289545389359
3127 0.289670014347
3128 0.289628460766
3129 0.289711579854
3130 0.290566309275
3131 0.290023701788
3132 0.289670014347
3133 0.295867526377
3134 0.28973236708
3135 0.289545389359
3136 0.290294751977
3137 0.292545098892
3138 0.293118466899
3139 0.29010704792
3140 0.292121825942
3141 0.292778422274
3142 0.28973236708
3143 0.291173925584
3144 0.289586919105
3145 0.289857153112
3146 0.294723012919
3147 0.293630017452
3148 0.289607688446
3149 0.291594454073
3150 0.291615512385
3151 0.318705603788
3152 0.290190441969
3153 0.319866920152
3154 0.28973236708
3155 0.293929247343
3156 0.289857153112
3157 0.289773950484
3158 0.289877961235
3159 0.293033381713
3160 0.289836347976
3161 0.291657638137
3162 0.289649236066
3163 0.291847354727
3164 0.290461804057
3165 0.29062904851
3166 0.290482699086
3167 0.292714751722
3168 0.289857153112
3169 0.292164098112
3170 0.293630017452
3171 0.293822309539
3172 0.290086206897
3173 0.294852135816
3174 0.312659698026
3175 0.291995082797
3176 0.289628460766
3177 0.290273883977
3178 0.290461804057
3179 0.29033649698
3180 0.295412978272
3181 0.289670014347
3182 0.289670014347
3183 0.294895201928
3184 0.289524628952
3185 0.292927094668
3186 0.345275758871
3187 0.293779556202
3188 0.290232156975
3189 0.292608695652
3190 0.290127891938
3191 0.289773950484
3192 0.291889547492
3193 0.290044533831
3194 0.290086206897
3195 0.290044533831
3196 0.293865075322
3197 0.290545402216
3198 0.289857153112
3199 0.31979092421
3200 0.291426096998
3201 0.28973236708
3202 0.317278227391
3203 0.289919586445
3204 0.290482699086
3205 0.292079566004
3206 0.290566309275
3207 0.293139745917
3208 0.290670889721
3209 0.289836347976
3210 0.29064996761
3211 0.289815545826
3212 0.290044533831
3213 0.292121825942
3214 0.292651108856
3215 0.292312147097
3216 0.291889547492
3217 0.289649236066
3218 0.289628460766
3219 0.289690795609
3220 0.290733674131
3221 0.290691814844
3222 0.290065368867
3223 0.293694086843
3224 0.290420023015
3225 0.292375642604
3226 0.293822309539
3227 0.293822309539
3228 0.289607688446
3229 0.290712742981
3230 0.289815545826
3231 0.289524628952
3232 0.29010704792
3233 0.294379237443
3234 0.29203731829
3235 0.292142960498
3236 0.291720849588
3237 0.289961223611
3238 0.290712742981
3239 0.292693534358
3240 0.293352706139
3241 0.292820884699
3242 0.290086206897
3243 0.289836347976
3244 0.290357373984
3245 0.289794746663
3246 0.294014853648
3247 0.289794746663
3248 0.319968304279
3249 0.293672727273
3250 0.289794746663
3251 0.290712742981
3252 0.289690795609
3253 0.316904724533
3254 0.292460346201
3255 0.291173925584
3256 0.290399137001
3257 0.290838375108
3258 0.292778422274
3259 0.2948736673
3260 0.290566309275
3261 0.314510475894
3262 0.315987166445
3263 0.290190441969
3264 0.295521077283
3265 0.290357373984
3266 0.296541088345
3267 0.289670014347
3268 0.295650900571
3269 0.289545389359
3270 0.289690795609
3271 0.289628460766
3272 0.289607688446
3273 0.294422165512
3274 0.290065368867
3275 0.294636993798
3276 0.290127891938
3277 0.290357373984
3278 0.295326555986
3279 0.298051372896
3280 0.290044533831
3281 0.32108778626
3282 0.289773950484
3283 0.289545389359
3284 0.289836347976
3285 0.291468168038
3286 0.290357373984
3287 0.290044533831
3288 0.294207650273
3289 0.319714964371
3290 0.293565976009
3291 0.312805019754
3292 0.29495982469
3293 0.289940403533
3294 0.293246187364
3295 0.290232156975
3296 0.291341991342
3297 0.292290988056
3298 0.295412978272
3299 0.292016199016
3300 0.337061769616
3301 0.290357373984
3302 0.29258749366
3303 0.291510251227
3304 0.292842120531
3305 0.291363013204
3306 0.289607688446
3307 0.291384038101
3308 0.289919586445
3309 0.289690795609
3310 0.289877961235
3311 0.289607688446
3312 0.28973236708
3313 0.289877961235
3314 0.292333309201
3315 0.289836347976
3316 0.289794746663
3317 0.29267232007
3318 0.289649236066
3319 0.289919586445
3320 0.291510251227
3321 0.295780837972
3322 0.292693534358
3323 0.289670014347
3324 0.289649236066
3325 0.293950644245
3326 0.289898772345
3327 0.289919586445
3328 0.291973969631
3329 0.289961223611
3330 0.290482699086
3331 0.294293418847
3332 0.291152930997
3333 0.293331396194
3334 0.289649236066
3335 0.289690795609
3336 0.302744039586
3337 0.289649236066
3338 0.290232156975
3339 0.289690795609
3340 0.293886462882
3341 0.290002872738
3342 0.290190441969
3343 0.318932153858
3344 0.289815545826
3345 0.293822309539
3346 0.292608695652
3347 0.290420023015
3348 0.295369760808
3349 0.293694086843
3350 0.28975315729
3351 0.295802505311
3352 0.295975958367
3353 0.290065368867
3354 0.292545098892
3355 0.289690795609
3356 0.29309719097
3357 0.289919586445
3358 0.290044533831
3359 0.28975315729
3360 0.290065368867
3361 0.295585974672
3362 0.29348063086
3363 0.293694086843
3364 0.295132290601
3365 0.29320360151
3366 0.290482699086
3367 0.29176300578
3368 0.28975315729
3369 0.289690795609
3370 0.290420023015
3371 0.289628460766
3372 0.289815545826
3373 0.289649236066
3374 0.290190441969
3375 0.289836347976
3376 0.289586919105
3377 0.289670014347
3378 0.290294751977
3379 0.294594003064
3380 0.290440912033
3381 0.289961223611
3382 0.292629900717
3383 0.289857153112
3384 0.289877961235
3385 0.293012118134
3386 0.298227474151
3387 0.293352706139
3388 0.294186215941
3389 0.289711579854
3390 0.289670014347
3391 0.290503597122
3392 0.293331396194
3393 0.29010704792
3394 0.291784088446
3395 0.29062904851
3396 0.290524498165
3397 0.294981371904
3398 0.294830607477
3399 0.289690795609
3400 0.290691814844
3401 0.292417988269
3402 0.289670014347
3403 0.289815545826
3404 0.294465106104
3405 0.290754608295
3406 0.289794746663
3407 0.293651370809
3408 0.289545389359
3409 0.289545389359
3410 0.294100509832
3411 0.290315622978
3412 0.295348156817
3413 0.291405066032
3414 0.289566152743
3415 0.289898772345
3416 0.290315622978
3417 0.336247814139
3418 0.318178236546
3419 0.28973236708
3420 0.295434591747
3421 0.290273883977
3422 0.290273883977
3423 0.294164784731
3424 0.289836347976
3425 0.289670014347
3426 0.28973236708
3427 0.302562565563
3428 0.289690795609
3429 0.289670014347
3430 0.289607688446
3431 0.290190441969
3432 0.291615512385
3433 0.289940403533
3434 0.291152930997
3435 0.296475770925
3436 0.293012118134
3437 0.289649236066
3438 0.314731098987
3439 0.239729280456
3440 0.239515985527
3441 0.27919518772
3442 0.239473372079
3443 0.240028532366
3444 0.239700819186
3445 0.239459170966
3446 0.239487574877
3447 0.239544402919
3448 0.239473372079
3449 0.240057071518
3450 0.240028532366
3451 0.239643916914
3452 0.239402383352
3453 0.239615475908
3454 0.239402383352
3455 0.283249158249
3456 0.239928698752
3457 0.279736750953
3458 0.239473372079
3459 0.239672364672
3460 0.239601257936
3461 0.239786223278
3462 0.239501779359
3463 0.239672364672
3464 0.239729280456
3465 0.23982894815
3466 0.239615475908
3467 0.239757748486
3468 0.239430773792
3469 0.23980046321
3470 0.239786223278
3471 0.239615475908
3472 0.239743513626
3473 0.239601257936
3474 0.239629695567
3475 0.239643916914
3476 0.239843193158
3477 0.239601257936
3478 0.239473372079
3479 0.239629695567
3480 0.239601257936
3481 0.239743513626
3482 0.239587041652
3483 0.239572827054
3484 0.239572827054
3485 0.239601257936
3486 0.239658139949
3487 0.239814704834
3488 0.28316970547
3489 0.240057071518
3490 0.239459170966
3491 0.239601257936
3492 0.239715048976
3493 0.239515985527
3494 0.239658139949
3495 0.239444971537
3496 0.279833679834
3497 0.239658139949
3498 0.239729280456
3499 0.239643916914
3500 0.239686591084
3501 0.239672364672
3502 0.279697998199
3503 0.239501779359
3504 0.239572827054
3505 0.239501779359
3506 0.239743513626
3507 0.240071343639
3508 0.239515985527
3509 0.239729280456
3510 0.239700819186
3511 0.239672364672
3512 0.239700819186
3513 0.239572827054
3514 0.239473372079
3515 0.239971474416
3516 0.239544402919
3517 0.239587041652
3518 0.239658139949
3519 0.239843193158
3520 0.239629695567
3521 0.23953019338
3522 0.240214158239
3523 0.239515985527
3524 0.239587041652
3525 0.239615475908
3526 0.279388362278
3527 0.239814704834
3528 0.239715048976
3529 0.239900190114
3530 0.239885938335
3531 0.239501779359
3532 0.239515985527
3533 0.239601257936
3534 0.239601257936
3535 0.239715048976
3536 0.239658139949
3537 0.239544402919
3538 0.239444971537
3539 0.239672364672
3540 0.23953019338
3541 0.279349705984
3542 0.239558614143
3543 0.239857439857
3544 0.239515985527
3545 0.239459170966
3546 0.240571939231
3547 0.239615475908
3548 0.239572827054
3549 0.239501779359
3550 0.239601257936
3551 0.279098700581
3552 0.239515985527
3553 0.239487574877
3554 0.239857439857
3555 0.239686591084
3556 0.239672364672
3557 0.278944459796
3558 0.23982894815
3559 0.239928698752
3560 0.239771985037
3561 0.239430773792
3562 0.27896373057
3563 0.239601257936
3564 0.239629695567
3565 0.239629695567
3566 0.239444971537
3567 0.239515985527
3568 0.239587041652
3569 0.239885938335
3570 0.239757748486
3571 0.239402383352
3572 0.239629695567
3573 0.239501779359
3574 0.239700819186
3575 0.239601257936
3576 0.239430773792
3577 0.23998573636
3578 0.279736750953
3579 0.239729280456
3580 0.239615475908
3581 0.239515985527
3582 0.239558614143
3583 0.239430773792
3584 0.23953019338
3585 0.240085617456
3586 0.239501779359
3587 0.240057071518
3588 0.239629695567
3589 0.239444971537
3590 0.23941657773
3591 0.239771985037
3592 0.239658139949
3593 0.278983004007
3594 0.240057071518
3595 0.239558614143
3596 0.239587041652
3597 0.240614944583
3598 0.239430773792
3599 0.239544402919
3600 0.239857439857
3601 0.239487574877
3602 0.239686591084
3603 0.239629695567
3604 0.239515985527
3605 0.240471653168
3606 0.239914443586
3607 0.239459170966
3608 0.239501779359
3609 0.239658139949
3610 0.279253112033
3611 0.239601257936
3612 0.240199869133
3613 0.239658139949
3614 0.239601257936
3615 0.23953019338
3616 0.239672364672
3617 0.239558614143
3618 0.239857439857
3619 0.239672364672
3620 0.239444971537
3621 0.239615475908
3622 0.239587041652
3623 0.239558614143
3624 0.239658139949
3625 0.239587041652
3626 0.239914443586
3627 0.239544402919
3628 0.239658139949
3629 0.239715048976
3630 0.239914443586
3631 0.239572827054
3632 0.23953019338
3633 0.239473372079
3634 0.279988905838
3635 0.239700819186
3636 0.239771985037
3637 0.239743513626
3638 0.239459170966
3639 0.239544402919
3640 0.239558614143
3641 0.23998573636
3642 0.23953019338
3643 0.239715048976
3644 0.239729280456
3645 0.239572827054
3646 0.239643916914
3647 0.239629695567
3648 0.239501779359
3649 0.239686591084
3650 0.239601257936
3651 0.239402383352
3652 0.279311060386
3653 0.239487574877
3654 0.239444971537
3655 0.239558614143
3656 0.239601257936
3657 0.239700819186
3658 0.239572827054
3659 0.239615475908
3660 0.23953019338
3661 0.239473372079
3662 0.239473372079
3663 0.239629695567
3664 0.239587041652
3665 0.23953019338
3666 0.239473372079
3667 0.239515985527
3668 0.239715048976
3669 0.239544402919
3670 0.239487574877
3671 0.239700819186
3672 0.239515985527
3673 0.240057071518
3674 0.239444971537
3675 0.279407694437
3676 0.239587041652
3677 0.239459170966
3678 0.279697998199
3679 0.239459170966
3680 0.239572827054
3681 0.24
3682 0.23953019338
3683 0.239515985527
3684 0.239629695567
3685 0.280027739251
3686 0.239601257936
3687 0.239444971537
3688 0.239857439857
3689 0.23941657773
3690 0.239430773792
3691 0.239757748486
3692 0.239430773792
3693 0.279427029271
3694 0.23980046321
3695 0.239459170966
3696 0.239601257936
3697 0.239601257936
3698 0.239686591084
3699 0.239643916914
3700 0.239430773792
3701 0.239487574877
3702 0.239601257936
3703 0.239928698752
3704 0.239601257936
3705 0.23941657773
3706 0.239928698752
3707 0.239743513626
3708 0.239729280456
3709 0.239601257936
3710 0.239402383352
3711 0.239757748486
3712 0.23980046321
3713 0.239501779359
3714 0.239757748486
3715 0.239757748486
3716 0.239587041652
3717 0.239487574877
3718 0.239430773792
3719 0.239771985037
3720 0.239715048976
3721 0.23953019338
3722 0.279311060386
3723 0.239857439857
3724 0.283129995793
3725 0.239473372079
3726 0.239658139949
3727 0.239601257936
3728 0.239473372079
3729 0.239786223278
3730 0.239402383352
3731 0.239786223278
3732 0.239957214167
3733 0.23941657773
3734 0.239430773792
3735 0.240085617456
3736 0.239615475908
3737 0.239558614143
3738 0.239942955612
3739 0.239814704834
3740 0.239601257936
3741 0.239771985037
3742 0.279040840301
3743 0.239459170966
3744 0.239658139949
3745 0.239430773792
3746 0.239473372079
3747 0.23941657773
3748 0.239700819186
3749 0.239402383352
3750 0.239473372079
3751 0.279253112033
3752 0.239473372079
3753 0.239658139949
3754 0.239743513626
3755 0.239501779359
3756 0.239501779359
3757 0.279872470197
3758 0.239629695567
3759 0.240014265335
3760 0.239658139949
3761 0.239629695567
3762 0.239686591084
3763 0.239629695567
3764 0.239558614143
3765 0.23980046321
3766 0.239444971537
3767 0.23953019338
3768 0.23953019338
3769 0.239715048976
3770 0.239572827054
3771 0.23953019338
3772 0.239487574877
3773 0.239501779359
3774 0.239587041652
3775 0.239643916914
3776 0.239515985527
3777 0.239658139949
3778 0.23953019338
3779 0.239572827054
3780 0.239686591084
3781 0.239615475908
3782 0.239444971537
3783 0.239843193158
3784 0.239572827054
3785 0.239558614143
3786 0.239658139949
3787 0.239686591084
3788 0.239459170966
3789 0.239544402919
3790 0.239501779359
3791 0.240028532366
3792 0.239686591084
3793 0.239601257936
3794 0.240085617456
3795 0.239885938335
3796 0.239459170966
3797 0.239544402919
3798 0.279581804334
3799 0.239402383352
3800 0.239587041652
3801 0.240085617456
3802 0.239430773792
3803 0.239615475908
3804 0.239686591084
3805 0.240085617456
3806 0.239459170966
3807 0.239473372079
3808 0.23941657773
3809 0.23941657773
3810 0.239615475908
3811 0.239885938335
3812 0.239430773792
3813 0.239487574877
3814 0.239487574877
3815 0.239501779359
3816 0.239601257936
3817 0.239430773792
3818 0.239558614143
3819 0.239587041652
3820 0.239572827054
3821 0.239402383352
3822 0.239757748486
3823 0.239814704834
3824 0.239587041652
3825 0.240099892972
3826 0.239771985037
3827 0.239843193158
3828 0.239501779359
3829 0.239786223278
3830 0.239914443586
3831 0.280787149711
3832 0.239743513626
3833 0.239558614143
3834 0.239843193158
3835 0.239487574877
3836 0.239757748486
3837 0.239700819186
3838 0.239629695567
3839 0.240257035759
3840 0.239459170966
3841 0.239558614143
3842 0.239857439857
3843 0.239971474416
3844 0.239501779359
3845 0.239459170966
3846 0.239672364672
3847 0.23941657773
3848 0.239572827054
3849 0.239473372079
3850 0.239459170966
3851 0.239672364672
3852 0.279833679834
3853 0.239700819186
3854 0.239402383352
3855 0.23941657773
3856 0.239601257936
3857 0.239402383352
3858 0.239544402919
3859 0.239843193158
3860 0.239473372079
3861 0.239914443586
3862 0.283288901361
3863 0.239658139949
3864 0.239544402919
3865 0.239487574877
3866 0.239444971537
3867 0.239658139949
3868 0.239757748486
3869 0.239643916914
3870 0.239843193158
3871 0.239757748486
3872 0.239501779359
3873 0.279002280108
3874 0.239928698752
3875 0.239587041652
3876 0.23941657773
3877 0.239515985527
3878 0.279756131357
3879 0.23953019338
3880 0.23941657773
3881 0.23953019338
3882 0.239643916914
3883 0.239444971537
3884 0.239601257936
3885 0.23987168825
3886 0.23941657773
3887 0.279253112033
3888 0.239459170966
3889 0.23953019338
3890 0.239601257936
3891 0.239459170966
3892 0.239729280456
3893 0.239572827054
3894 0.239473372079
3895 0.239515985527
3896 0.239572827054
3897 0.239686591084
3898 0.239444971537
3899 0.239615475908
3900 0.239487574877
3901 0.23987168825
3902 0.239501779359
3903 0.23998573636
3904 0.239643916914
3905 0.239487574877
3906 0.239501779359
3907 0.240014265335
3908 0.239757748486
3909 0.239487574877
3910 0.239700819186
3911 0.239444971537
3912 0.239487574877
3913 0.239601257936
3914 0.239643916914
3915 0.239501779359
3916 0.239700819186
3917 0.239487574877
3918 0.239601257936
3919 0.23982894815
3920 0.239558614143
3921 0.239615475908
3922 0.239814704834
3923 0.23941657773
3924 0.239487574877
3925 0.239971474416
3926 0.239459170966
3927 0.24
3928 0.239729280456
3929 0.239430773792
3930 0.239601257936
3931 0.240057071518
3932 0.239700819186
3933 0.239501779359
3934 0.239700819186
3935 0.23953019338
3936 0.239402383352
3937 0.239473372079
3938 0.239587041652
3939 0.240571939231
3940 0.239444971537
3941 0.239544402919
3942 0.239487574877
3943 0.23941657773
3944 0.279175884956
3945 0.239572827054
3946 0.23987168825
3947 0.239444971537
3948 0.239843193158
3949 0.279872470197
3950 0.239558614143
3951 0.239615475908
3952 0.239885938335
3953 0.239444971537
3954 0.239444971537
3955 0.239444971537
3956 0.239430773792
3957 0.239729280456
3958 0.239643916914
3959 0.239515985527
3960 0.23941657773
3961 0.239629695567
3962 0.283110145131
3963 0.279446366782
3964 0.239473372079
3965 0.239601257936
3966 0.239444971537
3967 0.240057071518
3968 0.239615475908
3969 0.240042801094
3970 0.239743513626
3971 0.239473372079
3972 0.240057071518
3973 0.239643916914
3974 0.239501779359
3975 0.239402383352
3976 0.239601257936
3977 0.239601257936
3978 0.239473372079
3979 0.239444971537
3980 0.239558614143
3981 0.234644662677
3982 0.190121945478
3983 0.190175669948
3984 0.190068251353
3985 0.190059305281
3986 0.190104044066
3987 0.190130897448
3988 0.190068251353
3989 0.19011299435
3990 0.233924226625
3991 0.190086146025
3992 0.190077198268
3993 0.190077198268
3994 0.190104044066
3995 0.190148803918
3996 0.190130897448
3997 0.190086146025
3998 0.190148803918
3999 0.190175669948
4000 0.190086146025
4001 0.190130897448
4002 0.190068251353
4003 0.19011299435
4004 0.190095094624
4005 0.190139850261
4006 0.190077198268
4007 0.190068251353
4008 0.190086146025
4009 0.190059305281
4010 0.190139850261
4011 0.190059305281
4012 0.233897126969
4013 0.190068251353
4014 0.190104044066
4015 0.190157758418
4016 0.190059305281
4017 0.190086146025
4018 0.190130897448
4019 0.19011299435
4020 0.190121945478
4021 0.190121945478
4022 0.190148803918
4023 0.190059305281
4024 0.190211503133
4025 0.190059305281
4026 0.190086146025
4027 0.190130897448
4028 0.19011299435
4029 0.190068251353
4030 0.190068251353
4031 0.190220463539
4032 0.233992003245
4033 0.190068251353
4034 0.190077198268
4035 0.190068251353
4036 0.190059305281
4037 0.190068251353
4038 0.190086146025
4039 0.190130897448
