node,pagerank
1 0.00564788061975
2 0.000474759721232
3 0.000188589096716
4 0.000383524125159
5 0.000254872384234
6 0.000201183506126
7 0.000187765577401
8 0.000305311394621
9 0.000201061740455
10 0.000587132191123
11 0.000204194058659
12 0.00011833092028
13 9.01674054156e-05
14 0.000498004513827
15 0.00025285868604
16 8.38587641346e-05
17 0.000127004306913
18 0.000214412291891
19 8.21915235393e-05
20 0.00030518063817
21 0.000222263295277
22 0.000593463334268
23 0.000127181074371
24 0.000314871785097
25 0.000183001309502
26 0.000669462050359
27 0.000556064090791
28 0.000100931276204
29 0.000201070340268
30 0.000187644089971
31 0.000175457273792
32 0.000322764461232
33 0.000128094003957
34 0.000110281745885
35 0.000114179399173
36 0.000106757172985
37 0.000159635875892
38 8.95026994042e-05
39 0.000117936224675
40 0.000143810032455
41 0.00057056069611
42 0.000390396576193
43 9.58292029888e-05
44 8.17478902831e-05
45 0.00012819284616
46 0.00011938747071
47 0.000128421597847
48 9.0378442027e-05
49 0.000218665753647
50 0.000135486092481
51 0.000115811159863
52 0.000119634363021
53 0.000102275849844
54 0.000506115250444
55 0.000100593243728
56 0.000139103249193
57 0.000655532033408
58 0.000171009888782
59 0.000198499143459
60 0.000171586559751
61 9.80931383161e-05
62 0.000126262355078
63 0.000228351058207
64 0.000100687976501
65 0.00011811321542
66 0.00011026892198
67 0.000128026294965
68 0.000603079870873
69 0.000172306910705
70 0.000106733281612
71 6.52668355472e-05
72 8.55401317622e-05
73 0.00021086535268
74 0.000121272945382
75 4.52722844682e-05
76 0.000132724412049
77 6.74066294501e-05
78 9.46827781043e-05
79 0.00015817981765
80 0.000111491624917
81 0.000254940179992
82 9.15803144022e-05
83 0.000353995997381
84 0.000105121863986
85 0.000141098900044
86 0.000138283067792
87 0.00012302157433
88 0.000129578484226
89 0.000216272354751
90 0.000165103007963
91 7.68096610997e-05
92 0.000186411104476
93 0.000224237516045
94 0.000146196810918
95 0.000240224845513
96 0.000129530905166
97 0.000111397672792
98 9.32982391779e-05
99 0.000457544420212
100 0.000243869737556
101 0.000141549594678
102 0.000207761099598
103 0.000125468586079
104 0.000129670114072
105 0.000362300128987
106 0.000128218449459
107 9.32129059935e-05
108 0.00673928404202
109 0.000157529945968
110 0.000380872920481
111 0.000123726352012
112 0.000226282103554
113 8.3804418122e-05
114 0.000528704704043
115 4.52722844682e-05
116 0.000321753121803
117 0.00024432608132
118 8.70439501976e-05
119 0.000380568711592
120 0.000593106664016
121 7.3943729824e-05
122 0.000124705276788
123 0.000519274175216
124 0.000155654577717
125 9.1064717413e-05
126 6.05148907132e-05
127 9.58162795954e-05
128 0.000192968383594
129 0.000232655209267
130 9.31745343452e-05
131 0.000169112581238
132 0.000138297191222
133 0.000150492895748
134 0.000166137517523
135 0.000162481843625
136 0.000138873615304
137 0.000585371620991
138 0.000259509056094
139 6.06575743846e-05
140 0.000126179605461
141 0.000170482143641
142 0.000230665550546
143 0.000380453262324
144 0.000212025981769
145 0.0002215427187
146 7.68096610997e-05
147 0.000107067450627
148 0.000127938050748
149 0.000181107870101
150 0.000205142984041
151 0.000155237631849
152 0.000119022702147
153 9.09073901015e-05
154 5.12994540201e-05
155 6.4653282806e-05
156 8.55733293113e-05
157 0.000115200864747
158 8.90109422685e-05
159 0.000216178322424
160 0.000158536946878
161 5.84309940166e-05
162 0.000199454477714
163 0.000133219551978
164 9.9252905725e-05
165 5.97509591198e-05
166 0.000107021788673
167 9.46323484806e-05
168 0.000136777348992
169 0.000122384692103
170 0.000372148221122
171 0.000406026621411
172 0.000356286543141
173 0.000383931016738
174 0.000190311979927
175 0.000108359750094
176 0.00029374204624
177 0.00012319331002
178 0.000199484313456
179 0.000138290267591
180 0.000110646368251
181 0.00022282709776
182 0.000173879130315
183 9.83130491639e-05
184 5.31373429232e-05
185 0.000209489835681
186 0.00021185560069
187 0.000374019713017
188 0.000180325776655
189 0.000402783701702
190 0.00011811321542
191 8.3401092892e-05
192 6.04552016574e-05
193 0.000104951995598
194 0.000113297913613
195 0.000202321710133
196 0.00015817981765
197 0.000144132809911
198 0.000191287775368
199 0.000244236840184
200 0.000376800361534
201 0.000459110930988
202 0.000102517508219
203 8.60499458684e-05
204 0.000464936689597
205 0.000233561085124
206 6.31668513867e-05
207 7.63539811046e-05
208 5.64622267621e-05
209 8.02141986253e-05
210 4.52722844682e-05
211 4.52722844682e-05
212 0.000310241577565
213 0.000148340855793
214 0.000358548896712
215 0.000262631790691
216 4.52722844682e-05
217 6.19327050668e-05
218 0.000126443779103
219 0.00015817981765
220 0.000135904354508
221 8.96063178988e-05
222 8.8589677312e-05
223 0.000115085850393
224 0.000252677462977
225 0.000217805118594
226 0.000187934513899
227 0.000202214840264
228 0.000271674324536
229 6.42613064092e-05
230 8.87095821169e-05
231 0.000210120483742
232 0.000192809719524
233 0.000193477941906
234 7.88677497837e-05
235 5.0734634691e-05
236 7.35278283919e-05
237 0.000338110155952
238 0.000105121863986
239 0.000180403605216
240 0.000467983752233
241 6.91647377214e-05
242 5.68068059114e-05
243 0.000251672884595
244 0.000155755967256
245 7.88677497837e-05
246 0.000117494249334
247 0.000129405905502
248 6.76673549164e-05
249 0.000174678437244
250 0.000256362592378
251 6.85103597696e-05
252 0.000173646958282
253 0.000488345637866
254 9.32982391779e-05
255 0.000187843761693
256 5.68068059114e-05
257 7.88677497837e-05
258 0.00015864774182
259 0.00013625950576
260 0.000186411104476
261 0.000123539067115
262 0.000323952880493
263 8.96063178988e-05
264 0.000142376563325
265 0.000123726352012
266 0.000210126964864
267 0.000197112397176
268 6.02490255827e-05
269 0.000100419181786
270 0.000112080691998
271 7.57624796089e-05
272 0.000588138965252
273 0.000389832577413
274 0.00015817981765
275 0.000128273733414
276 0.000173879130315
277 0.000146031567932
278 0.000543342029527
279 0.000182927642094
280 5.91217070497e-05
281 0.000360645210446
282 0.00018993692444
283 7.88677497837e-05
284 8.00908831046e-05
285 0.000190760747693
286 0.000380975710261
287 7.13110933437e-05
288 4.52722844682e-05
289 6.22728445283e-05
290 8.78082286673e-05
291 0.000121207950245
292 0.000316593137897
293 4.52722844682e-05
294 8.3804418122e-05
295 6.45779863413e-05
296 0.000102828909777
297 0.000142376563325
298 0.000184990013234
299 0.000103504466065
300 0.000223504506656
301 9.9981377648e-05
302 6.03703504361e-05
303 0.000220360759076
304 0.000183381185881
305 0.000446808109698
306 5.79318419945e-05
307 0.00015817981765
308 9.50025042066e-05
309 0.000209403916258
310 0.000138873615304
311 0.000214333458528
312 8.75712914084e-05
313 0.00039872512189
314 0.000324343730884
315 0.000122635088074
316 0.000481988487116
317 5.34412256755e-05
318 9.04162357104e-05
319 0.000104130291346
320 0.000165103007963
321 0.000251914206132
322 7.52498047497e-05
323 0.000602108308879
324 0.00033085594601
325 0.000234833051617
326 0.000295401153992
327 0.000269182843626
328 9.91151742886e-05
329 0.00015817981765
330 0.000329412542993
331 0.000177214702197
332 0.000171053229318
333 0.000343381163823
334 0.000131401739344
335 0.000221040313853
336 4.52722844682e-05
337 6.00616645177e-05
338 0.000162995618059
339 8.7477587868e-05
340 0.000264190184841
341 8.11643471807e-05
342 0.000108512615417
343 0.000254288870999
344 0.000257710492015
345 9.86394356224e-05
346 0.000139606983268
347 0.000288160390503
348 9.52135875595e-05
349 0.00220243081003
350 8.0677392962e-05
351 0.000213482531847
352 0.00012627839692
353 0.000170759664263
354 0.000594308302483
355 0.000240820735352
356 0.000295176730402
357 9.14512135465e-05
358 0.000193197580645
359 4.53150880007e-05
360 0.00023983685643
361 0.000292956371185
362 0.000212341183952
363 0.0001652926954
364 0.000520960120427
365 0.000201419426257
366 6.47142721496e-05
367 0.000587356552164
368 0.00027053517986
369 0.000251530676412
370 0.000253485562314
371 0.000505851823557
372 6.04723298105e-05
373 0.000168291007292
374 0.000545956675293
375 0.000447331435177
376 0.000131654136657
377 0.000766637082356
378 6.80282178628e-05
379 0.000404843570264
380 6.55634518484e-05
381 0.000139525948473
382 0.00014311721011
383 0.000124704362091
384 8.00302248041e-05
385 9.18953637495e-05
386 7.34350114754e-05
387 9.6633652317e-05
388 0.000270466368529
389 0.000246024642835
390 0.000442373124534
391 6.54848748823e-05
392 0.000398872901962
393 0.00023848539477
394 0.000159455896915
395 0.000248703347804
396 0.000518188493275
397 0.000223055941903
398 0.000364875138938
399 0.000240194312981
400 0.000179714650931
401 0.000489433195942
402 7.27884894114e-05
403 0.000407783980824
404 0.00018386330161
405 0.000327071644906
406 0.000123109827654
407 8.86449993873e-05
408 0.000160862412595
409 0.000395628295517
410 0.000243496007339
411 0.000143392251148
412 9.43183325849e-05
413 0.000669922151705
414 0.000151088995693
415 0.00171380434586
416 0.00018020834867
417 0.00015218517822
418 0.000398525463346
419 0.000165002765984
420 0.000428587171662
421 0.000243891127296
422 0.000182550902818
423 0.000510259452881
424 0.000419388024194
425 0.000190013359517
426 0.000162562432228
427 0.000166232284016
428 0.000122967802932
429 0.000661967477374
430 0.000125414600348
431 0.000243080129042
432 0.000871907700698
433 0.000391480972163
434 0.000126313019547
435 0.000271487736608
436 0.000121292306692
437 0.000477692130131
438 0.000222348015921
439 0.000489529482763
440 0.000275456794691
441 0.000113506325292
442 0.000179714650931
443 0.00011486791411
444 7.02425652811e-05
445 0.000318445047208
446 0.000192458477983
447 0.000145805674302
448 4.53150880007e-05
449 5.75180582262e-05
450 0.000115428945267
451 0.000179120093117
452 0.000174841103824
453 0.00029856877873
454 0.000145548582977
455 8.65613206148e-05
456 0.000312908247926
457 0.000391861454646
458 0.000213604901421
459 0.000199765585504
460 0.000128072291669
461 0.000499043551655
462 0.000349037210089
463 0.000172725940272
464 0.000327641281888
465 0.000109691091853
466 0.000506972522522
467 0.000108736336593
468 0.000105438132172
469 7.02425652811e-05
470 0.000210086395637
471 0.000157660226574
472 0.000235711583657
473 9.02564088477e-05
474 0.000235523506292
475 0.000176669441501
476 0.000723291665463
477 0.00013984296728
478 0.000142816113739
479 0.000102441719078
480 0.000234335163425
481 0.00010170741462
482 0.000228621964455
483 0.000243568496288
484 0.00185000249531
485 0.000598068087283
486 7.58890679166e-05
487 0.000181521382824
488 0.000243097984181
489 0.000182129665223
490 0.000206627953178
491 0.000128953200094
492 0.000109017247716
493 0.000428473118959
494 0.000384457008968
495 0.000165459015313
496 0.000160626291922
497 0.000315956293032
498 0.000512004902819
499 0.000134701053928
500 8.28858412975e-05
501 0.000521434583478
502 0.000179714650931
503 0.000105385072708
504 0.000380293694804
505 0.000376580394721
506 0.000145582890108
507 0.000512125393044
508 0.000462324191437
509 0.000147074021902
510 0.000165125263921
511 0.000220701090882
512 0.00024045808675
513 0.000190515175013
514 0.000564604581224
515 0.000418103825521
516 0.000403580901277
517 0.000204354406943
518 0.000653252256256
519 0.000198418688537
520 0.000194178976864
521 0.000382035483168
522 0.000117930447369
523 0.000124428373917
524 0.000306973112804
525 0.000434696360371
526 0.000459222342468
527 0.000442782907998
528 0.000291430876544
529 0.000119056339625
530 0.000106991002547
531 6.84523063875e-05
532 0.000364520754721
533 0.000236098048805
534 9.46922590304e-05
535 0.000102003277064
536 0.000107680522408
537 0.000148279742696
538 0.000280292456033
539 0.000523528983446
540 0.000198340514156
541 8.99519956676e-05
542 0.000102610091995
543 0.000412962796989
544 0.000167957097238
545 0.000452268151934
546 0.000313973017265
547 0.000279558458971
548 0.000279425848554
549 0.000258892595805
550 0.000104351085101
551 4.53150880007e-05
552 0.000181772382993
553 9.18953637495e-05
554 0.000538378165033
555 0.00018902839503
556 0.000285873467289
557 0.000353881912849
558 0.000270900255212
559 0.000155567125207
560 0.000490221935047
561 0.000245139197479
562 0.000504827995139
563 7.48072222412e-05
564 0.000679459162888
565 0.000205699387966
566 0.000142263740042
567 0.000497181452282
568 0.000492047927195
569 0.000129950524549
570 0.000119631800787
571 0.000262489316588
572 5.65607639068e-05
573 0.000105438132172
574 0.000364752824516
575 0.000138976010983
576 0.000140470942157
577 0.00016998023793
578 0.000246575558367
579 0.000266906947488
580 0.000398864923125
581 0.000532036609142
582 8.07650687121e-05
583 0.0002367780795
584 0.000277687171588
585 0.000181482119795
586 4.63828104884e-05
587 8.68598775698e-05
588 0.000103260293246
589 0.000159185471592
590 0.000218946078672
591 0.000140558416694
592 0.000296504040229
593 0.000452198644472
594 6.95717126326e-05
595 0.000208373668145
596 0.000217494855769
597 0.00034812060862
598 0.000223706259855
599 0.000172185894325
600 0.000257518976103
601 0.000267900025271
602 0.000177586871181
603 4.63828104884e-05
604 0.000191866070725
605 0.000254139251276
606 0.000190305258512
607 0.000503021437107
608 4.63828104884e-05
609 4.63828104884e-05
610 0.000321182052573
611 6.68124509129e-05
612 0.000175357997537
613 0.00016570743293
614 4.63828104884e-05
615 0.000235384852286
616 0.000268042325183
617 0.000231236314218
618 0.000266442596728
619 0.000253246772755
620 0.000261510706989
621 0.000188863914708
622 0.000105704795829
623 0.00016051692502
624 0.000185267471854
625 4.63828104884e-05
626 0.000223396357796
627 0.000158615654124
628 0.000266906947488
629 0.000151727938704
630 0.000101691047099
631 0.000387810959109
632 0.000143277004667
633 0.000247899389137
634 0.000166225122532
635 0.000140209535959
636 0.000242029963239
637 0.000251363291307
638 0.000610135423555
639 4.63828104884e-05
640 0.000131418929922
641 0.000256947874772
642 0.00041496333348
643 8.07650687121e-05
644 0.000267900025271
645 0.000249571381389
646 0.000207589805626
647 0.000114278671855
648 0.000217269237001
649 5.54830656208e-05
650 8.16589758804e-05
651 0.000247745207728
652 0.000496160098585
653 5.65042498963e-05
654 0.000272922306265
655 0.000351371240666
656 8.73107315487e-05
657 5.11479141812e-05
658 0.000103944745298
659 0.000266906947488
660 0.000266906947488
661 6.70922952855e-05
662 0.000267900025271
663 0.00026731953317
664 0.000120030558831
665 0.000183775053619
666 0.000209541079311
667 0.000181243670076
668 6.85471811529e-05
669 4.63828104884e-05
670 0.000241066998949
671 0.000256537725794
672 6.70917592241e-05
673 0.00010287842302
674 6.17257971301e-05
675 4.63828104884e-05
676 0.000257259443598
677 0.000130071880106
678 0.000229127081304
679 0.000268674206759
680 0.000100849465301
681 0.000267382730495
682 0.000258075824366
683 0.000161603574282
684 0.000238781203589
685 0.000214305170825
686 0.000182237636758
687 0.00192088064095
688 0.000246470024509
689 0.000405495629449
690 0.000151396201874
691 0.000101504090012
692 0.000118504250619
693 4.72685752373e-05
694 0.000135746695705
695 0.000478301397277
696 0.000364117274729
697 0.000280635582894
698 0.000490916177301
699 0.00125990010706
700 6.19624127156e-05
701 8.98349114928e-05
702 0.000195462943427
703 0.000153109318844
704 0.00041329378493
705 8.29703888942e-05
706 0.000654380702782
707 0.000154723832131
708 0.000175836031173
709 0.00027366948566
710 0.00015971833528
711 9.61186897527e-05
712 0.000179053438523
713 0.000220249337051
714 0.00072321999791
715 0.000242384407631
716 0.000105626282704
717 0.000120215812097
718 0.000114653358665
719 0.000298691750881
720 0.000585686922658
721 0.000197052058673
722 8.23432060047e-05
723 0.000141818297111
724 0.000124558206592
725 0.000412313860643
726 0.000150481236133
727 0.000311503529616
728 0.000237492888197
729 0.000324461695464
730 0.000217772791591
731 0.000155606308801
732 0.000209669868169
733 0.000250147374287
734 0.000124168442486
735 0.000224388663644
736 8.23192955806e-05
737 0.000219421019811
738 0.000148783176265
739 0.000220238539073
740 0.000270390693409
741 0.000120853553484
742 0.000165357217569
743 0.000175863564731
744 7.56269711547e-05
745 5.60529305222e-05
746 0.000523722305707
747 0.000154614671892
748 0.000536714818009
749 0.000184540085128
750 7.21508754231e-05
751 5.59562990935e-05
752 0.000120091381874
753 0.000335272251014
754 0.000172630490796
755 0.000286496515041
756 0.000186068769757
757 0.000105011737825
758 0.000116642164947
759 0.00019092911697
760 0.000111621288978
761 0.000281692811241
762 9.6715403298e-05
763 0.000127577335393
764 0.00015665042169
765 0.000245480251039
766 0.000144051609882
767 0.000303957405606
768 0.000149642241548
769 0.000219345051367
770 0.00019380532805
771 0.000275131811312
772 0.000244223325399
773 0.000172572153344
774 0.000301748086355
775 0.000332964481518
776 7.21508754231e-05
777 0.000222512571197
778 0.000172955279216
779 0.000151783875092
780 0.000169908333631
781 0.000296317540962
782 0.000457287050837
783 0.000207754840298
784 0.000176224942099
785 0.000372256679804
786 6.89982149347e-05
787 0.000139793999607
788 0.000268631535972
789 9.08955995756e-05
790 0.000221829473088
791 8.04498526835e-05
792 0.000134775879434
793 0.000208989368852
794 0.000202003153834
795 0.000138591323843
796 0.000183336596483
797 0.000129311889042
798 0.000244145864555
799 0.000150492426918
800 0.000141306918963
801 0.000343144115672
802 4.72685752373e-05
803 0.000104730668986
804 0.000213934335111
805 0.000243985101893
806 0.000574613522911
807 0.000261190229325
808 0.000187467160105
809 0.000111858490674
810 0.000176856892795
811 0.000297962185405
812 0.000130606825092
813 9.45053212047e-05
814 0.000134441059273
815 0.000222298623524
816 0.000354098192884
817 0.000152406861423
818 0.000221676981772
819 0.000248441151057
820 0.000366979219524
821 0.000322752515412
822 0.000102147795234
823 0.000249475455012
824 0.000487288390146
825 0.000503800530237
826 0.000129981591272
827 0.000117015589035
828 0.000390156450399
829 0.00102112712932
830 0.000324581956504
831 0.000469014845728
832 0.000150168714351
833 8.28573061116e-05
834 0.000257682671025
835 0.00035287419804
836 0.000184331889933
837 0.000132485470889
838 0.000136292187219
839 0.000195384225038
840 0.000254313174003
841 0.00023704781874
842 6.01427959893e-05
843 0.000310403243937
844 0.000132835772852
845 0.000133649741751
846 0.000199856424562
847 9.44800957591e-05
848 0.000230806583726
849 0.000216386829728
850 0.000294912217233
851 0.000149137052115
852 6.10437442852e-05
853 0.000114653358665
854 0.000376080694309
855 6.15291510905e-05
856 0.000114653358665
857 0.000463747661917
858 0.000191112837026
859 0.000145538832037
860 7.28586093023e-05
861 5.67368259876e-05
862 0.000174639239097
863 0.000286418963525
864 0.000195421199704
865 0.000124622685197
866 9.30099016577e-05
867 0.0001499734688
868 0.000210966518852
869 9.30099016577e-05
870 0.000112060397201
871 0.000197733470523
872 0.000186078467705
873 0.000185831988716
874 0.000162232406574
875 0.000185831988716
876 4.98267289487e-05
877 0.000195421199704
878 0.000116689357829
879 0.000179344704357
880 0.000173395950801
881 9.68193422432e-05
882 0.000196870427518
883 0.000148907043787
884 4.98267289487e-05
885 0.000112068286095
886 0.000241682748977
887 0.000153821035823
888 0.000162232406574
889 0.000162756669463
890 0.00022564110272
891 0.000112579595892
892 4.98267289487e-05
893 4.98267289487e-05
894 0.00010498432465
895 0.000124566967179
896 0.000171672662961
897 0.00152570606045
898 0.000317289842894
899 0.000206652297547
900 6.8266617841e-05
901 0.000121068244556
902 0.000277078583141
903 0.000242403196618
904 0.000275280260998
905 8.43966212763e-05
906 0.000128951906422
907 0.000322055403647
908 8.64614490743e-05
909 0.000308477036687
910 0.000174770538899
911 9.7300675674e-05
912 4.27458953111e-05
913 0.000124798966147
914 0.000278259890388
915 0.000119208656958
916 0.00023507919563
917 0.000450772584851
918 0.00067695120191
919 4.27458953111e-05
920 0.000187925004856
921 0.000100908359001
922 0.000342561978933
923 0.0001784399989
924 0.00010148943323
925 0.000327683511596
926 0.00051606902373
927 0.000107177079058
928 0.00033589894562
929 0.000112057302366
930 8.64583731521e-05
931 0.000340595650132
932 0.000132808842616
933 0.000475234122352
934 0.000151797475533
935 0.000305477722149
936 8.04308681456e-05
937 0.000230920152449
938 9.41424971673e-05
939 0.00022011224019
940 0.00016352001041
941 0.000133879277683
942 0.000310776437417
943 0.000360632349966
944 0.000114536129349
945 0.000244306779458
946 5.71266132559e-05
947 0.000507649487873
948 0.000368319585231
949 0.000237074450945
950 0.000167041642556
951 0.000111166246816
952 0.000164848227346
953 0.000298937659397
954 0.000358520193225
955 0.000301356285484
956 0.000161147098328
957 0.00015588647081
958 0.000348203578209
959 0.000189015835508
960 0.000207784730483
961 0.000340850415592
962 0.000142086968725
963 0.000186752817509
964 0.000269653116338
965 0.000194519049867
966 0.000120447704267
967 0.000350073672021
968 0.000354091842136
969 0.000277364906566
970 0.00019731412557
971 0.000151646248316
972 0.000207161476308
973 0.00010143979325
974 0.000144615667896
975 0.000114013399836
976 0.00029378224831
977 0.000168175705379
978 0.000203192825214
979 0.000340815309803
980 0.000160188412188
981 0.000419521512941
982 0.000244689487899
983 0.000303829588788
984 0.000382388565048
985 0.000234380537275
986 9.09344710469e-05
987 0.000101972166239
988 9.09174216764e-05
989 0.000223801292477
990 0.00019336452053
991 0.000268965975489
992 0.00016207683254
993 0.000256794025294
994 0.000469767763791
995 0.000159213175799
996 0.000322583979589
997 7.10259332103e-05
998 0.000328275155596
999 8.05937059204e-05
1000 0.000312724441257
1001 0.000170909602825
1002 0.000241282098908
1003 0.000114305779775
1004 0.000331081723424
1005 0.000368618276854
1006 0.00012273646939
1007 0.000446618068069
1008 0.000107015164921
1009 9.32845508529e-05
1010 0.000303448591184
1011 0.000262581393564
1012 0.000253529655928
1013 0.000202891077671
1014 0.000118925338782
1015 0.000452349738923
1016 0.000193584771242
1017 0.000148629249754
1018 0.000457711494131
1019 0.000275693131322
1020 0.000294871077341
1021 0.000294488074546
1022 0.000317026147005
1023 5.58500900256e-05
1024 0.000108050250805
1025 0.000321618564341
1026 0.000187009797658
1027 0.000325592549404
1028 8.91187094949e-05
1029 0.000245419995145
1030 0.0006775844335
1031 0.000174822346563
1032 6.64514396438e-05
1033 0.000425257540625
1034 0.000167878568613
1035 5.62263125792e-05
1036 0.00018309968369
1037 0.000291881358647
1038 0.00026479058324
1039 6.9688294525e-05
1040 0.000114682553809
1041 0.000412868729185
1042 0.000355059731739
1043 0.000120233470287
1044 0.00018162227651
1045 0.000149441283071
1046 0.000164753007544
1047 8.99097462927e-05
1048 0.000400264219835
1049 0.000347841759238
1050 0.000324266059862
1051 0.000120878049522
1052 0.000317333158051
1053 0.000695791859881
1054 0.000114871353942
1055 0.000231899391101
1056 0.000143279218954
1057 0.00047269153907
1058 8.96649046742e-05
1059 8.58718101379e-05
1060 0.000500864722654
1061 0.000270502035133
1062 0.000119369213376
1063 0.000173596582917
1064 0.000103985374942
1065 0.000231500437807
1066 5.12539540683e-05
1067 0.000357555678364
1068 0.000414360670494
1069 0.000216549324024
1070 0.000102352072936
1071 0.000906616848894
1072 8.08079743157e-05
1073 0.000188460421273
1074 0.000110733044563
1075 0.000262733878119
1076 0.000324934092832
1077 0.00042931721888
1078 0.000139178326123
1079 0.000543490644816
1080 0.000374470169391
1081 0.000361489202283
1082 0.000183077334862
1083 0.000284458401932
1084 0.00033468083053
1085 8.89896950401e-05
1086 0.000600643466909
1087 0.000672080581614
1088 0.000104529250101
1089 0.000152309969716
1090 0.000134329124703
1091 0.000126235837297
1092 0.000115098894029
1093 0.000221100610427
1094 9.10953245168e-05
1095 0.000109208807493
1096 0.00015776328027
1097 4.27458953111e-05
1098 0.00028278820221
1099 0.000227650290539
1100 0.000296562778748
1101 0.000373030494758
1102 0.000381235323553
1103 0.00027364821234
1104 7.85155519769e-05
1105 0.000480558499776
1106 0.000114305779775
1107 0.000205871459861
1108 0.000427942640399
1109 0.00023596278917
1110 0.000266620792168
1111 0.000313128449896
1112 0.000145130833716
1113 0.000227293045678
1114 0.000313790026363
1115 0.00024614721739
1116 0.00019343834287
1117 0.000123040724397
1118 0.000380508973023
1119 0.00027848828337
1120 4.27458953111e-05
1121 0.000279410019941
1122 0.000171143502451
1123 0.000310108350946
1124 0.00029376595392
1125 0.000429332683861
1126 0.000360874314643
1127 0.000603542858479
1128 0.00018635822685
1129 0.000347559348539
1130 0.000300565022345
1131 0.000247774924213
1132 0.000236885447494
1133 0.000428470351382
1134 8.45109562258e-05
1135 0.000123433678116
1136 0.000273697438091
1137 0.000316591430724
1138 0.000222914179693
1139 0.00021082423479
1140 0.000163673427079
1141 0.000100355314303
1142 0.000145349215059
1143 0.000220716297084
1144 0.000107627360106
1145 0.0002066667513
1146 4.27458953111e-05
1147 0.000458767432452
1148 5.76460346446e-05
1149 0.000319093462072
1150 0.000325603753886
1151 0.000127284495008
1152 6.74488860603e-05
1153 0.000114479107001
1154 0.000423235572571
1155 0.000104851502454
1156 0.000277976412213
1157 0.00031600773771
1158 7.45281072102e-05
1159 0.000321232748057
1160 0.000371821197281
1161 0.000309620846915
1162 0.000150966677632
1163 9.60804604624e-05
1164 0.000311376756786
1165 0.000116850226929
1166 0.000235053379559
1167 0.000307586953806
1168 0.000191138937831
1169 7.95571049631e-05
1170 0.000148017459275
1171 0.000222337322021
1172 0.00023967440196
1173 0.000351886195459
1174 0.000415022196964
1175 0.000185658503443
1176 0.000426089540552
1177 4.68356154029e-05
1178 0.0002060214717
1179 0.000137771116222
1180 0.000283403695973
1181 0.000199516682354
1182 0.000296327394949
1183 0.000250165567463
1184 0.000238855786511
1185 0.00047522327989
1186 0.000466242080842
1187 0.000143333728612
1188 0.000183625469946
1189 0.000226731114054
1190 0.000269290110718
1191 0.000194935295454
1192 0.000351522189671
1193 0.000435178952196
1194 0.000125440216402
1195 0.000101335248155
1196 0.000210944138597
1197 0.000128893329895
1198 0.000185289169325
1199 0.000298116524277
1200 0.000646361160896
1201 7.22859220765e-05
1202 0.000217430822174
1203 0.000159481652012
1204 0.000104601515478
1205 0.000471884664059
1206 0.000329097957963
1207 4.27458953111e-05
1208 0.000273319103465
1209 9.16386254989e-05
1210 0.000321464876681
1211 0.000289660583913
1212 0.000521749122631
1213 0.000213915853358
1214 0.000165344643736
1215 0.000382107759211
1216 0.000259842353787
1217 0.000278942208108
1218 0.000303864015793
1219 0.000168494789853
1220 0.000221667328856
1221 7.75435737911e-05
1222 0.000365034656482
1223 0.000470299707186
1224 0.000150494081577
1225 6.67161775036e-05
1226 0.000224976646883
1227 0.00024657341637
1228 0.000407434688666
1229 0.000170402087687
1230 0.000250564222145
1231 0.000385350088659
1232 0.000366351459564
1233 0.000221509305048
1234 4.27458953111e-05
1235 0.000138457483412
1236 0.00050880962765
1237 0.000342222790842
1238 0.000344558075002
1239 0.000484584880364
1240 6.62934926618e-05
1241 0.000145243679352
1242 0.00013495260292
1243 0.000312736885361
1244 0.000359023434902
1245 0.000109898345988
1246 0.000243268142008
1247 0.000244778496075
1248 0.000153946970333
1249 9.25197252763e-05
1250 0.000125827260629
1251 0.000418609412381
1252 0.000129973491545
1253 7.2369634645e-05
1254 8.08079743157e-05
1255 0.000112304955391
1256 0.000391235660092
1257 0.000421481446759
1258 0.000281566138723
1259 0.000280438043711
1260 0.000341306301985
1261 0.000251071201459
1262 0.000336150324503
1263 4.54349461081e-05
1264 6.55188677872e-05
1265 8.25434215988e-05
1266 0.000146849935701
1267 0.000143846438095
1268 0.000363324911783
1269 0.000122336650791
1270 0.000390990041085
1271 5.61086712568e-05
1272 0.000313341086821
1273 0.000321917883902
1274 0.00033634906499
1275 0.00022095201037
1276 0.000360622530359
1277 4.54674102212e-05
1278 0.00053925276988
1279 0.000162332816787
1280 0.000234037260033
1281 0.000320800364622
1282 0.000226510122026
1283 0.000332633015584
1284 0.00026242661108
1285 0.000294027294954
1286 0.000213507879386
1287 0.000132465403276
1288 0.000227309428188
1289 0.000307629526154
1290 0.000297990130437
1291 0.000303487258034
1292 0.000348453941831
1293 0.000280445061211
1294 0.000183339287309
1295 0.000150125326837
1296 8.14572296578e-05
1297 0.000173427508325
1298 9.72882103273e-05
1299 0.000336472674843
1300 0.000224298927995
1301 0.000197889679252
1302 7.97502534029e-05
1303 0.000329729431617
1304 0.000245808655152
1305 0.000295857824957
1306 0.000353803281528
1307 0.000177385341443
1308 0.000286051906129
1309 0.000163639333617
1310 0.000233665253168
1311 0.00017932695934
1312 0.000178233138461
1313 0.000331608643945
1314 0.000215897008831
1315 0.000199230244491
1316 0.00022861627153
1317 0.000179877196448
1318 0.00021719730993
1319 0.000257221623213
1320 0.000206992294711
1321 0.000380917242623
1322 0.000165548383814
1323 0.000440711623318
1324 0.000303459719315
1325 0.000230971137825
1326 0.000177546045093
1327 5.78559400555e-05
1328 0.000275077623684
1329 0.000201872205689
1330 0.000430660067651
1331 0.000391077880269
1332 0.000449913769107
1333 0.000261889509806
1334 0.000257733420394
1335 0.000374924779667
1336 0.00038865012703
1337 0.000205932148818
1338 0.000283261061705
1339 0.000416905095921
1340 0.00031867986068
1341 0.00021259613226
1342 0.000377238743223
1343 9.93855037602e-05
1344 0.00025076997759
1345 0.00030893312326
1346 0.000436608152324
1347 6.5217433464e-05
1348 0.000373855476244
1349 0.00025232187363
1350 0.000274942487226
1351 0.000176560598928
1352 0.000221163324885
1353 0.00204330421775
1354 6.6384308336e-05
1355 6.96686510668e-05
1356 0.000239598276803
1357 0.000181594955418
1358 0.00021611268347
1359 0.000786815588004
1360 0.000315143405811
1361 0.0003345706063
1362 0.000445525132903
1363 5.40364319226e-05
1364 0.000168338519546
1365 9.72775587832e-05
1366 0.000170750588384
1367 0.000381917178763
1368 0.000505381532515
1369 0.000161147098328
1370 0.000305803169516
1371 0.000348879470182
1372 0.000268603446661
1373 8.56496903342e-05
1374 0.000372094755713
1375 0.00025882609342
1376 0.000266929308244
1377 0.000551367712236
1378 0.000587163323356
1379 0.000240168384987
1380 0.000266862001873
1381 0.000294091842566
1382 0.000144246322673
1383 0.000223969362687
1384 6.75335629938e-05
1385 0.000136831376102
1386 0.000124781051797
1387 4.27458953111e-05
1388 0.000125816111961
1389 0.000305658187967
1390 0.000184826458641
1391 0.000576849893681
1392 0.000530916297403
1393 0.000184429373526
1394 0.000236364480689
1395 6.04509692309e-05
1396 4.81111497701e-05
1397 0.000280582021221
1398 0.000113549123242
1399 0.000187372300537
1400 0.000536085669237
1401 0.00014141378918
1402 7.91461157397e-05
1403 0.00025955752448
1404 0.000148629249754
1405 0.000257266867056
1406 0.000311524549408
1407 0.000167807407149
1408 0.000154230331239
1409 0.000205950416514
1410 0.000389331692563
1411 0.000204598942883
1412 7.90176403862e-05
1413 0.000161441822865
1414 0.000279079951769
1415 7.07219101566e-05
1416 0.000225985507445
1417 0.000346002810369
1418 5.33129604625e-05
1419 0.000138043324237
1420 0.000188391179278
1421 0.000467405832784
1422 0.000224023412858
1423 0.000114244696861
1424 0.000282412555144
1425 0.000171660372141
1426 0.000239493365353
1427 0.000294730053069
1428 0.000358605076193
1429 0.000207774419751
1430 0.000212070768435
1431 4.90050181185e-05
1432 0.000698622056564
1433 0.000276867367195
1434 0.000216683051684
1435 0.000139327647885
1436 0.000280008136363
1437 0.000192086417886
1438 0.000239885924652
1439 0.000171717834109
1440 9.37068080079e-05
1441 0.000174264085791
1442 0.000159666918719
1443 7.97327979335e-05
1444 9.87975402499e-05
1445 0.000202192041061
1446 0.000104168206741
1447 0.000214785648654
1448 0.000455838052668
1449 0.000266819168075
1450 0.000317252698755
1451 0.000204426031718
1452 0.000163382933618
1453 0.000255459204656
1454 0.000205537551469
1455 0.000272955120664
1456 6.7835216528e-05
1457 0.000407135190424
1458 0.000212095171628
1459 0.000151637860181
1460 0.000450143056816
1461 0.000203274889625
1462 8.95496636625e-05
1463 0.000405347301269
1464 6.93905356714e-05
1465 0.000169417931199
1466 0.000363197452501
1467 4.27458953111e-05
1468 0.000400513398637
1469 0.000234673282342
1470 0.000387474210513
1471 0.000278234567247
1472 0.000524871564993
1473 0.000576008912076
1474 0.000340606231493
1475 7.22640482485e-05
1476 0.000332196131332
1477 7.48609246819e-05
1478 0.000104443957091
1479 0.000155704272436
1480 0.000408364503786
1481 0.000346222228502
1482 0.000126430386084
1483 0.000313303525799
1484 0.000343658389551
1485 0.000106764054995
1486 0.000190934764873
1487 9.02803459289e-05
1488 0.000323061178003
1489 0.000418760242658
1490 0.000124673199537
1491 7.85365152967e-05
1492 0.000379866086911
1493 0.000114140246671
1494 0.000200676168186
1495 0.000247294892304
1496 0.000321373491153
1497 0.000312808534139
1498 0.000189421500776
1499 6.61003837735e-05
1500 0.000191667468079
1501 0.000207408812542
1502 0.000112736762309
1503 0.000351343566481
1504 0.000176388802425
1505 0.000368967226748
1506 0.000532215464456
1507 7.66048869633e-05
1508 0.000257953517827
1509 0.0001718198971
1510 0.000424809464327
1511 6.07137487771e-05
1512 0.000268184155906
1513 0.000210606637879
1514 0.000230356993325
1515 0.000211140004407
1516 0.000327044709794
1517 0.000469878763376
1518 0.00014146150362
1519 0.000129028953886
1520 0.000160884848928
1521 0.000388400397512
1522 6.87903461511e-05
1523 0.000480635700736
1524 0.000270226782259
1525 0.000160473524606
1526 0.000346552601715
1527 0.000149446270722
1528 0.0001021641949
1529 0.000268481163545
1530 0.00028448418061
1531 0.000320290399576
1532 0.000176562717278
1533 0.000147822114538
1534 0.000260113928741
1535 0.000276796641883
1536 0.00022990751699
1537 0.000512944790448
1538 0.00016381333664
1539 0.000254717664526
1540 0.000292750657117
1541 0.00031254237148
1542 0.000224173539208
1543 0.000206539382853
1544 0.000212885447782
1545 0.000144189692977
1546 0.000312520280171
1547 6.95402828987e-05
1548 0.000369077687974
1549 0.000287805487655
1550 0.000331879349387
1551 0.000188964521089
1552 0.000518318709856
1553 9.54338689899e-05
1554 0.000236423783907
1555 0.000494523128064
1556 0.000313847578622
1557 0.000110596397625
1558 0.000465522567015
1559 5.07205737055e-05
1560 0.000563262390156
1561 4.27458953111e-05
1562 0.000182348304324
1563 0.000130111691345
1564 0.000356997103949
1565 0.000159710544625
1566 0.000274743024161
1567 0.000171750553466
1568 0.000290559234263
1569 0.000218924799146
1570 0.000294828000379
1571 0.000397802090839
1572 0.000226442427361
1573 0.000170622998753
1574 0.000427318179727
1575 0.000384254530542
1576 0.000136996798824
1577 0.000302280032878
1578 0.000541303158764
1579 0.000182509369562
1580 7.18530617331e-05
1581 0.000306445214136
1582 4.27458953111e-05
1583 0.000211114331868
1584 0.000436772132324
1585 0.000665017013813
1586 0.000175780064908
1587 8.99097462927e-05
1588 0.000259184199235
1589 0.000214397908812
1590 0.000609365481042
1591 0.000339783882242
1592 0.00047251396407
1593 0.000136731940799
1594 0.000288159189474
1595 0.000119184408415
1596 0.000195790181938
1597 0.000358767765803
1598 0.00035063099645
1599 0.000430790009006
1600 0.000113986306287
1601 0.000370762923223
1602 0.00024053044867
1603 9.82904994562e-05
1604 0.000436547846633
1605 0.000475498048459
1606 0.000304539916373
1607 0.000178971725065
1608 9.61963797299e-05
1609 0.000366836897762
1610 0.000309275228656
1611 0.00053561690948
1612 0.000336594777629
1613 0.000568603017646
1614 0.000547286933443
1615 0.000251042376263
1616 0.000222949641471
1617 0.000308767534263
1618 0.000363997597524
1619 0.000127690156533
1620 0.000356323076911
1621 0.000441763182351
1622 0.000577028573139
1623 0.000542573106957
1624 0.000311967723572
1625 0.0002436682048
1626 0.000164849291389
1627 0.000218239770839
1628 8.91187094949e-05
1629 0.000395353845647
1630 0.000175077113735
1631 0.000386828711414
1632 8.38557843288e-05
1633 0.000286321955357
1634 0.000163575379997
1635 0.000275100688074
1636 0.000176424162
1637 0.000354772284021
1638 0.0003381832438
1639 0.000176464775637
1640 0.000285792097081
1641 0.000100266153507
1642 0.00014513253846
1643 0.000278342920549
1644 0.00031121943653
1645 0.000240272265816
1646 0.000333496175623
1647 0.00012149502305
1648 0.000243459694657
1649 0.000194120556297
1650 0.000190022127025
1651 0.000157492936347
1652 5.15779665374e-05
1653 0.000278643534018
1654 0.000248198883897
1655 8.75162124944e-05
1656 0.000274474740679
1657 0.00028680317136
1658 9.7300675674e-05
1659 0.000123298939292
1660 0.000285577723513
1661 0.000176682164391
1662 0.000387632683843
1663 0.000439006290354
1664 0.00203804563938
1665 9.2192551818e-05
1666 0.000389981475512
1667 0.000317366431136
1668 0.000214681574123
1669 0.000374380328797
1670 0.000421745960078
1671 0.000103361105198
1672 0.000221402864119
1673 0.000199315015829
1674 0.0002527751453
1675 0.000187259242841
1676 0.00039211445343
1677 0.000173351955867
1678 0.000216057764353
1679 0.000144425872874
1680 0.000172753199173
1681 0.000271311560837
1682 0.000176447238113
1683 0.00018800738608
1684 0.00040003506795
1685 0.00640549497418
1686 0.00032224283797
1687 0.000224395481863
1688 0.000384991332265
1689 0.000369570399211
1690 0.000380844528973
1691 4.27458953111e-05
1692 0.000277393481254
1693 0.000305742906517
1694 8.94765894462e-05
1695 0.000235043033739
1696 0.000190146080554
1697 0.000117292306956
1698 8.14649058687e-05
1699 0.0001724105333
1700 0.000268119512153
1701 9.21904309663e-05
1702 0.000103274071405
1703 0.000276153904656
1704 0.000444016673618
1705 0.000151252940949
1706 0.000253291490535
1707 0.0002282853956
1708 0.000549508588602
1709 0.000114479480621
1710 0.000372649197208
1711 8.67175559714e-05
1712 7.85992168216e-05
1713 0.000329736667778
1714 6.58236108805e-05
1715 0.000550868150306
1716 0.000296273652223
1717 0.000297485934888
1718 0.000428227461612
1719 0.000536702454367
1720 0.000182489408275
1721 0.000245806018642
1722 0.000355838563724
1723 0.000237250279363
1724 0.000178092747941
1725 0.000218282266069
1726 0.000361864959692
1727 0.000194104888448
1728 0.000202816857963
1729 0.00016631120154
1730 0.000393383909255
1731 0.000704612934885
1732 9.53812213265e-05
1733 0.000259797187171
1734 0.000280543589946
1735 0.000187790712972
1736 0.000341404354503
1737 0.000469164749488
1738 0.00025988603303
1739 0.000170820772673
1740 0.000129870641322
1741 0.000218765251572
1742 0.000334960268419
1743 0.000366997497155
1744 0.000197740093143
1745 0.000224637797381
1746 0.000137800978343
1747 0.000610565929713
1748 0.000176813148417
1749 0.000113906023829
1750 0.000132109441733
1751 0.000390250256869
1752 0.000254703181977
1753 0.000354796277934
1754 0.000280848418527
1755 0.000215132578406
1756 4.68105762569e-05
1757 0.000131994135401
1758 0.000399935172101
1759 0.000245024240841
1760 8.37705064542e-05
1761 6.81327360296e-05
1762 0.000430167803639
1763 6.37513522639e-05
1764 0.000195878774163
1765 0.000129810328238
1766 0.000246205926856
1767 0.00026123294008
1768 0.000214798320582
1769 0.000657124193683
1770 0.000117613266135
1771 0.000339337537329
1772 9.8786081551e-05
1773 0.000210643890489
1774 0.00015433487641
1775 0.000191049252892
1776 6.37443761114e-05
1777 9.7300675674e-05
1778 6.27011532158e-05
1779 0.000238955553445
1780 0.000174682117005
1781 0.000134379588295
1782 0.000178611897026
1783 0.000239938111663
1784 0.000611509043062
1785 0.000145653888293
1786 0.000229912674935
1787 0.000446072154195
1788 0.000279504874497
1789 0.000155384602487
1790 0.000322734749298
1791 0.000210688015705
1792 0.000422500871842
1793 8.23119277567e-05
1794 0.000438287181835
1795 0.000336037888401
1796 0.000288932987496
1797 0.000229095541726
1798 7.52179802862e-05
1799 0.000255549642343
1800 0.000457612739308
1801 0.00202912224759
1802 0.000150360849448
1803 0.000112590627433
1804 0.000234004608689
1805 0.000576673423547
1806 0.000125208795891
1807 0.000284123844764
1808 0.000299677688716
1809 0.000156755694893
1810 0.000356721530013
1811 0.000318203908119
1812 0.000222967112503
1813 0.000220617933643
1814 0.000509006000846
1815 0.000110328223245
1816 0.000166232466571
1817 0.000394993007996
1818 0.000111077573394
1819 0.000176975626274
1820 0.000304485839415
1821 0.000315333549781
1822 0.000112727005437
1823 0.000136218310095
1824 0.000390467539299
1825 0.000281226743954
1826 0.00026490575804
1827 0.000317307335845
1828 0.000622286943974
1829 0.000291827420821
1830 0.000141894308831
1831 0.000115616336853
1832 0.000328258151119
1833 0.000182563261479
1834 0.000567259532519
1835 4.27458953111e-05
1836 0.000579913539064
1837 0.000121311689365
1838 0.000283803566324
1839 0.000103543428793
1840 0.000499920160106
1841 0.000127245908973
1842 0.000236147896713
1843 0.000372385277109
1844 0.000166606677247
1845 0.000387920338951
1846 0.000347127828708
1847 0.000177522254594
1848 0.000212247889511
1849 0.000185746841776
1850 0.000361860569429
1851 0.000176690993621
1852 0.000189486847421
1853 0.00014655495862
1854 9.75947291311e-05
1855 5.55249327598e-05
1856 6.72223709622e-05
1857 5.7613792373e-05
1858 0.000326854154677
1859 0.000208263271087
1860 0.000227355631592
1861 0.00015924402236
1862 0.000351755198368
1863 0.000331841842937
1864 0.000234776275541
1865 0.000344312799327
1866 8.24674023046e-05
1867 0.000278541542465
1868 0.000391177962791
1869 0.000380125321609
1870 0.00011263171663
1871 0.000148322877513
1872 0.000387566344033
1873 0.000243961530936
1874 0.000198916515304
1875 7.7649772359e-05
1876 0.000151955099239
1877 0.000361717425192
1878 0.000220281232216
1879 0.000211502355189
1880 0.000448169849734
1881 0.000241455414563
1882 0.00028431979001
1883 0.000285763825397
1884 0.000122309417919
1885 0.000164779146763
1886 0.000157330729238
1887 0.000337809826784
1888 8.32110882148e-05
1889 0.00203384645383
1890 0.000213810349959
1891 0.000147272816645
1892 0.000237075800448
1893 0.000111354999318
1894 0.000366336273748
1895 0.00033003187684
1896 0.000273876195479
1897 0.000134653791526
1898 0.000215063830323
1899 0.000321213749238
1900 0.000363634277779
1901 0.000119401622045
1902 0.000122153296369
1903 0.000405167824876
1904 0.000208295725598
1905 0.00021293165291
1906 0.000123555927442
1907 0.000162201976834
1908 0.0001600350661
1909 0.000112322600418
1910 0.000258919900529
1911 0.000247330152692
1912 0.000240412552446
1913 0.00446791082341
1914 0.000106276834529
1915 0.000255846921782
1916 0.000128653022562
1917 0.000266274448689
1918 0.000361923879686
1919 0.000312072017716
1920 0.000288208990043
1921 0.000373747310847
1922 0.000219908946652
1923 0.00015981949795
1924 0.000262997950784
1925 7.6226547568e-05
1926 0.000253547771004
1927 0.000479770179862
1928 0.000285274309706
1929 0.000138939042962
1930 0.000293312331011
1931 0.000124744288463
1932 0.000211224764569
1933 0.00031226737504
1934 0.000123665389907
1935 0.000124553927423
1936 0.000262341339559
1937 0.00021108970001
1938 7.45527151699e-05
1939 0.000361277168604
1940 0.000265042296732
1941 0.000315887537933
1942 0.000551062214158
1943 0.000130505124493
1944 0.000370060111616
1945 0.000167593406301
1946 0.000449347349992
1947 0.000364479312339
1948 0.000382221733354
1949 0.000333266319741
1950 9.86767244365e-05
1951 9.51489580169e-05
1952 0.000321383809883
1953 9.31710784586e-05
1954 0.000245075357532
1955 0.000355645031242
1956 0.000311327137296
1957 0.000152060083035
1958 0.000215514264741
1959 0.000207677435199
1960 0.000376400557432
1961 0.000368494157667
1962 0.000114191807529
1963 0.00035740506307
1964 0.000194716925619
1965 0.000562547464616
1966 0.000163197376805
1967 0.000346076157437
1968 4.79904448962e-05
1969 0.000185296723781
1970 5.01021101395e-05
1971 0.000272527333105
1972 0.000339765064602
1973 0.00034647161606
1974 0.000316479653294
1975 8.63844506269e-05
1976 0.000304138705262
1977 0.000213753569558
1978 9.17670316215e-05
1979 0.000148715755021
1980 0.000340006458405
1981 0.000300765830973
1982 0.000198091485404
1983 0.000118798732178
1984 0.000393803519214
1985 0.000345824614095
1986 0.00045582993258
1987 0.000302605496369
1988 0.000140633874164
1989 0.000215431263323
1990 0.000198705611885
1991 0.000189912975959
1992 0.000261866939733
1993 0.000163666220844
1994 0.000393363439872
1995 0.000205388209545
1996 0.000314533134841
1997 8.05197912756e-05
1998 0.000267068716062
1999 0.000281621812145
2000 0.000182707345838
2001 0.000175316655479
2002 0.000305170965154
2003 0.000286597785548
2004 0.000188218979812
2005 0.000261748356124
2006 0.000301360789126
2007 0.0002750082828
2008 0.000504900323933
2009 8.77913864203e-05
2010 0.000223187433764
2011 0.000274297103794
2012 0.00021845007615
2013 0.000103904261763
2014 7.81275546053e-05
2015 8.49330840622e-05
2016 8.53094473216e-05
2017 0.0001171705937
2018 0.000129170359068
2019 0.00028527645692
2020 9.21448859995e-05
2021 0.000306266879996
2022 8.92389856236e-05
2023 0.000261172231825
2024 0.000219653256944
2025 0.000273123833974
2026 0.000173314307353
2027 0.000303084367008
2028 0.000227085939989
2029 0.000339178289093
2030 0.000170189515491
2031 0.000357034098602
2032 0.000268113391617
2033 0.000455101950473
2034 0.000332463722299
2035 0.000148467547379
2036 0.00025950076065
2037 0.000141698840463
2038 0.00035896871494
2039 0.000436966327154
2040 0.000345795642935
2041 0.000305813433928
2042 0.000135403861594
2043 0.000319261138275
2044 0.000334859184749
2045 9.70625301066e-05
2046 0.000337018262115
2047 0.000246475661103
2048 0.00085246955737
2049 9.92780029663e-05
2050 0.000319542000389
2051 0.000136244552401
2052 0.000122841490731
2053 0.000331235359861
2054 0.000356727139697
2055 0.000501762687204
2056 0.000164885512876
2057 0.000261660190772
2058 0.000155962177109
2059 0.00018378053943
2060 0.000365357094186
2061 0.000232472340597
2062 0.000260640731633
2063 0.000252460526295
2064 0.00028065279017
2065 0.000357321065699
2066 0.000105278528214
2067 8.47437690898e-05
2068 0.000115156587695
2069 0.000439762882916
2070 0.000336752777759
2071 0.000135149336949
2072 0.00037524569431
2073 0.000404529636665
2074 0.000372309126229
2075 0.000311438017525
2076 0.000181495496652
2077 0.000177622629479
2078 0.000251057956088
2079 0.000389747895658
2080 4.16946221619e-05
2081 0.000100129908919
2082 0.000527843125398
2083 0.000171292864257
2084 0.000289022810253
2085 0.000297343099196
2086 0.000196597497708
2087 0.000269870347143
2088 0.000485759773536
2089 0.000380385041574
2090 0.000211882516293
2091 0.000359482345871
2092 0.000289840236677
2093 0.000142807565773
2094 0.000345781450841
2095 0.000138373473724
2096 0.000301231703204
2097 0.000105392346391
2098 0.00020913695973
2099 0.000237961694159
2100 0.000120563198754
2101 9.70054588062e-05
2102 0.000245690996791
2103 0.000409726736343
2104 0.000356764761455
2105 0.000344890197041
2106 0.000124467086495
2107 0.000104943254666
2108 0.000319366522664
2109 0.000314825168741
2110 0.00026696137314
2111 0.000164923869842
2112 0.000568401474702
2113 0.000312470419726
2114 0.000145845350962
2115 0.000150213008307
2116 0.000269676361901
2117 0.000311715897146
2118 0.000502569211521
2119 0.000358575043171
2120 0.000155487506001
2121 0.000236156579917
2122 0.000307918079366
2123 0.000284739659475
2124 0.000387214082938
2125 0.000325384217407
2126 0.000377844056227
2127 0.00046713264997
2128 0.000361339556494
2129 0.0003374550974
2130 0.000344441217704
2131 0.000118743072757
2132 0.000379868434601
2133 0.000332173908079
2134 0.000584803561656
2135 0.0002797805884
2136 0.000281228839403
2137 0.000164744459618
2138 0.000168030126372
2139 0.000438603330753
2140 0.000340110860152
2141 0.00032874487504
2142 0.000138154284784
2143 0.00045292389077
2144 0.000346309914526
2145 0.000258103955918
2146 0.00024423754229
2147 0.000226012568022
2148 0.000134862926911
2149 0.000309265561666
2150 0.000403911961713
2151 0.000371145884945
2152 0.000273882346822
2153 0.000192284887816
2154 0.000423389485305
2155 0.000312204255544
2156 0.000180020413261
2157 0.00027620530238
2158 0.000210443804865
2159 0.000109826936636
2160 0.000257376292509
2161 0.000234885759889
2162 0.000275788187437
2163 0.000145180010106
2164 0.00011798634468
2165 0.000219183146071
2166 0.000259763084349
2167 9.6849601839e-05
2168 0.000105894482306
2169 8.31689780728e-05
2170 0.000342757904627
2171 0.000184703201474
2172 0.000330064252258
2173 0.000371426194291
2174 0.000275204632185
2175 0.000397715334951
2176 7.30026622824e-05
2177 0.000429934635976
2178 7.29333729602e-05
2179 6.68455190447e-05
2180 0.000221168928878
2181 0.000352719736268
2182 0.000176569279993
2183 7.44823025557e-05
2184 0.000407823086938
2185 0.000358832583645
2186 9.26356807431e-05
2187 0.000118472495552
2188 0.000451240749956
2189 0.00037102712492
2190 0.000349386182722
2191 0.000322548475577
2192 0.000284541742162
2193 0.000219550359414
2194 0.000145191215367
2195 0.000339642523493
2196 4.16946221619e-05
2197 0.000339843210231
2198 0.000195569969478
2199 0.000193703787851
2200 0.000557279949167
2201 0.000334321147969
2202 0.000361364744518
2203 0.000260368817561
2204 0.000331706774501
2205 9.71369281399e-05
2206 9.32901426753e-05
2207 0.000399889932762
2208 0.000199007714794
2209 9.43272665789e-05
2210 0.000199602749631
2211 0.000218642605818
2212 0.000279074225115
2213 0.000275351368762
2214 0.000213637370541
2215 0.000188681881506
2216 0.000200679986273
2217 0.000265256691097
2218 0.000177859609478
2219 0.000393723318169
2220 6.1348980989e-05
2221 0.000370149465132
2222 0.000175501498595
2223 0.000188894117355
2224 0.000368471929794
2225 0.00039880402621
2226 0.000222107059635
2227 0.00022790535465
2228 9.8189907321e-05
2229 0.000272037802525
2230 0.000407088813225
2231 6.96093536785e-05
2232 0.000302109503228
2233 0.000289925922216
2234 0.00182603069866
2235 0.000110793099324
2236 0.000260356170032
2237 0.000324289148595
2238 0.000248378211271
2239 0.000145052739964
2240 0.000158400511715
2241 0.000384409374893
2242 0.000368927611109
2243 0.000209841469751
2244 0.000209897963922
2245 0.000380308727366
2246 0.000136722589035
2247 0.00032981293541
2248 0.000396660683482
2249 0.000173418439635
2250 0.000104046440757
2251 0.000356082255469
2252 0.000109770515561
2253 6.90385251853e-05
2254 0.000305714554611
2255 0.000315613983912
2256 0.00012102008739
2257 7.84233549428e-05
2258 0.000303579833071
2259 0.000126403508866
2260 0.000224517430386
2261 0.000189382437146
2262 0.000257013939733
2263 8.18084932583e-05
2264 0.000117281084545
2265 0.000245853343736
2266 0.000101974582436
2267 0.00183977856781
2268 0.000274523376579
2269 0.000475058862679
2270 4.16946221619e-05
2271 0.000103304967322
2272 0.000346660444303
2273 0.000155894238782
2274 0.000309935264504
2275 0.000138311669274
2276 0.000352678564081
2277 0.000300726786476
2278 0.000152238071947
2279 0.000344009263334
2280 0.000395167708667
2281 0.000211132297324
2282 0.000169439728192
2283 0.000483421454657
2284 0.000527305857213
2285 0.000293098896468
2286 0.000189788724804
2287 0.000216487283445
2288 0.0001557077975
2289 0.00010448570446
2290 0.000602508895129
2291 0.000349281828555
2292 0.0001252029333
2293 0.000441040116375
2294 0.000179803697403
2295 0.000390841197783
2296 0.000103723401074
2297 0.000188050858744
2298 0.00021080585291
2299 9.88717735063e-05
2300 0.000301082696219
2301 0.000272625105734
2302 0.000169461099611
2303 0.000391900287612
2304 0.000105389943374
2305 0.000231008917963
2306 8.34656301439e-05
2307 0.000229917976366
2308 0.000275794434679
2309 0.000302351307857
2310 0.000388500950004
2311 0.00012484237501
2312 0.000131211694462
2313 9.79002839224e-05
2314 0.000755508194461
2315 0.000178586006328
2316 0.000234065466025
2317 0.000121418261917
2318 0.000326120437052
2319 0.000200111054836
2320 0.000381207742896
2321 0.000172037125632
2322 0.000121044129787
2323 0.000297400737453
2324 0.000349981193337
2325 0.000387015817453
2326 0.000343101511734
2327 0.000344510939976
2328 0.000398625153574
2329 0.000514301032838
2330 0.000250452378378
2331 0.000168228503621
2332 0.00036440493771
2333 0.000322908117684
2334 0.000496574878256
2335 0.000286940150732
2336 0.000290684304238
2337 0.000461459914251
2338 0.000189922891826
2339 0.000333965604659
2340 0.000352429041326
2341 0.000376625194141
2342 0.00025289146658
2343 0.000270623228312
2344 0.000256782397369
2345 0.000387918649327
2346 0.00022964461346
2347 0.00020000294399
2348 0.000652397470781
2349 0.000295900819373
2350 0.000185964340583
2351 0.000119740868148
2352 0.00034075187554
2353 0.0003228048507
2354 0.000186482776589
2355 0.000339558700246
2356 0.000140857374897
2357 0.000328467753412
2358 0.00014962023324
2359 7.81764948878e-05
2360 0.000285504365525
2361 0.000135624072777
2362 0.000372947999958
2363 0.000140163238006
2364 0.000321690570003
2365 0.000329650850888
2366 0.000284826263505
2367 0.000199842814016
2368 0.000214351552444
2369 0.000274346354962
2370 0.000376181922923
2371 0.000305635922819
2372 0.000309218350725
2373 0.000332103140507
2374 0.000133322496487
2375 0.000322042778112
2376 9.90261344313e-05
2377 0.000352052502923
2378 0.000324055694945
2379 0.000260350971247
2380 0.000164264533412
2381 5.71229388513e-05
2382 0.000337114386942
2383 5.62116509232e-05
2384 8.75515645861e-05
2385 0.000589237234716
2386 0.000206244009667
2387 0.000273761292141
2388 0.000159664729805
2389 8.50834575103e-05
2390 0.000145058636683
2391 0.00018158770365
2392 0.000190998481623
2393 0.000219727869803
2394 0.000115361415108
2395 0.00033175887534
2396 0.000348062770367
2397 0.000241773057147
2398 0.000305156249247
2399 0.000350364776211
2400 0.000269823879012
2401 0.000105130124722
2402 0.000189923907967
2403 0.000153733523074
2404 0.000163879767144
2405 0.000336029697808
2406 0.000194358159497
2407 0.000214410904913
2408 0.000191223959106
2409 0.000297154834124
2410 0.000342861675644
2411 0.000401791900417
2412 0.00028294757993
2413 0.000296854935285
2414 9.80783708798e-05
2415 0.000349578654728
2416 0.000154143301282
2417 0.000192542098475
2418 0.000256157293952
2419 0.000235845549203
2420 0.000381382651776
2421 0.000251667612649
2422 0.000177671333093
2423 8.88179569129e-05
2424 0.000318609072075
2425 0.000121766934276
2426 0.000194033499081
2427 0.000168588754617
2428 9.59416607325e-05
2429 0.00037094562533
2430 0.000205965805539
2431 0.000289517381716
2432 8.96493941152e-05
2433 0.000129655759691
2434 0.000292808913147
2435 0.00032353930795
2436 0.000159082962968
2437 0.000315878669234
2438 0.00011984412069
2439 0.000244073534025
2440 0.000153515354251
2441 0.000278077739906
2442 7.60470780757e-05
2443 4.55371802122e-05
2444 0.000143221056652
2445 0.000170751114868
2446 0.000233065912392
2447 0.000311657311729
2448 0.000255431503687
2449 0.000292036658542
2450 0.000144547190253
2451 0.000167161218779
2452 0.000343298906526
2453 8.14208281975e-05
2454 0.00012739057667
2455 7.97013165231e-05
2456 0.000167275694398
2457 0.000136016777482
2458 4.16946221619e-05
2459 0.000317565191005
2460 0.00023805946655
2461 0.000326820154422
2462 0.000389730234176
2463 0.000227781325231
2464 0.000387869602835
2465 0.000382777084337
2466 0.000201706900191
2467 0.000123291117548
2468 0.000257440502551
2469 0.000382423663229
2470 0.000266793265765
2471 4.16946221619e-05
2472 0.000404331192746
2473 0.000273715058745
2474 0.000202758055128
2475 0.000228544820629
2476 0.000324800008961
2477 0.000119899025858
2478 0.000229655154515
2479 0.000250074887842
2480 0.000172367851688
2481 0.000152100258393
2482 7.29322638047e-05
2483 0.00031287902751
2484 8.69945244693e-05
2485 0.000253125226642
2486 0.000271394663652
2487 0.000185364125849
2488 0.000169439728192
2489 0.00033991005184
2490 0.000224583811708
2491 0.000149115771337
2492 0.000379810745955
2493 0.000340628968982
2494 6.09577120268e-05
2495 0.000215580653248
2496 0.000283594389386
2497 9.17484836481e-05
2498 0.000229978381162
2499 0.000333556299857
2500 0.000234664247685
2501 0.000345208392306
2502 0.000256815719318
2503 0.000160767892309
2504 0.000155891395543
2505 0.000294643073705
2506 7.51884400277e-05
2507 0.00025654904961
2508 0.000385495784228
2509 0.000313822823424
2510 0.000424796747278
2511 0.000439691417929
2512 0.000429858889778
2513 0.000326812140644
2514 0.000157635834044
2515 8.71528803153e-05
2516 0.000142206254364
2517 0.000285561040545
2518 6.70530129828e-05
2519 0.000176786835238
2520 0.000131645497828
2521 0.00032052563569
2522 0.000279959935949
2523 7.9416326693e-05
2524 0.000159908459443
2525 6.43822688739e-05
2526 0.000173350820955
2527 0.00039587510581
2528 9.64622871356e-05
2529 0.000118306464561
2530 0.000157634494635
2531 0.000119517368083
2532 0.000124231333392
2533 0.000217841999616
2534 0.00031307653785
2535 0.000173528363995
2536 0.00019168047176
2537 0.000148546141268
2538 0.000314503679126
2539 0.000286671743776
2540 0.000275456807276
2541 0.000247711925031
2542 5.62116509232e-05
2543 0.000388312931745
2544 0.00069393028458
2545 0.000125713485343
2546 7.24831264594e-05
2547 0.000284366814428
2548 0.00018349129031
2549 0.000124263850741
2550 0.000309482570962
2551 0.000326912372966
2552 0.000309448019776
2553 0.000229205947696
2554 0.000337584734429
2555 0.000199596533257
2556 0.000443811536078
2557 0.000262745336319
2558 0.000162535087399
2559 0.000297159294998
2560 0.000317780630999
2561 0.000397613286638
2562 0.000305842498492
2563 0.000146446322734
2564 0.000226298656681
2565 0.000361392101363
2566 8.05197912756e-05
2567 0.000173184016082
2568 0.000355949228374
2569 7.39193213086e-05
2570 4.16946221619e-05
2571 0.000223982988675
2572 0.00013363573367
2573 9.18097294845e-05
2574 0.000297359225404
2575 0.000214884171846
2576 0.000282743473648
2577 0.000125567972229
2578 0.000194217558949
2579 0.000316080113982
2580 0.000234887976476
2581 7.58363447982e-05
2582 0.000165808004178
2583 0.000321369760867
2584 0.000242436113555
2585 8.24182006323e-05
2586 0.000216536967971
2587 0.000354911272273
2588 0.000197691020144
2589 0.000301252125703
2590 0.000262523694507
2591 0.000376211501076
2592 0.000201767060074
2593 0.000384546768802
2594 0.00035135850058
2595 0.000325699962505
2596 8.69945244693e-05
2597 4.16946221619e-05
2598 0.00033169569018
2599 0.000497700954184
2600 7.43976621167e-05
2601 0.000350955204362
2602 0.000362897110529
2603 0.000382587461275
2604 0.000258436568008
2605 0.000379378009456
2606 8.9659526098e-05
2607 0.000167164138405
2608 0.000372244428122
2609 0.000327801961055
2610 0.000169352197822
2611 0.000257019968693
2612 0.000412628735249
2613 0.000161058891152
2614 8.8488135261e-05
2615 0.000186276806119
2616 0.000354243296237
2617 0.000330747968369
2618 0.000359744409978
2619 0.000218430292673
2620 0.000318334918744
2621 0.000283086134396
2622 0.000102792508578
2623 0.000193150210785
2624 0.000262832991351
2625 0.000365660527551
2626 0.000354167972222
2627 0.000192385969148
2628 0.000213892910079
2629 0.000244232210845
2630 0.000389280241871
2631 0.000332800117641
2632 0.000241957607122
2633 0.000102143406329
2634 0.00021779991085
2635 9.85554185034e-05
2636 0.000101591435759
2637 0.000206345028484
2638 0.000175940284255
2639 0.000318217443914
2640 0.000201557017816
2641 0.000284998199971
2642 0.000116485699883
2643 0.00050886876712
2644 0.000314258936312
2645 0.000246045433916
2646 0.000282015778562
2647 0.000274070929798
2648 0.000253928772522
2649 0.000256434661779
2650 0.000380941688166
2651 0.000190766970385
2652 8.58024885264e-05
2653 0.000180607580436
2654 0.000228861243419
2655 0.000292661234105
2656 0.000322052317882
2657 0.000158004860121
2658 0.000273103211772
2659 0.000203480321397
2660 0.000354211956261
2661 0.000205121397769
2662 0.000532712070912
2663 0.000250760395571
2664 0.000207254609226
2665 0.000381063396079
2666 0.000345045864521
2667 0.000273486987643
2668 0.00017817815174
2669 0.000282865283318
2670 0.000434534783955
2671 0.0002559182043
2672 0.000105641066696
2673 0.000232499496373
2674 0.000170565027101
2675 0.000380189530716
2676 0.000274565204325
2677 0.000428087073581
2678 0.000168735771075
2679 0.000113559922503
2680 0.000424691024833
2681 0.000257549944857
2682 0.000223157204316
2683 0.00015305530007
2684 0.000408083332035
2685 0.000186365997998
2686 0.000125784474043
2687 0.000192506625351
2688 0.000147358662842
2689 0.000126887317852
2690 0.000314310453578
2691 0.000237295949718
2692 0.000102301887424
2693 7.04893982664e-05
2694 0.000193530380772
2695 0.000427672637615
2696 8.98100733882e-05
2697 0.000172040411365
2698 0.000156625024273
2699 0.000321569422175
2700 0.000182539918419
2701 0.000155386827324
2702 0.000174343927266
2703 0.000195382862115
2704 0.00024155689595
2705 5.72892674992e-05
2706 0.000152240863693
2707 0.000310378182944
2708 0.000133159775468
2709 0.000208234744929
2710 0.000125564448266
2711 0.000125379625289
2712 0.000242449126219
2713 0.000251185739049
2714 0.0002168405173
2715 5.91975033697e-05
2716 0.000239141376521
2717 0.000557867620767
2718 0.000253519051012
2719 0.000269816005042
2720 0.00054469880617
2721 0.000298903297129
2722 0.000105641066696
2723 5.4330847778e-05
2724 0.00010945779105
2725 0.00052722152449
2726 0.000103581225557
2727 0.000156622677065
2728 0.000129985322876
2729 0.000292120958005
2730 0.000327628246085
2731 0.000629520926918
2732 0.00017813544702
2733 0.000176818742449
2734 0.000160249266672
2735 0.000260434927056
2736 0.000168221563628
2737 7.59382050058e-05
2738 0.000149763411612
2739 0.000433733610328
2740 0.000238005518842
2741 5.72892674992e-05
2742 0.000285280391009
2743 0.00062348430457
2744 0.00024990945346
2745 0.000128775598996
2746 0.000201702514096
2747 0.000100623761062
2748 0.00012371211432
2749 0.000464819902536
2750 0.000246517073076
2751 0.000386606561277
2752 0.000241214374707
2753 8.70167545038e-05
2754 0.000292130604352
2755 0.000571284479787
2756 0.000401259688883
2757 0.000230305169277
2758 0.000382072205204
2759 0.000330049239403
2760 0.000163694413571
2761 0.000134642520707
2762 0.000171505937883
2763 0.000171620029064
2764 0.000320331956354
2765 0.000239720458919
2766 0.000267797072215
2767 0.000113305890299
2768 0.000101263559417
2769 0.000208677052031
2770 0.000117514409182
2771 0.00021911220278
2772 0.000160843215308
2773 0.000256827230128
2774 0.000277305725295
2775 0.000157838830925
2776 0.00021319035698
2777 0.000134145280027
2778 0.000380078607869
2779 0.000521910372031
2780 0.000165048178577
2781 0.000385962087881
2782 0.000401693406361
2783 0.000443321286368
2784 0.000228842654443
2785 0.000230788377756
2786 0.000291205546446
2787 0.00047098645012
2788 0.000324774025666
2789 6.55977527939e-05
2790 0.000175831465512
2791 0.000102387185471
2792 0.00013298232966
2793 0.000102301887424
2794 0.000536887531259
2795 0.000127354887328
2796 0.000199764826236
2797 0.000326009118864
2798 0.000182701574898
2799 5.4167128952e-05
2800 0.00016467264585
2801 0.000371623132466
2802 0.0001061630773
2803 8.7815371372e-05
2804 0.000192368867551
2805 9.11559417442e-05
2806 0.000134050722851
2807 0.000276673274986
2808 0.000182126118155
2809 7.11261597977e-05
2810 0.000166513236042
2811 0.000294149414077
2812 8.16750671799e-05
2813 0.000207674626105
2814 0.000245020053934
2815 5.8178699202e-05
2816 0.000270358701044
2817 0.000102785049009
2818 0.000134328959807
2819 0.000157145036275
2820 0.000192812740519
2821 0.000153705131623
2822 0.000114546438489
2823 0.000155429300862
2824 0.000234817771262
2825 0.000105641066696
2826 0.000170988746015
2827 0.000118887632978
2828 0.000346502055089
2829 0.000420075997024
2830 0.000227758195309
2831 0.000165772633115
2832 0.000160920761635
2833 0.000230574052736
2834 0.000483061774958
2835 0.000131508355327
2836 0.000216645372738
2837 0.000268374281621
2838 0.000131920968212
2839 9.07954177001e-05
2840 0.00156833420929
2841 0.000216194287626
2842 0.000259621639771
2843 4.4048002461e-05
2844 0.000243052685763
2845 0.000221863661777
2846 0.000186491311589
2847 0.000194625996924
2848 0.000121809253948
2849 0.000183793783582
2850 0.000419827465292
2851 0.000166395160553
2852 0.000184287233064
2853 8.39411121354e-05
2854 0.000338395924673
2855 0.000214542313224
2856 5.98623480543e-05
2857 0.000165038967268
2858 6.16545620677e-05
2859 0.000168429490361
2860 0.000160903967829
2861 5.6616573984e-05
2862 0.000224118854351
2863 0.000325665162426
2864 0.000636124184559
2865 0.000350783523512
2866 0.000323304322313
2867 0.000357849987704
2868 0.000373583067194
2869 0.000177823842889
2870 0.000405639786875
2871 0.000189614072251
2872 0.000297193128638
2873 0.000355843349765
2874 0.00034521981053
2875 0.00024215777148
2876 0.000311849427574
2877 0.000123079117585
2878 0.000475793787023
2879 0.000108817420056
2880 0.000216964970456
2881 0.000316164633652
2882 0.000307325470078
2883 0.000107910802354
2884 0.000139280228573
2885 8.09608640858e-05
2886 8.82862761033e-05
2887 0.000164626483384
2888 0.000215722512847
2889 0.000133804551457
2890 0.000247549812582
2891 0.000436229780987
2892 0.000126836564264
2893 0.00022183060523
2894 0.00011260360953
2895 0.000347209576129
2896 9.92049308574e-05
2897 0.000249409866042
2898 0.000258902529836
2899 9.95378425495e-05
2900 8.26332219476e-05
2901 0.00010449128547
2902 0.000475141112655
2903 0.000157254778804
2904 0.000105130589879
2905 0.000443831516462
2906 0.000343069326914
2907 0.000411448174399
2908 0.000170993257705
2909 0.00014731417308
2910 0.000368506341067
2911 0.000377134654609
2912 0.0003193849147
2913 0.000291760049043
2914 0.000351354022596
2915 0.000268784132627
2916 0.000439458724911
2917 0.000396479862565
2918 0.000112789667958
2919 0.000172858735167
2920 0.00035153670754
2921 0.000350738980478
2922 0.000277483582004
2923 7.06979765658e-05
2924 0.000153505480569
2925 0.00020257135404
2926 0.000369291684485
2927 0.000142169354781
2928 0.000423942883632
2929 0.000409225375695
2930 0.000243711962114
2931 0.000176818742449
2932 0.000264560946039
2933 0.000293733263297
2934 0.00017797686903
2935 0.00018787828068
2936 0.000154990049073
2937 0.000363241135025
2938 0.000356470306842
2939 0.000168819478826
2940 0.00037965921171
2941 0.000301054177604
2942 0.000123509521278
2943 9.98583376504e-05
2944 0.000379648633379
2945 0.000493538115623
2946 0.000267235430708
2947 0.000357425969699
2948 0.000148813392908
2949 0.000132512695846
2950 0.000275880142775
2951 0.000324559318729
2952 0.000676435522337
2953 6.15011240562e-05
2954 0.000182508054568
2955 0.000135644777988
2956 0.000331271628423
2957 0.000436930869063
2958 0.000145653525541
2959 0.000290836164606
2960 0.000231035321513
2961 0.000412961742519
2962 0.000103937565947
2963 0.000208434523095
2964 5.98056839328e-05
2965 0.000168048164437
2966 0.000140722155351
2967 0.000483695130957
2968 0.000144051732552
2969 0.000137004815837
2970 0.000323148407707
2971 0.000242008792149
2972 6.83511684483e-05
2973 0.000229794615727
2974 0.000401912620396
2975 0.000279421431931
2976 6.97285274086e-05
2977 0.000256258317891
2978 0.000173726969251
2979 0.000216249370101
2980 0.000174701842272
2981 6.99643970324e-05
2982 0.000143192295247
2983 0.000205014587755
2984 0.000226395699783
2985 0.000179781870375
2986 0.000278494613855
2987 0.000445610251745
2988 0.000156504720091
2989 0.000306833594033
2990 0.000342801708614
2991 0.00011934925685
2992 0.000332241573474
2993 0.000384800284484
2994 0.000289973806064
2995 0.000309189647874
2996 0.00013035741137
2997 0.00027706315209
2998 0.000178302895519
2999 5.74698750511e-05
3000 0.000312863525104
3001 0.000414607192782
3002 0.00028899003126
3003 0.000476027935186
3004 9.07954177001e-05
3005 0.000255212248429
3006 0.000308033780921
3007 4.92904414454e-05
3008 0.000174019818255
3009 0.000216672906664
3010 0.000148756515819
3011 0.000230232114864
3012 0.00030336617329
3013 0.000153529998238
3014 0.00017914326525
3015 0.000216008241861
3016 0.000102429476093
3017 0.000205030483868
3018 0.000445224507261
3019 0.000228404755381
3020 0.00050858131728
3021 0.000337654773091
3022 0.000273018541493
3023 0.00036565041496
3024 0.000197582481813
3025 0.000126915846267
3026 0.000295732167173
3027 0.000461565202315
3028 0.0004628701092
3029 0.000173289957352
3030 0.000252854980411
3031 9.03141273768e-05
3032 4.4048002461e-05
3033 0.000184396680903
3034 0.000404442054896
3035 0.000294208058197
3036 0.000492457516355
3037 0.000226272448861
3038 0.000102301887424
3039 0.000518279200842
3040 0.000150899469142
3041 0.000238617563206
3042 0.000191751590367
3043 0.000147186675188
3044 0.000147922751145
3045 7.15198247094e-05
3046 0.000117140171567
3047 0.000247952673192
3048 0.000238869473012
3049 0.00014250433145
3050 0.000411389566466
3051 0.000145438979755
3052 0.000566946967909
3053 0.000252239560684
3054 0.000199992570054
3055 0.000390533589147
3056 0.000157838830925
3057 0.000363436762514
3058 0.000182314720933
3059 0.00012217287891
3060 8.01891108859e-05
3061 0.00044003236361
3062 0.000156865742835
3063 0.00024720423366
3064 0.000151395921479
3065 0.00029709121358
3066 0.000255182399368
3067 0.000203355290186
3068 0.000127364351106
3069 0.000146386057899
3070 0.000145666797503
3071 0.000335106640316
3072 4.4048002461e-05
3073 0.000374977835947
3074 0.000317068416283
3075 0.000157838830925
3076 0.000184039837954
3077 0.000520789851925
3078 0.000465041478936
3079 0.000436253794404
3080 0.000247285282438
3081 0.00021183313548
3082 0.000234270438131
3083 0.000623853332052
3084 0.000154450750186
3085 0.000398096102052
3086 0.000250511811384
3087 0.000288529784247
3088 0.000372645794133
3089 9.9936345458e-05
3090 0.000322502759014
3091 0.000546630237908
3092 0.000105641066696
3093 9.05785818633e-05
3094 0.000135114514238
3095 6.85756406565e-05
3096 0.000139134485295
3097 0.000347130576291
3098 0.000287929094459
3099 0.000305293110455
3100 0.00011182306501
3101 0.000251728141699
3102 0.00163868103141
3103 0.000266934608599
3104 0.000173000517289
3105 0.000419964302218
3106 0.000227390728658
3107 0.000361324676259
3108 0.000356383886632
3109 0.000291281315587
3110 0.000139243905082
3111 0.000148164529818
3112 0.000342805596198
3113 0.000100710012491
3114 0.000387575819863
3115 0.000268083452209
3116 0.000342932180419
3117 0.00056289350346
3118 0.000346159294964
3119 0.000298790940818
3120 0.000344723708988
3121 0.000365423269775
3122 8.70727454857e-05
3123 0.000182321050307
3124 0.000187572498386
3125 0.000227396479694
3126 5.12551763419e-05
3127 0.000139803991169
3128 0.000157838830925
3129 0.000161271363296
3130 0.000193817297754
3131 0.000127106261596
3132 0.000176818742449
3133 0.000447629448766
3134 0.000104549568215
3135 5.11268673138e-05
3136 0.000192114248924
3137 0.000452512349899
3138 0.000296918496216
3139 0.000175126253172
3140 0.00018656046248
3141 0.000474473701746
3142 0.000222815331188
3143 0.000266835003349
3144 6.63888745196e-05
3145 0.000146413628367
3146 0.000418320905048
3147 0.00034244575387
3148 0.000134328959807
3149 0.000209658178812
3150 0.000310223892377
3151 0.000499362347919
3152 0.000125654083633
3153 0.000483600558106
3154 0.000117532967317
3155 0.000609580739388
3156 0.000161632723456
3157 0.000130142873699
3158 0.000146048617062
3159 0.000266996892833
3160 9.1572483223e-05
3161 0.000199629982593
3162 8.05714767733e-05
3163 0.000424097602351
3164 0.000134737396173
3165 0.0001193831542
3166 9.22262372913e-05
3167 0.000207276409751
3168 0.000152893725567
3169 0.000364510222037
3170 0.000331197161126
3171 0.000166688803031
3172 0.000167357734214
3173 0.000405761847689
3174 0.000163548329698
3175 0.000339581031707
3176 7.36308621423e-05
3177 0.000227396020176
3178 0.000305419750921
3179 0.000216998635134
3180 0.00039447525089
3181 0.000176818742449
3182 0.000176818742449
3183 0.000403968904272
3184 4.4048002461e-05
3185 0.00030204076886
3186 0.000484399257395
3187 0.000187485174185
3188 0.000293906600132
3189 0.000318094110823
3190 0.000156527286848
3191 0.000127119790538
3192 0.000273037304098
3193 0.000130719816022
3194 0.000166654750034
3195 0.000136839633203
3196 0.000336264368309
3197 0.000310563840837
3198 9.23510662026e-05
3199 0.000506975453212
3200 0.000156755971901
3201 0.000225845927578
3202 0.000469869120332
3203 8.71735865815e-05
3204 0.000219105320893
3205 0.000277203670055
3206 0.000151833581376
3207 0.00029676520173
3208 0.000297460973577
3209 0.000142455283432
3210 0.000171753246627
3211 0.000126820442466
3212 0.000207718587515
3213 0.000231723683743
3214 0.00020911183263
3215 0.000462615256111
3216 0.000188648531568
3217 0.00014263231053
3218 7.77519704974e-05
3219 0.000182321050307
3220 0.000285147177938
3221 0.000266426451472
3222 0.000229208946042
3223 0.00016397678623
3224 0.000193590856321
3225 0.000318199877463
3226 0.000199011180879
3227 0.000368351739878
3228 7.83211352317e-05
3229 0.000189763243745
3230 0.000135970483187
3231 4.4048002461e-05
3232 0.0002290302136
3233 0.000471173633993
3234 0.000466893943685
3235 0.000182967243206
3236 8.13240007861e-05
3237 0.00017578526707
3238 0.000175436446132
3239 0.00020213003498
3240 0.000366971167398
3241 0.000387608437237
3242 0.000167819435327
3243 0.000142825059634
3244 0.000152056490166
3245 0.000142880553832
3246 0.000145648264923
3247 0.000137591089441
3248 0.000356297812706
3249 0.000270712101381
3250 0.000122499083821
3251 0.000174664814577
3252 0.00019357256069
3253 0.000461724197127
3254 0.000356027155134
3255 0.000119070289704
3256 0.000246889765627
3257 0.000505894296902
3258 0.000228842568545
3259 0.00030214947779
3260 0.000230006218277
3261 0.000191335003154
3262 0.000323357534759
3263 0.000165666974571
3264 0.00047738548836
3265 0.000244362050347
3266 0.000291205020647
3267 0.000107288357101
3268 0.000412639654903
3269 7.66904286308e-05
3270 0.000110687273857
3271 7.69614591346e-05
3272 0.000126001466376
3273 0.000306487084795
3274 0.000214611124578
3275 0.000416095166548
3276 0.000251998964028
3277 0.000167441378197
3278 0.000375332365856
3279 0.000186092784459
3280 0.000214280118463
3281 0.000605861253015
3282 0.000104736685913
3283 5.03665873902e-05
3284 0.000217947065501
3285 0.000321381510096
3286 0.000221900729289
3287 0.000148136130842
3288 0.000309325723706
3289 0.000295463492594
3290 0.000158407633508
3291 9.87808533578e-05
3292 0.000666178649273
3293 0.000114535889649
3294 0.000294808278471
3295 0.000154423445499
3296 0.000355165847576
3297 0.000246271410303
3298 0.00034426365526
3299 0.00028285002416
3300 0.000370247480077
3301 0.000177661117668
3302 0.000210328699945
3303 0.00046594643978
3304 0.000231276949909
3305 0.000199556871719
3306 7.44464637635e-05
3307 0.00016393024742
3308 0.000167384411469
3309 0.000116545097938
3310 0.000234224357406
3311 8.80481996551e-05
3312 0.000158447708994
3313 0.000153770815332
3314 0.000228666072454
3315 0.000218958142496
3316 0.000107395146081
3317 0.000229258006479
3318 8.58672559588e-05
3319 0.00026357204355
3320 0.000183880112976
3321 0.000628814314361
3322 0.000411017079261
3323 0.000139803991169
3324 7.94981240564e-05
3325 0.000441385479897
3326 0.000250178343097
3327 0.000139858424557
3328 0.000399108450955
3329 0.0001628074559
3330 0.000171392746918
3331 0.000518972201466
3332 0.000281499644327
3333 0.000351606807115
3334 8.42376174312e-05
3335 9.77369479552e-05
3336 0.000381082401532
3337 0.000126122107939
3338 0.00018566992029
3339 0.000128967642226
3340 0.00033747864683
3341 0.000150529961711
3342 0.000233302442146
3343 0.000432096935461
3344 0.000142030532341
3345 0.000416638182563
3346 0.000391199054154
3347 0.000270742240479
3348 0.000425428054455
3349 0.000382048367602
3350 0.000120500841064
3351 0.000454993939193
3352 0.000453936365821
3353 0.000111751611895
3354 0.00037883768562
3355 0.000182321050307
3356 0.000309361756963
3357 0.000171466685611
3358 0.000127581185371
3359 0.000110121099119
3360 0.000154012461039
3361 0.00045321481652
3362 0.000151322537392
3363 0.000371125678475
3364 0.000599870980671
3365 0.000240913948603
3366 0.000361166748695
3367 0.000445787644926
3368 9.29488375395e-05
3369 0.000128135998388
3370 0.000334259167416
3371 7.63068760208e-05
3372 0.000138945543189
3373 0.000157254778804
3374 0.000150964233423
3375 0.00016443474873
3376 5.92526126089e-05
3377 0.000121849851286
3378 0.000198674021903
3379 0.000349108503952
3380 0.00019114555978
3381 0.000162550427051
3382 0.000300740190998
3383 0.000229036225654
3384 0.00016772945777
3385 0.000243819377032
3386 0.000385211158606
3387 0.000313548527506
3388 0.000438282199411
3389 9.73303573891e-05
3390 9.5190808839e-05
3391 0.000159644512473
3392 0.000294739474808
3393 0.000161817797668
3394 0.000158518014238
3395 0.000211620228744
3396 0.000279967411962
3397 0.000443154066594
3398 0.000646715459414
3399 0.000107179100533
3400 0.000188111762881
3401 0.000206847556647
3402 0.000121849851286
3403 0.000172516194736
3404 0.000330511791528
3405 0.000153033212703
3406 0.000149558938414
3407 0.000416507407007
3408 7.66904286308e-05
3409 5.12034973946e-05
3410 0.000142746185534
3411 0.000146830455366
3412 0.000377241718817
3413 0.000338788045999
3414 5.89366158847e-05
3415 0.000122498116256
3416 0.000219264837931
3417 0.000289983049104
3418 0.000413608188613
3419 9.64612739624e-05
3420 0.000353957853852
3421 0.00019680277173
3422 0.000157342992874
3423 0.000252827579111
3424 0.000217127678861
3425 9.39030644982e-05
3426 0.000135601880941
3427 0.000538735239602
3428 0.000128967642226
3429 9.67922254951e-05
3430 7.49521195248e-05
3431 0.000147967146219
3432 0.000191810882835
3433 9.06707323431e-05
3434 0.000311637466844
3435 0.000569233310297
3436 0.000246492547691
3437 7.23888454322e-05
3438 0.00744148578792
3439 0.000235913879948
3440 0.000213184359643
3441 0.000257882882618
3442 0.000133381087474
3443 0.000541075131274
3444 0.000277570529106
3445 0.000120796466163
3446 0.000123208485151
3447 0.000221298628476
3448 0.000136742328818
3449 0.000388348454111
3450 0.000385003043608
3451 0.00017673331294
3452 4.66471605751e-05
3453 0.000165679904627
3454 4.66471605751e-05
3455 0.000188601897571
3456 0.000439836264602
3457 0.000441044821881
3458 8.96108491611e-05
3459 0.000224742870832
3460 0.000201113685165
3461 0.000323062279474
3462 0.000105015800399
3463 0.000197298518315
3464 0.000265711731821
3465 0.000364139998785
3466 0.000246035659274
3467 0.000311842237053
3468 5.72888093547e-05
3469 0.000331864573074
3470 0.000327453480588
3471 0.000205603454491
3472 0.000237962217684
3473 0.000198994611039
3474 0.000256230887581
3475 0.000220561987522
3476 0.000291862007482
3477 0.000230140957097
3478 0.000112920318936
3479 0.000247537285712
3480 0.000223998992692
3481 0.000244302683311
3482 0.000211015448176
3483 0.000182179306765
3484 0.000180650058161
3485 0.000163630463196
3486 0.000188592250108
3487 0.000319247335947
3488 0.000177309891312
3489 0.000393445547808
3490 0.000111145963537
3491 0.000293903025741
3492 0.000211699845349
3493 0.000118411918413
3494 0.000215480215128
3495 8.04808891204e-05
3496 0.000533344258152
3497 0.000242067999905
3498 0.000227957472118
3499 0.000217662083333
3500 0.000260735809374
3501 0.00028391424309
3502 0.000427017097954
3503 0.0001557071348
3504 0.000174916450943
3505 0.000150320395031
3506 0.000314016493976
3507 0.000510835283212
3508 0.000135186796127
3509 0.000315418836671
3510 0.000240441357044
3511 0.000240963161017
3512 0.000287915957402
3513 0.000151551333171
3514 0.000144884205677
3515 0.000346283765239
3516 0.000152986296376
3517 0.00021076802617
3518 0.000180630823463
3519 0.000290697760862
3520 0.000255833785215
3521 0.000127745480966
3522 0.00065036508308
3523 0.000133698198264
3524 0.000211015448176
3525 0.000198860215048
3526 0.000341170694688
3527 0.000341202690719
3528 0.000211714285793
3529 0.000315121577766
3530 0.000392722113332
3531 0.000157533886256
3532 0.000185313479612
3533 0.000201542926773
3534 0.000187217655036
3535 0.000272120838742
3536 0.000240030695904
3537 0.000262190432539
3538 0.000101871241758
3539 0.000303427562736
3540 0.000167575517843
3541 0.000318240179749
3542 0.000188403532919
3543 0.000302881619763
3544 0.000127677475381
3545 0.00013646192563
3546 0.000671909545807
3547 0.000332398018238
3548 0.000177473078974
3549 0.000131586875674
3550 0.000294030432971
3551 0.000210735358286
3552 0.000164460129686
3553 9.87875525118e-05
3554 0.000392541879247
3555 0.000254362872572
3556 0.000246069959925
3557 0.000180588301217
3558 0.000257632343885
3559 0.000401908734606
3560 0.000262465223245
3561 8.12453403226e-05
3562 0.00021217510799
3563 0.000223998992692
3564 0.000181044899302
3565 0.000223717272603
3566 8.80415298667e-05
3567 0.00015992452689
3568 0.000214859273114
3569 0.000393929933119
3570 0.000277207062596
3571 4.66471605751e-05
3572 0.000266389286701
3573 0.000111139179697
3574 0.000221864627602
3575 0.000158013182003
3576 5.70584718764e-05
3577 0.00036452718675
3578 0.000454697694199
3579 0.000225407113423
3580 0.000246035659274
3581 0.00019071798803
3582 0.000187675258944
3583 5.89470825356e-05
3584 0.000153234393895
3585 0.000533561390782
3586 0.000169504930455
3587 0.000404696219094
3588 0.000247192770883
3589 8.03562323468e-05
3590 5.16623649286e-05
3591 0.000309441382478
3592 0.000212993813486
3593 0.000221500030209
3594 0.000481163235442
3595 0.000184583503525
3596 0.000215144651518
3597 0.000727846955539
3598 5.71519908885e-05
3599 0.000158616303627
3600 0.000378257455372
3601 0.000116772559343
3602 0.000246307770254
3603 0.000209658044739
3604 0.000108570970669
3605 0.000641189463932
3606 0.000348176952089
3607 0.000124853937386
3608 0.000127964430125
3609 0.000234754674152
3610 0.000263434111337
3611 0.000258876621988
3612 0.000488230710215
3613 0.000261053974044
3614 0.000223998992692
3615 0.000143275748035
3616 0.000248071266752
3617 0.000270448138311
3618 0.00039128376004
3619 0.000195239325967
3620 8.3327762001e-05
3621 0.000187947926865
3622 0.000160482920832
3623 0.00016501756955
3624 0.000220790547885
3625 0.000281986862993
3626 0.000348448464908
3627 0.000150434593784
3628 0.00018509467557
3629 0.000322222779384
3630 0.000426595668159
3631 0.000167396219717
3632 0.000132348755711
3633 0.000126579225285
3634 0.000570587983632
3635 0.00026065508664
3636 0.000254120426979
3637 0.000293213831198
3638 0.000102840306907
3639 0.000239710634042
3640 0.000184083918755
3641 0.000356535887135
3642 0.000155603501878
3643 0.000226800420796
3644 0.000265791561059
3645 0.000182465456551
3646 0.000222222260034
3647 0.000197863613019
3648 0.000176887496583
3649 0.000252894257822
3650 0.000223998992692
3651 4.66471605751e-05
3652 0.000304588800256
3653 0.000135944518017
3654 0.000104804974887
3655 0.000135590534709
3656 0.000220392486765
3657 0.000209919135034
3658 0.000202632707724
3659 0.00016532718368
3660 0.000159295935822
3661 0.000110404457489
3662 0.000110348653651
3663 0.0003363728044
3664 0.000182616899015
3665 0.000171896222419
3666 0.000123391651981
3667 0.00012634541964
3668 0.000227703816416
3669 0.000146581784881
3670 0.000142153531454
3671 0.000216310019606
3672 0.000138787412877
3673 0.000445873652919
3674 8.66291394417e-05
3675 0.000372409513791
3676 0.000218452802741
3677 0.000111145963537
3678 0.000484529767514
3679 9.50053985326e-05
3680 0.000273737290627
3681 0.000467346449552
3682 0.000116184744698
3683 0.000192125710169
3684 0.000176942822473
3685 0.000611516903739
3686 0.00019903014575
3687 7.0260952271e-05
3688 0.000287335548496
3689 4.89501204646e-05
3690 5.79384943229e-05
3691 0.000344357861932
3692 8.12453403226e-05
3693 0.000345312064535
3694 0.000280283415856
3695 9.8862038543e-05
3696 0.000223998992692
3697 0.000222489872219
3698 0.000206858357549
3699 0.000234538532678
3700 7.67130823069e-05
3701 0.000142153531454
3702 0.000240020053614
3703 0.000345224723375
3704 0.000165552280933
3705 4.686285626e-05
3706 0.000424964973015
3707 0.00027606831385
3708 0.00022889260841
3709 0.000232291889334
3710 4.66471605751e-05
3711 0.000304284260725
3712 0.000313994060467
3713 9.8938568614e-05
3714 0.000300626157625
3715 0.000283831300963
3716 0.000178230881599
3717 0.000160424876172
3718 8.12453403226e-05
3719 0.00028829422258
3720 0.000267186780642
3721 0.000222073587378
3722 0.000295606740892
3723 0.000382394273914
3724 0.000147068582074
3725 0.000103978431743
3726 0.000284603772297
3727 0.000192328812661
3728 0.000144590241848
3729 0.000325806854456
3730 4.66471605751e-05
3731 0.000254098183394
3732 0.000353371866753
3733 5.1852121427e-05
3734 7.69082953986e-05
3735 0.000435062387516
3736 0.000198589818156
3737 0.000133485364943
3738 0.000348802806632
3739 0.000353539516678
3740 0.000229312385904
3741 0.000321306492994
3742 0.00017985797706
3743 0.000127656876692
3744 0.000284603772297
3745 8.12453403226e-05
3746 0.000142586739231
3747 0.000247586036148
3748 0.000304718169992
3749 4.66471605751e-05
3750 0.000147160391378
3751 0.000290621394768
3752 0.00015221341965
3753 0.000247183008084
3754 0.000294747880342
3755 0.000121870077405
3756 0.000105824010869
3757 0.000563794971437
3758 0.000261306194876
3759 0.000467681667775
3760 0.000285966119459
3761 0.000193030650499
3762 0.000249766184126
3763 0.00017167753599
3764 0.000161850234201
3765 0.000342071962357
3766 5.61836872824e-05
3767 0.000157761303622
3768 0.000142458607006
3769 0.000267808278916
3770 0.000171756555535
3771 0.000140814716146
3772 0.000141294406052
3773 0.000127584995655
3774 0.000180690783704
3775 0.000279555483805
3776 0.000165067729408
3777 0.000270608386065
3778 0.000137282411162
3779 0.000175009382501
3780 0.000237402548617
3781 0.000180284475175
3782 8.92779157687e-05
3783 0.000362840325341
3784 0.000195299799402
3785 0.000150168774304
3786 0.00018958965913
3787 0.000237906237783
3788 0.000126014807171
3789 0.000131581164227
3790 0.000218736130731
3791 0.000380296956464
3792 0.000305611911895
3793 0.000186691927961
3794 0.000517733415575
3795 0.000370229161846
3796 8.459963246e-05
3797 0.000124121585276
3798 0.000385896976365
3799 4.66471605751e-05
3800 0.00028160236452
3801 0.00041335863815
3802 0.000125578298928
3803 0.00020645079406
3804 0.000258125632445
3805 0.00042268109398
3806 9.0489857375e-05
3807 0.000138879708089
3808 6.05257676563e-05
3809 6.04045790772e-05
3810 0.000248019511561
3811 0.000375183345834
3812 7.36108099452e-05
3813 0.000150726510205
3814 0.000142153531454
3815 0.000168550170705
3816 0.000187660960971
3817 7.37071056764e-05
3818 0.000141326232198
3819 0.000171215413267
3820 0.000203170501215
3821 4.66471605751e-05
3822 0.000317221699305
3823 0.000320112089572
3824 0.000203351266699
3825 0.000423903820551
3826 0.000364344091568
3827 0.000342064745586
3828 0.000125279630149
3829 0.000254929180226
3830 0.000419195639203
3831 0.00118738034932
3832 0.000254414089415
3833 0.000135379339091
3834 0.000337776034949
3835 0.000107639744921
3836 0.00030073602109
3837 0.000328838136046
3838 0.000257915158797
3839 0.0005259811282
3840 9.47911059222e-05
3841 0.000163978103616
3842 0.000316313279762
3843 0.000362868972686
3844 0.000118864316507
3845 0.000121541996811
3846 0.000193504822218
3847 0.000247586036148
3848 0.000218281043614
3849 0.00013837698098
3850 0.000120796466163
3851 0.000249868671933
3852 0.00050340172359
3853 0.00021120877723
3854 4.66471605751e-05
3855 5.2910371963e-05
3856 0.000186313380894
3857 4.66471605751e-05
3858 0.000175273972537
3859 0.000282620517203
3860 0.000102752134932
3861 0.000312786144821
3862 0.000280950564829
3863 0.000235067338999
3864 0.000221589857313
3865 0.000142153531454
3866 7.69229079276e-05
3867 0.000225629827996
3868 0.000306944041137
3869 0.000270087327545
3870 0.00034651527044
3871 0.000290690154147
3872 0.00013603000988
3873 0.000192088093504
3874 0.000340122046453
3875 0.000214814768232
3876 6.18674044599e-05
3877 0.00012862296432
3878 0.000474979627249
3879 0.000142212164196
3880 5.2910371963e-05
3881 0.000146204500497
3882 0.000218558148478
3883 7.98070046204e-05
3884 0.000223998992692
3885 0.000296873701834
3886 9.12043228304e-05
3887 0.000277368124029
3888 0.000144997861301
3889 0.000166828099422
3890 0.000150838310727
3891 9.14326628669e-05
3892 0.00027471419367
3893 0.000201555909477
3894 0.000105590283747
3895 0.000194178604665
3896 0.000179286130413
3897 0.000235509480804
3898 9.13714622607e-05
3899 0.000240530525203
3900 0.000125311991665
3901 0.000359110089545
3902 0.000148477163771
3903 0.00036671624403
3904 0.000209260141865
3905 0.000137541344658
3906 0.000170310537383
3907 0.000451739779595
3908 0.000305414171852
3909 0.000124035901751
3910 0.000247005219253
3911 8.63052622923e-05
3912 0.000142153531454
3913 0.000228039643608
3914 0.000175708341653
3915 0.000121139449444
3916 0.000259494475351
3917 0.000128786095443
3918 0.000229606900558
3919 0.000572077265558
3920 0.000184083918755
3921 0.000233684374771
3922 0.000387168978591
3923 5.75198644751e-05
3924 0.000169028856449
3925 0.000412879645822
3926 0.000110351766459
3927 0.000367184788431
3928 0.000309317780863
3929 6.23420791238e-05
3930 0.000168664491157
3931 0.000432823705186
3932 0.000279949475908
3933 0.000181296277723
3934 0.000313162981263
3935 0.000121296551069
3936 4.66471605751e-05
3937 9.97589974861e-05
3938 0.000179682137714
3939 0.00100372375658
3940 0.000102756200681
3941 0.000129013105774
3942 0.000112944285421
3943 5.0039107838e-05
3944 0.000220927318656
3945 0.00014671564844
3946 0.000389517562075
3947 8.92779157687e-05
3948 0.000342965884507
3949 0.000535730938202
3950 0.000262213991
3951 0.000227500855161
3952 0.000365762599026
3953 0.000103177157043
3954 9.13141935243e-05
3955 0.000116205273178
3956 6.73812195989e-05
3957 0.000293670693778
3958 0.000271107633596
3959 0.000129192861561
3960 4.85688704187e-05
3961 0.000246017136423
3962 0.000132588645019
3963 0.000344510522787
3964 0.000142621264497
3965 0.000218930994374
3966 8.6512911619e-05
3967 0.000410134292742
3968 0.000231106851888
3969 0.0004081122083
3970 0.000269771064497
3971 0.000102853970126
3972 0.000424119986942
3973 0.000219840999281
3974 0.000112119867289
3975 4.66471605751e-05
3976 0.000232611283632
3977 0.000175905325569
3978 9.94072879859e-05
3979 7.57179026142e-05
3980 0.000189708796808
3981 0.00216786698512
3982 0.000251271680613
3983 0.00041668794561
3984 9.72028216268e-05
3985 6.84471991628e-05
3986 0.00020563060493
3987 0.000289402288856
3988 0.000119151525926
3989 0.000229734146089
3990 0.00021567573547
3991 0.000190025352162
3992 0.000126917043814
3993 0.000125518615194
3994 0.000204519205504
3995 0.000337868153258
3996 0.000288067800286
3997 0.000168660367997
3998 0.000328572425323
3999 0.000433989140004
4000 0.000177471300041
4001 0.000299768334501
4002 0.000119151525926
4003 0.000245515271335
4004 0.000169891929432
4005 0.000318045451466
4006 0.000132577642862
4007 0.000101172556754
4008 0.000190025352162
4009 6.84471991628e-05
4010 0.000303993323587
4011 6.84471991628e-05
4012 0.000149081414478
4013 0.000119151525926
4014 0.000207489555758
4015 0.00036828355545
4016 6.84471991628e-05
4017 0.000190025352162
4018 0.000304356219702
4019 0.000223272144045
4020 0.000250248126591
4021 0.000270234333959
4022 0.000335308502748
4023 6.84471991628e-05
4024 0.000540096379559
4025 6.84471991628e-05
4026 0.000190025352162
4027 0.000282605595074
4028 0.000268769480138
4029 0.000104349415753
4030 0.000119151525926
4031 0.000554741778797
4032 0.000359506398303
4033 0.000101172556754
4034 0.000124084856097
4035 9.3966970194e-05
4036 6.84471991628e-05
4037 0.000106224545817
4038 0.000148554288331
4039 0.000296429927063
