node,betweenness
1 0.101581334195
2 0.00394176083963
3 0.00382496663457
4 0.000551640675767
5 0.00222262434563
6 0.00061616967245
7 0.00348185701337
8 0.000148673374857
9 0.00119778434392
10 0.00158532602748
11 0.000251696411167
12 0.00204350000943
13 0.000617027885651
14 0.00310472527107
15 0.000296278981179
16 0.000989955204298
17 0.00396826590841
18 0.000311353118743
19 0.000181573451352
20 0.000632657532402
21 0.000383042944073
22 0.00252490501909
23 0.000127944475362
24 0.00070432175452
25 0.000325149882683
26 0.00910597201481
27 0.000212415571406
28 0.000674193146157
29 0.000258908308221
30 0.000177883107711
31 6.97221197971e-05
32 0.000117516714474
33 0.001011844436
34 0.0
35 0.00306742399967
36 0.000126331505206
37 0.000466960041741
38 0.0
39 0.00417696655843
40 0.000107799111917
41 0.00453338138714
42 0.000362139049558
43 0.0
44 0.0
45 0.00102332826239
46 7.82663797779e-05
47 0.0
48 0.0
49 0.000118819999646
50 1.84033205479e-07
51 8.10100948651e-05
52 2.96318955017e-06
53 0.0
54 0.00217830471729
55 1.77387017738e-06
56 6.6561934553e-05
57 0.001768660365
58 0.000236321363788
59 0.00571280155137
60 0.000132166384985
61 8.06288336113e-08
62 4.45807430777e-07
63 8.83673200994e-05
64 0.0
65 2.73348729535e-06
66 6.24568620854e-05
67 6.90413506681e-05
68 0.000559114634877
69 1.96302085845e-07
70 5.63360514442e-05
71 0.0
72 0.0
73 4.65143962633e-05
74 0.000113915181839
75 0.0
76 6.6162066225e-05
77 4.01212549702e-07
78 1.59371647194e-06
79 0.0
80 5.20248890842e-05
81 0.000194084085075
82 6.35751073474e-08
83 0.00067687540659
84 2.96318955017e-06
85 0.000138004349145
86 8.56839677882e-05
87 0.0
88 6.1898016091e-05
89 0.000122259615887
90 8.25995408856e-06
91 0.0
92 2.76049808219e-07
93 0.00016661789527
94 1.11292020813e-07
95 0.000233967175941
96 4.14649005155e-06
97 8.33952505526e-07
98 4.08962678843e-08
99 0.00305650311678
100 0.000689398148609
101 9.39536067537e-07
102 9.67697216964e-07
103 0.0
104 3.65211652592e-06
105 0.000303229462483
106 2.36122422856e-06
107 3.51805275871e-07
108 0.285689129763
109 3.14358461215e-06
110 0.00201129972896
111 0.0
112 1.29275143651e-05
113 0.0
114 0.00157977571869
115 0.0
116 0.00027157435311
117 1.02950533263e-05
118 1.62300199942e-06
119 0.000253718309008
120 0.000478698295895
121 3.48166254985e-06
122 1.04284491534e-05
123 0.000266724853196
124 5.56290592087e-06
125 9.49964969955e-07
126 0.0
127 7.26585352441e-07
128 7.67916171217e-06
129 5.04205642908e-05
130 4.69180018169e-08
131 1.62188041263e-05
132 0.0
133 1.07772055633e-05
134 1.6791231457e-05
135 2.67342591423e-06
136 0.0
137 0.00465179846642
138 1.99518808861e-05
139 0.0
140 1.22688803653e-08
141 9.02639055446e-08
142 3.55433520672e-05
143 0.000245705439187
144 9.59330046775e-05
145 8.21524471754e-07
146 0.0
147 4.77998265093e-06
148 2.45377607306e-08
149 1.14199739482e-05
150 4.71666574632e-06
151 7.07378211506e-06
152 3.40802232369e-08
153 2.42754978402e-07
154 0.0
155 0.0
156 4.22578474255e-07
157 7.03942264939e-06
158 4.08962678843e-08
159 2.16688427294e-05
160 4.88142698967e-06
161 0.0
162 9.24416335557e-06
163 5.84232398347e-08
164 2.13520725544e-06
165 1.53361004566e-08
166 9.99649444915e-07
167 4.36713717764e-07
168 2.90193169924e-06
169 4.19729076042e-06
170 0.000246514507728
171 0.000458435071701
172 0.00206003973767
173 0.000327568632201
174 0.000254090147248
175 4.08962678843e-08
176 8.55524171974e-06
177 3.56286897437e-06
178 1.07260371046e-06
179 6.31176446435e-06
180 6.13444018264e-08
181 1.76058076688e-06
182 1.84033205479e-07
183 4.08962678843e-08
184 0.0
185 9.4620620238e-06
186 8.87603713425e-06
187 0.000297542579983
188 9.81808540553e-07
189 0.000412993278547
190 2.73348729535e-06
191 1.85529410402e-07
192 0.0
193 4.16240725959e-07
194 3.65039425088e-06
195 5.88417797127e-06
196 0.0
197 1.02756270085e-06
198 6.911118456e-06
199 0.000356736598092
200 0.000365464633062
201 0.0023863933575
202 0.0
203 2.18013766421e-07
204 0.00585553791151
205 4.49156897809e-06
206 0.0
207 1.63585071537e-07
208 0.0
209 7.6922352953e-07
210 0.0
211 0.0
212 0.000175988348073
213 4.59747547631e-06
214 0.00040272885884
215 1.95240553964e-06
216 0.0
217 0.0
218 3.08295564163e-06
219 0.0
220 4.85129439273e-06
221 0.0
222 6.22712173319e-07
223 1.30475896127e-06
224 3.03266879703e-06
225 1.48285118044e-05
226 5.33485028818e-07
227 3.40500275214e-06
228 2.83110411905e-06
229 0.0
230 1.38268776299e-06
231 3.13511836878e-06
232 1.56600241474e-05
233 5.88369970791e-06
234 0.0
235 0.0
236 1.39849394714e-06
237 0.000321223687732
238 2.96318955017e-06
239 1.00469904629e-05
240 0.00255611312444
241 6.13444018264e-08
242 0.0
243 3.85506617717e-06
244 4.99277808046e-07
245 0.0
246 2.80448688336e-06
247 1.09957685735e-05
248 6.13444018264e-08
249 9.69082051639e-06
250 5.93538555336e-05
251 4.29231442961e-07
252 6.81611060777e-06
253 0.000153836512535
254 4.08962678843e-08
255 2.99728523007e-07
256 0.0
257 0.0
258 5.10098256698e-06
259 2.11370306911e-06
260 2.76049808219e-07
261 4.21546924845e-06
262 0.000201361294346
263 0.0
264 2.04481339421e-08
265 0.0
266 1.53906882962e-05
267 3.60275036158e-07
268 0.0
269 3.5102629934e-08
270 7.94046161664e-06
271 4.42108817587e-07
272 0.00053695677943
273 0.000673935114591
274 0.0
275 6.85934419674e-06
276 1.84033205479e-07
277 2.0449091304e-06
278 0.00042140361023
279 9.79418642926e-07
280 0.0
281 0.000430788914165
282 7.41225539072e-06
283 0.0
284 4.16329644899e-06
285 7.21492686792e-06
286 0.000529637412684
287 0.0
288 0.0
289 4.04821043927e-07
290 1.75269719504e-08
291 9.40142266005e-07
292 0.000412601704021
293 0.0
294 0.0
295 3.84934851777e-07
296 2.86422455566e-06
297 2.04481339421e-08
298 3.97589797805e-06
299 3.9486765267e-07
300 9.20397744643e-06
301 1.04440132857e-07
302 0.000495294700347
303 2.39294952973e-05
304 2.34826334154e-06
305 0.00614085851403
306 0.0
307 0.0
308 2.19699440636e-06
309 1.41744995917e-05
310 0.0
311 1.79395552055e-05
312 6.27663496277e-07
313 7.51743482544e-05
314 0.000325595027685
315 1.52539622905e-06
316 0.00677166529922
317 0.0
318 1.25391347585e-06
319 6.71550983164e-07
320 8.25995408856e-06
321 6.51682439897e-06
322 0.0
323 0.000817468614576
324 5.44434486935e-05
325 0.000103012162421
326 8.87411911336e-05
327 9.49357216149e-06
328 0.0
329 0.0
330 0.000242466363416
331 2.98074083398e-07
332 3.19002118598e-06
333 0.000355199262411
334 2.66918917683e-06
335 1.8131189309e-05
336 0.0
337 4.01212549702e-07
338 3.033671854e-06
339 5.10578314272e-07
340 4.71813739208e-05
341 6.66556054478e-08
342 1.99987996745e-07
343 6.57871007824e-05
344 2.66204352435e-05
345 3.01760223092e-06
346 3.88486487449e-06
347 2.00118995254e-05
348 3.60218241568e-06
349 0.0259270783729
350 1.53361004566e-08
351 0.000193508448293
352 4.23912006986e-07
353 3.21785145112e-05
354 0.00137912512442
355 3.76909126698e-05
356 7.46840192609e-05
357 6.13444018264e-08
358 5.67368761221e-05
359 0.0
360 6.78278152313e-05
361 0.00198094646484
362 9.5704101521e-05
363 6.34472868656e-05
364 0.0123606811144
365 2.04481339421e-07
366 3.61662567098e-08
367 0.000912369922802
368 4.37565815841e-05
369 5.09769039909e-05
370 6.43106679056e-05
371 0.00619735647581
372 5.98341492501e-08
373 6.6247970355e-05
374 0.003519312551
375 0.000232302676644
376 2.16498429177e-05
377 0.00278627894846
378 0.0
379 7.68102678563e-05
380 0.0
381 3.31312039964e-05
382 3.57699289148e-05
383 1.52947879904e-05
384 0.0
385 4.08962678843e-08
386 6.46351637008e-08
387 6.13444018264e-08
388 0.000134168406272
389 9.06117385895e-05
390 0.00411605531355
391 1.06265679188e-07
392 0.000253155574254
393 4.58403748701e-05
394 0.0
395 3.83638910686e-05
396 0.00421046201084
397 5.60432179203e-05
398 0.000769289597296
399 1.17714560034e-05
400 4.08962678843e-08
401 0.00311549078008
402 0.0
403 0.0163616893255
404 3.13983269159e-05
405 0.00697063399038
406 4.16135340537e-05
407 1.22688803653e-07
408 4.27753355545e-05
409 0.00644865276439
410 1.5544649303e-05
411 3.46034483097e-05
412 6.13444018264e-08
413 0.00168025172387
414 7.66780107711e-05
415 0.0403550896624
416 4.03334080045e-05
417 0.000626813307759
418 0.000154409129343
419 4.9900859009e-05
420 0.0156487437604
421 0.00026606321142
422 4.98101606147e-05
423 0.0026108299995
424 0.017530320736
425 4.96312463828e-05
426 6.91758680083e-05
427 2.47704018291e-05
428 1.71152563229e-05
429 0.0178171777735
430 7.02795628887e-05
431 3.77155471161e-05
432 0.00104851462002
433 0.000481902459736
434 3.53102807675e-05
435 0.000116065494513
436 2.28298128474e-05
437 0.000558387201952
438 0.000271777017642
439 0.00097127007953
440 0.0018536155124
441 3.34575998573e-05
442 4.08962678843e-08
443 1.45324529442e-05
444 0.0
445 0.000321046697335
446 4.38208418643e-05
447 3.55093706169e-05
448 0.0
449 0.0
450 3.5843982867e-05
451 8.29782711039e-05
452 0.000610082085835
453 0.00048971633035
454 9.36196375131e-07
455 0.0
456 0.000206336992353
457 0.00015925899487
458 4.67074631741e-05
459 4.1764049693e-05
460 2.16360882604e-05
461 0.000600627780189
462 0.00241447644066
463 8.36763095159e-05
464 0.000549601320657
465 5.92995884322e-07
466 0.0108087581009
467 2.47737007376e-08
468 0.0
469 0.0
470 6.83921825689e-05
471 3.35188332489e-05
472 3.62161779014e-05
473 5.92577165477e-05
474 2.47114043093e-05
475 2.67037421252e-05
476 0.00260589547055
477 0.0
478 3.93829159566e-05
479 2.35985730985e-06
480 1.42431921965e-05
481 1.15362488347e-05
482 8.64321390968e-05
483 1.71549020201e-05
484 0.0697272475184
485 0.00136482625119
486 0.0
487 4.70078681018e-05
488 1.11535732941e-05
489 3.35941587293e-05
490 3.45751503643e-05
491 2.93510182634e-05
492 2.50329330724e-05
493 0.000333815858735
494 0.000390108429478
495 3.10005552532e-05
496 2.97976502479e-05
497 0.000709363068679
498 0.0196603119261
499 3.9089305894e-06
500 0.0
501 0.0114603864921
502 4.08962678843e-08
503 5.61220892387e-07
504 0.00198726894893
505 0.000962610005914
506 1.00762754955e-05
507 0.00100015474651
508 6.50877483431e-05
509 3.73353319795e-05
510 1.7099249828e-07
511 3.70021291421e-05
512 6.38693157218e-06
513 4.57554720288e-06
514 0.00135929092177
515 0.000106668267856
516 0.00016531175209
517 2.01449009899e-05
518 0.000561765055482
519 2.38067839446e-05
520 5.92947387457e-06
521 0.00221759172016
522 2.16517792298e-06
523 2.59257092145e-07
524 0.000391108852039
525 0.000139776549061
526 0.000256463767496
527 0.0011422918466
528 0.00175364390093
529 1.29820204316e-06
530 2.1919465382e-07
531 3.79751058926e-08
532 0.00100284294859
533 2.73850285899e-06
534 3.31012894508e-07
535 5.08128246741e-06
536 8.40882628452e-06
537 5.94846993496e-07
538 0.0017965173983
539 0.0107493485848
540 1.4016180315e-05
541 5.83395108606e-06
542 1.57961627251e-06
543 0.00242386122178
544 1.45660883253e-05
545 7.56138140058e-05
546 0.000326979971587
547 3.37152821424e-05
548 1.30549294131e-05
549 3.44094099646e-05
550 4.71077180402e-06
551 0.0
552 1.0252705449e-05
553 4.08962678843e-08
554 0.00398880746565
555 6.32824651978e-06
556 2.53439915087e-05
557 0.000844398315784
558 3.72345591945e-05
559 1.93505212003e-05
560 0.00307169863259
561 3.37108025927e-05
562 0.00308676739642
563 5.02439862578e-08
564 0.0186787438254
565 7.91978417945e-07
566 1.04976988131e-06
567 0.00469593698498
568 0.115508041742
569 1.03380501673e-06
570 5.73208146148e-07
571 1.57701408796e-05
572 0.0
573 0.0
574 3.07596472997e-06
575 1.88655181447e-05
576 8.21533660347e-08
577 1.11535276048e-08
578 7.4816922065e-08
579 2.12727070531e-07
580 2.54984547271e-05
581 0.00631538168184
582 0.0
583 3.02692016911e-08
584 3.64932888309e-07
585 1.46017633615e-05
586 0.0
587 0.0
588 5.98609934985e-07
589 3.33730147822e-07
590 7.67647746948e-06
591 0.000259279957212
592 0.00209502365355
593 0.000670754465186
594 7.15684687975e-08
595 0.0288034878842
596 1.11535276048e-08
597 0.00134885835658
598 8.00383874486e-06
599 1.77253190569e-07
600 2.09109897166e-07
601 3.0923164033e-07
602 0.000204499069265
603 0.0
604 3.2525027915e-07
605 0.000420819181469
606 3.76858083401e-07
607 0.00169592860416
608 0.0
609 0.0
610 0.000139374248578
611 1.33835575203e-06
612 2.2659773604e-07
613 4.55748245292e-07
614 0.0
615 7.8080328978e-06
616 3.426258331e-07
617 7.14722070396e-06
618 1.21543631121e-05
619 1.60723826816e-05
620 1.0315153224e-05
621 3.96949862485e-05
622 5.5502077843e-08
623 6.85551998805e-07
624 6.06459785502e-07
625 0.0
626 8.09208622488e-07
627 4.45358663833e-07
628 2.12727070531e-07
629 3.35074463758e-08
630 4.13521260228e-05
631 0.000126356250972
632 2.21313124895e-06
633 1.96050584732e-07
634 3.49497393043e-07
635 5.08625568724e-05
636 2.35548997662e-05
637 8.56239901333e-06
638 0.00105148992765
639 0.0
640 8.95404596443e-05
641 1.56752451777e-07
642 0.00030362373201
643 0.0
644 3.0923164033e-07
645 5.65575702301e-05
646 7.76585924353e-05
647 2.93804083393e-05
648 1.17630663263e-06
649 0.0
650 2.5600137262e-05
651 2.01573542926e-07
652 0.00570272936301
653 0.0
654 6.68925925005e-05
655 2.29916909077e-05
656 5.61808898209e-07
657 0.0
658 1.65332934369e-06
659 2.12727070531e-07
660 2.12727070531e-07
661 0.0
662 3.0923164033e-07
663 2.55246319675e-07
664 4.35204244952e-06
665 4.08088080858e-07
666 1.04099590978e-07
667 6.4755213877e-05
668 0.0
669 0.0
670 1.95798461238e-05
671 1.20567473847e-07
672 1.05911757968e-06
673 2.4209496373e-08
674 0.0
675 0.0
676 2.01573542926e-07
677 2.34809788092e-07
678 8.13858026348e-06
679 8.64115871114e-05
680 0.0
681 5.1980238422e-05
682 2.86862300644e-07
683 3.57176361539e-06
684 9.74529404717e-05
685 6.68954207979e-07
686 3.63312186313e-06
687 0.0193672849069
688 8.81634058891e-06
689 0.00107301561814
690 8.29610005653e-08
691 4.75500358031e-08
692 2.89681897514e-07
693 0.0
694 6.3651648617e-07
695 0.00261736515603
696 0.000484918014305
697 4.79116984745e-06
698 0.00503439118233
699 0.0480689603458
700 0.0
701 5.72855241116e-08
702 5.12058089639e-06
703 8.73914295861e-08
704 0.00143612213657
705 1.14655608176e-07
706 0.00425243513063
707 4.74322595534e-08
708 5.32089656795e-07
709 0.000325091382413
710 1.20311898483e-06
711 1.82284473663e-07
712 4.5198968134e-06
713 1.29719066846e-06
714 0.00849933297434
715 1.03082938085e-06
716 2.62045413965e-08
717 5.97029334919e-07
718 0.0
719 3.9602074658e-05
720 0.00214415490358
721 4.06541804112e-05
722 1.16041757042e-06
723 1.68472507872e-05
724 4.78177354681e-07
725 0.000946655859861
726 5.25809158512e-08
727 1.65442342567e-05
728 4.44258955845e-05
729 5.01933122864e-05
730 0.00011684047874
731 6.04379885352e-07
732 5.51871274403e-06
733 1.10239784965e-06
734 5.409112495e-06
735 3.44098408129e-05
736 1.90849250127e-08
737 5.05675319663e-05
738 1.29610594115e-06
739 3.33122956781e-06
740 0.000107563579466
741 1.9255328328e-06
742 2.62390198132e-05
743 5.74210909312e-05
744 0.0
745 0.0
746 0.00599946743009
747 2.82485108491e-05
748 0.00618174342355
749 2.10820992326e-05
750 0.0
751 0.0
752 2.24816788595e-06
753 3.07539076637e-06
754 0.000152804247342
755 1.19480952892e-05
756 1.26337371142e-05
757 1.67601669276e-07
758 1.84033205479e-07
759 1.47344046561e-05
760 3.38036184121e-06
761 2.42757629709e-06
762 8.46674909707e-08
763 2.03315735029e-07
764 1.44363823532e-05
765 1.40610546568e-05
766 6.19286373893e-07
767 4.72720984503e-05
768 2.58814952468e-07
769 2.86508034666e-05
770 0.000175393828259
771 0.000157404036457
772 1.4923550664e-05
773 0.000221300542782
774 2.24389711155e-05
775 0.000385163195523
776 0.0
777 0.000155111317089
778 3.20002172119e-05
779 2.41713331431e-06
780 3.24957937019e-06
781 7.70687402939e-06
782 0.00242336813832
783 7.61085318328e-05
784 6.86392256691e-07
785 0.00082599409133
786 0.0
787 4.22692140204e-07
788 2.67018994693e-05
789 6.54340286149e-08
790 1.10083989659e-06
791 8.07112376858e-06
792 6.88420509386e-08
793 1.30924818004e-05
794 1.19523876164e-05
795 2.4636377116e-06
796 1.5506739577e-05
797 2.37198353729e-07
798 3.21929240713e-05
799 0.000366950879603
800 2.17766579245e-05
801 0.000465898282575
802 0.0
803 0.0
804 0.000421546301338
805 0.000322825742921
806 0.0017621233748
807 1.79617382268e-06
808 3.57603783194e-06
809 8.36269421253e-07
810 8.7982516204e-06
811 0.000344360716742
812 9.49381534529e-05
813 9.92752476888e-08
814 1.29382910752e-05
815 4.55757131951e-06
816 1.955073075e-05
817 3.32788952909e-05
818 4.04683062497e-05
819 0.000317823047862
820 0.000393631461551
821 5.94352292095e-05
822 1.97384634112e-07
823 2.24987896603e-06
824 0.00469105272026
825 0.00359808556671
826 0.000107454703082
827 2.79294554783e-06
828 0.000641636602454
829 0.00956549285367
830 0.000230654989915
831 0.00476918101002
832 1.7287512235e-05
833 4.96597538595e-08
834 0.000106517770268
835 0.000346818703691
836 4.74497842e-06
837 2.66689609387e-06
838 3.52976177538e-06
839 1.01355645532e-06
840 1.49412567274e-06
841 0.00024687067481
842 0.0
843 1.95265207139e-05
844 1.70612548969e-06
845 1.58588657415e-07
846 3.01598027202e-06
847 3.14648111918e-05
848 1.09761890566e-05
849 0.000156908749674
850 5.58160850965e-05
851 3.35128815567e-05
852 0.0
853 0.0
854 0.000571609948883
855 0.0
856 0.0
857 0.000974826676074
858 0.000184800288158
859 0.0
860 0.0
861 0.0111578153587
862 1.15678014873e-07
863 0.000469740397555
864 2.06396995047e-07
865 2.00748850651e-07
866 0.0
867 9.61062295281e-08
868 1.43136937595e-07
869 0.0
870 8.37131503e-08
871 2.29019100152e-07
872 1.33321833303e-06
873 2.04481339421e-08
874 0.0
875 2.04481339421e-08
876 0.0
877 2.06396995047e-07
878 0.0
879 1.5600695069e-07
880 1.26778430441e-07
881 5.18118289042e-06
882 1.51316191172e-07
883 1.20953006789e-07
884 0.0
885 3.06722009132e-08
886 7.38925244611e-07
887 1.53361004566e-08
888 0.0
889 0.0
890 7.9238209059e-07
891 5.27461356459e-06
892 0.0
893 0.0
894 1.70076649738e-07
895 2.45377607306e-08
896 9.61062295281e-08
897 0.000178014971832
898 0.000121255643026
899 1.12105125738e-05
900 0.0
901 2.07244872652e-06
902 7.50988893008e-07
903 1.95471434588e-05
904 1.59274570964e-06
905 4.64172640487e-07
906 6.15026982034e-06
907 0.00264375808704
908 1.65539746759e-06
909 0.000214082471508
910 1.09715012312e-06
911 0.0
912 0.0
913 1.09060664014e-06
914 0.000113680838503
915 1.13021092946e-06
916 2.90167474523e-05
917 0.000325724525587
918 0.000713142471637
919 0.0
920 1.86542919867e-05
921 1.52242089534e-06
922 8.16391427332e-05
923 7.7750125549e-06
924 8.10547671725e-07
925 0.000244657589585
926 0.000183846655451
927 2.59538054203e-06
928 0.00271890941102
929 2.72641785895e-08
930 3.78509676099e-07
931 0.00239534628868
932 1.58019021806e-05
933 9.2366645485e-05
934 2.47110998232e-05
935 0.00224909710033
936 3.83634439774e-07
937 1.49245302616e-05
938 8.82415626273e-08
939 1.03710639558e-06
940 6.76378227628e-06
941 1.31433162246e-06
942 0.00218711305101
943 5.42729339071e-05
944 1.05218050486e-06
945 0.000149953909915
946 0.0
947 0.000229748346903
948 3.26084015602e-05
949 2.51465519562e-05
950 1.43219710162e-05
951 5.08598738403e-07
952 6.81000061769e-05
953 0.00240683297756
954 3.07044613221e-05
955 0.00214733819093
956 2.12260520813e-07
957 4.49858946727e-07
958 4.00950668063e-05
959 1.30057272426e-07
960 5.67062791344e-05
961 2.49807849915e-05
962 6.08296366459e-06
963 7.81114722063e-05
964 1.02745510608e-05
965 5.25585157246e-06
966 4.08590434874e-07
967 1.59366233243e-05
968 7.16816333218e-05
969 0.000134247964854
970 8.26636065436e-06
971 4.83582806626e-07
972 1.54337195767e-05
973 1.6393068366e-07
974 9.82036308838e-06
975 2.7993273281e-07
976 0.00216139975201
977 1.01332789023e-05
978 1.04177196137e-05
979 3.29543022474e-05
980 7.88713737769e-08
981 4.7084556824e-05
982 1.55252716737e-05
983 0.000107062927333
984 7.19105946805e-05
985 1.2179385585e-06
986 1.1090678362e-07
987 2.25036490043e-07
988 1.08381863279e-06
989 1.33514941048e-05
990 3.13527669344e-06
991 0.000768245347969
992 1.22472380154e-05
993 1.20258579696e-06
994 4.57751058872e-05
995 1.87787119444e-05
996 0.000161241861752
997 4.23090019851e-07
998 0.000331981400458
999 3.20357111621e-07
1000 0.00256385655867
1001 1.8923324266e-06
1002 3.74411514944e-05
1003 4.08962678843e-08
1004 0.000456180736349
1005 1.99231409128e-05
1006 9.72026866787e-08
1007 3.9720479097e-05
1008 4.93199762866e-06
1009 3.37798944956e-06
1010 0.00229665635558
1011 3.98787064767e-05
1012 2.22068497186e-05
1013 3.30959811771e-05
1014 5.11818568389e-05
1015 0.00038420074912
1016 1.83634309941e-06
1017 0.0
1018 5.39301357478e-05
1019 0.00185465829914
1020 3.62679518257e-05
1021 5.6872240662e-05
1022 4.30491771555e-05
1023 0.0
1024 1.09130186008e-06
1025 0.00374456663701
1026 8.81773474463e-05
1027 0.00265777163249
1028 0.0
1029 0.000121405213092
1030 0.0037959287624
1031 1.21266617437e-06
1032 1.00639137542e-07
1033 0.00338340867129
1034 1.11181332843e-06
1035 0.0
1036 8.01559676659e-06
1037 2.42115969679e-05
1038 2.41462943002e-05
1039 2.04481339421e-07
1040 1.07183500361e-06
1041 8.46539596407e-05
1042 0.000202062265022
1043 6.19731552402e-06
1044 1.04965162773e-06
1045 1.41915279808e-06
1046 1.39211123501e-06
1047 0.0
1048 0.000108820429157
1049 5.45374732504e-05
1050 0.00254186689059
1051 5.66174306035e-07
1052 0.000100595698056
1053 0.000183740533178
1054 1.42926650249e-06
1055 6.80406233238e-05
1056 1.37130174405e-06
1057 8.28054105957e-05
1058 2.9961794566e-07
1059 1.12323819555e-06
1060 5.60875363663e-05
1061 2.51133075547e-05
1062 1.7882822593e-07
1063 9.19669221759e-06
1064 1.67216138727e-07
1065 1.23648026924e-05
1066 0.0
1067 8.13260293327e-05
1068 0.00328077523406
1069 6.30582681197e-05
1070 1.72103621831e-07
1071 0.000952232420321
1072 0.0
1073 1.83457354386e-06
1074 5.55011637031e-06
1075 0.000229424531804
1076 0.00220904547801
1077 2.52936363576e-05
1078 9.33396285952e-05
1079 5.4581468405e-05
1080 2.09820237353e-05
1081 0.000310229641143
1082 1.9910714884e-06
1083 3.10095547952e-05
1084 2.08790639087e-05
1085 3.05479227549e-07
1086 0.0864858167889
1087 0.00084325083716
1088 7.31239986601e-07
1089 0.000101686174227
1090 8.73049137016e-07
1091 7.86369903921e-07
1092 2.21254181821e-06
1093 0.000103895362313
1094 3.44312280269e-06
1095 7.91441009109e-06
1096 1.69664112303e-05
1097 0.0
1098 1.28814302615e-06
1099 0.000405006754235
1100 4.44055383463e-05
1101 4.63271169291e-05
1102 2.21490485279e-05
1103 4.44993459316e-05
1104 6.39390059137e-06
1105 0.000263386247235
1106 4.08962678843e-08
1107 8.94022506406e-06
1108 2.05173815566e-05
1109 1.74267043816e-06
1110 7.56973835222e-05
1111 0.000322409751028
1112 1.53361004566e-08
1113 6.3963316609e-05
1114 2.699386561e-05
1115 6.60776096017e-05
1116 1.51249828538e-06
1117 1.61713766117e-06
1118 2.11364330114e-05
1119 8.83079423023e-07
1120 0.0
1121 2.75002678461e-05
1122 9.1030515117e-06
1123 4.74744220637e-05
1124 0.000380624529018
1125 5.58181435966e-05
1126 1.89539763192e-05
1127 0.000227081687627
1128 3.54267854868e-06
1129 0.000434842230912
1130 4.19934343092e-05
1131 8.80163867792e-05
1132 1.31259105024e-05
1133 2.47841452156e-05
1134 1.85008077716e-06
1135 6.91270380705e-07
1136 1.45188479446e-05
1137 0.000248128874865
1138 5.94383084638e-07
1139 2.19525323679e-06
1140 1.56194157095e-06
1141 8.12333271996e-07
1142 6.83569371605e-07
1143 1.64239356745e-05
1144 8.18637500246e-06
1145 8.85532571175e-07
1146 0.0
1147 7.91796458126e-05
1148 3.36888028367e-06
1149 0.000144960572223
1150 1.19431233526e-05
1151 5.59654181524e-06
1152 6.41732344049e-07
1153 3.09198108669e-05
1154 3.09781557483e-05
1155 3.12033098023e-06
1156 4.7274365191e-05
1157 0.000122550185417
1158 3.46390816331e-06
1159 0.000134708967073
1160 0.000381891768456
1161 0.00360650041336
1162 9.32595248316e-06
1163 5.27417880755e-06
1164 9.04346870214e-06
1165 2.87004575719e-07
1166 0.00123606896228
1167 8.12556445883e-05
1168 2.65926938336e-06
1169 2.36322005131e-07
1170 2.21044020885e-05
1171 2.15461372364e-05
1172 0.00100520504042
1173 1.64722691855e-05
1174 0.000331822781623
1175 6.30609469882e-07
1176 6.70173368643e-05
1177 0.0
1178 3.23058545991e-06
1179 0.000224193109674
1180 2.02811208279e-05
1181 3.69602100073e-05
1182 0.00254757474307
1183 0.000239581536807
1184 1.64701775629e-05
1185 3.90999265352e-05
1186 2.60303407862e-05
1187 4.47846691176e-08
1188 3.7877821141e-05
1189 1.99533239457e-06
1190 4.23021798838e-05
1191 5.78132313597e-06
1192 1.95635922763e-05
1193 0.00027798935279
1194 0.000347690540235
1195 1.28531127636e-07
1196 7.9849657049e-05
1197 1.07126807448e-05
1198 9.27707029481e-05
1199 0.00232602872885
1200 0.00030985045165
1201 9.17957343939e-08
1202 4.95453430349e-05
1203 1.53605556742e-06
1204 3.92852027858e-07
1205 0.000146199452821
1206 1.03830092366e-05
1207 0.0
1208 0.000241291161671
1209 0.0
1210 0.000229173102978
1211 7.06757005752e-05
1212 4.58568805722e-05
1213 8.56577166911e-06
1214 1.8677776851e-06
1215 4.36844259947e-05
1216 4.65298457041e-05
1217 1.8026537812e-06
1218 0.000170175630311
1219 6.30970990215e-07
1220 6.52728920514e-05
1221 1.86170831602e-06
1222 0.000368548055437
1223 0.000144260399265
1224 2.41283294072e-05
1225 0.0
1226 2.85844967073e-06
1227 7.58214026252e-05
1228 0.000214412698999
1229 2.40850252835e-06
1230 3.14105521257e-05
1231 1.74039063571e-05
1232 0.000174332745597
1233 9.81331766415e-07
1234 0.0
1235 5.43942312081e-06
1236 0.000197449036207
1237 0.00016227013238
1238 0.000319110143486
1239 7.54900444827e-05
1240 7.07924318413e-08
1241 2.93308257971e-06
1242 2.05111015157e-06
1243 0.00028706943802
1244 3.00111735163e-05
1245 1.17763929362e-06
1246 4.8491069145e-05
1247 1.85648332761e-05
1248 1.14039075846e-05
1249 6.77344436834e-07
1250 7.6286260984e-06
1251 3.34618556137e-05
1252 1.40643395587e-07
1253 0.0
1254 0.0
1255 3.27170143074e-07
1256 4.6963193104e-05
1257 4.43472984922e-05
1258 2.17934301969e-05
1259 8.73820173518e-05
1260 0.000211743704248
1261 0.000144714538878
1262 0.000263511662796
1263 0.0
1264 5.38856590241e-07
1265 1.22688803653e-07
1266 3.41485780509e-06
1267 1.77734294168e-06
1268 1.31409997692e-05
1269 7.34991856538e-06
1270 2.26781822308e-05
1271 0.0
1272 0.000313194533917
1273 0.000411526598804
1274 0.000315843105572
1275 0.000174572692836
1276 0.000156933193396
1277 0.0
1278 0.000204164686493
1279 1.33536389759e-05
1280 5.3596279027e-06
1281 0.000277626161299
1282 3.7563108837e-06
1283 0.000240404525548
1284 2.54163077717e-05
1285 0.000130639270416
1286 6.7488064455e-05
1287 2.88764758504e-06
1288 0.000138909003909
1289 0.000358881292204
1290 0.000415542229361
1291 0.000313370423152
1292 1.22363089427e-05
1293 2.07086652573e-05
1294 9.73716329343e-07
1295 1.09131416512e-05
1296 1.98416279524e-07
1297 2.03549848619e-05
1298 1.05024783924e-07
1299 0.000162941612381
1300 2.36545406451e-06
1301 1.14943869431e-05
1302 1.80258165367e-07
1303 1.18773334555e-05
1304 2.65046919349e-05
1305 1.32338102311e-05
1306 6.56011717971e-05
1307 5.49548457415e-06
1308 0.000107395003249
1309 1.85606874444e-06
1310 1.91462189997e-05
1311 9.22202672877e-07
1312 1.2643091034e-05
1313 0.000407684079456
1314 1.37616639597e-05
1315 7.98439996177e-06
1316 1.52797678479e-06
1317 1.12658991391e-05
1318 0.000548825117555
1319 1.15703496299e-05
1320 1.65172407333e-07
1321 0.000240655557062
1322 6.49083727375e-06
1323 0.000272399906379
1324 0.000252602059587
1325 3.48092476884e-05
1326 1.14421608801e-06
1327 0.0
1328 9.23786097745e-05
1329 7.79462241342e-05
1330 6.44763833375e-05
1331 2.86335661533e-05
1332 2.82065751317e-05
1333 2.8521805048e-05
1334 5.90374330919e-07
1335 0.000222416162556
1336 2.20410624119e-05
1337 4.58352464355e-05
1338 2.8287047992e-05
1339 0.0003022036213
1340 1.66663596197e-05
1341 2.74433225529e-06
1342 1.44547214491e-05
1343 5.93347354965e-06
1344 5.21268061605e-05
1345 0.000303902900687
1346 0.000266981649471
1347 0.0
1348 0.00017408615258
1349 2.40294851852e-05
1350 3.66857501421e-05
1351 5.43572901156e-06
1352 2.29587490771e-06
1353 0.00031921223888
1354 6.13444018264e-08
1355 2.01234446859e-07
1356 9.09521266812e-06
1357 6.85162184066e-06
1358 7.25086261759e-05
1359 0.000347895875004
1360 0.000295645955921
1361 0.000215699142724
1362 0.000468291539154
1363 0.0
1364 1.80826997283e-07
1365 7.52924976942e-07
1366 9.49951438606e-07
1367 4.02926181094e-05
1368 7.09255768318e-05
1369 2.12260520813e-07
1370 0.000416707755933
1371 1.22807751481e-05
1372 2.5296255312e-05
1373 4.83524232163e-06
1374 0.000409641039505
1375 2.97097454953e-05
1376 0.000249684494436
1377 0.000208489309651
1378 0.000105255044226
1379 5.34834841831e-07
1380 1.62380141753e-05
1381 0.000267971933996
1382 3.0503277556e-07
1383 1.87250428654e-06
1384 3.39233969452e-06
1385 6.89571213773e-06
1386 1.49530820582e-05
1387 0.0
1388 1.95003407992e-06
1389 0.000328440832904
1390 9.14000790408e-07
1391 6.54539162491e-05
1392 5.86521535653e-05
1393 9.55789805939e-06
1394 2.16619187999e-05
1395 0.0
1396 3.39233969452e-06
1397 5.17631946184e-05
1398 2.54057556498e-06
1399 5.71179494143e-06
1400 5.94893956762e-05
1401 1.07492753979e-05
1402 6.32722309185e-07
1403 0.000212344905802
1404 0.0
1405 7.00301241081e-06
1406 0.00334778532497
1407 2.40516664169e-05
1408 9.62066007126e-06
1409 9.02391670997e-05
1410 3.93010864466e-05
1411 3.76213016774e-05
1412 1.57164098787e-06
1413 1.52415826764e-05
1414 7.00432758349e-06
1415 3.14586676033e-09
1416 2.18547869115e-05
1417 2.28263710541e-05
1418 0.0
1419 3.00835083082e-06
1420 0.00113720756044
1421 0.00447288267227
1422 4.82638346498e-05
1423 2.24720438131e-06
1424 3.57821261e-05
1425 3.61055622178e-06
1426 0.000177299309426
1427 1.57500796019e-05
1428 0.000100002050729
1429 4.20497073934e-05
1430 4.69580644956e-05
1431 0.0
1432 0.000293093279321
1433 5.28311259449e-06
1434 1.08973659711e-06
1435 2.29135989272e-06
1436 9.13239679017e-05
1437 1.90402539744e-05
1438 2.91274867802e-05
1439 3.32756146162e-05
1440 2.89167174086e-08
1441 4.32007842499e-05
1442 3.0034283849e-06
1443 1.73875910387e-06
1444 4.95266855984e-06
1445 1.62718377755e-05
1446 2.89259291523e-06
1447 2.11538487098e-05
1448 5.05322441274e-05
1449 1.80890573208e-05
1450 0.000439246827875
1451 0.000508868455824
1452 1.01819509443e-05
1453 1.62200835224e-06
1454 5.71872984283e-05
1455 3.71777553609e-05
1456 4.43502063042e-07
1457 3.09053620251e-05
1458 1.86202075104e-06
1459 2.82985237751e-05
1460 0.000148499318432
1461 3.79623253588e-05
1462 1.03536561593e-06
1463 0.000202376147459
1464 3.08773690304e-07
1465 1.92969001961e-05
1466 0.00758621243764
1467 0.0
1468 7.43884196073e-05
1469 5.81015694763e-07
1470 7.0893280547e-05
1471 0.00025322060014
1472 7.50058927689e-05
1473 0.00115008654462
1474 0.000165240272525
1475 2.04481339421e-08
1476 0.000169978514068
1477 4.00108200456e-07
1478 8.24019014281e-06
1479 5.48503347467e-06
1480 0.000197547703593
1481 0.000596428756062
1482 1.28992187016e-06
1483 7.70267259769e-05
1484 0.000443585340581
1485 1.21258829864e-06
1486 3.25488863874e-05
1487 0.0
1488 0.000133663578746
1489 3.38937294081e-05
1490 5.2082650235e-06
1491 4.00570413143e-07
1492 2.46810683763e-05
1493 2.55511362347e-05
1494 1.37140788358e-07
1495 7.27277708639e-05
1496 8.87373305459e-05
1497 3.16558542967e-05
1498 1.63435682533e-05
1499 5.11203348554e-08
1500 1.01948553512e-06
1501 3.27041108802e-06
1502 1.16202531687e-05
1503 0.000263813951522
1504 8.35880523828e-06
1505 2.03926694986e-05
1506 0.0029859882537
1507 1.09441338286e-07
1508 2.51805331067e-05
1509 1.91067279577e-05
1510 0.000142561583922
1511 6.17453456292e-08
1512 0.000116291237505
1513 2.2384713586e-05
1514 7.13890528889e-05
1515 1.69260650554e-05
1516 0.000105301981339
1517 2.39429968568e-05
1518 7.07032166052e-07
1519 0.000215640443467
1520 2.66285697042e-05
1521 2.73351504726e-05
1522 3.39233969452e-06
1523 0.000134559115227
1524 6.87771901427e-05
1525 1.05986570481e-06
1526 2.79967550375e-05
1527 5.2036807882e-06
1528 3.08532050079e-06
1529 0.00128506555654
1530 9.26060289118e-05
1531 1.04119315682e-05
1532 1.79359384065e-05
1533 8.13738327905e-07
1534 6.28143101726e-06
1535 0.00224063646396
1536 6.17943665064e-06
1537 0.00138863765701
1538 0.000357352753451
1539 0.000230020723148
1540 0.000155239615895
1541 0.000189347000608
1542 7.48315230006e-06
1543 2.72256764364e-06
1544 5.99003738752e-05
1545 5.06436865401e-06
1546 0.000169248666287
1547 0.0
1548 1.44563225638e-05
1549 1.53782365267e-05
1550 0.000124483870519
1551 2.1473050021e-06
1552 3.93286032318e-05
1553 2.50738355353e-06
1554 0.000546842377026
1555 4.96040860136e-05
1556 0.00021802770155
1557 1.01357300763e-06
1558 5.71532812338e-05
1559 0.0
1560 7.21523990663e-05
1561 0.0
1562 1.50879130225e-05
1563 1.26858497664e-06
1564 1.98343345566e-05
1565 2.88891690801e-06
1566 1.91534712124e-05
1567 9.57636346044e-06
1568 5.55852831132e-05
1569 1.76590975545e-07
1570 9.11381494433e-05
1571 2.343395351e-05
1572 1.48034091267e-05
1573 7.10878105382e-06
1574 0.000245419152678
1575 0.000162183319109
1576 3.780739766e-06
1577 0.000108212426238
1578 0.0124672839971
1579 2.84006960849e-06
1580 9.43760028099e-09
1581 0.000280203382415
1582 0.0
1583 3.53143347759e-06
1584 0.000282319826781
1585 0.000314857805922
1586 5.83680541769e-06
1587 0.0
1588 4.46864943623e-06
1589 4.01297392844e-05
1590 8.54228249264e-05
1591 0.000537771828028
1592 0.000454945466574
1593 3.30015666601e-07
1594 0.000434871839905
1595 1.02921605528e-05
1596 1.58804102686e-05
1597 0.000177189549783
1598 1.91158168478e-05
1599 5.76765172064e-05
1600 3.55417455815e-06
1601 2.1137007508e-05
1602 5.7283446461e-07
1603 3.18189482309e-06
1604 2.59781113347e-05
1605 8.40777319438e-05
1606 0.000307466211574
1607 1.34376214263e-05
1608 2.04481339421e-07
1609 2.64771649434e-05
1610 0.000262907655518
1611 5.60355549238e-05
1612 0.00017968490175
1613 0.000106910013989
1614 6.20424914993e-05
1615 0.000179753018698
1616 1.74600844304e-06
1617 2.08370527751e-05
1618 9.20283723389e-05
1619 5.53420006159e-05
1620 1.27629292763e-05
1621 0.000135979642721
1622 0.000203955529275
1623 9.39757774179e-05
1624 2.26959055577e-05
1625 5.76652130445e-06
1626 1.01150467678e-05
1627 6.76396786721e-05
1628 0.0
1629 0.000188907924298
1630 1.63869066682e-06
1631 0.000102522183463
1632 6.23859173643e-07
1633 0.00019116134531
1634 5.77791697808e-06
1635 1.25032059358e-05
1636 4.55097600725e-06
1637 0.000140891509912
1638 0.000300077814392
1639 1.11805529673e-05
1640 2.94325926296e-05
1641 7.48716288959e-08
1642 2.58272214382e-06
1643 0.00118896849542
1644 1.00729784995e-05
1645 1.51699386413e-05
1646 4.21409209998e-05
1647 3.34184596666e-06
1648 5.0199680215e-06
1649 1.54266685435e-07
1650 1.44190920225e-05
1651 1.2605192441e-05
1652 0.0
1653 0.000173458612945
1654 3.65246749072e-06
1655 8.77497993905e-06
1656 5.16303565182e-05
1657 0.0012511548364
1658 0.0
1659 6.02896087644e-06
1660 0.000159594873936
1661 3.58661949094e-05
1662 0.000131819838186
1663 2.56374759478e-05
1664 0.000295189070753
1665 3.09448426991e-07
1666 1.63416385894e-05
1667 0.00246844677875
1668 1.32604084028e-05
1669 1.41963807258e-05
1670 9.71703439564e-05
1671 3.4546708083e-06
1672 6.31962410606e-05
1673 3.55976436754e-06
1674 2.89561400825e-05
1675 3.73477290185e-05
1676 5.61988513955e-05
1677 1.12958053771e-06
1678 1.91480422625e-05
1679 1.1835009755e-05
1680 1.20123862864e-05
1681 8.1221091992e-05
1682 1.54270306411e-05
1683 2.33612659783e-05
1684 4.33370027361e-05
1685 0.285797691095
1686 0.000246380364163
1687 1.15728984881e-05
1688 0.000587736352778
1689 0.000564681683064
1690 2.52785173676e-05
1691 0.0
1692 1.19385978755e-05
1693 7.50728763676e-05
1694 6.13444018264e-08
1695 0.000123911517083
1696 1.7909993516e-05
1697 1.80631327673e-06
1698 1.87620439516e-05
1699 1.25889193363e-06
1700 3.4631940304e-05
1701 2.4523856358e-06
1702 1.01545377769e-06
1703 0.000202694245255
1704 0.000284190634923
1705 8.83808676375e-06
1706 4.2177437814e-05
1707 1.02115173179e-05
1708 4.97711986592e-05
1709 4.33650923676e-07
1710 7.18817789473e-05
1711 1.11717497236e-06
1712 1.92867939308e-07
1713 1.01638796726e-05
1714 1.91699474511e-07
1715 4.4252962794e-05
1716 2.35847500584e-05
1717 9.85739947305e-06
1718 2.7869255122e-05
1719 0.0118782357435
1720 1.01199575138e-05
1721 4.89069997846e-05
1722 1.63001466298e-05
1723 2.24656469193e-05
1724 2.61264741595e-06
1725 1.10804836963e-05
1726 3.51079208866e-05
1727 0.000672287904217
1728 1.51443272275e-05
1729 7.27311882519e-06
1730 0.000103641682546
1731 0.000189161935356
1732 8.99717893455e-08
1733 2.30962004427e-05
1734 2.29210103259e-06
1735 3.72875884769e-06
1736 1.35402792949e-05
1737 4.80431276342e-05
1738 7.19101715367e-06
1739 5.96899539008e-06
1740 1.37123792858e-06
1741 1.83836767898e-05
1742 1.57246223119e-05
1743 7.87852475612e-05
1744 2.67618352956e-05
1745 5.62321838255e-05
1746 3.01184682039e-05
1747 9.50892478464e-05
1748 1.42028796106e-06
1749 1.98692157767e-07
1750 1.59392399666e-06
1751 2.53627670897e-05
1752 4.36648057009e-05
1753 2.68725261447e-05
1754 7.23413721636e-06
1755 8.60781284269e-06
1756 0.0
1757 5.28489123974e-06
1758 3.2550816061e-05
1759 0.0010460971784
1760 6.18312621584e-08
1761 7.02503835086e-08
1762 0.000143878876365
1763 0.0
1764 1.73974678312e-05
1765 1.53322647053e-06
1766 3.07559883968e-05
1767 1.41081708637e-05
1768 2.14693124883e-05
1769 0.00015874798684
1770 1.07064320336e-05
1771 9.56045190873e-05
1772 7.04925834376e-07
1773 1.25047417357e-05
1774 9.05906107059e-06
1775 1.49102982834e-05
1776 2.55601674277e-09
1777 0.0
1778 2.20894127716e-07
1779 7.26964749951e-05
1780 1.21001302228e-05
1781 3.1247437573e-05
1782 2.14439037968e-05
1783 5.44779822754e-05
1784 0.000733749026376
1785 4.42864431758e-07
1786 1.38994496629e-05
1787 0.000350669879758
1788 1.25264426761e-05
1789 1.44159344292e-07
1790 1.23443245633e-05
1791 5.35951917901e-05
1792 4.59470725057e-05
1793 8.45417953035e-07
1794 2.41777387603e-05
1795 0.000168307579584
1796 5.16022971837e-06
1797 9.58787710612e-06
1798 1.90983318668e-07
1799 9.57321196062e-07
1800 2.77852635595e-05
1801 0.000180023184979
1802 7.04374227094e-06
1803 4.37052960261e-08
1804 3.52276092529e-05
1805 6.82724830048e-05
1806 2.11083550818e-06
1807 0.000244295489798
1808 3.1857463783e-05
1809 3.77425089431e-05
1810 2.05341448435e-05
1811 1.95340376033e-05
1812 8.32205472147e-06
1813 1.72966336848e-05
1814 0.000116234335653
1815 7.01795777501e-07
1816 3.65254229579e-06
1817 1.68499871891e-05
1818 1.81730681207e-05
1819 9.09364578981e-06
1820 1.34556536383e-05
1821 0.000178131345754
1822 2.06487171032e-07
1823 6.75202327756e-07
1824 2.8997525379e-05
1825 3.50004395368e-05
1826 0.000145398149262
1827 8.59016630434e-06
1828 0.000106751084849
1829 8.97843073197e-05
1830 6.5541741871e-06
1831 5.32031882142e-06
1832 5.79012016309e-05
1833 1.60912260569e-06
1834 5.37986338096e-05
1835 0.0
1836 0.000277556569191
1837 9.10336207482e-06
1838 6.58124814774e-06
1839 2.0857096621e-07
1840 4.80097937416e-05
1841 6.30229529065e-07
1842 4.90015071341e-06
1843 1.89703390023e-05
1844 1.11417050885e-05
1845 0.000123775478322
1846 4.44206424234e-05
1847 5.57735773921e-05
1848 0.000400494869396
1849 2.02221859193e-05
1850 1.0761997196e-05
1851 4.50109321423e-05
1852 1.29895270586e-05
1853 3.8469694142e-05
1854 1.16454934463e-07
1855 0.0
1856 3.94660199234e-06
1857 0.0
1858 1.35394449809e-05
1859 1.32929125282e-05
1860 6.65202344236e-06
1861 9.01186574776e-06
1862 0.000293631196244
1863 0.000111717100391
1864 6.68604823941e-05
1865 2.37749765816e-05
1866 3.983402716e-08
1867 9.74804408384e-05
1868 3.95406238754e-05
1869 2.34066657e-05
1870 4.33581677919e-07
1871 1.14206579469e-05
1872 0.000203854603069
1873 1.51664693875e-05
1874 9.70178889459e-07
1875 1.51931794669e-07
1876 1.70349244403e-05
1877 3.26461723254e-05
1878 2.7242603182e-06
1879 1.79204166669e-05
1880 2.02799781018e-05
1881 6.80358710444e-07
1882 0.000114107340855
1883 3.83485304695e-05
1884 3.98773499116e-05
1885 3.83020569361e-07
1886 6.39584207018e-06
1887 2.87427256778e-05
1888 7.75838378493e-08
1889 0.000203121841227
1890 2.81892132202e-06
1891 4.90755214612e-07
1892 7.216383886e-06
1893 9.62635228661e-09
1894 8.98230771447e-05
1895 0.000105349329247
1896 3.20213686035e-06
1897 1.05350084364e-06
1898 2.55069644999e-05
1899 1.35289351673e-05
1900 0.000121534782049
1901 1.61011854522e-06
1902 1.26003562476e-05
1903 2.48452061058e-05
1904 1.10904442197e-05
1905 3.31513860583e-06
1906 4.19139361546e-08
1907 1.547561522e-06
1908 9.36380200756e-06
1909 3.33243123986e-06
1910 9.8471674344e-05
1911 1.41196395178e-05
1912 0.000150021337476
1913 0.277591295
1914 5.9341452616e-06
1915 2.30658776896e-05
1916 4.49364596236e-07
1917 3.12837005639e-05
1918 1.48112447998e-05
1919 1.36661973713e-05
1920 2.89274959622e-05
1921 2.61410916285e-05
1922 0.000787538487983
1923 8.51668120592e-07
1924 2.04147028565e-05
1925 2.47439604006e-08
1926 1.25263323301e-05
1927 0.000120143856235
1928 2.07132567091e-05
1929 7.05150882369e-06
1930 2.64007725214e-06
1931 6.5430913965e-07
1932 2.64493549405e-05
1933 0.000665528440232
1934 3.87971508377e-07
1935 9.21564991258e-06
1936 2.52550578684e-05
1937 3.11674855864e-06
1938 6.13444018264e-08
1939 7.87929348763e-06
1940 1.98569956235e-05
1941 0.000641035939944
1942 0.00068066085533
1943 9.46599220126e-06
1944 3.22373501646e-05
1945 2.43753804091e-06
1946 5.09597206448e-05
1947 7.36515919403e-06
1948 0.000662640639112
1949 2.28580754199e-05
1950 2.03998905093e-07
1951 1.24715155831e-07
1952 3.5063714065e-05
1953 1.19467006777e-05
1954 1.32544406973e-06
1955 0.00116080776547
1956 0.00073144539409
1957 6.75240683082e-07
1958 1.59733687697e-05
1959 4.35927049542e-06
1960 7.11612068893e-05
1961 1.22144822644e-05
1962 8.14904589974e-07
1963 7.46886489997e-06
1964 1.15946411089e-06
1965 0.00197987435546
1966 7.91078644626e-06
1967 2.90120650006e-05
1968 0.0
1969 1.3001435363e-05
1970 0.0
1971 3.66453296354e-05
1972 6.98586623486e-06
1973 5.70530057219e-05
1974 4.9563021736e-05
1975 2.73879341526e-07
1976 2.39294458007e-05
1977 1.69342559903e-05
1978 1.06135552366e-07
1979 1.71278826629e-07
1980 1.35160910847e-05
1981 1.96950229513e-05
1982 1.24834499337e-05
1983 1.61130447587e-05
1984 4.03200117992e-05
1985 1.57016899424e-05
1986 0.000149294211198
1987 6.54026866927e-06
1988 4.86072942086e-06
1989 3.81605522117e-06
1990 1.81272080866e-06
1991 6.79165030564e-06
1992 2.42605039687e-05
1993 2.01182144701e-07
1994 1.78862796963e-05
1995 3.01839533724e-06
1996 3.30081282391e-05
1997 2.45377607306e-08
1998 1.98429030919e-06
1999 2.15231504315e-05
2000 1.9481763714e-05
2001 5.97579537559e-06
2002 3.65685346879e-05
2003 1.59153544363e-05
2004 4.49894437562e-05
2005 2.30552643782e-05
2006 3.28477347047e-06
2007 1.90465328553e-05
2008 0.000405383150525
2009 2.80431551207e-07
2010 6.52951051506e-06
2011 6.94008009655e-06
2012 0.00103816434671
2013 8.08975751431e-08
2014 3.12044356274e-06
2015 3.91471622953e-06
2016 1.39081968661e-07
2017 3.94797225801e-06
2018 6.54275792962e-07
2019 2.14666788702e-05
2020 6.94146883919e-06
2021 2.84574660555e-06
2022 9.27806832641e-08
2023 1.98801825415e-05
2024 1.699876725e-05
2025 1.93964854923e-05
2026 1.55726274953e-05
2027 0.00111155109942
2028 5.15343273603e-06
2029 1.61401062491e-05
2030 8.04074529289e-06
2031 7.15886405473e-06
2032 6.37782522063e-05
2033 6.2600359741e-05
2034 4.98063079263e-06
2035 9.00380249953e-07
2036 1.70068981303e-05
2037 1.20923089587e-06
2038 3.61747233781e-05
2039 0.000124528738514
2040 1.19056443118e-05
2041 2.49364743652e-05
2042 8.2949319766e-07
2043 0.000736473684226
2044 1.28876568913e-05
2045 7.08222144832e-07
2046 4.68464887489e-06
2047 1.08733834723e-06
2048 0.000659612657142
2049 5.98319101628e-06
2050 8.59456749043e-06
2051 2.11568606336e-07
2052 2.72166381101e-07
2053 1.28799936197e-05
2054 3.39697332208e-05
2055 0.000540401393677
2056 1.80601566947e-06
2057 4.04834219882e-05
2058 3.41102043676e-06
2059 1.3520236663e-05
2060 6.30549279118e-06
2061 2.56008028466e-05
2062 1.83515498047e-05
2063 6.20322419121e-05
2064 7.3136785465e-06
2065 1.5654014708e-05
2066 1.33416075585e-05
2067 1.29547586266e-07
2068 2.23797496576e-05
2069 6.6421379921e-05
2070 1.76989183383e-05
2071 1.33682780271e-05
2072 3.38987861316e-05
2073 8.72263732829e-05
2074 9.26220165628e-06
2075 2.9199844997e-06
2076 1.80777392055e-05
2077 1.18961875774e-06
2078 1.40369135827e-06
2079 2.13588849285e-05
2080 0.0
2081 3.39663711954e-06
2082 0.000156031554056
2083 1.52312392326e-06
2084 1.12528278405e-05
2085 2.26897075892e-05
2086 1.15846071027e-05
2087 2.73535857617e-06
2088 0.000476558778108
2089 1.82274540147e-05
2090 1.39927653956e-05
2091 1.26955383678e-05
2092 2.03686106109e-05
2093 5.98609005719e-06
2094 1.6394207693e-05
2095 4.90755214612e-08
2096 1.03195992815e-05
2097 3.56769637064e-06
2098 9.6274110471e-06
2099 1.3835906143e-06
2100 2.75293809388e-06
2101 0.0
2102 4.16228946613e-05
2103 6.84290049817e-05
2104 1.10304889419e-05
2105 4.88333982387e-06
2106 8.36836404383e-06
2107 4.08962678843e-08
2108 1.73883648532e-05
2109 2.73164834065e-06
2110 1.69730119784e-06
2111 2.47897596021e-06
2112 0.00127591108734
2113 1.22899791615e-05
2114 2.30187564949e-07
2115 6.7832953787e-06
2116 2.72912283622e-06
2117 7.40872396211e-05
2118 0.000205902927288
2119 7.2548533029e-06
2120 6.20551299753e-06
2121 1.16164816314e-05
2122 6.65495166468e-06
2123 2.33006564949e-06
2124 1.78628974932e-05
2125 4.98378782488e-06
2126 3.29391732272e-05
2127 5.05819275329e-05
2128 3.42745033763e-05
2129 0.000944120099621
2130 1.77067625711e-05
2131 4.81255116638e-07
2132 2.43737144728e-05
2133 0.000110180185139
2134 0.000254494114182
2135 1.59579882735e-05
2136 9.63060101923e-06
2137 7.23354219447e-06
2138 1.26527550789e-05
2139 3.79051679062e-05
2140 4.8823408388e-06
2141 1.12330521847e-05
2142 6.05256445389e-07
2143 0.000110379142066
2144 0.000179622126206
2145 1.35768112268e-05
2146 1.93029020347e-05
2147 2.05076861361e-05
2148 3.92481685885e-06
2149 1.81737673008e-05
2150 4.27987055416e-05
2151 2.79796331301e-05
2152 7.91487159303e-06
2153 1.19316712447e-05
2154 3.23132080735e-05
2155 7.77222321897e-06
2156 2.93551530023e-05
2157 8.3431814682e-06
2158 1.92033696091e-05
2159 8.69850183678e-08
2160 2.94891494543e-05
2161 8.87358626651e-06
2162 2.47627257288e-05
2163 9.46713635755e-06
2164 9.59392025705e-06
2165 1.79180397406e-06
2166 3.71425886186e-06
2167 1.34244728986e-05
2168 0.0
2169 0.0
2170 1.97270060086e-05
2171 7.92860441971e-07
2172 3.53098448558e-05
2173 1.81173654008e-05
2174 1.62047306409e-05
2175 4.82287614311e-05
2176 2.04627397521e-07
2177 0.000132052853136
2178 6.11542947666e-08
2179 6.13444018264e-08
2180 1.42044271422e-06
2181 1.57171416873e-05
2182 1.90689425355e-06
2183 6.30705430034e-08
2184 2.33059220619e-05
2185 1.6989149461e-05
2186 3.97301175321e-06
2187 3.6979633835e-06
2188 3.72119203546e-05
2189 2.32581560963e-05
2190 0.000311385676589
2191 3.8676215865e-06
2192 8.52029770616e-06
2193 1.65568576336e-06
2194 1.45569559951e-06
2195 2.29937757667e-05
2196 0.0
2197 1.04473389195e-05
2198 1.58887193571e-05
2199 7.9386636924e-06
2200 0.00134670891935
2201 1.42987972442e-05
2202 7.03914675498e-06
2203 2.8514081566e-05
2204 3.61172485567e-05
2205 0.0
2206 1.6476815121e-07
2207 1.95281084478e-05
2208 5.01762422822e-06
2209 3.3788228364e-06
2210 5.85064042278e-06
2211 2.07072350894e-05
2212 1.82646306807e-05
2213 1.96851516415e-06
2214 1.13872322438e-06
2215 5.44547462623e-06
2216 1.44923358509e-05
2217 2.83761523687e-06
2218 1.1071735069e-06
2219 2.21986436516e-05
2220 0.0
2221 7.25812552193e-06
2222 5.93622320841e-06
2223 8.71739034941e-06
2224 4.92787658006e-05
2225 2.82429376569e-05
2226 5.62573197602e-06
2227 3.22546642137e-05
2228 2.71741094281e-07
2229 2.16186400763e-05
2230 4.52468086732e-05
2231 2.62155563361e-08
2232 2.12504536623e-05
2233 2.90535620208e-05
2234 0.00015513403088
2235 1.43648533699e-05
2236 4.25012593465e-05
2237 2.67745746616e-05
2238 2.35423335538e-06
2239 6.42063085994e-06
2240 1.19194741895e-05
2241 1.22868334892e-05
2242 1.84339651018e-05
2243 1.40663746303e-05
2244 1.70623585746e-05
2245 1.55562472672e-05
2246 4.2064732681e-08
2247 2.39329120235e-05
2248 8.02926743262e-05
2249 8.36001890158e-07
2250 1.41204738152e-06
2251 4.07312283611e-05
2252 5.41493234379e-07
2253 2.79599273111e-08
2254 4.10293420498e-06
2255 1.75549736375e-05
2256 5.23472228919e-07
2257 4.0057409629e-08
2258 1.14969409141e-05
2259 6.8788326692e-07
2260 1.58142986937e-05
2261 3.09559187502e-06
2262 1.70042691884e-06
2263 2.0682884298e-05
2264 1.1655436347e-07
2265 2.35054292681e-05
2266 4.9833470283e-07
2267 0.000413649600256
2268 2.31287849028e-05
2269 0.000314100323193
2270 0.0
2271 2.92911851241e-06
2272 2.11933456071e-05
2273 6.7856240126e-06
2274 1.03551141404e-05
2275 7.18628851974e-06
2276 5.88073547454e-06
2277 3.86348665086e-06
2278 5.41310173507e-06
2279 5.05692759509e-05
2280 2.46631207511e-05
2281 4.67169536522e-06
2282 2.42456445314e-07
2283 9.8775336165e-05
2284 0.00121060913267
2285 2.65048872915e-05
2286 5.48816991995e-06
2287 1.54820305227e-05
2288 1.08230985469e-05
2289 2.29799743537e-05
2290 0.000270037351569
2291 4.72676290019e-06
2292 1.23001831781e-06
2293 8.35087002065e-05
2294 5.89883232823e-06
2295 5.49881162491e-05
2296 3.47334902515e-06
2297 8.01090049963e-06
2298 2.27917728625e-05
2299 8.09186659007e-06
2300 1.25048775648e-05
2301 3.88735640419e-05
2302 5.65105880355e-07
2303 6.85576703056e-05
2304 7.47348834958e-06
2305 8.0677474813e-06
2306 2.52350567338e-06
2307 9.09620265403e-07
2308 2.01405345661e-06
2309 3.1489841136e-06
2310 2.64417759417e-05
2311 4.30820197307e-06
2312 8.26927312788e-06
2313 1.94216048855e-07
2314 0.00016664305202
2315 8.28408951817e-07
2316 3.59152651088e-06
2317 1.25158567768e-06
2318 2.42096704647e-05
2319 1.40977222267e-05
2320 3.82328094639e-05
2321 2.21286412255e-07
2322 6.55265320779e-07
2323 3.97118464741e-05
2324 5.9251741826e-06
2325 5.25642172788e-05
2326 9.69828474415e-05
2327 6.36221103289e-06
2328 8.15266209849e-05
2329 0.000200452684959
2330 5.58808323863e-06
2331 5.78604800289e-06
2332 1.76037971969e-05
2333 2.26703241333e-05
2334 0.000181610013628
2335 1.49739451076e-05
2336 2.21866877412e-05
2337 8.11898655799e-05
2338 8.65775961416e-06
2339 1.06508668205e-05
2340 2.42308428515e-05
2341 9.8985938944e-06
2342 1.26277881717e-05
2343 1.68523070709e-05
2344 1.82153508431e-05
2345 9.55148117755e-05
2346 1.83070049449e-05
2347 1.1803666825e-05
2348 0.0011859069536
2349 7.89623016045e-06
2350 7.28738832271e-07
2351 4.06802071201e-05
2352 1.47754521485e-05
2353 4.12072360852e-06
2354 1.10128768309e-06
2355 5.37103091991e-06
2356 1.00184604036e-05
2357 3.47890491957e-06
2358 5.26261068628e-06
2359 1.64965327035e-07
2360 1.9227414703e-06
2361 8.62104355733e-07
2362 1.83920114108e-05
2363 5.39540976802e-07
2364 4.4521053272e-06
2365 3.53801567759e-05
2366 2.88966444926e-05
2367 8.16624773015e-06
2368 1.1010058521e-05
2369 4.89283235473e-05
2370 3.04950966956e-05
2371 2.91234793234e-06
2372 2.01987843934e-05
2373 2.28264346791e-05
2374 1.38609433125e-05
2375 3.26397063904e-06
2376 0.0
2377 3.1873520943e-05
2378 3.13349513874e-05
2379 2.39120778548e-05
2380 3.56967516688e-06
2381 0.0
2382 1.52775657337e-05
2383 0.0
2384 1.43318657078e-05
2385 0.000605386117425
2386 2.71331933271e-05
2387 3.07959109625e-06
2388 2.21832827994e-05
2389 2.06526152816e-07
2390 2.15752651374e-05
2391 1.53327852648e-05
2392 3.06760670268e-05
2393 6.96249151613e-06
2394 8.99204368834e-06
2395 5.86556410417e-05
2396 1.90140722421e-05
2397 0.000419849381385
2398 1.44849502139e-05
2399 4.35815714543e-05
2400 4.45402657256e-05
2401 6.16824395979e-07
2402 3.57267787748e-06
2403 5.6219277705e-06
2404 9.42622381247e-07
2405 2.54201584479e-05
2406 1.0676793204e-05
2407 8.75422046045e-06
2408 1.11087121841e-06
2409 2.60942448527e-06
2410 1.46841797195e-05
2411 2.8418653996e-05
2412 1.53413609165e-05
2413 8.93128317807e-06
2414 4.71568862215e-06
2415 1.89766775472e-05
2416 1.24442979756e-06
2417 9.90300737927e-06
2418 5.40916650323e-05
2419 1.11474487117e-06
2420 7.9017697018e-05
2421 4.85611369475e-06
2422 8.48597558599e-07
2423 3.06722009132e-08
2424 1.09025330878e-05
2425 4.13710456467e-07
2426 1.08430255712e-05
2427 2.21358503155e-06
2428 1.30588242628e-06
2429 2.8220766521e-05
2430 1.94189086053e-05
2431 5.22244169595e-06
2432 0.0
2433 1.65812027169e-05
2434 9.26925999044e-06
2435 3.01854249038e-05
2436 1.19284947045e-05
2437 1.3966798079e-05
2438 8.17925357686e-08
2439 2.9815558197e-05
2440 3.47618277017e-07
2441 1.91536354695e-05
2442 0.0
2443 1.46058099587e-09
2444 1.52325002106e-05
2445 1.07608950747e-07
2446 9.96449810205e-06
2447 3.74702386992e-06
2448 1.78720777307e-05
2449 1.98484406672e-05
2450 1.20833179828e-05
2451 5.79850655359e-07
2452 4.13934129564e-05
2453 2.44708660328e-07
2454 2.12701498217e-06
2455 6.14016205048e-07
2456 6.74028513357e-06
2457 8.39027000595e-07
2458 0.0
2459 2.54656518568e-05
2460 3.01981465073e-05
2461 1.20676948737e-05
2462 3.17587685014e-05
2463 1.30859742701e-05
2464 1.45497718207e-05
2465 8.32708319842e-06
2466 2.58470461099e-06
2467 2.76791554254e-07
2468 1.82657986382e-06
2469 0.000349874484772
2470 1.82758545231e-06
2471 0.0
2472 3.06592616621e-05
2473 0.000155140124801
2474 1.04313727936e-05
2475 1.30275013751e-05
2476 1.98842587766e-05
2477 1.58777475914e-05
2478 1.272572635e-06
2479 0.000892911902443
2480 1.51077329267e-05
2481 5.02810814702e-06
2482 1.75269719504e-08
2483 5.75169777645e-06
2484 0.0
2485 2.36730259125e-06
2486 2.6150758036e-06
2487 1.40090999959e-06
2488 2.42456445314e-07
2489 2.17116797435e-05
2490 2.35501508695e-06
2491 8.78433257426e-07
2492 6.23481297316e-05
2493 1.18164196178e-05
2494 3.39585081539e-08
2495 7.627458552e-06
2496 3.09640944653e-06
2497 4.24164640929e-08
2498 3.33623409885e-06
2499 4.53626039166e-05
2500 1.15557161866e-05
2501 5.51778315491e-06
2502 9.1765628367e-05
2503 1.05624827851e-05
2504 5.2327031055e-06
2505 3.88877705937e-06
2506 0.0
2507 1.44432940853e-05
2508 2.01609171879e-05
2509 2.67949429365e-05
2510 9.4826462806e-05
2511 6.19081618013e-05
2512 9.68335000434e-05
2513 0.000204123685939
2514 4.17144914466e-07
2515 1.7445855188e-07
2516 7.29184480828e-07
2517 1.47802444191e-05
2518 0.0
2519 9.67262745579e-06
2520 2.93336083163e-06
2521 6.79231446667e-06
2522 5.08013012405e-06
2523 5.82136695318e-07
2524 1.51698604188e-05
2525 3.70393405482e-07
2526 8.92441232943e-06
2527 7.2068470855e-05
2528 1.29146109108e-07
2529 7.97477223744e-08
2530 2.32372293288e-05
2531 1.24170951361e-05
2532 3.12753941766e-06
2533 1.06933218832e-06
2534 1.87591940125e-05
2535 1.68514281653e-06
2536 1.11831325213e-06
2537 1.25340541598e-05
2538 2.78889028762e-05
2539 2.93636357343e-05
2540 2.29329899759e-06
2541 2.58259556137e-05
2542 0.0
2543 0.000262618673363
2544 0.00231968304501
2545 1.2560402556e-05
2546 7.83814625754e-06
2547 4.25828712352e-06
2548 1.66152773599e-05
2549 4.08962678843e-08
2550 2.78740972282e-06
2551 2.55444199786e-05
2552 1.24279612704e-05
2553 1.57199556809e-06
2554 1.17069232818e-05
2555 6.01314483991e-06
2556 3.53032273332e-05
2557 3.11755259849e-06
2558 6.95407883005e-06
2559 5.5507920167e-06
2560 3.47913321641e-06
2561 4.94683503795e-05
2562 1.40199192735e-05
2563 1.39529881044e-06
2564 1.51871151428e-06
2565 1.01437025938e-05
2566 2.45377607306e-08
2567 5.55248474254e-06
2568 2.8203863456e-05
2569 6.71710322166e-06
2570 0.0
2571 1.21125530742e-05
2572 8.36509986537e-06
2573 3.35032599374e-06
2574 1.13099510306e-05
2575 1.58045133647e-06
2576 2.4616253209e-05
2577 2.90588305957e-06
2578 9.67716425412e-06
2579 9.90281006137e-06
2580 9.49477111043e-07
2581 3.33509385358e-08
2582 7.29494402549e-06
2583 1.4294569081e-05
2584 1.47410417611e-05
2585 6.69350261726e-06
2586 7.73907022373e-06
2587 5.36148631687e-06
2588 1.77767102458e-06
2589 2.19420103797e-05
2590 1.01028758509e-05
2591 3.05329376786e-05
2592 7.74046169738e-07
2593 4.22384108075e-05
2594 5.00320400264e-06
2595 4.61480507434e-05
2596 0.0
2597 0.0
2598 2.93875982617e-05
2599 6.66045043174e-05
2600 3.04392887347e-08
2601 2.23709062546e-05
2602 8.13081248636e-06
2603 2.45347142332e-05
2604 3.01995501527e-05
2605 2.27203937225e-05
2606 5.7347395667e-06
2607 3.30853477179e-07
2608 2.7909468785e-05
2609 4.37438285279e-05
2610 2.41053979147e-07
2611 2.49912328949e-05
2612 5.26841642747e-05
2613 0.000345965969201
2614 1.07440705234e-07
2615 2.44829043285e-06
2616 1.45772416413e-05
2617 4.03962152489e-05
2618 5.67118050177e-05
2619 1.89305545536e-05
2620 4.86028394448e-06
2621 2.56207032747e-05
2622 2.45377607306e-08
2623 3.35800449154e-06
2624 6.14042357558e-06
2625 2.81996423546e-05
2626 5.64984024501e-06
2627 1.75500877939e-05
2628 3.21849270347e-06
2629 1.51488432822e-05
2630 4.32350682826e-05
2631 1.16665942479e-05
2632 4.40011485883e-06
2633 3.27170143074e-08
2634 1.3960775622e-06
2635 3.14678502113e-07
2636 1.6888990453e-06
2637 1.42542209753e-05
2638 7.10855225461e-06
2639 3.19314934441e-06
2640 2.51203879046e-05
2641 2.90096532666e-05
2642 8.17443691411e-06
2643 0.000200196589759
2644 1.69990283067e-05
2645 9.76924501189e-06
2646 2.69791666438e-05
2647 1.55173707054e-05
2648 1.95734881342e-05
2649 1.95736270836e-05
2650 2.62008226297e-05
2651 3.79861248376e-07
2652 3.4549855512e-06
2653 1.40254075628e-05
2654 6.59780720581e-06
2655 2.20006562387e-06
2656 3.79088341917e-06
2657 5.10147521145e-06
2658 2.9130645658e-05
2659 1.89014401125e-05
2660 7.99939688759e-05
2661 1.37181696313e-05
2662 3.87810769347e-05
2663 1.0783087492e-05
2664 4.36428621338e-06
2665 1.06070053433e-05
2666 2.3323332792e-05
2667 7.39968470504e-06
2668 4.44879829897e-06
2669 1.58046977312e-05
2670 2.68515605536e-05
2671 6.04292405871e-07
2672 0.0
2673 1.15062784116e-05
2674 2.18879606709e-06
2675 1.62479665488e-05
2676 9.2763648436e-06
2677 1.72681563785e-05
2678 2.09576469385e-05
2679 4.54714498366e-07
2680 0.000556661328621
2681 4.4527427783e-06
2682 2.62243248176e-06
2683 9.3319975513e-07
2684 2.58214379428e-05
2685 4.47302888014e-06
2686 9.18920498077e-07
2687 3.55652343853e-06
2688 3.76799895179e-07
2689 1.50030879896e-06
2690 1.20506349324e-05
2691 1.29477179177e-05
2692 0.0
2693 4.97798956609e-08
2694 1.55725536999e-05
2695 2.66308472204e-05
2696 7.63497236458e-08
2697 3.758409555e-06
2698 3.25678068722e-06
2699 1.22972016513e-05
2700 5.50240695171e-08
2701 3.98906578686e-06
2702 3.0243784784e-06
2703 5.42004116615e-06
2704 2.9348076995e-07
2705 0.0
2706 8.67936447615e-07
2707 1.20235835745e-05
2708 1.06659864431e-05
2709 4.24874421925e-06
2710 1.61861585962e-06
2711 1.10549014099e-06
2712 0.000539922344186
2713 6.47585615029e-06
2714 7.25175864953e-06
2715 6.13444018264e-08
2716 1.03184490678e-05
2717 0.00175581368031
2718 5.61683849397e-06
2719 1.39447537404e-05
2720 5.04510127458e-05
2721 8.99049799048e-06
2722 0.0
2723 0.0
2724 1.04706423481e-06
2725 8.41336993691e-05
2726 3.68959714552e-06
2727 1.43811865668e-06
2728 1.84942885284e-06
2729 8.08210404353e-06
2730 2.32077069181e-05
2731 0.000102024377831
2732 2.06246886973e-06
2733 1.75269719504e-08
2734 6.92407285035e-06
2735 2.32853116868e-05
2736 4.96935988012e-06
2737 0.0
2738 3.03517026125e-06
2739 4.04480361304e-05
2740 9.43849346358e-06
2741 0.0
2742 1.22875096394e-05
2743 7.47505227921e-05
2744 5.30312501011e-06
2745 2.56379734969e-06
2746 7.49308080005e-06
2747 9.8743536623e-08
2748 7.35726591814e-07
2749 4.22771956302e-05
2750 1.10717845058e-05
2751 1.60723896457e-05
2752 1.22054357432e-05
2753 3.69867445462e-06
2754 6.76124352181e-06
2755 6.33258635247e-05
2756 1.89120591615e-05
2757 4.3236086966e-06
2758 1.19970015505e-05
2759 2.03344338548e-05
2760 7.71893564989e-06
2761 2.63664883213e-06
2762 1.96677927831e-06
2763 3.78990018532e-06
2764 1.45981707032e-05
2765 2.80637833111e-05
2766 0.000391789708101
2767 8.738892217e-07
2768 0.0
2769 7.40624204864e-06
2770 7.21152163549e-07
2771 2.23022579974e-06
2772 7.40372932808e-07
2773 1.59766676565e-05
2774 1.04335174775e-05
2775 2.45377607306e-08
2776 9.99639245691e-06
2777 1.09738318823e-07
2778 1.19140814565e-05
2779 5.51435549146e-05
2780 6.32694735017e-07
2781 4.6882714325e-05
2782 6.13096338902e-05
2783 2.80250011045e-05
2784 1.92440474551e-05
2785 1.00895932564e-05
2786 1.80892698665e-05
2787 3.31678684641e-05
2788 2.47089272085e-05
2789 0.0
2790 4.23955022847e-06
2791 4.27273053328e-07
2792 1.90976125996e-06
2793 0.0
2794 0.00223747546603
2795 5.54122079768e-07
2796 8.22421433018e-06
2797 1.59919214532e-05
2798 4.07804191863e-06
2799 1.02240669711e-08
2800 1.36320892948e-08
2801 1.35250760937e-05
2802 1.79273429763e-07
2803 3.50175011043e-07
2804 6.72201619869e-06
2805 6.54115535556e-07
2806 8.09746104109e-07
2807 1.26892710467e-05
2808 4.22496721093e-06
2809 0.0
2810 3.5131305464e-06
2811 5.08563259894e-05
2812 5.02119852836e-07
2813 1.04544340941e-05
2814 2.65405040011e-05
2815 0.0
2816 9.25627001121e-06
2817 4.62076204341e-07
2818 0.0
2819 4.353499381e-06
2820 6.15425531092e-06
2821 1.83362666022e-06
2822 9.17054003663e-07
2823 4.55644869078e-06
2824 4.8121574866e-06
2825 0.0
2826 1.24558518505e-05
2827 7.30522881932e-06
2828 1.50915075743e-05
2829 0.000298457926884
2830 1.89796555591e-06
2831 1.87233834614e-06
2832 2.23393310109e-06
2833 9.11039022522e-06
2834 2.78936655671e-05
2835 4.29410812785e-07
2836 2.67342205949e-06
2837 1.29009860856e-05
2838 7.90402768613e-07
2839 0.0
2840 7.2402983726e-05
2841 1.18779797477e-05
2842 1.5251874646e-05
2843 0.0
2844 3.20395395967e-06
2845 1.02867524874e-05
2846 3.76513909207e-06
2847 1.68780668635e-06
2848 1.9605285479e-06
2849 7.98554952618e-06
2850 2.09071292835e-05
2851 1.3806909401e-06
2852 7.42648426433e-06
2853 3.52268348287e-08
2854 9.39264244367e-06
2855 6.34946296308e-06
2856 0.0
2857 1.24681848242e-05
2858 0.0
2859 3.47693265117e-06
2860 2.79132159031e-06
2861 0.0
2862 5.98107917808e-07
2863 8.42409233394e-06
2864 0.000132220117953
2865 1.0287864251e-05
2866 1.5430393421e-05
2867 1.87039791686e-05
2868 0.000297931121269
2869 5.77085922398e-06
2870 0.000133631708069
2871 4.40543754254e-06
2872 1.31163206475e-05
2873 1.39424668973e-05
2874 1.14565023673e-05
2875 4.54906253773e-06
2876 2.10704913578e-05
2877 1.34617069744e-06
2878 0.000913943752783
2879 1.44874620983e-06
2880 8.83253162228e-08
2881 7.41769374663e-06
2882 3.78282834386e-05
2883 1.15546562583e-06
2884 1.64855515487e-05
2885 3.3356775638e-07
2886 0.0
2887 2.97666406958e-07
2888 4.13835269909e-06
2889 6.27669469709e-07
2890 2.75622256327e-06
2891 2.46017749991e-05
2892 1.33942953266e-06
2893 1.75579550915e-05
2894 9.01848843677e-07
2895 2.56216807707e-05
2896 6.00010418182e-07
2897 6.52660907832e-06
2898 7.44711515676e-06
2899 4.62074715056e-08
2900 8.76348597521e-09
2901 8.11839603536e-08
2902 4.64584776595e-05
2903 0.0
2904 7.38509817455e-07
2905 4.64148795626e-05
2906 1.45661170692e-05
2907 2.03623919158e-05
2908 1.32429523435e-06
2909 3.02085436167e-07
2910 2.20198533973e-05
2911 1.33839188544e-05
2912 4.6802016002e-06
2913 9.08366488212e-06
2914 0.000409548183732
2915 1.28971113201e-05
2916 0.000661892911536
2917 7.46767312197e-05
2918 4.56125965582e-06
2919 1.12164856689e-06
2920 1.17209885978e-05
2921 1.40106624383e-05
2922 1.55842880868e-05
2923 0.0
2924 3.79279384241e-06
2925 3.8637969924e-06
2926 1.21575486455e-05
2927 4.34522846271e-07
2928 2.19892462661e-05
2929 2.52516214119e-05
2930 4.84038341505e-06
2931 1.75269719504e-08
2932 9.30050018829e-06
2933 1.04508975903e-05
2934 1.04851589311e-06
2935 3.6340516588e-06
2936 6.54151675409e-07
2937 1.87663460957e-05
2938 1.48162765475e-05
2939 9.08861040905e-06
2940 1.50477757194e-05
2941 6.52547550305e-06
2942 1.80114883533e-06
2943 7.47843374678e-07
2944 1.77345165334e-05
2945 4.07345167838e-05
2946 6.49503727955e-06
2947 4.71198700537e-05
2948 5.73072534651e-07
2949 1.33461909705e-06
2950 4.05398861213e-06
2951 3.21880671498e-05
2952 0.0015019131355
2953 6.13444018264e-08
2954 1.69905211726e-06
2955 1.51648523368e-06
2956 1.49913692836e-05
2957 2.62813295071e-05
2958 2.41495001998e-06
2959 2.47751866705e-05
2960 2.96295707869e-07
2961 1.68722799746e-05
2962 8.26342590215e-07
2963 1.37289551798e-05
2964 3.27170143074e-08
2965 1.70048049058e-05
2966 2.96146034954e-06
2967 0.000620288395561
2968 1.83330491958e-06
2969 1.06715461269e-05
2970 8.03324834396e-06
2971 3.09841209546e-06
2972 1.73959622611e-07
2973 2.55505664058e-07
2974 1.90123228884e-05
2975 3.99597452782e-06
2976 6.13444018264e-08
2977 3.75773840548e-05
2978 1.05532457151e-06
2979 4.39504920175e-06
2980 1.7032301727e-05
2981 0.0
2982 1.5392741663e-06
2983 4.88732871694e-08
2984 1.49388224257e-06
2985 3.95528823076e-06
2986 6.60185845485e-06
2987 1.65566149269e-05
2988 1.3873058967e-06
2989 1.3859310634e-05
2990 1.6318823211e-05
2991 5.6852543503e-07
2992 1.04350087562e-05
2993 2.42386859796e-05
2994 1.00790690512e-05
2995 9.26985695212e-06
2996 2.49753356176e-06
2997 1.48452796034e-05
2998 1.63701918017e-06
2999 4.08962678843e-08
3000 1.97618289546e-05
3001 2.14790028921e-05
3002 2.32784762191e-05
3003 5.64980778607e-05
3004 0.0
3005 9.34732287677e-06
3006 5.86770180185e-05
3007 0.0
3008 5.70137962529e-06
3009 5.70525407463e-08
3010 2.7247383134e-06
3011 8.91383743595e-06
3012 4.65231447859e-05
3013 2.57792545771e-07
3014 1.43595521682e-06
3015 7.68634063775e-06
3016 1.12580921056e-06
3017 6.63560538693e-06
3018 5.10393235707e-05
3019 7.56071437198e-06
3020 0.00011025489433
3021 7.16012016715e-05
3022 2.04442522063e-06
3023 1.57124885817e-05
3024 2.36554643096e-06
3025 1.98250157453e-06
3026 1.20026460046e-05
3027 0.00224090068805
3028 4.44620685009e-05
3029 1.24222413699e-06
3030 3.88676675305e-06
3031 2.20742247444e-07
3032 0.0
3033 1.33541288037e-06
3034 2.28306376199e-05
3035 3.62388928612e-05
3036 0.000682141577034
3037 7.40881788038e-06
3038 0.0
3039 0.000204135188678
3040 3.87298991689e-07
3041 6.56151463357e-06
3042 4.87662184385e-06
3043 3.05281004335e-06
3044 2.63838838984e-06
3045 1.63585071537e-07
3046 6.58429912937e-07
3047 1.01291750628e-05
3048 6.67921153477e-06
3049 9.00220831786e-06
3050 0.000919393992453
3051 2.29225691618e-06
3052 0.00168869545034
3053 1.18677480761e-05
3054 1.57791433587e-07
3055 1.84306181453e-05
3056 2.45377607306e-08
3057 1.16523483627e-05
3058 7.0080219517e-06
3059 7.89635523129e-08
3060 0.0
3061 3.4227330157e-05
3062 1.34006264297e-06
3063 2.20939245517e-05
3064 1.31160173429e-07
3065 8.44130195546e-06
3066 3.01113731435e-06
3067 1.14728637225e-06
3068 2.39147317231e-06
3069 9.02465975433e-07
3070 1.99636613223e-06
3071 5.669384498e-06
3072 0.0
3073 3.58416929133e-05
3074 9.13364527539e-06
3075 2.45377607306e-08
3076 5.90034995998e-06
3077 5.18698795556e-05
3078 4.02628473294e-05
3079 0.00152224157944
3080 2.60667175137e-05
3081 4.60159473242e-06
3082 8.98189469698e-06
3083 0.000187624323164
3084 2.62758521157e-07
3085 0.00100467140433
3086 3.95537127756e-06
3087 6.93884732591e-06
3088 2.37457234615e-05
3089 1.10082098928e-06
3090 1.7916959171e-05
3091 7.6133671685e-05
3092 0.0
3093 2.30761285601e-07
3094 1.34291716468e-06
3095 5.33546963057e-08
3096 2.25581514248e-06
3097 1.34989034277e-05
3098 4.20485777054e-05
3099 1.3468148686e-05
3100 4.31601684279e-07
3101 4.67950027502e-05
3102 0.00151925591067
3103 2.7303394202e-06
3104 3.76409381572e-06
3105 2.98280609647e-05
3106 1.85362334186e-06
3107 8.67073455827e-06
3108 3.74781653141e-05
3109 6.91379867018e-06
3110 1.22636143315e-06
3111 2.78792171378e-06
3112 7.16466427325e-05
3113 2.70431986072e-06
3114 1.94107827971e-05
3115 1.21000964989e-05
3116 2.42104683175e-05
3117 5.83729523847e-05
3118 0.00154998830739
3119 1.43933036952e-05
3120 1.50151074812e-05
3121 9.65978958147e-06
3122 1.22688803653e-07
3123 2.89681897514e-08
3124 2.94254169732e-06
3125 2.74712890309e-05
3126 0.0
3127 1.75269719504e-08
3128 2.45377607306e-08
3129 1.83156856882e-07
3130 4.9015026297e-06
3131 8.15059042043e-07
3132 1.75269719504e-08
3133 1.96376541545e-05
3134 4.71621603566e-07
3135 0.0
3136 2.07611348891e-06
3137 4.85835991784e-05
3138 1.60148944956e-05
3139 3.26947878338e-06
3140 4.28390877197e-06
3141 5.46491008434e-05
3142 5.28925064637e-07
3143 7.44941344479e-06
3144 2.04481339421e-08
3145 3.1232213683e-06
3146 2.71747260575e-05
3147 1.31601652459e-05
3148 0.0
3149 6.37049400894e-06
3150 1.1315668708e-05
3151 0.000527322636562
3152 1.61875302696e-06
3153 0.000710981326085
3154 1.04639211084e-06
3155 9.74528195766e-05
3156 1.25915465238e-06
3157 7.74995731945e-07
3158 2.71702921672e-06
3159 7.57980961662e-06
3160 4.72112179378e-07
3161 3.96203941777e-06
3162 3.85593382909e-07
3163 4.83260955729e-05
3164 7.19188970648e-07
3165 2.61616257025e-06
3166 1.42455446778e-06
3167 3.50092504055e-06
3168 1.29242468907e-06
3169 5.18115056679e-05
3170 3.96919813865e-06
3171 4.76704516543e-06
3172 4.24958791539e-06
3173 2.45930019289e-05
3174 8.39466260478e-05
3175 1.20013165457e-05
3176 7.66805022831e-09
3177 5.20745160955e-06
3178 1.46147084704e-05
3179 1.77356105703e-05
3180 6.31322487904e-05
3181 1.75269719504e-08
3182 1.75269719504e-08
3183 2.56751318108e-05
3184 0.0
3185 1.20838565317e-05
3186 0.00440024944862
3187 2.17921820371e-05
3188 7.97675492274e-06
3189 1.62115393339e-05
3190 1.62986061548e-06
3191 9.38301574762e-07
3192 1.21304784818e-05
3193 7.9648383534e-07
3194 2.63290960004e-06
3195 6.08669344501e-07
3196 1.25511104757e-05
3197 1.32329214016e-05
3198 4.50150728697e-07
3199 0.00090524157398
3200 2.88279119563e-06
3201 7.09891050025e-07
3202 0.00038290288429
3203 1.66249361613e-07
3204 8.72075172097e-06
3205 1.119362561e-05
3206 1.199387567e-05
3207 4.76646854836e-06
3208 7.75005709374e-06
3209 2.71070782288e-06
3210 1.03116844368e-06
3211 1.37776475211e-06
3212 8.59848324145e-06
3213 5.97632923045e-06
3214 5.72748723174e-06
3215 5.35755875484e-05
3216 7.26284281871e-06
3217 3.55797530593e-07
3218 1.91092680293e-07
3219 2.89681897514e-08
3220 9.82257112197e-06
3221 4.12416846211e-06
3222 7.63181310634e-06
3223 8.14012769433e-06
3224 5.08303890978e-06
3225 1.35653100833e-05
3226 1.25472407393e-05
3227 1.71253574094e-05
3228 2.89681897514e-07
3229 2.13718970287e-06
3230 6.84380465765e-07
3231 0.0
3232 5.00200345992e-06
3233 3.27085666711e-05
3234 6.08886329045e-05
3235 4.52616360459e-06
3236 3.83722828883e-07
3237 2.69479659556e-06
3238 3.97752441486e-06
3239 2.52947957467e-06
3240 4.97787463341e-06
3241 2.35228521649e-05
3242 6.43435297849e-07
3243 2.71169502393e-06
3244 5.89334528278e-07
3245 1.1470606461e-06
3246 1.02291049317e-05
3247 1.1090722622e-06
3248 0.000490205486156
3249 3.96764935959e-05
3250 1.39575286904e-06
3251 4.720592511e-06
3252 4.46937784736e-07
3253 0.000267077710775
3254 3.01659277628e-05
3255 1.9734955282e-06
3256 9.54899800434e-06
3257 4.94512693028e-05
3258 5.23793597416e-06
3259 6.94551696559e-05
3260 9.18068599011e-06
3261 0.000159266262398
3262 0.000299570551285
3263 2.76962597556e-06
3264 0.00017224405355
3265 3.56334992375e-06
3266 2.58652205339e-05
3267 1.53361004566e-08
3268 2.9116433433e-05
3269 0.0
3270 7.43342780833e-07
3271 2.45377607306e-08
3272 1.84033205479e-07
3273 1.90194862526e-05
3274 3.57627819395e-06
3275 5.90979918366e-05
3276 1.24931636839e-05
3277 5.15895121791e-06
3278 2.38990643167e-05
3279 1.67960019354e-05
3280 9.41955227158e-06
3281 0.00174884941498
3282 5.91469683021e-08
3283 0.0
3284 1.6513553444e-07
3285 8.38353462603e-06
3286 2.85288955532e-06
3287 1.67628976442e-06
3288 2.19658515544e-05
3289 0.000742175570508
3290 1.71217250453e-05
3291 2.91616489155e-07
3292 9.32887629918e-05
3293 1.86470599571e-06
3294 8.46712370538e-06
3295 3.13545395087e-06
3296 2.84782267896e-05
3297 1.47226336005e-05
3298 9.53092787663e-06
3299 1.06119794232e-05
3300 0.00128827349353
3301 2.56340755149e-06
3302 5.32745478487e-06
3303 6.62336642605e-05
3304 1.11461825902e-05
3305 4.72275902905e-05
3306 1.19767641661e-07
3307 5.78739274219e-06
3308 3.71198550381e-06
3309 7.37593402913e-08
3310 1.10994554664e-06
3311 3.06722009132e-08
3312 1.96616672521e-08
3313 1.36811409946e-06
3314 1.01147338977e-05
3315 2.25513705762e-07
3316 3.01117621231e-07
3317 3.4651248819e-06
3318 0.0
3319 1.36087336173e-06
3320 1.23647807532e-05
3321 8.4871857222e-05
3322 2.44654676526e-05
3323 1.75269719504e-08
3324 1.6417942724e-07
3325 3.89463814788e-05
3326 1.31588746706e-06
3327 3.10293881542e-06
3328 4.19075686722e-05
3329 5.83990901627e-06
3330 4.71072710728e-06
3331 5.74222693759e-05
3332 5.14262935419e-05
3333 1.48033098179e-05
3334 1.57450631355e-07
3335 6.73814699427e-08
3336 0.000300721822439
3337 0.0
3338 3.04869276525e-06
3339 1.21573450892e-07
3340 1.44177255135e-05
3341 3.51806826185e-06
3342 9.69096830915e-06
3343 0.000417249435351
3344 2.56054454386e-06
3345 1.64231512064e-05
3346 2.36458897281e-05
3347 1.10984099779e-05
3348 3.01253586863e-05
3349 1.76808003914e-05
3350 8.44605303877e-07
3351 5.07151896228e-05
3352 2.54465959663e-05
3353 2.93015018248e-08
3354 3.19609470435e-05
3355 2.89681897514e-08
3356 1.95807806715e-05
3357 6.15920474467e-07
3358 1.61812274397e-06
3359 7.66561592665e-07
3360 1.82842704596e-06
3361 6.23924984191e-05
3362 6.6012834791e-06
3363 1.82664891849e-05
3364 6.89392811031e-05
3365 9.08103176527e-06
3366 2.20398718612e-05
3367 5.5039906405e-05
3368 3.82331667718e-08
3369 5.52099616438e-08
3370 1.54398543007e-05
3371 4.52337508417e-08
3372 1.74783540096e-07
3373 0.0
3374 4.03413492516e-06
3375 2.52300761226e-06
3376 3.06722009132e-08
3377 0.0
3378 3.38401575261e-06
3379 1.64066861365e-05
3380 2.75520196207e-06
3381 2.70463451394e-06
3382 6.98282499507e-06
3383 1.28435117417e-07
3384 3.02781001332e-06
3385 7.87538218883e-06
3386 0.000103945164998
3387 3.73401016518e-05
3388 2.61369572399e-05
3389 4.1362927474e-07
3390 7.36132821917e-08
3391 2.75514580538e-06
3392 3.40619708712e-06
3393 1.58394033065e-06
3394 5.27632469856e-06
3395 7.04375476731e-06
3396 1.03588577453e-05
3397 3.94449203541e-05
3398 9.21330915044e-05
3399 5.90844235592e-08
3400 1.35037398562e-06
3401 5.68219130986e-06
3402 0.0
3403 1.38875115994e-06
3404 3.60652474383e-05
3405 1.79512753837e-05
3406 1.79046156206e-06
3407 9.48786848153e-05
3408 0.0
3409 0.0
3410 1.49665464367e-05
3411 5.29759979633e-06
3412 4.53425325355e-05
3413 2.73960570332e-05
3414 0.0
3415 3.44672081806e-07
3416 7.8557735875e-06
3417 0.000557517021482
3418 0.000542953289207
3419 5.1597900581e-07
3420 1.89405318937e-05
3421 9.83482419584e-06
3422 2.71581727679e-06
3423 1.15807512671e-05
3424 1.44013286193e-07
3425 1.53361004566e-08
3426 5.48036545668e-07
3427 0.000454056342061
3428 1.21573450892e-07
3429 3.93387574223e-07
3430 3.06722009132e-08
3431 2.23995432786e-06
3432 8.27021584948e-06
3433 1.72124311102e-06
3434 6.55384862629e-06
3435 5.20943980585e-05
3436 4.59270779469e-06
3437 1.14846663973e-07
3438 0.208959847792
3439 3.05645235313e-06
3440 3.14901262709e-07
3441 0.000417524045956
3442 3.05699602435e-07
3443 2.12385096853e-05
3444 3.57581606347e-06
3445 3.06722009132e-08
3446 0.0
3447 3.27754375473e-07
3448 1.7307884801e-07
3449 8.71378500783e-06
3450 6.70620652348e-06
3451 3.00441677296e-07
3452 0.0
3453 4.27731468764e-07
3454 0.0
3455 0.00109898768355
3456 8.93082881464e-06
3457 0.000832847962331
3458 1.18565655333e-07
3459 9.22494822624e-07
3460 2.19472654243e-06
3461 5.40645930727e-06
3462 1.7429599884e-07
3463 7.46576620237e-07
3464 2.31474025274e-06
3465 8.40872077477e-06
3466 6.85349544215e-08
3467 5.11555140692e-06
3468 0.0
3469 7.89478653229e-06
3470 4.18129213476e-06
3471 2.32128135993e-06
3472 2.44480856728e-06
3473 2.1880831119e-07
3474 3.4023127798e-07
3475 1.80910575235e-06
3476 4.63366012793e-06
3477 8.26576491277e-07
3478 2.59691301065e-07
3479 5.47979007628e-07
3480 8.40497973077e-08
3481 2.0264672947e-06
3482 7.52863113325e-08
3483 1.28234585434e-06
3484 1.57773286975e-06
3485 1.54453086765e-06
3486 1.23388254734e-06
3487 2.34623185712e-06
3488 0.000489345248034
3489 5.23972850688e-06
3490 0.0
3491 1.51506066701e-06
3492 1.4066788444e-06
3493 3.79341653646e-07
3494 5.2588057274e-07
3495 1.06330296499e-07
3496 0.000952785448007
3497 5.5955344812e-06
3498 1.54103210828e-06
3499 1.77497251936e-07
3500 3.02766268935e-06
3501 1.36317794746e-06
3502 0.000489977645512
3503 2.04481339421e-07
3504 9.43799123977e-07
3505 7.09550247793e-07
3506 4.88306885927e-06
3507 1.85943686646e-05
3508 5.91243187127e-07
3509 6.21120256598e-06
3510 8.16157324595e-07
3511 1.62429357034e-06
3512 7.88508507413e-06
3513 1.19556176854e-06
3514 9.20166027397e-08
3515 4.63959152933e-06
3516 1.01715303153e-06
3517 5.1518675127e-08
3518 7.16236115881e-07
3519 1.35761764615e-06
3520 6.24724197648e-07
3521 5.63459343713e-07
3522 5.16860563146e-05
3523 5.59061719185e-07
3524 7.52863113325e-08
3525 1.48104240782e-06
3526 0.00052502418009
3527 1.1573092604e-05
3528 6.18671210112e-07
3529 2.38278796288e-06
3530 9.28818186465e-06
3531 6.8910211385e-07
3532 2.87442339987e-07
3533 1.78809330302e-06
3534 1.20758935159e-06
3535 4.21194267296e-06
3536 2.69556555376e-06
3537 1.47854614212e-06
3538 1.02240669711e-07
3539 1.7387876294e-06
3540 1.48263576891e-06
3541 0.000390877580463
3542 5.1263328799e-08
3543 5.48117927797e-06
3544 6.81029084346e-07
3545 2.8627387519e-07
3546 4.35052942329e-05
3547 2.7929229803e-06
3548 2.33677604513e-06
3549 5.32235714894e-07
3550 1.59539262179e-06
3551 0.000321262098896
3552 6.82967673668e-07
3553 7.60520098545e-08
3554 7.61493558891e-06
3555 2.60021984574e-06
3556 4.58220109028e-06
3557 0.000265317945693
3558 1.34875185138e-06
3559 9.22366770032e-06
3560 4.5670431473e-06
3561 0.0
3562 0.000858859328772
3563 8.40497973077e-08
3564 1.55949474592e-06
3565 2.1813378833e-06
3566 0.0
3567 1.37002497412e-06
3568 9.91261254333e-08
3569 1.15980892434e-05
3570 1.01677183151e-06
3571 0.0
3572 6.76136648702e-07
3573 0.0
3574 3.23003378949e-06
3575 4.08416149582e-07
3576 0.0
3577 6.86218982637e-06
3578 0.000583784415086
3579 8.91612700888e-07
3580 6.85349544215e-08
3581 3.48786741813e-07
3582 1.89875529463e-08
3583 0.0
3584 1.1582863516e-06
3585 2.39019159788e-05
3586 2.40703748119e-07
3587 1.31437467547e-05
3588 3.12289920929e-07
3589 3.06722009132e-08
3590 0.0
3591 3.68757654619e-06
3592 4.80973949619e-07
3593 0.000504794144586
3594 1.6676785176e-05
3595 1.89875529463e-08
3596 1.10279653038e-07
3597 5.13251781721e-05
3598 0.0
3599 1.37002497412e-07
3600 3.13202048053e-06
3601 6.44116219178e-07
3602 2.66801368498e-06
3603 1.71587953901e-06
3604 1.15760406621e-07
3605 6.80659098207e-05
3606 4.59225287388e-06
3607 5.52099616438e-08
3608 2.30041506849e-07
3609 8.49843308563e-07
3610 0.000100123747391
3611 3.71708126242e-06
3612 1.47311175807e-05
3613 5.96277459144e-06
3614 8.40497973077e-08
3615 5.13403072054e-07
3616 2.94576102679e-06
3617 9.59017481887e-07
3618 1.19651526582e-05
3619 4.25793784496e-07
3620 8.17925357686e-08
3621 6.8044352752e-07
3622 1.73132845247e-06
3623 4.32762658917e-07
3624 7.3474056025e-07
3625 1.38390049358e-06
3626 6.51516336065e-06
3627 1.18862081444e-06
3628 4.68648756239e-07
3629 5.26316957243e-06
3630 7.19313078307e-06
3631 8.29281960723e-08
3632 2.0964784679e-07
3633 3.37394210045e-07
3634 0.00100926094992
3635 8.19154524814e-07
3636 1.89113972354e-06
3637 9.99765628874e-07
3638 1.63585071537e-07
3639 6.33892152207e-07
3640 8.76348597521e-09
3641 4.75725990372e-06
3642 2.76049808219e-07
3643 2.81060128899e-06
3644 1.9353352704e-06
3645 3.80335291324e-07
3646 2.93022780776e-06
3647 3.94674229322e-07
3648 7.36132821917e-08
3649 2.56410865525e-06
3650 8.40497973077e-08
3651 0.0
3652 0.000337997905846
3653 3.61931970776e-07
3654 0.0
3655 2.76530665213e-07
3656 1.32191432132e-07
3657 7.07798721722e-07
3658 1.3886141868e-07
3659 5.25134904016e-07
3660 9.99232145306e-07
3661 4.60083013698e-07
3662 1.55990050359e-07
3663 3.01025743248e-06
3664 3.04595244587e-07
3665 9.61062295281e-07
3666 1.22688803653e-07
3667 9.56494421282e-09
3668 1.8207042651e-06
3669 9.43760028099e-09
3670 0.0
3671 1.32883363621e-06
3672 8.72112912633e-07
3673 2.11349153684e-05
3674 1.84033205479e-07
3675 0.000534673476369
3676 1.3437345162e-07
3677 0.0
3678 0.000828557304368
3679 2.8627387519e-07
3680 1.54251958974e-06
3681 2.27165302955e-05
3682 7.84526505966e-08
3683 5.04192559774e-07
3684 1.00240682869e-06
3685 0.00117969563813
3686 2.63254233495e-07
3687 0.0
3688 1.30670940209e-06
3689 0.0
3690 0.0
3691 9.07427241696e-06
3692 0.0
3693 0.000286231514263
3694 3.78086090489e-06
3695 3.06722009132e-07
3696 8.40497973077e-08
3697 2.65290194883e-07
3698 1.15026095968e-06
3699 1.08761499957e-06
3700 0.0
3701 0.0
3702 6.93775973037e-07
3703 4.36893267268e-06
3704 6.6639717292e-07
3705 0.0
3706 2.52683296456e-05
3707 2.1252708889e-06
3708 1.62651101496e-06
3709 3.86492201983e-08
3710 0.0
3711 1.18148511746e-06
3712 2.94250884936e-06
3713 6.25655180346e-08
3714 8.16133768956e-07
3715 2.81759024632e-06
3716 5.61707948283e-08
3717 0.0
3718 0.0
3719 1.50193938931e-06
3720 4.34648611584e-06
3721 9.34479721156e-07
3722 0.000327591263544
3723 6.67254866403e-06
3724 0.000318027240481
3725 2.49467234094e-07
3726 6.34588396527e-07
3727 9.77286199872e-07
3728 2.53556860883e-07
3729 1.97049136195e-06
3730 0.0
3731 1.0997521543e-06
3732 5.13344737281e-06
3733 0.0
3734 0.0
3735 7.83202874746e-06
3736 1.02775255988e-07
3737 4.52612070742e-07
3738 7.63173689139e-06
3739 7.40545744194e-06
3740 2.20889894455e-07
3741 2.16865985923e-06
3742 0.000126118228645
3743 8.17925357686e-08
3744 6.34588396527e-07
3745 0.0
3746 1.99369305936e-07
3747 0.0
3748 4.2702696756e-06
3749 0.0
3750 2.45377607306e-08
3751 0.000336343107301
3752 6.13444018264e-08
3753 1.46287643919e-06
3754 1.36253402531e-06
3755 3.24156035019e-07
3756 6.31944710879e-08
3757 0.00131377913867
3758 2.55489321893e-07
3759 1.74224827951e-05
3760 1.61645869384e-06
3761 2.00302206836e-06
3762 1.04611293003e-06
3763 6.90426930349e-07
3764 1.20084543477e-06
3765 9.57783602368e-06
3766 0.0
3767 1.22688803653e-08
3768 1.06549383649e-06
3769 3.19765712395e-06
3770 4.01245443118e-07
3771 1.03788885566e-06
3772 6.69676386605e-07
3773 4.6056987403e-07
3774 1.98735777021e-07
3775 7.25796402562e-07
3776 1.32299426606e-06
3777 1.11833588651e-06
3778 3.4094080031e-07
3779 2.58950456252e-07
3780 5.15727788029e-06
3781 1.96241496003e-06
3782 1.75269719504e-08
3783 8.20099376322e-06
3784 2.23070552096e-08
3785 1.13104708346e-06
3786 9.55791000525e-07
3787 1.88291252364e-06
3788 7.15684687975e-08
3789 4.62671524513e-08
3790 4.948448414e-07
3791 6.44265779583e-06
3792 3.56480905459e-06
3793 9.81799405901e-07
3794 1.98208396929e-05
3795 6.12355540656e-06
3796 4.2300672688e-08
3797 7.85268484949e-07
3798 0.000352080175113
3799 0.0
3800 2.21657771933e-06
3801 9.00454935465e-06
3802 6.13444018264e-08
3803 9.56568431437e-07
3804 4.74822402918e-06
3805 6.86904459221e-06
3806 2.03020758426e-07
3807 1.13633201479e-07
3808 0.0
3809 0.0
3810 2.06053898294e-06
3811 6.54717367727e-06
3812 0.0
3813 4.0282823866e-07
3814 0.0
3815 1.08521167993e-07
3816 7.22938338294e-08
3817 6.13444018264e-08
3818 7.20816749494e-07
3819 6.50186993009e-07
3820 1.55894040139e-07
3821 0.0
3822 7.43514952351e-06
3823 2.9409761328e-06
3824 2.6425287596e-06
3825 8.36928786423e-06
3826 1.02754055419e-05
3827 4.27132751737e-06
3828 2.06526152816e-07
3829 2.42648176247e-06
3830 1.35167823632e-05
3831 0.00441426130889
3832 4.18262178114e-06
3833 6.47705503348e-07
3834 3.12364000631e-06
3835 6.77266981781e-08
3836 8.58529039949e-07
3837 4.5639111435e-06
3838 4.67273566293e-07
3839 2.00628607554e-05
3840 1.06330296499e-07
3841 7.87872797195e-08
3842 3.21605859902e-06
3843 8.56864753325e-06
3844 2.2848797979e-07
3845 0.0
3846 7.26791484764e-07
3847 0.0
3848 2.38425241765e-06
3849 2.45377607306e-08
3850 3.06722009132e-08
3851 1.22240218268e-06
3852 0.000891313962393
3853 1.79345851185e-06
3854 0.0
3855 0.0
3856 1.40978924404e-06
3857 0.0
3858 2.05911278858e-08
3859 1.92824679258e-06
3860 4.90755214612e-07
3861 2.3517516733e-06
3862 0.00154807573012
3863 8.84517226688e-07
3864 3.66459771863e-07
3865 0.0
3866 1.11535276048e-08
3867 1.44340946601e-06
3868 1.71929310006e-06
3869 4.44274692766e-07
3870 8.68711840683e-06
3871 4.11991143931e-06
3872 8.76348597521e-09
3873 0.000303374100672
3874 5.01086683359e-06
3875 8.42356894344e-08
3876 0.0
3877 1.02240669711e-08
3878 0.00119257460746
3879 5.03941639449e-07
3880 0.0
3881 1.03672039087e-06
3882 2.5472665348e-06
3883 1.05648692034e-07
3884 8.40497973077e-08
3885 3.08729164548e-06
3886 0.0
3887 0.000314985993992
3888 3.47618277017e-07
3889 7.63007512241e-07
3890 6.4484494994e-08
3891 1.62903467072e-07
3892 4.61595604543e-06
3893 7.21098030128e-08
3894 2.63099323389e-07
3895 4.0297429676e-07
3896 1.71076302945e-06
3897 1.41284680507e-06
3898 0.0
3899 6.36149413746e-07
3900 0.0
3901 6.71810139663e-06
3902 6.61643191128e-07
3903 8.62644721449e-06
3904 1.10585635518e-06
3905 6.04149411927e-07
3906 2.58961010567e-07
3907 1.42168730486e-05
3908 3.22400720396e-06
3909 3.98738611872e-07
3910 3.0314148031e-06
3911 0.0
3912 0.0
3913 1.15837350981e-07
3914 2.0634870393e-07
3915 8.20310973312e-07
3916 1.97043178994e-06
3917 4.78486334246e-07
3918 2.40318685856e-07
3919 2.06567049084e-05
3920 8.76348597521e-09
3921 1.99484382014e-07
3922 3.05234426635e-06
3923 0.0
3924 1.1655436347e-07
3925 5.80758264794e-06
3926 2.45377607306e-08
3927 6.60315408284e-06
3928 6.67282055157e-06
3929 7.66805022831e-09
3930 9.29378573304e-07
3931 2.04347973781e-05
3932 5.18343966509e-06
3933 6.95236554033e-08
3934 3.11149339951e-06
3935 2.35505798104e-07
3936 0.0
3937 1.22688803653e-08
3938 1.09869367565e-06
3939 3.81025993152e-05
3940 0.0
3941 3.29122010405e-07
3942 7.77029089802e-07
3943 0.0
3944 0.000227425815677
3945 1.08312735294e-06
3946 8.79098937826e-06
3947 1.75269719504e-08
3948 4.95956592573e-06
3949 0.000865823754968
3950 1.84573620448e-06
3951 3.71424998233e-06
3952 3.54979163725e-06
3953 2.04481339421e-08
3954 3.06722009132e-08
3955 4.08962678843e-08
3956 0.0
3957 4.76676772926e-06
3958 9.50725875926e-07
3959 6.65646901387e-07
3960 0.0
3961 9.8487861752e-07
3962 0.000230506993072
3963 0.00041657784917
3964 9.61062295281e-08
3965 2.16613898894e-06
3966 0.0
3967 9.83362739098e-06
3968 1.6995408988e-06
3969 9.5668474648e-06
3970 1.18146341154e-06
3971 2.34821476621e-07
3972 1.06623085472e-05
3973 3.81876101135e-07
3974 4.36226857432e-08
3975 0.0
3976 3.86492201983e-08
3977 3.05719229055e-07
3978 4.93601475014e-08
3979 1.22688803653e-07
3980 1.05765538514e-06
3981 0.0248200336362
3982 5.5502077843e-08
3983 1.58589884531e-06
3984 0.0
3985 0.0
3986 9.61062295281e-08
3987 3.69234875755e-07
3988 0.0
3989 2.52534454186e-07
3990 0.000488505919878
3991 0.0
3992 2.04481339421e-08
3993 0.0
3994 6.44116219178e-08
3995 6.54924518547e-07
3996 6.39150243792e-07
3997 1.53361004566e-07
3998 3.09351054925e-07
3999 2.20985904675e-06
4000 1.22688803653e-07
4001 6.12421611567e-07
4002 0.0
4003 4.8053114764e-07
4004 0.0
4005 8.72112912633e-07
4006 0.0
4007 0.0
4008 0.0
4009 0.0
4010 2.46838188302e-07
4011 0.0
4012 2.04481339421e-08
4013 0.0
4014 1.02240669711e-07
4015 1.46510879695e-06
4016 0.0
4017 0.0
4018 6.92315392041e-07
4019 2.97958523157e-08
4020 2.07694617612e-07
4021 5.60278870015e-07
4022 6.35060617003e-07
4023 0.0
4024 4.47741104283e-06
4025 0.0
4026 0.0
4027 3.96839856577e-07
4028 5.76637377169e-07
4029 0.0
4030 0.0
4031 4.54211478095e-06
4032 0.00171012242748
4033 0.0
4034 0.0
4035 0.0
4036 0.0
4037 0.0
4038 7.15684687975e-08
4039 6.33892152207e-07
