node,betweenness
1 0.0958136991357
2 0.0134176466393
3 0.000570294413354
4 0.00059426216618
5 0.000800598444358
6 0.000813795407592
7 0.00193654374031
8 0.000174250314959
9 0.0014422588938
10 0.00846964024514
11 0.000936244798346
12 0.0017311231457
13 0.000156778555392
14 0.00209548988525
15 0.000242703905908
16 0.000552526584139
17 0.00317250235353
18 0.000252741849652
19 0.000847995637369
20 0.000491566961282
21 0.000356931905582
22 0.00213360971047
23 9.8555288971e-05
24 0.0072023449088
25 0.000273461591253
26 0.001753148335
27 0.000431400780193
28 0.00465488270769
29 0.000217468207653
30 0.000136089899063
31 9.2226303412e-05
32 0.00062099500915
33 0.0067193006041
34 0.000360603795645
35 0.00230879867659
36 0.00285886467212
37 0.000359992454408
38 0.00495432667286
39 0.00339173098796
40 7.87892163265e-05
41 0.0114156475273
42 0.000284344614946
43 0.000351017384315
44 0.0
45 0.000872278609666
46 5.82653021246e-05
47 0.0
48 0.0
49 4.60296945595e-05
50 1.84033205479e-07
51 5.97015599911e-05
52 3.22826948996e-06
53 0.0
54 0.00293521183627
55 1.8553023873e-06
56 4.31372292853e-05
57 0.00770108990691
58 0.00019533456513
59 0.00475620312198
60 6.86674772033e-05
61 1.11361711513e-07
62 4.67224630614e-06
63 1.47606186416e-05
64 0.0
65 2.08409380361e-06
66 4.03070212295e-05
67 4.59795488231e-05
68 0.00114158442745
69 2.06298951327e-07
70 3.94156552779e-05
71 0.0
72 0.0
73 5.20466805371e-06
74 0.00010083009942
75 0.0
76 3.78413650567e-05
77 2.75764428564e-07
78 6.35868158768e-06
79 0.0
80 3.19532323182e-05
81 3.27633623837e-05
82 6.34238730748e-08
83 0.00218641118659
84 3.22826948996e-06
85 0.000134901950141
86 5.78014789021e-05
87 0.0
88 4.58022722035e-05
89 5.26794496602e-05
90 5.28241147509e-06
91 0.0
92 2.76049808219e-07
93 5.54736477521e-05
94 5.96985888462e-06
95 2.99025487567e-05
96 2.8370110924e-06
97 8.20559623504e-07
98 4.08962678843e-08
99 0.00158971604507
100 0.000543461636139
101 8.8784479414e-07
102 1.12305929072e-06
103 0.0
104 3.2146465077e-06
105 0.0019827645285
106 1.90234922104e-06
107 3.73235982483e-07
108 0.228856609565
109 1.73278489507e-06
110 0.00102515732805
111 0.0
112 1.12235738887e-05
113 0.0
114 0.0014399849893
115 0.0
116 9.34806698208e-06
117 4.84488841411e-05
118 1.20118954553e-06
119 0.000330985340076
120 0.000907891813148
121 2.87251714279e-06
122 8.48613684922e-06
123 0.000402837061416
124 3.3168557173e-06
125 4.94047575739e-06
126 7.94370618516e-07
127 4.06582188206e-06
128 4.46320994979e-06
129 7.88639576397e-06
130 1.44734593037e-07
131 6.22905930254e-06
132 0.0
133 1.8767404827e-05
134 4.56233147865e-05
135 2.41192134698e-06
136 0.0
137 0.00274095005988
138 5.47301697669e-05
139 0.0
140 1.22688803653e-08
141 9.02639055446e-08
142 7.88736848832e-06
143 0.000291319343294
144 6.38896344497e-05
145 4.10503827351e-05
146 0.0
147 4.42176134676e-06
148 2.45377607306e-08
149 9.33783787038e-06
150 9.89003438944e-07
151 5.70597854281e-06
152 3.40802232369e-08
153 2.08231077532e-07
154 0.0
155 0.0
156 4.18995058047e-06
157 8.36979451213e-06
158 4.08962678843e-08
159 2.54485616945e-05
160 3.49925938372e-06
161 0.0
162 7.82808469313e-06
163 6.86473068058e-08
164 2.17718379572e-06
165 1.75269719504e-08
166 6.90280080127e-07
167 4.36713717764e-07
168 5.5849044072e-06
169 3.23305487989e-06
170 0.000325597606483
171 0.000603972443974
172 0.00174263910877
173 0.000453289252073
174 0.000274747730178
175 4.08962678843e-08
176 4.64483399359e-05
177 1.92188067323e-06
178 7.22030068583e-07
179 5.58048093911e-06
180 6.13444018264e-08
181 2.8736749954e-06
182 1.84033205479e-07
183 4.08962678843e-08
184 0.0
185 5.63236904945e-06
186 9.51981213543e-06
187 0.000449440474751
188 1.85194837583e-06
189 0.000653944602373
190 2.08409380361e-06
191 6.83267634855e-06
192 0.0
193 3.68066410959e-07
194 3.07068098948e-06
195 4.76167455698e-05
196 0.0
197 1.99944989707e-06
198 4.21364109622e-06
199 0.000427766275738
200 0.000541063983731
201 0.00485018358873
202 0.0
203 2.12932209815e-07
204 0.00511865512925
205 5.29859366106e-06
206 0.0
207 1.63585071537e-07
208 3.84684794062e-09
209 6.63239293643e-07
210 0.0
211 0.0
212 0.000451527476442
213 5.4852244262e-06
214 0.000619497920776
215 2.31951718354e-06
216 0.0
217 0.0
218 2.42881526165e-06
219 0.0
220 3.26621972787e-06
221 0.0
222 3.8430778885e-07
223 6.20684183405e-06
224 2.76367764639e-06
225 1.99988903452e-05
226 3.63367270402e-07
227 1.01030336278e-06
228 3.67190054012e-05
229 0.0
230 1.46845051314e-06
231 2.88446381058e-05
232 2.1727249857e-05
233 3.54755921172e-06
234 0.0
235 0.0
236 7.86156401792e-07
237 0.0002428818712
238 3.22826948996e-06
239 8.113884448e-06
240 0.00209160269284
241 2.63386342473e-06
242 0.0
243 4.58896642312e-06
244 6.92801933993e-07
245 0.0
246 1.12037217948e-05
247 7.05596461541e-06
248 6.13444018264e-08
249 8.18272027297e-06
250 4.73238491706e-05
251 3.84733045983e-07
252 4.80917854295e-06
253 0.000147413910674
254 4.08962678843e-08
255 4.11026935929e-07
256 0.0
257 0.0
258 9.63377503074e-06
259 5.77932558469e-06
260 2.76049808219e-07
261 4.1171715909e-06
262 0.000246317324989
263 0.0
264 2.04481339421e-08
265 0.0
266 1.99004950828e-05
267 5.16668108267e-07
268 0.0
269 3.13175103537e-08
270 6.52943876468e-06
271 1.95115414016e-06
272 0.00109783223501
273 0.000794134911621
274 0.0
275 1.01761899799e-05
276 1.84033205479e-07
277 1.99195350592e-06
278 0.000474424574517
279 6.28845001047e-07
280 0.0
281 0.000530700639554
282 5.50884179967e-06
283 0.0
284 1.13883027287e-06
285 5.16457098416e-06
286 0.000774821530852
287 0.0
288 0.0
289 2.79372922789e-07
290 1.75269719504e-08
291 7.7584309124e-07
292 0.000304566393919
293 0.0
294 0.0
295 3.38244185989e-07
296 1.26996911069e-06
297 2.04481339421e-08
298 2.78035201274e-06
299 3.67603000326e-07
300 4.95760492501e-05
301 1.03409134507e-07
302 0.000495294700347
303 1.95017927517e-05
304 2.97586065714e-06
305 0.00487553604899
306 0.0
307 0.0
308 7.04093986941e-06
309 1.2659772791e-05
310 0.0
311 3.39283473732e-05
312 5.47009208877e-07
313 5.23494683274e-05
314 0.000219597815893
315 2.31757948873e-06
316 0.00549331945838
317 0.0
318 5.32934397335e-06
319 8.02894934353e-07
320 5.28241147509e-06
321 5.76702602186e-06
322 0.0
323 0.00141829312875
324 0.000121247092471
325 0.000105417836365
326 7.34252608402e-05
327 2.55385370475e-06
328 0.0
329 0.0
330 0.000225477761518
331 3.43998125315e-07
332 1.39271562004e-05
333 0.00044767603186
334 4.54499976916e-07
335 2.78756496754e-05
336 0.0
337 2.75764428564e-07
338 1.15752114258e-05
339 5.86058111885e-06
340 4.27960794997e-05
341 7.40548197098e-08
342 3.08129102979e-07
343 3.81095004038e-05
344 2.45235912794e-05
345 3.65258345456e-06
346 3.20318832339e-06
347 8.79322458279e-05
348 2.30268755888e-06
349 0.0225911474883
350 1.75269719504e-08
351 0.000219184747925
352 4.903286599e-07
353 3.24636121424e-05
354 0.00141493169306
355 6.15966447824e-05
356 7.3099524286e-05
357 6.13444018264e-08
358 5.14714601516e-05
359 0.0
360 7.31424755735e-05
361 0.00157783576075
362 9.39382843781e-05
363 6.62290280447e-05
364 0.000846325394057
365 2.04481339421e-07
366 2.78741461726e-08
367 0.000659919642014
368 4.81467332748e-05
369 3.13494248412e-05
370 5.7514426211e-05
371 0.00367058122015
372 5.52099616438e-08
373 7.24863935713e-05
374 0.00162936427204
375 0.000302666372835
376 2.31375430912e-05
377 0.00231417544732
378 0.0
379 6.92842113679e-05
380 0.0
381 3.26054360931e-05
382 3.2038291314e-05
383 1.50194329101e-05
384 6.30970990215e-08
385 4.25321185997e-08
386 6.10975430666e-09
387 6.13444018264e-08
388 0.000274613924424
389 7.78034720274e-05
390 0.00374081674064
391 1.37328802889e-07
392 0.000287180411702
393 4.12049440557e-05
394 0.0
395 2.75463307619e-05
396 0.00437440925516
397 5.16255695484e-05
398 0.000967571475563
399 9.18689966127e-06
400 4.08962678843e-08
401 0.00262872263812
402 0.0
403 0.00832897228706
404 2.8831256944e-05
405 0.00411160105688
406 5.00406012944e-05
407 1.24132201343e-07
408 5.59638285168e-05
409 0.00477795204933
410 9.31324443115e-06
411 3.25637554001e-05
412 6.13444018264e-08
413 0.00139311521694
414 7.57405876127e-05
415 0.0365022936444
416 4.04099043409e-05
417 0.000347172708741
418 0.000133700434235
419 3.88734874649e-05
420 0.0082434596543
421 0.0002178672951
422 3.73102722036e-05
423 0.00221078319907
424 0.00204685420426
425 4.48811542882e-05
426 5.94912138982e-05
427 2.63204967738e-05
428 1.88547112137e-05
429 0.0112291906067
430 7.99818400512e-05
431 2.46283488648e-05
432 0.00138337236925
433 0.000611370297803
434 4.14355615516e-05
435 0.000117653394138
436 2.29411905969e-05
437 0.000730490867538
438 0.000326249457719
439 0.00146489193467
440 0.00132149665999
441 2.93224878034e-05
442 4.08962678843e-08
443 1.47594071943e-05
444 0.0
445 0.000492392300741
446 4.30371744806e-05
447 3.3910761155e-05
448 0.0
449 0.0
450 3.59410710133e-05
451 6.28449715432e-05
452 0.000332702978073
453 0.00077614950644
454 1.07104852256e-06
455 0.0
456 7.79548458327e-05
457 0.000267486320471
458 4.64278920269e-05
459 3.60541946776e-05
460 2.19503892414e-05
461 0.000722932649791
462 0.0020269278368
463 8.19388625433e-05
464 0.000916817408447
465 6.13444018264e-07
466 0.00269516676515
467 2.47737007376e-08
468 0.0
469 0.0
470 6.29974532197e-05
471 3.3381887661e-05
472 3.03046542717e-05
473 6.04479772157e-05
474 2.65933773519e-05
475 2.52411007307e-05
476 0.00143178342914
477 0.0
478 3.84588738288e-05
479 3.23654979205e-06
480 1.15704134023e-05
481 1.1848394692e-05
482 7.60708796877e-05
483 1.18250427585e-05
484 0.0339598903202
485 0.00125692753893
486 7.86226484153e-08
487 4.18261076714e-05
488 6.90788536018e-06
489 3.18021437024e-05
490 3.39154512829e-05
491 3.09540815384e-05
492 2.62199443977e-05
493 0.000211567155746
494 0.000620828735397
495 2.67383504653e-05
496 3.01152254099e-05
497 0.00104912673125
498 0.0110910281663
499 1.88178550939e-06
500 0.0
501 0.00903724168497
502 4.08962678843e-08
503 3.3909298029e-07
504 0.00136483449347
505 0.00179022047404
506 5.89757361088e-06
507 0.00123375797475
508 0.0001103047757
509 3.59209482721e-05
510 1.7099249828e-07
511 7.96088145276e-05
512 2.46800966932e-06
513 2.95575431002e-05
514 0.00766997276566
515 0.000157073724669
516 0.000242927608729
517 1.53156525917e-05
518 0.000725485371052
519 1.6393081772e-05
520 4.45301232021e-06
521 0.00148483934618
522 5.51490936545e-07
523 2.59257092145e-07
524 0.000655381687193
525 0.000228124108871
526 0.000311325071404
527 0.000885927175895
528 0.00129212623277
529 7.6799373767e-07
530 4.42618378039e-07
531 3.79751058926e-08
532 0.00161994515027
533 3.02180920639e-06
534 4.85218799559e-07
535 6.54529065545e-06
536 4.49901744819e-06
537 7.55112520885e-07
538 0.00129564004438
539 0.00238180640413
540 1.44387251532e-05
541 5.02545605225e-06
542 1.9014368696e-06
543 0.00196141661959
544 3.27532181654e-05
545 0.000193444932806
546 0.000563475294433
547 2.28222916282e-05
548 1.01024727367e-05
549 1.61193819741e-05
550 5.08888006903e-06
551 0.0
552 6.04571328958e-06
553 4.25321185997e-08
554 0.00340859132698
555 6.9268200741e-06
556 1.98623640776e-05
557 0.00124084696684
558 2.67336308624e-05
559 1.60651148637e-05
560 0.00244132092704
561 2.02444046313e-05
562 0.00234493386256
563 5.02439862578e-08
564 0.0212318462918
565 8.58395070859e-07
566 6.73171217444e-07
567 0.00378744536111
568 0.0816618315122
569 1.03789464351e-06
570 8.39937376202e-07
571 1.11718841559e-05
572 0.0
573 0.0
574 3.42795888644e-06
575 1.90840753735e-05
576 8.19311037092e-08
577 1.11535276048e-08
578 7.4816922065e-08
579 2.12727070531e-07
580 2.65285442792e-05
581 0.00558824931451
582 0.0
583 3.02692016911e-08
584 3.64932888309e-07
585 1.43773254709e-05
586 0.0
587 0.0
588 8.14334656063e-07
589 3.74469827162e-07
590 8.21964596132e-07
591 0.00024946502289
592 0.00173246678752
593 0.00429344235607
594 2.02008055356e-07
595 0.028814034872
596 1.11535276048e-08
597 0.00163607391681
598 8.46963765297e-06
599 1.63596647237e-07
600 2.09109897166e-07
601 3.0923164033e-07
602 0.000133295250949
603 0.0
604 5.45336313997e-07
605 8.0976162432e-05
606 4.93536883927e-07
607 0.00122331974373
608 0.0
609 0.0
610 0.000119858092634
611 1.34914044157e-06
612 2.26816823189e-07
613 4.54596522333e-07
614 0.0
615 5.18773129337e-06
616 3.426258331e-07
617 9.2620547285e-06
618 1.3513024346e-05
619 1.60371793422e-05
620 1.05607578084e-05
621 3.81859292535e-05
622 6.06641373337e-08
623 7.0820553897e-07
624 6.07555221249e-07
625 0.0
626 1.19935063473e-06
627 8.58932786691e-07
628 2.12727070531e-07
629 3.35074463758e-08
630 3.48790698014e-05
631 0.000131275610165
632 1.95469464761e-06
633 1.96050584732e-07
634 3.6098997985e-07
635 5.88322020847e-05
636 3.3505862131e-05
637 9.30991051066e-06
638 0.00102344832437
639 0.0
640 6.38362988126e-05
641 1.56752451777e-07
642 0.000554641031799
643 0.0
644 3.0923164033e-07
645 0.000289439007614
646 9.10058973159e-05
647 3.7383999038e-05
648 1.17630663263e-06
649 0.0
650 2.57023845347e-05
651 2.01573542926e-07
652 0.00479592321669
653 0.0
654 5.72861839192e-05
655 2.61675471332e-05
656 1.22345217232e-06
657 0.0
658 1.69206460357e-06
659 2.12727070531e-07
660 2.12727070531e-07
661 0.0
662 3.0923164033e-07
663 2.55246319675e-07
664 4.36923407496e-06
665 5.7929336542e-07
666 1.04099590978e-07
667 4.14445649104e-05
668 0.0
669 0.0
670 1.57048447591e-05
671 1.20567473847e-07
672 5.51665690801e-07
673 2.39872340475e-08
674 0.0
675 0.0
676 2.01573542926e-07
677 1.88283537347e-07
678 7.9034424486e-06
679 7.95479279117e-05
680 2.52048028966e-06
681 2.49891181948e-05
682 2.86862300644e-07
683 4.31635272735e-06
684 8.45565423942e-05
685 6.56073577023e-07
686 3.6183310929e-06
687 0.0176560895029
688 5.95533766008e-06
689 0.00175538234895
690 8.29610005653e-08
691 1.25369502216e-07
692 2.89681897514e-07
693 0.0
694 4.12611697075e-07
695 0.00235895465217
696 0.00103215167424
697 2.64692891965e-06
698 0.00473824196512
699 0.0676345807363
700 0.0
701 5.79596384174e-08
702 7.29263549247e-05
703 8.73914295861e-08
704 0.00222351929569
705 1.14655608176e-07
706 0.00407452256832
707 1.2384349507e-07
708 5.32089656795e-07
709 0.000138212056159
710 6.18519462549e-07
711 1.70747626146e-07
712 7.79715907087e-06
713 1.29719066846e-06
714 0.0102168942331
715 1.03082938085e-06
716 2.62045413965e-08
717 5.47248802191e-07
718 0.0
719 1.16145579916e-05
720 0.00300063326453
721 6.14984921494e-05
722 7.92756377122e-08
723 1.34138279374e-05
724 2.78916662196e-07
725 0.00132284621854
726 5.25809158512e-08
727 7.16941785107e-06
728 2.54106413558e-05
729 0.000119897207481
730 1.88679018589e-05
731 7.05243637152e-07
732 9.64889197896e-07
733 1.10239784965e-06
734 9.60816965945e-06
735 7.25695239592e-05
736 0.0
737 8.46917405402e-05
738 8.18277336667e-07
739 3.59478918734e-06
740 0.000112312484035
741 8.64936640798e-06
742 4.89263886394e-06
743 8.44099044612e-05
744 0.0
745 0.0
746 0.00510996696452
747 4.02656998347e-05
748 0.00540421361018
749 1.4523647358e-05
750 0.0
751 0.0
752 1.24998602945e-06
753 2.94444164119e-06
754 4.23466258698e-05
755 3.84064220834e-06
756 6.62426247105e-06
757 2.9637619722e-07
758 1.84033205479e-07
759 8.07669242574e-06
760 5.9567635189e-07
761 7.44650961176e-05
762 7.29174419128e-08
763 2.48549876098e-07
764 4.79789039282e-06
765 6.9291481363e-06
766 6.14728548005e-07
767 3.05617954547e-05
768 2.58814952468e-07
769 5.40432966739e-05
770 8.53022148822e-05
771 0.000158035512427
772 7.31324464251e-05
773 6.72481328523e-05
774 7.37919712107e-06
775 0.000177396039677
776 0.0
777 3.30853314285e-05
778 5.20225810095e-05
779 8.12005423303e-07
780 1.40673498563e-06
781 5.8512232006e-06
782 0.00328940669408
783 7.91993929652e-05
784 8.66379601502e-07
785 0.00146268698854
786 0.0
787 4.22692140204e-07
788 1.58650350382e-05
789 6.54340286149e-08
790 1.10083989659e-06
791 1.3534406999e-05
792 6.88420509386e-08
793 2.77678649757e-06
794 5.85244222205e-06
795 2.86225449597e-06
796 8.5742629733e-06
797 2.43702275012e-07
798 1.10706670158e-05
799 0.00013474611059
800 2.52305391797e-05
801 0.000371698825091
802 0.0
803 0.0
804 0.000218057454307
805 0.000121129963267
806 0.00237353737549
807 1.79617382268e-06
808 2.27600598772e-06
809 4.96269937851e-07
810 5.48022405985e-06
811 0.000141320380795
812 2.74865177612e-06
813 1.9603110885e-07
814 9.06417943778e-06
815 2.38260904608e-06
816 1.14791213869e-05
817 4.31061777353e-05
818 2.07801751042e-05
819 0.000450853629271
820 0.00011482414672
821 1.62225347145e-05
822 3.7234288766e-07
823 2.269345312e-06
824 0.00358991565336
825 0.00268838701784
826 9.61311908901e-06
827 1.15336486043e-06
828 0.00117345514867
829 0.00949740700988
830 0.000304706952506
831 0.00406277062567
832 1.11158546807e-05
833 4.90755214612e-08
834 0.000141971588873
835 0.000848228076638
836 2.73132708798e-06
837 2.29079851252e-06
838 6.53401122442e-07
839 9.82136572777e-07
840 1.49412567274e-06
841 8.73243151376e-05
842 0.0
843 2.05486457277e-05
844 8.95715688377e-07
845 1.7740564389e-07
846 2.35501805716e-06
847 3.55818024397e-05
848 1.7634012848e-05
849 0.000206924128313
850 1.89224149177e-05
851 4.21310182521e-05
852 0.0
853 0.0
854 0.00118051335797
855 0.0
856 0.0
857 0.000553385775824
858 0.000212059762512
859 0.0
860 0.0
861 0.00188870561391
862 1.15678014873e-07
863 0.0052072354781
864 1.51554734931e-07
865 1.36111168497e-07
866 0.0
867 9.61062295281e-08
868 1.43136937595e-07
869 0.0
870 8.97916310822e-08
871 2.29019100152e-07
872 1.33321833303e-06
873 2.04481339421e-08
874 0.0
875 2.04481339421e-08
876 0.0
877 1.51554734931e-07
878 0.0
879 1.01164690574e-07
880 1.26778430441e-07
881 1.06607113381e-07
882 1.51316191172e-07
883 6.61107466729e-08
884 0.0
885 3.06722009132e-08
886 5.7254775038e-07
887 1.53361004566e-08
888 0.0
889 0.0
890 7.37539830473e-07
891 4.26960897453e-06
892 0.0
893 0.0
894 1.05438967584e-07
895 2.45377607306e-08
896 9.61062295281e-08
897 0.000195991556906
898 0.000163335788507
899 3.5256473411e-06
900 0.0
901 2.3783974986e-06
902 7.50988893008e-07
903 8.47615138021e-05
904 1.58206531138e-06
905 4.36908461897e-07
906 5.6444453818e-06
907 0.00193616847762
908 1.47475841668e-06
909 0.000193613803859
910 1.09695306926e-06
911 0.0
912 0.0
913 1.0004153867e-06
914 0.000330417402581
915 1.1615778852e-06
916 2.50736651301e-05
917 0.000116457561945
918 0.000501314870088
919 0.0
920 1.20748992296e-05
921 1.53476181137e-06
922 4.82501503281e-05
923 1.54250940961e-05
924 8.02903908098e-07
925 0.000467937339746
926 0.000116443573712
927 7.36374464768e-06
928 0.00229488518623
929 2.72641785895e-08
930 3.78509676099e-07
931 0.00239748544417
932 1.3702755868e-05
933 0.000119354292109
934 1.56830896963e-05
935 0.00189563708411
936 4.08240328721e-07
937 1.03016770762e-05
938 8.81970456448e-08
939 1.0281380111e-06
940 5.65747251435e-06
941 1.3942194931e-06
942 0.00243658148191
943 0.000122190925471
944 1.08158126196e-06
945 9.3275775641e-05
946 0.0
947 8.81216487878e-05
948 9.67789513419e-05
949 1.25300454866e-05
950 1.01304263671e-05
951 5.08517082295e-07
952 6.31407850035e-05
953 0.00192960985542
954 3.68088005401e-05
955 0.002092781019
956 2.12260520813e-07
957 4.49858946727e-07
958 0.000122059155022
959 1.30057272426e-07
960 0.000115648383783
961 4.38073265212e-05
962 6.05855826636e-06
963 5.70538530776e-05
964 5.34350652628e-06
965 4.9552816674e-06
966 1.37748250606e-06
967 1.25831551063e-05
968 6.30456552444e-05
969 0.000291922193867
970 4.45149075873e-06
971 5.51688613523e-07
972 9.92627953377e-06
973 1.59021096744e-07
974 9.33306672838e-06
975 4.06401988606e-07
976 0.00228338664285
977 5.32270431695e-06
978 0.000145624034311
979 4.34203947238e-05
980 7.88713737769e-08
981 6.46696286804e-05
982 6.54857834165e-05
983 0.000185443100616
984 7.43173402494e-05
985 7.659254946e-05
986 1.1090678362e-07
987 2.75873905611e-07
988 1.06148767747e-06
989 8.27541220438e-05
990 3.13390337529e-06
991 0.000626425524738
992 1.12353062666e-05
993 1.19303136601e-06
994 3.50994714957e-05
995 9.41322497237e-06
996 0.000330502021642
997 4.2223801427e-07
998 0.00017749273407
999 3.20794392569e-07
1000 0.00206954150447
1001 1.83169741583e-06
1002 2.0966437342e-05
1003 4.08962678843e-08
1004 0.000418029101986
1005 1.59909954897e-05
1006 8.40250297993e-08
1007 4.91130916525e-05
1008 4.59047717413e-06
1009 3.48957884018e-06
1010 0.000106811973973
1011 3.46513831945e-05
1012 1.66167637648e-05
1013 1.8705321164e-05
1014 4.10740661876e-05
1015 0.000308574068185
1016 9.25519834177e-07
1017 0.0
1018 6.4571638664e-05
1019 8.94802250309e-05
1020 4.36193206646e-05
1021 7.82253474746e-05
1022 4.54930592386e-05
1023 0.0
1024 1.19970443678e-06
1025 0.00283380409216
1026 7.64466506976e-05
1027 0.0020215742273
1028 0.0
1029 2.64496777558e-05
1030 0.00346153872387
1031 1.20881397425e-06
1032 1.00639137542e-07
1033 0.00335873089699
1034 1.20186946039e-06
1035 0.0
1036 7.89556713085e-06
1037 3.14996510646e-05
1038 1.93987210136e-05
1039 2.04481339421e-07
1040 5.23078375605e-07
1041 0.000172727731462
1042 0.00050325606121
1043 4.86439364684e-06
1044 1.04958678164e-06
1045 4.40269502952e-07
1046 1.39211123501e-06
1047 0.0
1048 2.3506326576e-05
1049 0.000169597884446
1050 0.00212768393156
1051 5.66174306035e-07
1052 0.000284967651127
1053 0.000228424539184
1054 1.42890932832e-06
1055 0.000123873251565
1056 1.34644051043e-06
1057 2.58777054765e-05
1058 2.97855590725e-07
1059 1.01883453759e-06
1060 5.61647323404e-05
1061 0.000114690480783
1062 1.7882822593e-07
1063 7.6376690598e-06
1064 1.62532768688e-07
1065 1.15635314419e-05
1066 0.0
1067 9.46908216175e-05
1068 0.00338438595581
1069 0.000114441726571
1070 1.67173532841e-07
1071 0.00523592490966
1072 0.0
1073 1.95065649814e-06
1074 8.2354859452e-07
1075 0.000100984775597
1076 0.00161800954474
1077 3.29487839345e-05
1078 8.60409512236e-05
1079 4.06454771413e-05
1080 1.71486213872e-05
1081 0.000141263556879
1082 2.0546996622e-06
1083 3.4022816024e-05
1084 1.99528879557e-05
1085 3.4850442368e-07
1086 0.0603449101868
1087 0.000453768569038
1088 7.31239986601e-07
1089 0.000100176940735
1090 7.65790198941e-07
1091 8.21772480496e-07
1092 9.0571801742e-06
1093 0.000138228522156
1094 2.60260212907e-06
1095 5.8237001582e-06
1096 1.00160420608e-05
1097 0.0
1098 1.28814302615e-06
1099 0.00023204079004
1100 0.000117131737387
1101 0.000124380254756
1102 3.19478813536e-05
1103 0.000105437248714
1104 4.35023781994e-06
1105 0.000106339459336
1106 4.08962678843e-08
1107 9.1815956648e-06
1108 2.56945385801e-05
1109 7.61098730458e-05
1110 6.17836093462e-05
1111 0.000362942854932
1112 1.53361004566e-08
1113 0.000128641169981
1114 0.000158638849321
1115 4.92725028178e-05
1116 1.19705427785e-06
1117 9.72792092659e-07
1118 3.53761450473e-05
1119 8.83079423023e-07
1120 0.0
1121 0.000114943052667
1122 7.17086686306e-06
1123 0.000142386502105
1124 0.00103076649697
1125 6.97933795021e-05
1126 1.89855866858e-05
1127 0.000161572292166
1128 4.35778380336e-06
1129 0.000306866928927
1130 3.43993531113e-05
1131 0.000134089639727
1132 9.9146038992e-06
1133 2.12850487824e-05
1134 1.79147451035e-06
1135 7.3111708939e-07
1136 0.000270568458456
1137 0.000227723819988
1138 5.94383084638e-07
1139 2.19525323679e-06
1140 1.58203021725e-06
1141 7.85148307435e-07
1142 7.72018049232e-07
1143 1.13969578341e-05
1144 5.86362596702e-06
1145 8.85532571175e-07
1146 0.0
1147 8.03891509939e-05
1148 1.72364269305e-06
1149 0.000149859386718
1150 1.71801980028e-05
1151 3.71158916416e-06
1152 6.28923917373e-07
1153 2.07186210906e-06
1154 2.52394638173e-05
1155 2.29896303682e-06
1156 0.000167159707308
1157 1.24484527714e-05
1158 1.59982349455e-06
1159 0.000152680331696
1160 0.000397622093354
1161 0.00259329896258
1162 6.52256154127e-06
1163 4.00290648668e-06
1164 8.49590473228e-06
1165 6.27121556608e-07
1166 0.00064045325041
1167 9.40896499204e-05
1168 2.60671736723e-06
1169 2.93987873547e-07
1170 1.2837866282e-05
1171 1.70851213536e-05
1172 0.000921120617461
1173 1.96522887903e-05
1174 0.000270346066072
1175 6.30609469882e-07
1176 5.91805902013e-05
1177 0.0
1178 3.23058545991e-06
1179 0.000164549952739
1180 0.000123559233893
1181 8.9869982558e-05
1182 0.00191880708504
1183 0.000179960052837
1184 1.87125040227e-05
1185 3.76040387684e-05
1186 2.30318646008e-05
1187 4.47846691176e-08
1188 2.45501338164e-05
1189 5.08846145432e-06
1190 6.27355800915e-05
1191 3.80726682468e-06
1192 1.50189688055e-05
1193 0.00010991113369
1194 0.000230071327889
1195 1.48448810263e-07
1196 0.000133934474863
1197 1.4114239289e-05
1198 8.49703562391e-05
1199 0.00157807111514
1200 8.90505025827e-05
1201 9.16565525407e-08
1202 7.18486760168e-06
1203 1.53612041351e-06
1204 3.92852027858e-07
1205 7.84235988761e-05
1206 1.12075718242e-05
1207 0.0
1208 0.000215476579953
1209 0.0
1210 0.000214129843967
1211 0.000236716012304
1212 5.42075102908e-05
1213 7.39331948986e-06
1214 8.6860316242e-06
1215 5.95360538674e-05
1216 0.000202683578844
1217 1.79112273986e-06
1218 0.000333680502559
1219 6.30970990215e-07
1220 0.000131784258543
1221 1.56091929985e-06
1222 0.000359525659694
1223 7.00170044567e-05
1224 1.67922990337e-05
1225 0.0
1226 8.12266801679e-06
1227 6.26194180085e-05
1228 0.000372982112741
1229 7.90520243222e-06
1230 0.000123439251704
1231 1.69132645754e-05
1232 0.000210301850215
1233 9.81331766415e-07
1234 0.0
1235 4.18508363108e-06
1236 8.26563539964e-05
1237 0.000610199716866
1238 0.000276884075824
1239 7.36527584671e-05
1240 6.97786324499e-08
1241 2.93308257971e-06
1242 2.08172741109e-06
1243 0.000269473431152
1244 3.64078675723e-05
1245 1.20698153221e-06
1246 8.58893282964e-05
1247 9.98412654578e-05
1248 8.73602146765e-06
1249 6.77019125612e-07
1250 4.67066726488e-06
1251 2.56648122625e-05
1252 1.40643395587e-07
1253 0.0
1254 0.0
1255 3.27170143074e-07
1256 4.69638541996e-05
1257 4.66526910134e-05
1258 0.000110143916016
1259 0.000238750034659
1260 0.000348533213938
1261 7.17401973755e-05
1262 0.000263816526813
1263 0.0
1264 4.37113627886e-07
1265 1.22688803653e-07
1266 1.68697629409e-06
1267 1.76148168242e-06
1268 1.02875977039e-05
1269 6.8227287048e-06
1270 1.87465440723e-05
1271 0.0
1272 0.000282079590462
1273 0.000381898361873
1274 0.000287973694551
1275 0.000138619721918
1276 0.000130331516494
1277 0.0
1278 0.000123640828093
1279 1.10534840424e-05
1280 7.21008333298e-05
1281 0.000176841793112
1282 6.74940470687e-05
1283 0.000232168933526
1284 2.45136456621e-05
1285 0.00013578164529
1286 0.000124732334756
1287 1.98063219939e-06
1288 0.000102453167706
1289 0.000336143510031
1290 0.000328714718267
1291 0.000291767330647
1292 9.73047582996e-06
1293 0.000118353347929
1294 5.02311485591e-05
1295 8.27013122116e-06
1296 1.98148365863e-07
1297 1.5151884312e-05
1298 1.02566860742e-07
1299 0.000190076643377
1300 6.11855027709e-05
1301 5.34302578103e-06
1302 1.85019633946e-07
1303 1.59032496073e-05
1304 6.79261747392e-05
1305 6.18980538287e-05
1306 8.05851262513e-05
1307 7.84214020834e-06
1308 0.000106814910562
1309 1.97771494318e-06
1310 5.07146449123e-05
1311 3.99642222559e-06
1312 1.08612934724e-05
1313 0.000271038799097
1314 1.3104011071e-05
1315 4.34285611697e-06
1316 6.5295679324e-05
1317 3.59938830346e-06
1318 0.000393819399093
1319 7.10651902121e-05
1320 1.65172407333e-07
1321 0.000244359157603
1322 4.80689719964e-06
1323 0.000444252022857
1324 0.000146970410031
1325 6.51563287194e-05
1326 1.23439113208e-06
1327 0.0
1328 0.000330924313017
1329 7.78406364937e-05
1330 5.16391485827e-05
1331 9.64411808087e-05
1332 3.23530833755e-05
1333 9.04485978876e-05
1334 5.90374330919e-07
1335 0.000160956426932
1336 2.42237064795e-05
1337 9.54666912957e-05
1338 2.18979898122e-05
1339 0.000483949925545
1340 3.47591666656e-05
1341 2.02671401527e-06
1342 1.78543476365e-05
1343 4.69104663527e-06
1344 4.45432292738e-05
1345 0.000291506280749
1346 9.16006171098e-05
1347 0.0
1348 0.000196876218912
1349 1.99890106726e-05
1350 0.000105552585384
1351 5.20986244059e-06
1352 1.99371505457e-06
1353 0.000215951634833
1354 6.13444018264e-08
1355 1.9870685084e-07
1356 9.86298517624e-05
1357 5.76148129959e-06
1358 4.71499354299e-05
1359 0.000347162135426
1360 0.000206026432445
1361 0.000189847051758
1362 0.000257352724338
1363 0.0
1364 1.80826997283e-07
1365 7.60723199627e-07
1366 4.21901735354e-05
1367 8.72516661152e-05
1368 5.61679715523e-05
1369 2.12260520813e-07
1370 0.000504906052961
1371 1.71037976381e-05
1372 1.96984133697e-05
1373 3.57110796716e-06
1374 0.000361684380697
1375 7.74779602155e-05
1376 0.000132497392505
1377 0.000138411582962
1378 9.7092984535e-05
1379 5.34834841831e-07
1380 8.65988528006e-05
1381 0.000251749530792
1382 3.15329736289e-07
1383 3.35308079294e-05
1384 1.52825502575e-06
1385 6.84489753572e-06
1386 1.09494849944e-05
1387 0.0
1388 1.8885820021e-06
1389 0.000160780837121
1390 6.09738268256e-05
1391 6.28843704019e-05
1392 6.34723340801e-05
1393 4.64226682231e-06
1394 0.000180238621793
1395 0.0
1396 1.52825502575e-06
1397 0.000136404545488
1398 1.12928090479e-06
1399 4.87926657879e-06
1400 6.5922187051e-05
1401 6.45724457693e-06
1402 6.1258262578e-06
1403 0.000122909337786
1404 0.0
1405 8.8484143701e-05
1406 0.00390279490183
1407 1.7728792124e-05
1408 1.20145519067e-05
1409 6.002683612e-05
1410 4.85870053915e-05
1411 3.75943427618e-05
1412 1.51312267944e-06
1413 8.77674301785e-06
1414 7.25164590179e-06
1415 3.14586676033e-09
1416 1.60945723936e-05
1417 1.56292421268e-05
1418 1.88196558307e-07
1419 3.04358357692e-06
1420 0.000886439515329
1421 0.00189965177436
1422 4.79366412992e-05
1423 2.04559026045e-06
1424 1.57243120819e-05
1425 3.61055622178e-06
1426 0.00012183694829
1427 1.35018830211e-05
1428 5.93836471985e-05
1429 2.47286890507e-05
1430 2.80091743648e-05
1431 0.0
1432 0.000377588262925
1433 0.000142468393129
1434 1.04328615606e-06
1435 2.26440113615e-06
1436 0.000277949288543
1437 1.6102182442e-05
1438 0.000122079714908
1439 1.61964289706e-06
1440 2.51992605637e-08
1441 7.01668711309e-05
1442 2.96754712669e-06
1443 1.67999055028e-06
1444 3.70118876452e-06
1445 1.12806146839e-05
1446 2.89229768166e-06
1447 1.54881648892e-05
1448 7.32386343904e-05
1449 7.02910932934e-05
1450 0.000385482684986
1451 0.000417372274216
1452 6.48039280967e-06
1453 1.62200835224e-06
1454 0.000160258622597
1455 7.18765236801e-05
1456 5.31839820965e-07
1457 2.49291671035e-05
1458 1.74964099997e-06
1459 1.68629850715e-05
1460 4.74287154952e-05
1461 3.56229447781e-05
1462 8.11054868837e-07
1463 0.00024968340665
1464 1.89843776517e-07
1465 9.65376548405e-06
1466 0.00553386908581
1467 0.0
1468 8.13882848383e-05
1469 5.81015694763e-07
1470 0.000265563601553
1471 0.000184826181898
1472 8.79568075426e-05
1473 0.00150263795945
1474 0.000168947782713
1475 2.04481339421e-08
1476 0.000164933170999
1477 4.00132886332e-07
1478 6.26946947622e-06
1479 4.32770265006e-06
1480 0.000205368354355
1481 0.000527715270715
1482 1.30277111879e-06
1483 0.00019293110496
1484 0.000439226255669
1485 5.90280646397e-06
1486 2.07700151193e-05
1487 0.0
1488 8.65359072396e-05
1489 4.12614527335e-05
1490 3.43382261174e-06
1491 4.52392924614e-08
1492 2.96624060469e-05
1493 2.25521737287e-05
1494 1.37140788358e-07
1495 7.2411037022e-05
1496 2.34290322893e-05
1497 2.53805797788e-05
1498 1.48435550954e-05
1499 8.52455530382e-08
1500 1.01948553512e-06
1501 5.22381387444e-06
1502 8.10305024786e-06
1503 0.000247722333983
1504 6.7608241353e-06
1505 0.000105575513714
1506 0.00302812296475
1507 1.96539601594e-08
1508 2.43374723362e-05
1509 4.22096454989e-06
1510 0.000121360469644
1511 5.62323683409e-08
1512 9.96397040273e-05
1513 1.70753369896e-05
1514 4.62091539233e-05
1515 1.22457470488e-05
1516 6.15321622117e-05
1517 2.07311505565e-05
1518 6.36326614493e-07
1519 0.000171749625101
1520 1.77171232007e-05
1521 4.61361367363e-05
1522 1.52825502575e-06
1523 8.2100277686e-05
1524 4.45728290285e-05
1525 1.44944676247e-06
1526 8.30917312917e-05
1527 1.83854354377e-05
1528 2.92882845355e-06
1529 0.000611252041354
1530 3.88902097661e-05
1531 6.87339169513e-06
1532 2.34184154667e-05
1533 3.06035115268e-06
1534 6.21436252574e-06
1535 0.00184051944218
1536 5.46017658344e-06
1537 0.000858315978364
1538 0.000306645875377
1539 0.000178014884217
1540 0.000131211009501
1541 0.000145082695721
1542 5.58675752902e-06
1543 3.47159033954e-06
1544 3.37223696404e-05
1545 5.05042380268e-06
1546 0.000127287738168
1547 0.0
1548 1.22989169107e-05
1549 9.29641065083e-06
1550 0.000105988238107
1551 2.57321434455e-06
1552 4.0837899717e-05
1553 2.50330575498e-06
1554 0.000301675475097
1555 6.44517229034e-05
1556 0.000177011818313
1557 2.50628492431e-06
1558 4.63637655996e-05
1559 0.0
1560 7.76450668871e-05
1561 0.0
1562 1.38482419245e-05
1563 1.38200536699e-06
1564 2.12894019641e-05
1565 2.85059195088e-06
1566 1.24876444997e-05
1567 8.47186141654e-06
1568 5.42817272397e-05
1569 1.76590975545e-07
1570 3.39910753797e-05
1571 3.00564362313e-05
1572 1.79218202023e-05
1573 4.20731184806e-06
1574 0.0004066478276
1575 0.00012363514035
1576 4.21617510498e-06
1577 1.44679873223e-05
1578 0.00954946295809
1579 2.33491394614e-06
1580 9.43760028099e-09
1581 0.000160749277124
1582 0.0
1583 3.83214030217e-06
1584 0.000221914624774
1585 0.000270922716438
1586 1.12472124848e-05
1587 0.0
1588 1.36678039744e-05
1589 4.00493307304e-05
1590 7.43852809106e-05
1591 0.000329351247087
1592 0.000487423374323
1593 7.36164469049e-07
1594 0.000337736918767
1595 6.95904468735e-06
1596 6.79195593363e-06
1597 0.000207499869968
1598 2.66258074739e-05
1599 5.73745557772e-05
1600 2.68989194878e-06
1601 2.21561049336e-05
1602 5.7283446461e-07
1603 1.40781178742e-06
1604 1.7644765452e-05
1605 8.47595257608e-05
1606 0.000172762969369
1607 5.84499319397e-06
1608 2.04481339421e-07
1609 2.2341360404e-05
1610 0.000158060804069
1611 4.97349365437e-05
1612 0.000168470758383
1613 8.89920254621e-05
1614 5.46116584347e-05
1615 0.000134159453176
1616 0.000125165341706
1617 2.37206294104e-05
1618 5.27606988652e-05
1619 4.22745566249e-05
1620 1.60063287138e-05
1621 0.000141288475137
1622 0.000175664950296
1623 0.000129466424887
1624 1.43502048936e-05
1625 1.2905443824e-05
1626 4.82758645342e-06
1627 9.20288271722e-05
1628 0.0
1629 0.000214850888099
1630 1.36161266625e-06
1631 0.000102242889648
1632 1.03044305806e-07
1633 0.000157474677302
1634 5.86045533854e-06
1635 1.8281089837e-05
1636 3.8399003406e-06
1637 0.000170420315903
1638 6.75669072159e-05
1639 4.61569062465e-06
1640 0.000216699299879
1641 7.48716288959e-08
1642 2.58912812365e-06
1643 0.000998546397299
1644 8.27365011226e-06
1645 1.24228484945e-05
1646 3.27680768297e-05
1647 3.34730832365e-06
1648 1.32294416502e-05
1649 1.54266685435e-07
1650 8.64786631695e-06
1651 9.8581505044e-06
1652 0.0
1653 6.51852098573e-06
1654 0.000110313707353
1655 5.07266412549e-06
1656 1.80124669764e-05
1657 0.00101839441828
1658 0.0
1659 3.60094222272e-06
1660 5.62446717649e-06
1661 2.15863797726e-05
1662 5.61286913032e-05
1663 2.31010136223e-05
1664 0.0228841793916
1665 3.09448426991e-07
1666 1.6873544528e-05
1667 0.00214250550038
1668 1.09471276598e-05
1669 1.36655037813e-05
1670 1.97828241025e-05
1671 3.33249593018e-06
1672 2.88133138716e-05
1673 1.32821745612e-05
1674 2.03580642245e-05
1675 6.79162519065e-05
1676 6.97524478532e-05
1677 1.12958053771e-06
1678 1.02228659077e-05
1679 1.14505402035e-05
1680 9.63374283551e-06
1681 0.00021252768607
1682 9.92053809744e-06
1683 1.3638895516e-05
1684 6.31090848542e-05
1685 0.229810479847
1686 0.000219740912419
1687 1.3782882249e-05
1688 0.000495007722951
1689 0.000545100189315
1690 1.89731331128e-05
1691 0.0
1692 1.03048135872e-05
1693 6.1411278187e-05
1694 6.13444018264e-08
1695 9.14532863389e-05
1696 9.19580136826e-06
1697 1.82903941034e-06
1698 2.82789399454e-05
1699 1.31347129101e-06
1700 5.34778470067e-05
1701 2.32549853651e-06
1702 9.61921035466e-07
1703 0.00016843555897
1704 6.49095905022e-05
1705 9.02575545627e-06
1706 4.21441022664e-05
1707 9.90214574373e-06
1708 4.78576921821e-05
1709 5.00744763012e-07
1710 0.000105841353507
1711 7.61886060152e-07
1712 2.45491134146e-07
1713 1.32140527017e-05
1714 1.91248238106e-07
1715 4.33516192033e-05
1716 1.52889038032e-05
1717 1.04257706313e-05
1718 3.92717086547e-05
1719 0.00850456072902
1720 1.01051137964e-05
1721 2.58818771501e-05
1722 2.19175185284e-05
1723 2.44019264859e-05
1724 2.18370814562e-06
1725 1.13658294175e-05
1726 0.000110078255277
1727 0.000530463056915
1728 1.28227491797e-05
1729 4.92020055729e-06
1730 6.01527576881e-05
1731 0.000197266168387
1732 8.99717893455e-08
1733 5.03318533268e-05
1734 2.27972537204e-06
1735 1.20753272386e-05
1736 1.69170888265e-05
1737 5.2823219489e-05
1738 4.59132583038e-06
1739 5.62232796877e-06
1740 1.21050872758e-06
1741 1.29537781602e-05
1742 1.9897218672e-05
1743 3.70319985975e-05
1744 2.2648292019e-05
1745 2.92944521163e-05
1746 2.48733854707e-05
1747 7.50540155558e-05
1748 1.42028796106e-06
1749 2.11066299007e-07
1750 1.85888074371e-06
1751 3.10018650056e-05
1752 2.08751658173e-05
1753 1.59292223062e-05
1754 8.37632199272e-06
1755 5.63807011419e-06
1756 0.0
1757 3.97925778105e-06
1758 2.50955226253e-05
1759 0.000869072009776
1760 6.18312621584e-08
1761 1.70777390196e-06
1762 0.000240961601181
1763 0.0
1764 8.24564439564e-06
1765 1.79143001362e-06
1766 2.58895077319e-05
1767 7.99015392114e-06
1768 1.26317524994e-05
1769 0.000162810202622
1770 5.58914620979e-06
1771 0.00013005372334
1772 1.55750980683e-06
1773 8.15202808811e-06
1774 4.01969111642e-06
1775 1.29268396767e-05
1776 2.55601674277e-09
1777 0.0
1778 2.50658873995e-07
1779 4.93611974841e-05
1780 1.06944760524e-05
1781 3.46188775183e-05
1782 1.71310078645e-05
1783 3.06358081128e-05
1784 0.000313772987795
1785 4.42864431758e-07
1786 1.3203787643e-05
1787 0.000107134437872
1788 1.18087702827e-05
1789 1.44159344292e-07
1790 1.18178831275e-05
1791 2.78231600901e-05
1792 5.7642396121e-05
1793 8.42511009023e-07
1794 2.10363427564e-05
1795 0.000146206236175
1796 6.52515845665e-06
1797 5.65952817332e-06
1798 1.90859640439e-07
1799 9.57321196062e-07
1800 3.17716675359e-05
1801 0.0300543228666
1802 1.68569657408e-05
1803 4.37052960261e-08
1804 3.51421037564e-05
1805 5.74388320435e-05
1806 2.89765099793e-06
1807 0.000217070864567
1808 2.57356307706e-05
1809 3.57354799744e-05
1810 3.02152030366e-05
1811 1.3669743718e-05
1812 6.13029353388e-06
1813 7.30161991988e-06
1814 0.000119562098813
1815 7.07376644374e-07
1816 4.75731137867e-06
1817 1.57579116578e-05
1818 1.35209028712e-05
1819 7.09980035745e-06
1820 2.66537060368e-05
1821 2.76171738083e-05
1822 4.3133487314e-07
1823 6.73768530455e-07
1824 2.94653509303e-05
1825 1.56677755185e-05
1826 0.000104821836981
1827 1.01027116993e-05
1828 0.000139901972457
1829 5.62652825859e-05
1830 5.29140185274e-06
1831 4.48260804593e-06
1832 5.40238730118e-05
1833 2.62302866355e-06
1834 4.91768952523e-05
1835 0.0
1836 0.000224483737404
1837 8.22118579701e-06
1838 6.58124814774e-06
1839 2.0857096621e-07
1840 4.12377072285e-05
1841 5.86024148395e-07
1842 4.95543430017e-06
1843 1.87859191226e-05
1844 1.35879280592e-05
1845 6.61999607022e-05
1846 4.74073423801e-05
1847 3.94006014775e-05
1848 0.000390519755947
1849 7.66124297924e-06
1850 9.77635349152e-06
1851 2.70911514107e-05
1852 2.25006815471e-05
1853 3.39506025045e-05
1854 1.19285781659e-07
1855 0.0
1856 2.13776274077e-06
1857 0.0
1858 1.81640501735e-05
1859 1.31318445307e-05
1860 5.63497260148e-06
1861 8.61787163047e-06
1862 0.0001117926898
1863 0.000332819268904
1864 6.97010270612e-05
1865 1.96420758918e-05
1866 5.24642243446e-08
1867 7.58516790489e-05
1868 4.15564012405e-05
1869 3.34664457882e-05
1870 1.17057307433e-06
1871 4.19744339618e-06
1872 0.000122865274325
1873 1.17029712261e-05
1874 8.35101623863e-07
1875 1.51492324451e-07
1876 8.41303811461e-06
1877 3.99477701965e-05
1878 2.59508163299e-06
1879 8.64529114785e-06
1880 1.99537527932e-05
1881 6.80358710444e-07
1882 8.38007303241e-05
1883 2.47063930647e-05
1884 3.19527795339e-05
1885 3.88157093077e-07
1886 5.54941464316e-06
1887 3.69181121244e-05
1888 6.26133682095e-08
1889 0.0298432427422
1890 2.81892132202e-06
1891 4.90755214612e-07
1892 2.27231896788e-05
1893 9.62635228661e-09
1894 5.31769922756e-05
1895 0.000324966476119
1896 3.20200657981e-06
1897 1.05343290964e-06
1898 2.70141501588e-05
1899 1.32295858949e-05
1900 4.16766175889e-05
1901 1.63739895398e-06
1902 9.32224570895e-06
1903 2.23991779029e-05
1904 7.32990193977e-06
1905 1.06653980043e-05
1906 4.18195601518e-08
1907 1.28899484705e-06
1908 2.43952273554e-06
1909 3.3206815637e-06
1910 0.000140559077925
1911 1.30499802632e-05
1912 8.72649965036e-05
1913 0.248450250813
1914 5.34573991486e-06
1915 2.71550140483e-05
1916 4.49364596236e-07
1917 2.48792285829e-05
1918 1.74598530175e-05
1919 6.32978554065e-06
1920 0.000325835330975
1921 2.15039936652e-05
1922 2.77457453234e-05
1923 8.51668120592e-07
1924 2.03543882534e-05
1925 2.47439604006e-08
1926 6.71791902788e-06
1927 0.000157554037497
1928 2.83210004528e-05
1929 8.7407363739e-06
1930 3.63799153191e-06
1931 6.5430913965e-07
1932 0.000268252567824
1933 0.00164597498624
1934 3.87971508377e-07
1935 8.01309184245e-06
1936 3.19405731086e-05
1937 3.11674855864e-06
1938 6.13444018264e-08
1939 9.34100835165e-06
1940 1.50563466299e-05
1941 0.0010437843984
1942 0.000578631420813
1943 1.25760040058e-05
1944 4.28079590049e-05
1945 2.63069542208e-06
1946 4.28351046049e-05
1947 1.08529110559e-05
1948 0.00060265179104
1949 2.08773110228e-05
1950 2.03998905093e-07
1951 1.24715155831e-07
1952 4.3300675258e-05
1953 1.02640366263e-05
1954 1.39260166845e-06
1955 0.00236989458065
1956 0.0011463052743
1957 6.75240683082e-07
1958 1.85168440818e-05
1959 6.17406257922e-06
1960 5.7235715926e-05
1961 1.2471165919e-05
1962 8.7290881066e-07
1963 9.17893978296e-06
1964 1.17037365136e-06
1965 0.00456138158102
1966 8.01218991497e-06
1967 3.23265939986e-05
1968 0.0
1969 1.54499842284e-05
1970 0.0
1971 0.000118922720132
1972 8.71031549877e-06
1973 6.96744019092e-05
1974 5.52448149112e-05
1975 2.73879341526e-07
1976 2.04551885119e-05
1977 1.81271467037e-05
1978 1.60663909545e-07
1979 1.71278826629e-07
1980 2.08846922668e-05
1981 2.22709040274e-05
1982 1.0169447656e-05
1983 1.68282926791e-05
1984 4.59188247574e-05
1985 1.69483809306e-05
1986 0.000151778448331
1987 7.553973382e-06
1988 4.8697936683e-06
1989 3.81393872291e-06
1990 1.81448866176e-06
1991 6.20922178945e-06
1992 2.75656225122e-05
1993 2.01182144701e-07
1994 2.20706383685e-05
1995 2.50057718245e-06
1996 3.67143402712e-05
1997 2.45377607306e-08
1998 1.98422519379e-06
1999 2.3874948333e-05
2000 0.000240222226227
2001 7.42835774063e-06
2002 4.04538590339e-05
2003 1.37510335677e-05
2004 3.12930971326e-05
2005 2.50900919152e-05
2006 4.12867675128e-06
2007 2.40962917524e-05
2008 0.000433982702855
2009 2.80431551207e-07
2010 7.09237453485e-06
2011 5.29929698491e-06
2012 0.000361493226058
2013 1.03300626769e-07
2014 2.92607502497e-06
2015 5.62053192766e-06
2016 1.39081968661e-07
2017 5.66211517209e-06
2018 6.54275792962e-07
2019 2.44020725718e-05
2020 8.11488941839e-06
2021 2.93561127198e-06
2022 1.97173582158e-07
2023 2.40245951486e-05
2024 1.36831005638e-05
2025 2.2904089745e-05
2026 1.76739263754e-05
2027 0.00155061584109
2028 4.47389830798e-06
2029 1.53689563056e-05
2030 7.31536792199e-06
2031 8.06478774613e-06
2032 5.46036817482e-05
2033 5.24639453266e-05
2034 7.24340196843e-06
2035 9.00380249953e-07
2036 1.37182755135e-05
2037 1.48646325497e-06
2038 4.23680148904e-05
2039 0.000110605133982
2040 1.06951299965e-05
2041 3.02619619886e-05
2042 8.2949319766e-07
2043 0.00119578680733
2044 1.68209634906e-05
2045 6.83412318469e-07
2046 5.72912380911e-06
2047 1.11476956989e-06
2048 0.000643620782012
2049 5.20194068123e-06
2050 8.59456749043e-06
2051 1.81080374239e-07
2052 2.72166381101e-07
2053 1.17728771283e-05
2054 2.81727246932e-05
2055 0.000103468127734
2056 1.79775168075e-06
2057 4.32460263962e-05
2058 3.37630540694e-06
2059 1.47089660799e-05
2060 6.8031799168e-06
2061 2.56044501692e-05
2062 2.03257612909e-05
2063 5.14457177033e-05
2064 8.70148245256e-06
2065 1.88366210082e-05
2066 1.00400282799e-05
2067 2.34590037881e-07
2068 2.50910229723e-05
2069 5.66537914532e-05
2070 1.74249780155e-05
2071 9.92620399344e-06
2072 3.18727766658e-05
2073 6.40351749707e-05
2074 1.11967298389e-05
2075 3.62512795971e-06
2076 1.45059498057e-05
2077 1.18961875774e-06
2078 1.40369135827e-06
2079 2.62877869362e-05
2080 0.0
2081 2.77650756559e-06
2082 0.000119613286063
2083 1.52312392326e-06
2084 1.30094397118e-05
2085 2.39575948588e-05
2086 1.12680444802e-05
2087 2.88365288119e-06
2088 7.19359040118e-05
2089 2.12608779282e-05
2090 1.05506913619e-05
2091 1.52071029536e-05
2092 1.71003188019e-05
2093 5.8301061763e-06
2094 1.74480659338e-05
2095 4.90755214612e-08
2096 1.0426985028e-05
2097 3.1030224092e-06
2098 1.29535841499e-05
2099 1.8427364412e-06
2100 2.53692251751e-06
2101 0.0
2102 3.28996302313e-05
2103 0.000340759413124
2104 1.26061628836e-05
2105 5.8822518801e-06
2106 5.50871852633e-06
2107 4.08962678843e-08
2108 1.67682352993e-05
2109 3.39874346291e-06
2110 2.2145510382e-06
2111 2.63081201424e-06
2112 0.000139264445225
2113 1.45392915016e-05
2114 2.30187564949e-07
2115 6.20091367527e-06
2116 2.74156917427e-06
2117 8.4454960539e-05
2118 0.000186222457107
2119 8.72620779724e-06
2120 5.62308448134e-06
2121 8.75683611393e-06
2122 7.42519708079e-06
2123 2.90357613865e-06
2124 2.10968377641e-05
2125 5.27246228578e-06
2126 2.77234810679e-05
2127 4.51028146819e-05
2128 3.10881751734e-05
2129 0.00145857940465
2130 1.48471170536e-05
2131 4.81255116638e-07
2132 2.74248010512e-05
2133 0.00161464574703
2134 0.00040713094819
2135 1.43888850819e-05
2136 8.86044663778e-06
2137 9.317899001e-06
2138 1.10169781838e-05
2139 3.34458057935e-05
2140 5.77506489559e-06
2141 1.62774042452e-05
2142 6.76969470894e-07
2143 0.00103344794485
2144 0.000163845344345
2145 1.30489270182e-05
2146 2.11067074843e-05
2147 1.64455667261e-05
2148 4.15354401644e-06
2149 0.00116894063929
2150 3.56236390034e-05
2151 2.02543628894e-05
2152 6.8362816138e-06
2153 9.07202572721e-06
2154 0.000123243113494
2155 8.23330412039e-06
2156 2.38385158095e-05
2157 8.3431814682e-06
2158 2.37582405956e-05
2159 8.69850183678e-08
2160 3.47777322671e-05
2161 8.29124192789e-06
2162 1.99846154976e-05
2163 6.66792592842e-06
2164 8.16626006194e-06
2165 0.00369468859278
2166 4.18935499851e-06
2167 1.06262141542e-05
2168 0.0
2169 0.0
2170 1.67202924576e-05
2171 7.92860441971e-07
2172 4.04466646604e-05
2173 2.35054615941e-05
2174 1.33394253661e-05
2175 3.66232423191e-05
2176 3.36524687007e-07
2177 0.000115898701966
2178 6.11542947666e-08
2179 6.13444018264e-08
2180 0.00384637106652
2181 1.32338191896e-05
2182 1.90689425355e-06
2183 8.03837975875e-08
2184 2.04141652996e-05
2185 2.12559502153e-05
2186 2.71296282197e-06
2187 3.0984739667e-06
2188 3.39897802098e-05
2189 3.37777733816e-05
2190 0.000256727753354
2191 4.75502185196e-06
2192 7.67758617598e-06
2193 1.69070089409e-06
2194 1.45569559951e-06
2195 2.06953647603e-05
2196 0.0
2197 9.03731499121e-06
2198 1.25252052902e-05
2199 6.05887655171e-06
2200 0.000174827814513
2201 2.1698476477e-05
2202 7.5331591926e-06
2203 3.76560523884e-05
2204 3.34838706246e-05
2205 0.0
2206 1.66795651122e-07
2207 2.72984557388e-05
2208 4.498993582e-06
2209 2.96110993714e-06
2210 4.64216040947e-06
2211 0.00176806952474
2212 1.75614107644e-05
2213 2.62102452512e-06
2214 1.13872322438e-06
2215 5.76579497948e-06
2216 1.15569417736e-05
2217 3.51914986942e-06
2218 1.1071735069e-06
2219 2.79458094195e-05
2220 0.0
2221 9.92596260388e-06
2222 5.73259723718e-06
2223 8.04161092418e-06
2224 8.41232977291e-05
2225 2.51745892253e-05
2226 4.77796307169e-06
2227 3.0252368972e-05
2228 2.71741094281e-07
2229 1.7432009656e-05
2230 5.31504351456e-05
2231 1.02240669711e-08
2232 1.82121948279e-05
2233 2.99177269318e-05
2234 0.000133074732622
2235 1.64790496951e-05
2236 3.98971583102e-05
2237 2.29515742818e-05
2238 2.37284083941e-06
2239 5.83820234375e-06
2240 1.03363185345e-05
2241 1.41954591918e-05
2242 1.56300299013e-05
2243 1.4073767467e-05
2244 1.55608698711e-05
2245 2.13857071005e-05
2246 4.2064732681e-08
2247 0.00112944128573
2248 6.68158469469e-05
2249 8.36001890158e-07
2250 1.45690137902e-06
2251 3.71171886496e-05
2252 5.41493234379e-07
2253 1.30124488723e-08
2254 5.05826805421e-06
2255 0.00118846746207
2256 5.23472228919e-07
2257 5.79057955685e-08
2258 1.72293516923e-05
2259 5.84512860815e-07
2260 1.62250740743e-05
2261 4.01343631891e-06
2262 2.17059638266e-06
2263 2.35042975132e-05
2264 1.1655436347e-07
2265 1.89353118574e-05
2266 5.24463090336e-07
2267 0.000352257373909
2268 1.92938841738e-05
2269 0.000780199783174
2270 0.0
2271 2.19729776501e-06
2272 2.90646651739e-05
2273 6.38751359048e-06
2274 0.00105540975324
2275 5.61047821431e-06
2276 6.93625546271e-06
2277 4.58772816203e-06
2278 4.79297218111e-06
2279 4.41393068508e-05
2280 2.08066413428e-05
2281 4.52791977453e-06
2282 2.42456445314e-07
2283 8.12080405058e-05
2284 0.000135658218999
2285 2.99029547995e-05
2286 4.98935897412e-06
2287 1.20342967317e-05
2288 4.10277638216e-06
2289 2.3024970818e-05
2290 0.00151504491607
2291 6.79821881509e-06
2292 1.35795310733e-06
2293 7.25358826183e-05
2294 4.85623267889e-06
2295 0.00016402676311
2296 2.82160040186e-06
2297 8.24956859987e-06
2298 2.71876199786e-05
2299 7.19633158514e-06
2300 5.08724673683e-06
2301 5.24492702999e-05
2302 5.65105880355e-07
2303 6.24387059678e-05
2304 8.72792045837e-06
2305 8.02314827824e-06
2306 2.14470428066e-06
2307 1.33464459762e-06
2308 2.63828230036e-06
2309 4.11871670104e-06
2310 2.85389111805e-05
2311 3.22321323532e-06
2312 1.0395369213e-05
2313 1.88400640984e-07
2314 0.000161751940554
2315 8.28408951817e-07
2316 3.19798652008e-06
2317 1.25158567768e-06
2318 2.09600641249e-05
2319 1.20863930657e-05
2320 3.53123663297e-05
2321 2.21286412255e-07
2322 6.55265320779e-07
2323 3.87708603394e-05
2324 7.92463885071e-06
2325 5.73724046924e-05
2326 8.57395383223e-05
2327 7.33969585223e-06
2328 6.27060756552e-05
2329 0.000158583940476
2330 5.59317738933e-06
2331 5.2528242596e-06
2332 2.1223800716e-05
2333 1.90350056358e-05
2334 0.0001377257843
2335 1.5759786884e-05
2336 1.90002102029e-05
2337 6.88191955388e-05
2338 1.01296125425e-05
2339 9.29999270231e-06
2340 2.90116305759e-05
2341 1.04158503143e-05
2342 1.26243845193e-05
2343 1.29227159194e-05
2344 1.46283933902e-05
2345 6.9745203173e-05
2346 1.88080240872e-05
2347 1.48232565729e-05
2348 0.00102952804836
2349 8.12711629192e-06
2350 7.28738832271e-07
2351 3.94108327533e-05
2352 1.32253429908e-05
2353 6.24474533781e-06
2354 1.10127071495e-06
2355 5.83817878335e-06
2356 8.89852396083e-06
2357 4.27149900738e-06
2358 4.64248113232e-06
2359 1.15335533812e-07
2360 2.3764358821e-06
2361 8.62104355733e-07
2362 1.74083015762e-05
2363 5.64020410059e-07
2364 6.42849959421e-06
2365 4.02363214966e-05
2366 3.5826930113e-05
2367 8.18640508099e-06
2368 1.09995225266e-05
2369 4.13658097005e-05
2370 2.46025619176e-05
2371 2.91233172112e-06
2372 1.69186477299e-05
2373 1.99564156233e-05
2374 1.04188692788e-05
2375 3.97994716458e-06
2376 0.0
2377 4.1676991557e-05
2378 0.00127073242494
2379 2.76736353056e-05
2380 4.02046833722e-06
2381 0.0
2382 8.08794068288e-06
2383 0.0
2384 1.60914741878e-05
2385 0.000172783992303
2386 2.19959212511e-05
2387 3.07955791688e-06
2388 2.40242608791e-05
2389 2.06526152816e-07
2390 2.02820135721e-05
2391 1.26283929527e-05
2392 3.33129490831e-05
2393 0.00354234470588
2394 1.02483312797e-05
2395 0.00154365184069
2396 2.00529613819e-05
2397 1.75284629343e-05
2398 1.39025216977e-05
2399 4.03881268155e-05
2400 4.09136465168e-05
2401 5.56446146119e-07
2402 3.57267787748e-06
2403 5.03949925432e-06
2404 9.42622381247e-07
2405 3.66159658955e-05
2406 7.81714768646e-06
2407 8.69280379008e-06
2408 1.09515252759e-06
2409 3.21223330407e-06
2410 1.5460051889e-05
2411 3.18073615804e-05
2412 1.24760556417e-05
2413 8.93128317807e-06
2414 4.25232866826e-06
2415 1.02430048248e-05
2416 1.29948406461e-06
2417 8.43722028463e-06
2418 5.26038652545e-05
2419 1.40024945062e-06
2420 6.86537867833e-05
2421 4.14240858598e-06
2422 8.48597558599e-07
2423 3.06722009132e-08
2424 1.6081619224e-05
2425 4.13710456467e-07
2426 1.00965146753e-05
2427 2.21358503155e-06
2428 1.27064836997e-06
2429 3.61627563872e-05
2430 2.06209878369e-05
2431 6.08566963173e-06
2432 0.0
2433 1.41023314948e-05
2434 9.61296038022e-06
2435 0.00104669434292
2436 1.52177340301e-05
2437 0.000427417191642
2438 8.17925357686e-08
2439 2.52387123938e-05
2440 3.47618277017e-07
2441 1.7669362085e-05
2442 0.0
2443 1.46058099587e-09
2444 1.56950997685e-05
2445 1.07608950747e-07
2446 8.44947333882e-06
2447 4.49401438163e-06
2448 2.00654874047e-05
2449 1.82464091432e-05
2450 1.33536264679e-05
2451 5.79850655359e-07
2452 3.34193935656e-05
2453 2.44786830715e-07
2454 2.10698884732e-06
2455 5.84786891025e-07
2456 6.15785661738e-06
2457 8.39027000595e-07
2458 0.0
2459 0.000297271116016
2460 3.01979237896e-05
2461 1.45355949894e-05
2462 2.70449795867e-05
2463 0.00088965845126
2464 1.33068511669e-05
2465 1.18846520524e-05
2466 2.12429279603e-06
2467 2.76791554254e-07
2468 1.84706117548e-06
2469 0.000287960160015
2470 1.57356099811e-06
2471 0.0
2472 2.56685208322e-05
2473 0.000155135697951
2474 1.00408497332e-05
2475 1.15903482031e-05
2476 0.000251373484375
2477 2.00247423844e-05
2478 1.6362797809e-06
2479 4.74354284596e-05
2480 1.14119634609e-05
2481 4.80415730092e-06
2482 1.75269719504e-08
2483 6.07959436668e-06
2484 0.0
2485 3.11116954733e-06
2486 3.0569334556e-06
2487 1.40220065315e-06
2488 2.42456445314e-07
2489 1.85515980426e-05
2490 2.35184125115e-06
2491 8.77885540668e-07
2492 4.98936545413e-05
2493 1.73346710272e-05
2494 3.39585081539e-08
2495 8.88681847166e-06
2496 5.24522843931e-06
2497 4.5512574635e-08
2498 3.33623409885e-06
2499 4.35091224754e-05
2500 1.15554880111e-05
2501 6.44363593483e-06
2502 7.88773482621e-05
2503 8.53194568093e-06
2504 4.65027458932e-06
2505 4.54794714731e-06
2506 0.0
2507 1.57112504662e-05
2508 2.70441616632e-05
2509 2.16208995997e-05
2510 7.21570704822e-05
2511 5.53828674838e-05
2512 6.93087670007e-05
2513 0.000185831094577
2514 4.17144914466e-07
2515 2.37405274453e-07
2516 7.28705674249e-07
2517 1.30281416462e-05
2518 0.0
2519 9.33676288029e-06
2520 2.62838153582e-06
2521 8.44279749149e-06
2522 5.10246786925e-06
2523 5.31113241205e-07
2524 1.21694424794e-05
2525 3.69259500415e-07
2526 7.42798115618e-06
2527 6.96588155107e-05
2528 1.28980537174e-07
2529 7.97477223744e-08
2530 2.06837868312e-05
2531 1.0643628384e-05
2532 3.02975170277e-06
2533 1.06933218832e-06
2534 1.89053731331e-05
2535 1.68516821794e-06
2536 1.11831325213e-06
2537 1.46758798563e-05
2538 2.14018656152e-05
2539 3.64465349661e-05
2540 2.68135141321e-06
2541 2.33766579865e-05
2542 0.0
2543 0.000212434860042
2544 0.00169311322941
2545 1.00739246342e-05
2546 8.50436163404e-06
2547 4.89810210887e-06
2548 1.29648856017e-05
2549 4.08962678843e-08
2550 3.45166494984e-06
2551 1.7156888154e-05
2552 1.2398704702e-05
2553 1.57199556809e-06
2554 1.35586237717e-05
2555 1.29105584189e-06
2556 3.19022103716e-05
2557 3.93642054401e-06
2558 5.9531508022e-06
2559 5.5507920167e-06
2560 4.31386095535e-06
2561 5.1229365492e-05
2562 1.68631453037e-05
2563 1.39529881044e-06
2564 2.40305669147e-06
2565 1.06555357452e-05
2566 2.45377607306e-08
2567 0.000200312703632
2568 2.34663099134e-05
2569 6.21813857982e-06
2570 0.0
2571 9.25290755666e-06
2572 8.25641809321e-06
2573 2.93285076603e-06
2574 1.29722513645e-05
2575 1.92380980568e-06
2576 2.96220158563e-05
2577 2.77980781693e-06
2578 6.81751873662e-06
2579 1.13998332053e-05
2580 1.25363476246e-06
2581 3.33509385358e-08
2582 6.9039822913e-06
2583 1.29052433226e-05
2584 1.58240940598e-05
2585 7.87613874844e-06
2586 1.00631078611e-05
2587 5.73248589407e-06
2588 1.77767102458e-06
2589 1.97204030016e-05
2590 8.60998847834e-06
2591 4.5912248919e-05
2592 1.08420410386e-06
2593 3.43925989733e-05
2594 6.90809725799e-06
2595 0.000104003281123
2596 0.0
2597 0.0
2598 2.67181338332e-05
2599 5.60693340551e-05
2600 2.85066038136e-08
2601 3.36063998069e-05
2602 1.03648936318e-05
2603 2.98044504047e-05
2604 4.29395382677e-05
2605 2.79071371038e-05
2606 4.98152269336e-06
2607 3.30853477179e-07
2608 2.6606438239e-05
2609 3.64429469398e-05
2610 2.06271101513e-07
2611 2.47485267572e-05
2612 6.51076141308e-05
2613 5.21534400363e-06
2614 3.27055552766e-07
2615 2.45442487303e-06
2616 1.72914240322e-05
2617 3.76562834894e-05
2618 4.12883686531e-05
2619 1.44923712518e-05
2620 5.24083879779e-06
2621 3.2518597997e-05
2622 2.45377607306e-08
2623 3.35617565336e-06
2624 5.92846480669e-06
2625 2.87349591789e-05
2626 7.51563611959e-06
2627 2.22127037381e-05
2628 5.04168793969e-06
2629 1.16799650015e-05
2630 3.84292935677e-05
2631 1.44237131014e-05
2632 4.46977618114e-06
2633 3.27170143074e-08
2634 1.33532223272e-06
2635 3.14678502113e-07
2636 1.65533854727e-06
2637 1.63182655346e-05
2638 6.36350568323e-06
2639 4.47563566895e-06
2640 3.03958587493e-05
2641 3.51066862681e-05
2642 7.9197159458e-06
2643 0.00107117936871
2644 1.49453189956e-05
2645 9.18681649571e-06
2646 3.33513761693e-05
2647 9.13436486866e-06
2648 1.92529870558e-05
2649 2.17676075875e-05
2650 2.32769566215e-05
2651 3.79861248376e-07
2652 2.83780427786e-06
2653 1.14192700281e-05
2654 5.8969236625e-06
2655 2.89880766334e-06
2656 3.88100297126e-06
2657 4.4813456575e-06
2658 3.42069168839e-05
2659 0.000111136292971
2660 8.10394486113e-05
2661 1.45493387603e-05
2662 0.000199342155341
2663 1.14814414717e-05
2664 4.58626279996e-06
2665 5.97931864612e-05
2666 2.38458056788e-05
2667 5.53696747873e-06
2668 5.05185467185e-06
2669 1.50492164658e-05
2670 9.4318210684e-05
2671 6.04292405871e-07
2672 0.0
2673 6.54472329866e-06
2674 3.10164417854e-05
2675 0.000470142551665
2676 8.0302652008e-06
2677 9.20798968742e-05
2678 1.54217504707e-05
2679 5.02401989428e-07
2680 0.000137219225925
2681 3.49000958331e-05
2682 3.37839288133e-06
2683 9.54745304873e-07
2684 0.00188855736976
2685 3.99721561717e-06
2686 1.00404111357e-06
2687 4.45477008799e-06
2688 4.16582641892e-07
2689 1.50030879896e-06
2690 0.000151584905242
2691 1.23459478407e-05
2692 0.0
2693 1.84033205479e-08
2694 1.49974896827e-05
2695 9.91214322212e-05
2696 8.36927428211e-06
2697 4.21760080871e-06
2698 3.13650163486e-06
2699 7.89003522354e-06
2700 5.50240695171e-08
2701 3.98906578686e-06
2702 2.14014701247e-06
2703 7.1441681192e-06
2704 2.9348076995e-07
2705 0.0
2706 1.46470759493e-05
2707 0.000178305755371
2708 9.77905554112e-06
2709 3.89568633766e-06
2710 1.70698171524e-06
2711 1.09062900079e-06
2712 1.11134426254e-05
2713 5.60880632247e-06
2714 7.01517927008e-06
2715 6.13444018264e-08
2716 1.18211953647e-05
2717 0.000384083793873
2718 2.69562929085e-05
2719 1.68142706603e-05
2720 0.000256266047323
2721 1.14644463986e-05
2722 0.0
2723 0.0
2724 9.1423075735e-07
2725 8.54202410818e-05
2726 3.85396843691e-06
2727 2.07240357449e-06
2728 1.93268126219e-06
2729 8.25772393621e-06
2730 2.14233121101e-05
2731 0.000104284889699
2732 2.52708180986e-06
2733 1.75269719504e-08
2734 3.60023425742e-06
2735 2.54319328846e-05
2736 4.71183205922e-06
2737 0.0
2738 2.64961450295e-06
2739 0.00172464463014
2740 8.54841286083e-06
2741 0.0
2742 9.43157083971e-05
2743 0.000263389001074
2744 7.65527868596e-05
2745 2.47490437952e-06
2746 0.000120888068586
2747 3.46934224846e-06
2748 7.36191322131e-07
2749 0.000259589702735
2750 0.000282580524402
2751 6.77985590697e-05
2752 1.07378047532e-05
2753 3.80716901246e-06
2754 8.41354377778e-05
2755 0.000210885900721
2756 9.29772476907e-05
2757 3.62631196483e-06
2758 7.43431037654e-05
2759 1.98466091608e-05
2760 6.99791281577e-06
2761 2.78267528197e-06
2762 3.44785458337e-05
2763 4.57691607632e-06
2764 1.22152945603e-05
2765 2.74949754423e-05
2766 0.000285619433192
2767 9.56247100363e-07
2768 0.0
2769 8.04343382411e-06
2770 7.23326632797e-07
2771 6.21488013269e-07
2772 1.04970461997e-06
2773 1.85287099768e-05
2774 8.64122371496e-06
2775 2.45377607306e-08
2776 1.03558093682e-05
2777 1.09738318823e-07
2778 7.35165162783e-05
2779 0.000273846216729
2780 4.61626056883e-07
2781 0.00101975176993
2782 3.9316240244e-05
2783 0.000121599940007
2784 1.25967273677e-05
2785 1.13743836882e-05
2786 1.72729039914e-05
2787 0.000175252787822
2788 2.48272839501e-05
2789 0.0
2790 3.31010985531e-06
2791 6.54704594709e-07
2792 1.98950676346e-06
2793 0.0
2794 0.000193965731904
2795 8.24667161729e-07
2796 7.46128722884e-06
2797 0.000130366940105
2798 3.5655161367e-06
2799 0.0
2800 1.36320892948e-08
2801 6.95692974984e-05
2802 1.79273429763e-07
2803 3.35156042007e-07
2804 6.36656071844e-06
2805 6.33223530625e-07
2806 8.09746104109e-07
2807 1.22619933522e-05
2808 5.1680781847e-06
2809 0.0
2810 5.35771937019e-06
2811 0.000378878060468
2812 4.06244647095e-07
2813 1.06400673207e-05
2814 2.62982889051e-05
2815 0.0
2816 4.21133700495e-05
2817 3.181145409e-07
2818 0.0
2819 4.16822036619e-06
2820 5.7519492243e-06
2821 1.83362666022e-06
2822 8.91539213891e-07
2823 4.24414339459e-06
2824 4.60183555356e-06
2825 0.0
2826 1.22461574115e-05
2827 7.15696301846e-06
2828 7.48746727691e-05
2829 0.000106367159733
2830 1.6240313972e-06
2831 1.42953428975e-06
2832 2.50139645854e-06
2833 1.02783917368e-05
2834 0.000140752521631
2835 4.29410812785e-07
2836 2.78309035267e-06
2837 1.47549163022e-05
2838 1.59099370817e-06
2839 0.0
2840 0.0525762094485
2841 7.53716447828e-06
2842 1.4213703794e-05
2843 0.0
2844 1.07369181647e-05
2845 0.000205341968304
2846 4.84076140678e-06
2847 1.50828182595e-06
2848 1.96053174322e-06
2849 6.66360160576e-06
2850 0.000972904008228
2851 1.02045641416e-06
2852 4.85894927256e-06
2853 2.18213293431e-06
2854 8.16369502495e-06
2855 7.09431480309e-06
2856 0.0
2857 4.6251286659e-06
2858 0.0
2859 3.57802932374e-06
2860 2.8781982355e-06
2861 0.0
2862 5.98107917808e-07
2863 8.02007556425e-05
2864 0.000446137469876
2865 5.7619225902e-05
2866 1.56673713647e-05
2867 8.42872832697e-05
2868 7.44350445682e-05
2869 5.31173831655e-06
2870 0.000109527273817
2871 4.45251458386e-06
2872 9.91611586121e-06
2873 0.000208457353405
2874 1.1541568852e-05
2875 5.0494489143e-06
2876 0.000164753206479
2877 1.37213133308e-06
2878 0.000154589040086
2879 1.17578781069e-06
2880 8.83253162228e-08
2881 6.37066546695e-06
2882 3.01016034789e-05
2883 1.44678764063e-06
2884 7.42745936665e-05
2885 3.3359944663e-07
2886 0.0
2887 2.97666406958e-07
2888 4.66434225492e-06
2889 1.12779168876e-06
2890 2.75622256327e-06
2891 0.000193046999595
2892 7.85354731941e-07
2893 1.77937395434e-05
2894 9.0187259092e-07
2895 2.061784811e-05
2896 7.82187306301e-07
2897 6.2671265276e-06
2898 5.17382970974e-06
2899 1.34646061331e-07
2900 8.76348597521e-09
2901 6.47524241501e-08
2902 0.000288962764693
2903 0.0
2904 7.38314199601e-07
2905 4.52404629336e-05
2906 8.1676302176e-05
2907 8.00487665061e-05
2908 4.22630976003e-05
2909 8.20459765304e-06
2910 0.000112092911855
2911 6.69824824987e-05
2912 5.84316635443e-06
2913 5.78181062527e-06
2914 0.000310777185798
2915 1.36007125692e-05
2916 2.96618473891e-05
2917 7.43138109939e-05
2918 2.41939123404e-06
2919 1.16564593277e-06
2920 1.03659195096e-05
2921 6.31963283782e-05
2922 0.000241922545432
2923 0.0
2924 4.33270796051e-06
2925 5.86047650176e-05
2926 7.8569218996e-05
2927 4.34522846271e-07
2928 0.000109408975634
2929 0.000141862573335
2930 3.8870533154e-06
2931 1.75269719504e-08
2932 8.58778638126e-06
2933 8.89927079497e-06
2934 1.04891642637e-06
2935 3.63456286215e-06
2936 1.0090994638e-06
2937 0.000149853814066
2938 1.40387321245e-05
2939 9.05333705465e-06
2940 9.60932235774e-06
2941 5.64370674997e-06
2942 1.80114883533e-06
2943 7.43227393948e-07
2944 7.64406123901e-05
2945 0.000170618053765
2946 5.30598392271e-05
2947 0.000277570098851
2948 4.56308957465e-07
2949 3.67870746052e-05
2950 4.05398861213e-06
2951 2.20070200278e-05
2952 0.000126798516022
2953 6.13444018264e-08
2954 1.89827217064e-06
2955 1.52063664976e-06
2956 1.47780532231e-05
2957 0.00014407190979
2958 2.41495001998e-06
2959 2.44869211895e-05
2960 2.96295707869e-07
2961 9.23290401946e-05
2962 8.34347922997e-07
2963 1.43379528771e-05
2964 3.27170143074e-08
2965 1.64362978037e-05
2966 3.09044794661e-06
2967 0.000156767256644
2968 3.46427053255e-05
2969 1.06004504665e-05
2970 5.51439282269e-05
2971 1.11283626104e-06
2972 1.69869995822e-07
2973 2.55505664058e-07
2974 0.000133016094855
2975 3.40871988498e-05
2976 6.13444018264e-08
2977 3.1441302108e-05
2978 1.41098067441e-06
2979 5.50798367288e-06
2980 0.000153707465925
2981 0.0
2982 6.84683778403e-05
2983 4.88732871694e-08
2984 1.49388224257e-06
2985 4.86770114766e-06
2986 4.83056810817e-05
2987 9.44930303403e-05
2988 1.1597342419e-06
2989 1.07667948184e-05
2990 0.000148337980451
2991 3.92864384618e-07
2992 6.47494566552e-06
2993 0.000809784703385
2994 8.06123351663e-06
2995 9.00031828603e-06
2996 2.55957928411e-06
2997 1.564962461e-05
2998 1.63701918017e-06
2999 4.08962678843e-08
3000 2.00302810608e-05
3001 0.000116457897207
3002 2.40236793587e-05
3003 5.8571812604e-05
3004 0.0
3005 4.23061159338e-05
3006 0.00033418389673
3007 0.0
3008 0.000126576152032
3009 5.70525407463e-08
3010 3.75253800587e-06
3011 1.06837187818e-05
3012 4.86858126509e-05
3013 2.57792545771e-07
3014 1.21304239305e-06
3015 5.42013661644e-06
3016 1.0403428825e-06
3017 7.24091766952e-06
3018 4.06864653626e-05
3019 7.72598017738e-06
3020 0.000120740588352
3021 7.02193912451e-05
3022 1.88019013483e-06
3023 7.37570810045e-05
3024 1.94842049618e-05
3025 1.84016523787e-06
3026 0.000164101711262
3027 0.0017031113939
3028 0.000644608419907
3029 1.24222413699e-06
3030 7.54376480599e-05
3031 7.0152089571e-08
3032 0.0
3033 1.38857031685e-06
3034 9.68879471739e-05
3035 0.000269626933064
3036 0.000210131094051
3037 7.37614257988e-06
3038 0.0
3039 0.000310136900462
3040 7.00772744611e-07
3041 3.70348129913e-05
3042 9.82746300239e-05
3043 2.67945992756e-06
3044 3.37127128189e-06
3045 1.63585071537e-07
3046 6.58429912937e-07
3047 1.24311384031e-05
3048 3.64114539366e-06
3049 2.78654071764e-06
3050 0.000126558686198
3051 2.13768307117e-06
3052 0.000326464460936
3053 9.89349566147e-06
3054 1.57791433587e-07
3055 9.84091445247e-05
3056 2.45377607306e-08
3057 5.33890503656e-05
3058 7.50802289954e-06
3059 5.60361655982e-08
3060 0.0
3061 0.000208776520605
3062 1.34006264297e-06
3063 2.23229561315e-05
3064 1.31160173429e-07
3065 5.74473678523e-06
3066 3.15091492131e-05
3067 1.14728637225e-06
3068 2.7901431612e-06
3069 8.99147835017e-07
3070 1.99407788867e-06
3071 4.97818116534e-06
3072 0.0
3073 3.68993143e-05
3074 8.30854383191e-06
3075 2.45377607306e-08
3076 5.40088629901e-06
3077 0.00315823601953
3078 3.78660779314e-05
3079 9.38788964144e-05
3080 2.63946760831e-05
3081 5.80616409064e-06
3082 8.99243385627e-06
3083 0.000303149129836
3084 2.62758521157e-07
3085 3.40903857642e-05
3086 2.95601103882e-05
3087 7.10723600872e-06
3088 2.31939828961e-05
3089 9.38473405983e-07
3090 0.00018239089296
3091 7.59679061654e-05
3092 0.0
3093 4.17817813639e-07
3094 1.54229474146e-06
3095 2.53918454763e-08
3096 1.92762296364e-06
3097 5.21047965071e-05
3098 3.68925409277e-05
3099 1.03331489182e-05
3100 4.33792555773e-07
3101 5.31280113468e-05
3102 0.0428354170193
3103 1.3619633113e-06
3104 2.38283937233e-06
3105 0.000234254502282
3106 1.85362334186e-06
3107 8.47693552004e-06
3108 3.415677853e-05
3109 4.78776292802e-06
3110 1.12004943225e-06
3111 0.000118940211196
3112 5.84742822873e-05
3113 1.80441060516e-06
3114 2.01968345758e-05
3115 1.12574599641e-05
3116 2.63443220804e-05
3117 0.000258785448787
3118 5.04772965918e-05
3119 0.000183973498096
3120 1.53088942647e-05
3121 9.06150382317e-05
3122 1.22688803653e-07
3123 2.89681897514e-08
3124 3.67306431461e-06
3125 1.52710620395e-05
3126 0.0
3127 1.75269719504e-08
3128 2.45377607306e-08
3129 1.83156856882e-07
3130 5.17517219911e-06
3131 6.16405404813e-07
3132 1.75269719504e-08
3133 0.000115634285148
3134 4.71621603566e-07
3135 0.0
3136 6.0547119897e-05
3137 0.000405562751764
3138 1.65255036278e-05
3139 2.94912264056e-06
3140 2.10461216562e-06
3141 0.000434736161705
3142 5.28925064637e-07
3143 3.87977083149e-05
3144 2.04481339421e-08
3145 3.5823643807e-06
3146 2.35571857501e-05
3147 1.26690041185e-05
3148 0.0
3149 6.89116217891e-06
3150 8.65723190098e-06
3151 0.000262200335651
3152 1.79832522715e-06
3153 0.000250827293926
3154 1.05048173762e-06
3155 8.23037419516e-05
3156 0.000161786962105
3157 8.02286658953e-07
3158 2.65319370565e-06
3159 8.98857398445e-05
3160 3.80335291324e-07
3161 3.59303684588e-06
3162 3.85593382909e-07
3163 5.01352069748e-05
3164 2.74732593831e-05
3165 2.67387312569e-06
3166 1.50936812682e-06
3167 3.05242808478e-06
3168 1.29242468907e-06
3169 5.96308255002e-05
3170 3.58835764438e-06
3171 1.81601604616e-06
3172 4.44031864864e-06
3173 2.02747467047e-05
3174 7.64819649544e-05
3175 5.72963652821e-05
3176 7.66805022831e-09
3177 5.02841444234e-06
3178 1.45242805993e-05
3179 1.78825433935e-05
3180 4.93329115782e-05
3181 1.75269719504e-08
3182 1.75269719504e-08
3183 1.77209781792e-05
3184 0.0
3185 9.84702307273e-06
3186 0.00148732361576
3187 2.07679774293e-05
3188 0.000434747030408
3189 0.000215234766037
3190 1.57846476194e-06
3191 9.38305746072e-07
3192 1.14537298508e-05
3193 1.04008387941e-06
3194 4.61293640106e-05
3195 5.56170514045e-07
3196 7.61709892545e-05
3197 1.3010841741e-05
3198 3.68066410959e-07
3199 0.000846184615137
3200 3.43810340428e-06
3201 7.09891050025e-07
3202 0.000170411647109
3203 1.24943398447e-05
3204 7.83971218566e-06
3205 1.24543853627e-05
3206 1.21475933241e-05
3207 0.000535681718186
3208 6.29306935828e-06
3209 3.09760841468e-06
3210 8.62609840854e-07
3211 1.38557509267e-06
3212 8.80026916159e-06
3213 5.69898934942e-06
3214 4.887933278e-05
3215 0.00106797249409
3216 6.65564929887e-06
3217 3.55797530593e-07
3218 4.07530103459e-07
3219 2.89681897514e-08
3220 1.05305130881e-05
3221 3.03450957768e-05
3222 8.27972146835e-06
3223 7.46427899972e-06
3224 4.36867198299e-06
3225 0.000159727034837
3226 0.000122412332388
3227 7.64268708164e-05
3228 2.89681897514e-07
3229 3.27366168683e-05
3230 1.30462080722e-06
3231 0.0
3232 6.11992737944e-06
3233 0.000135658535862
3234 6.25720064628e-05
3235 5.20262699265e-05
3236 2.51456091535e-07
3237 3.10540645451e-06
3238 7.03674572205e-05
3239 1.85225004984e-06
3240 0.000155293231712
3241 0.000309644972884
3242 5.71628113415e-07
3243 2.97329789968e-06
3244 5.65500490752e-07
3245 1.1470606461e-06
3246 8.73683141406e-06
3247 1.11701251161e-06
3248 0.000485352023911
3249 3.82827404935e-05
3250 1.57007616653e-06
3251 1.51140355704e-05
3252 4.46937784736e-07
3253 0.000128084815328
3254 0.000367473714434
3255 1.93109576238e-06
3256 9.24681420307e-06
3257 5.2875043069e-05
3258 5.08322362364e-06
3259 6.53551336189e-05
3260 8.79700107363e-06
3261 3.84047598234e-06
3262 0.000164728840997
3263 2.11799880596e-06
3264 0.000166070570689
3265 3.14655674012e-06
3266 2.41065828015e-05
3267 1.53361004566e-08
3268 0.000448045901413
3269 0.0
3270 7.43342780833e-07
3271 2.45377607306e-08
3272 1.84033205479e-07
3273 0.000296072508852
3274 3.59406961623e-06
3275 0.000423322427019
3276 1.25146895816e-05
3277 5.02715426648e-06
3278 0.000137993436184
3279 1.20778077434e-05
3280 1.3323262201e-05
3281 0.000394861572632
3282 1.54773104363e-07
3283 0.0
3284 1.6513553444e-07
3285 6.2374964412e-06
3286 2.608203234e-06
3287 3.99423452161e-05
3288 1.76735178083e-05
3289 0.000650333170153
3290 1.75479881662e-05
3291 2.83821636571e-07
3292 0.000453519640065
3293 2.46659312557e-06
3294 8.92629899262e-05
3295 3.79588540275e-06
3296 3.05667457709e-05
3297 1.50505990967e-05
3298 5.51130383926e-06
3299 1.2298616272e-05
3300 2.21758967027e-05
3301 1.7937768817e-06
3302 4.34491140389e-06
3303 6.68336134175e-05
3304 9.24836909414e-06
3305 8.10258011357e-05
3306 1.19767641661e-07
3307 5.0869182652e-06
3308 3.84600803581e-06
3309 7.37593402913e-08
3310 1.10994554664e-06
3311 3.06722009132e-08
3312 1.96616672521e-08
3313 2.33559774943e-06
3314 1.33642743132e-05
3315 2.25513705762e-07
3316 3.54374246942e-07
3317 5.8815654569e-05
3318 0.0
3319 1.36087336173e-06
3320 1.20872449619e-05
3321 0.000366811793444
3322 2.27807563458e-05
3323 1.75269719504e-08
3324 1.65428982881e-07
3325 0.000168105515852
3326 1.31588746706e-06
3327 3.62064701811e-06
3328 4.33206290501e-05
3329 6.11733314815e-06
3330 4.15871753227e-06
3331 0.000313882687386
3332 4.85876578238e-05
3333 1.26653507964e-05
3334 1.57450631355e-07
3335 6.80555842485e-08
3336 2.55987694452e-05
3337 0.0
3338 3.57337505749e-06
3339 1.21573450892e-07
3340 0.000445049056202
3341 3.19462081753e-06
3342 1.03185190192e-05
3343 4.62051272864e-05
3344 2.94949934086e-06
3345 0.000122801336557
3346 2.53448515044e-05
3347 1.11792944279e-05
3348 0.000164364347752
3349 0.000103203792065
3350 8.57338071129e-07
3351 0.00025005765159
3352 0.000148167680011
3353 5.03348381358e-08
3354 3.23208345836e-05
3355 2.89681897514e-08
3356 8.02929330426e-05
3357 6.37932349322e-07
3358 1.41775411916e-06
3359 7.62170927576e-07
3360 1.74694234971e-06
3361 0.00031424496184
3362 6.86246046416e-06
3363 0.00025508522777
3364 0.000203940097157
3365 5.92220816211e-06
3366 2.74065578548e-05
3367 5.69726649736e-05
3368 1.28739061254e-07
3369 5.52099616438e-08
3370 1.57928046819e-05
3371 4.52337508417e-08
3372 1.74783540096e-07
3373 0.0
3374 0.000125655048546
3375 2.61992497422e-06
3376 5.00583031932e-08
3377 0.0
3378 4.74121758723e-06
3379 1.19058899246e-05
3380 3.42604518102e-06
3381 3.08179484736e-06
3382 0.000691965029159
3383 1.28435117417e-07
3384 3.45800516516e-06
3385 5.51780996735e-06
3386 0.000478280157376
3387 3.54828027449e-05
3388 0.000122137935589
3389 4.14181313128e-07
3390 7.36132821917e-08
3391 2.75358784394e-06
3392 5.52645810803e-05
3393 1.36828459957e-06
3394 4.55419486616e-06
3395 7.37199807138e-06
3396 1.1339932299e-05
3397 2.93657946523e-05
3398 0.000411590580026
3399 5.90844235592e-08
3400 1.23398303992e-06
3401 5.99070382555e-06
3402 0.0
3403 1.49929496389e-06
3404 0.000244959663444
3405 1.72424479555e-05
3406 1.79043821945e-06
3407 7.7546757595e-05
3408 0.0
3409 0.0
3410 1.01756955721e-05
3411 4.8598418864e-06
3412 3.34545920693e-05
3413 2.91802833959e-05
3414 0.0
3415 1.20527564281e-05
3416 7.85187823581e-06
3417 6.93571326771e-05
3418 0.000122516797609
3419 5.1597900581e-07
3420 1.38958450781e-05
3421 9.01293823373e-06
3422 2.35452249958e-06
3423 8.41748490215e-06
3424 1.44013286193e-07
3425 1.53361004566e-08
3426 6.58597946976e-07
3427 0.000272920720109
3428 1.21573450892e-07
3429 3.94502926984e-07
3430 3.06722009132e-08
3431 2.19074075539e-06
3432 7.01945666564e-06
3433 1.70941546911e-06
3434 7.27857569141e-06
3435 0.000224728323892
3436 3.91463231708e-06
3437 1.19427520352e-07
3438 0.196480999292
3439 2.42018540803e-05
3440 3.14901262709e-07
3441 0.000279190106285
3442 3.05699602435e-07
3443 2.12385096853e-05
3444 3.57581606347e-06
3445 3.06722009132e-08
3446 0.0
3447 3.27754375473e-07
3448 1.7307884801e-07
3449 0.000118605015834
3450 0.00867878118825
3451 2.9947941217e-07
3452 0.0
3453 4.27818729648e-07
3454 0.0
3455 0.000645371548919
3456 8.93082881464e-06
3457 0.000655117481816
3458 1.18599176864e-07
3459 9.22494822624e-07
3460 2.19472654243e-06
3461 5.40645930727e-06
3462 1.74880231239e-07
3463 3.85506989494e-05
3464 2.31474025274e-06
3465 8.40872077477e-06
3466 6.85349544215e-08
3467 5.11555140692e-06
3468 0.0
3469 7.89478653229e-06
3470 4.18129213476e-06
3471 2.32128135993e-06
3472 2.42039746423e-06
3473 2.1880831119e-07
3474 3.4023127798e-07
3475 1.80910575235e-06
3476 3.95442004866e-05
3477 8.26576491277e-07
3478 6.86387521393e-06
3479 5.47979007628e-07
3480 8.40497973077e-08
3481 2.47213483218e-05
3482 7.52863113325e-08
3483 1.28234585434e-06
3484 1.57773286975e-06
3485 1.7009315928e-05
3486 1.23388254734e-06
3487 2.34623185712e-06
3488 0.000430088832243
3489 5.23268515901e-06
3490 0.0
3491 1.51506066701e-06
3492 1.58054841206e-05
3493 7.22545951626e-06
3494 5.2588057274e-07
3495 1.06330296499e-07
3496 0.000802379616958
3497 5.5955344812e-06
3498 1.44655986407e-06
3499 1.77497251936e-07
3500 3.02766268935e-06
3501 1.36317794746e-06
3502 0.000284458594906
3503 2.04481339421e-07
3504 9.43799123977e-07
3505 7.09550247793e-07
3506 4.88306885927e-06
3507 1.85943686646e-05
3508 5.91243187127e-07
3509 6.21120256598e-06
3510 8.16157324595e-07
3511 1.62429357034e-06
3512 7.88508507413e-06
3513 1.10314682552e-06
3514 9.20166027397e-08
3515 3.59064691417e-05
3516 1.01715303153e-06
3517 5.1518675127e-08
3518 1.88236000554e-05
3519 1.41792031938e-06
3520 6.24724197648e-07
3521 5.63459343713e-07
3522 0.000220212036622
3523 5.59061719185e-07
3524 7.52863113325e-08
3525 1.48104240782e-06
3526 0.000400567835228
3527 1.1573092604e-05
3528 6.18671210112e-07
3529 2.37180588515e-06
3530 9.28818186465e-06
3531 6.8910211385e-07
3532 2.87442339987e-07
3533 1.78809330302e-06
3534 1.74211822383e-05
3535 4.21194267296e-06
3536 2.69556555376e-06
3537 1.47854614212e-06
3538 1.02240669711e-07
3539 1.7387876294e-06
3540 1.48263576891e-06
3541 0.000226081525972
3542 5.1263328799e-08
3543 5.30614129523e-06
3544 8.7025353074e-07
3545 2.8627387519e-07
3546 0.000423908945075
3547 2.7929229803e-06
3548 2.33677604513e-06
3549 9.1624006431e-06
3550 1.59539262179e-06
3551 0.000260330840272
3552 6.82967673668e-07
3553 7.60520098545e-08
3554 7.61493558891e-06
3555 2.60021984574e-06
3556 4.58220109028e-06
3557 0.000175921558455
3558 1.36478135027e-06
3559 9.22366770032e-06
3560 4.56813924718e-06
3561 0.0
3562 0.000656718445411
3563 8.40497973077e-08
3564 1.04292308819e-05
3565 2.1813378833e-06
3566 0.0
3567 1.37002497412e-06
3568 9.91261254333e-08
3569 1.15980892434e-05
3570 1.01677183151e-06
3571 0.0
3572 6.76136648702e-07
3573 0.0
3574 3.23815836491e-06
3575 4.08890276643e-07
3576 0.0
3577 7.8446589525e-05
3578 0.000341559557908
3579 1.09187281922e-05
3580 6.85349544215e-08
3581 3.48786741813e-07
3582 1.89875529463e-08
3583 0.0
3584 1.1582863516e-06
3585 2.39019159788e-05
3586 2.40703748119e-07
3587 0.000105027322511
3588 3.12289920929e-07
3589 3.06722009132e-08
3590 0.0
3591 0.000172641120903
3592 4.80973949619e-07
3593 0.000414506139585
3594 1.6676785176e-05
3595 1.89875529463e-08
3596 1.10279653038e-07
3597 0.000440019951506
3598 0.0
3599 1.37002497412e-07
3600 3.13202048053e-06
3601 6.44116219178e-07
3602 2.66801368498e-06
3603 1.71587953901e-06
3604 1.35913235967e-05
3605 0.000592160547884
3606 9.95088162789e-05
3607 5.52099616438e-08
3608 2.30041506849e-07
3609 8.49843308563e-07
3610 5.68744451363e-05
3611 3.71708126242e-06
3612 6.45392524515e-05
3613 5.96277459144e-06
3614 8.40497973077e-08
3615 5.13403072054e-07
3616 2.94576102679e-06
3617 9.59017481887e-07
3618 1.19651526582e-05
3619 2.70320057325e-06
3620 8.17925357686e-08
3621 6.8044352752e-07
3622 1.0156781375e-05
3623 4.32762658917e-07
3624 7.3474056025e-07
3625 1.38390049358e-06
3626 8.01182334439e-05
3627 1.18862081444e-06
3628 4.68648756239e-07
3629 5.26316957243e-06
3630 7.19313078307e-06
3631 8.29281960723e-08
3632 2.0964784679e-07
3633 3.37394210045e-07
3634 0.00629102014369
3635 8.19154524814e-07
3636 3.51998675458e-05
3637 9.99765628874e-07
3638 6.90639939113e-06
3639 6.33892152207e-07
3640 8.76348597521e-09
3641 4.7503133032e-06
3642 2.76049808219e-07
3643 2.81391733657e-06
3644 1.9353352704e-06
3645 3.80335291324e-07
3646 2.93022780776e-06
3647 3.94674229322e-07
3648 7.36132821917e-08
3649 2.56410865525e-06
3650 8.40497973077e-08
3651 0.0
3652 0.00275665882101
3653 3.61931970776e-07
3654 0.0
3655 5.71210019217e-06
3656 1.32191432132e-07
3657 3.66044705026e-06
3658 1.3886141868e-07
3659 2.80933915652e-05
3660 9.99232145306e-07
3661 4.60083013698e-07
3662 7.00820780587e-06
3663 3.01025743248e-06
3664 3.04595244587e-07
3665 9.61062295281e-07
3666 1.22688803653e-07
3667 9.56494421282e-09
3668 1.59283562856e-05
3669 9.43760028099e-09
3670 0.0
3671 2.27316406895e-05
3672 8.72112912633e-07
3673 2.11520716395e-05
3674 1.84033205479e-07
3675 0.00048192691371
3676 1.3437345162e-07
3677 0.0
3678 0.000710837475886
3679 2.8627387519e-07
3680 1.54251958974e-06
3681 2.27165302955e-05
3682 7.84526505966e-08
3683 5.04192559774e-07
3684 1.13184795026e-05
3685 0.000988329812508
3686 2.63254233495e-07
3687 0.0
3688 1.15549677539e-06
3689 0.0
3690 0.0
3691 9.07427241696e-06
3692 0.0
3693 0.00017018518976
3694 5.23684117698e-05
3695 3.06722009132e-07
3696 8.40497973077e-08
3697 2.65290194883e-07
3698 6.87487695202e-06
3699 1.08761499957e-06
3700 0.0
3701 0.0
3702 6.93775973037e-07
3703 4.64688136086e-05
3704 6.77310088386e-07
3705 0.0
3706 2.52683296456e-05
3707 2.1252708889e-06
3708 5.81106172684e-05
3709 3.86492201983e-08
3710 0.0
3711 1.18148511746e-06
3712 2.94250884936e-06
3713 6.64156800353e-08
3714 8.16133768956e-07
3715 2.81759024632e-06
3716 5.61707948283e-08
3717 0.0
3718 0.0
3719 1.50193938931e-06
3720 4.34648611584e-06
3721 9.34479721156e-07
3722 0.000248867101756
3723 6.67254866403e-06
3724 0.000283601204852
3725 2.49467234094e-07
3726 6.34588396527e-07
3727 9.77286199872e-07
3728 2.53556860883e-07
3729 1.97049136195e-06
3730 0.0
3731 1.0915780974e-06
3732 5.13645401218e-06
3733 0.0
3734 0.0
3735 3.79936699035e-05
3736 1.02775255988e-07
3737 4.10120669948e-06
3738 7.030899807e-05
3739 7.40545744194e-06
3740 2.20889894455e-07
3741 2.16865985923e-06
3742 9.57276272794e-05
3743 8.17925357686e-08
3744 6.34588396527e-07
3745 0.0
3746 1.99369305936e-07
3747 0.0
3748 4.2702696756e-06
3749 0.0
3750 2.45377607306e-08
3751 0.000273427038635
3752 6.13444018264e-08
3753 1.46287643919e-06
3754 1.36253402531e-06
3755 3.24156035019e-07
3756 6.31944710879e-08
3757 0.0119295252421
3758 2.55489321893e-07
3759 1.74224827951e-05
3760 1.61645869384e-06
3761 2.22763460654e-05
3762 1.04611293003e-06
3763 6.93735929069e-07
3764 1.20084543477e-06
3765 9.57783602368e-06
3766 0.0
3767 1.22688803653e-08
3768 1.06549383649e-06
3769 3.19765712395e-06
3770 4.01245443118e-07
3771 1.03788885566e-06
3772 6.69676386605e-07
3773 2.28710358729e-05
3774 1.98735777021e-07
3775 7.25796402562e-07
3776 1.32299426606e-06
3777 1.11833588651e-06
3778 3.4094080031e-07
3779 2.58950456252e-07
3780 4.74283082189e-05
3781 1.96241496003e-06
3782 1.75269719504e-08
3783 8.20099376322e-06
3784 2.23070552096e-08
3785 1.13104708346e-06
3786 2.44035477645e-05
3787 1.88291252364e-06
3788 7.15684687975e-08
3789 1.09244195719e-07
3790 4.948448414e-07
3791 6.43214361458e-06
3792 3.56480905459e-06
3793 9.81799405901e-07
3794 1.98208396929e-05
3795 6.12355540656e-06
3796 4.2300672688e-08
3797 1.94787622513e-05
3798 0.000244482065741
3799 0.0
3800 2.21657771933e-06
3801 0.000171446295903
3802 6.13444018264e-08
3803 9.56568431437e-07
3804 4.74822402918e-06
3805 5.75242412562e-05
3806 1.27126289942e-05
3807 1.13633201479e-07
3808 0.0
3809 0.0
3810 2.06053898294e-06
3811 6.54717367727e-06
3812 0.0
3813 4.0282823866e-07
3814 0.0
3815 1.08521167993e-07
3816 7.22938338294e-08
3817 6.13444018264e-08
3818 7.20816749494e-07
3819 6.50186993009e-07
3820 1.55894040139e-07
3821 0.0
3822 7.43514952351e-06
3823 2.9409761328e-06
3824 2.6425287596e-06
3825 0.000144939993578
3826 1.02754055419e-05
3827 4.27132751737e-06
3828 2.06526152816e-07
3829 4.68829736561e-05
3830 1.35167823632e-05
3831 0.0041830758304
3832 4.1985583507e-06
3833 6.47705503348e-07
3834 3.12364000631e-06
3835 6.77266981781e-08
3836 8.58529039949e-07
3837 4.5639111435e-06
3838 4.67273566293e-07
3839 1.9244487273e-05
3840 1.06330296499e-07
3841 7.87872797195e-08
3842 2.04692912492e-05
3843 3.79632832937e-05
3844 2.2848797979e-07
3845 0.0
3846 7.26791484764e-07
3847 0.0
3848 2.38425241765e-06
3849 2.45377607306e-08
3850 3.06722009132e-08
3851 1.22240218268e-06
3852 0.000675671521193
3853 1.79530175508e-06
3854 0.0
3855 0.0
3856 1.40978924404e-06
3857 0.0
3858 2.05911278858e-08
3859 1.59349640934e-05
3860 4.90755214612e-07
3861 2.45275111928e-05
3862 0.00122659881206
3863 8.84517226688e-07
3864 3.66459771863e-07
3865 0.0
3866 1.11535276048e-08
3867 1.44340946601e-06
3868 1.71929310006e-06
3869 4.44274692766e-07
3870 8.68711840683e-06
3871 4.11991143931e-06
3872 8.76348597521e-09
3873 0.000249265878135
3874 5.58858956236e-05
3875 8.42356894344e-08
3876 0.0
3877 1.02240669711e-08
3878 0.000926704034094
3879 5.03941639449e-07
3880 0.0
3881 1.03672039087e-06
3882 2.5472665348e-06
3883 1.05648692034e-07
3884 8.40497973077e-08
3885 9.9002227769e-05
3886 0.0
3887 0.000235460448344
3888 3.47618277017e-07
3889 7.63007512241e-07
3890 1.7139120316e-07
3891 1.62903467072e-07
3892 4.61595604543e-06
3893 7.21098030128e-08
3894 2.63099323389e-07
3895 4.0297429676e-07
3896 1.71076302945e-06
3897 1.41284680507e-06
3898 0.0
3899 6.36149413746e-07
3900 0.0
3901 6.71810139663e-06
3902 6.61643191128e-07
3903 8.62836001042e-06
3904 1.10585635518e-06
3905 6.04149411927e-07
3906 2.58961010567e-07
3907 1.42168730486e-05
3908 3.22400720396e-06
3909 3.98738611872e-07
3910 3.0314148031e-06
3911 0.0
3912 0.0
3913 1.15837350981e-07
3914 2.0634870393e-07
3915 8.20310973312e-07
3916 1.97043178994e-06
3917 4.78486334246e-07
3918 2.40318685856e-07
3919 2.06567049084e-05
3920 8.76348597521e-09
3921 1.99484382014e-07
3922 3.05234426635e-06
3923 0.0
3924 1.1655436347e-07
3925 5.80758264794e-06
3926 2.45377607306e-08
3927 6.6059019267e-06
3928 6.67282055157e-06
3929 1.11836987719e-06
3930 2.43882594342e-05
3931 2.04569134043e-05
3932 5.18343966509e-06
3933 6.95236554033e-08
3934 3.11149339951e-06
3935 2.35956859882e-07
3936 0.0
3937 1.22688803653e-08
3938 1.09869367565e-06
3939 0.000318543483839
3940 0.0
3941 3.2400997692e-07
3942 7.77029089802e-07
3943 0.0
3944 0.0001450982814
3945 1.97605273054e-05
3946 8.79098937826e-06
3947 1.75269719504e-08
3948 4.95956592573e-06
3949 0.00722522137638
3950 1.84573620448e-06
3951 3.71424998233e-06
3952 3.54979163725e-06
3953 2.04481339421e-08
3954 3.06722009132e-08
3955 4.08962678843e-08
3956 0.0
3957 4.76676772926e-06
3958 9.50725875926e-07
3959 6.65646901387e-07
3960 0.0
3961 9.8487861752e-07
3962 0.000208412756565
3963 0.000278007269631
3964 9.61062295281e-08
3965 2.16613898894e-06
3966 0.0
3967 9.85362366209e-06
3968 1.6995408988e-06
3969 4.79918136243e-05
3970 1.18146341154e-06
3971 2.34821476621e-07
3972 9.86389926039e-05
3973 3.81876101135e-07
3974 4.36226857432e-08
3975 0.0
3976 3.86492201983e-08
3977 3.05719229055e-07
3978 4.93601475014e-08
3979 1.22688803653e-07
3980 1.05765538514e-06
3981 0.0248200336362
3982 5.5502077843e-08
3983 1.58589884531e-06
3984 0.0
3985 0.0
3986 9.61062295281e-08
3987 3.69234875755e-07
3988 0.0
3989 2.52534454186e-07
3990 0.000488505919878
3991 0.0
3992 2.04481339421e-08
3993 0.0
3994 6.44116219178e-08
3995 6.54924518547e-07
3996 6.39150243792e-07
3997 1.53361004566e-07
3998 3.09351054925e-07
3999 2.20985904675e-06
4000 1.22688803653e-07
4001 6.12421611567e-07
4002 0.0
4003 4.8053114764e-07
4004 0.0
4005 8.72112912633e-07
4006 0.0
4007 0.0
4008 0.0
4009 0.0
4010 2.46838188302e-07
4011 0.0
4012 2.04481339421e-08
4013 0.0
4014 1.02240669711e-07
4015 1.46510879695e-06
4016 0.0
4017 0.0
4018 6.92315392041e-07
4019 2.97958523157e-08
4020 2.07694617612e-07
4021 5.60278870015e-07
4022 6.35060617003e-07
4023 0.0
4024 4.47741104283e-06
4025 0.0
4026 0.0
4027 3.96839856577e-07
4028 5.76637377169e-07
4029 0.0
4030 0.0
4031 4.54211478095e-06
4032 0.00171012242748
4033 0.0
4034 0.0
4035 0.0
4036 0.0
4037 0.0
4038 7.15684687975e-08
4039 6.33892152207e-07
