node,closeness
1 0.441743428667
2 0.432229828628
3 0.377750818484
4 0.393407547356
5 0.390362007992
6 0.380566131188
7 0.397242835115
8 0.395296520391
9 0.376306062555
10 0.43423046185
11 0.398419850922
12 0.377786195036
13 0.376481660344
14 0.419858554391
15 0.376587097703
16 0.372931588295
17 0.400436866249
18 0.348208976313
19 0.370397666935
20 0.347758706085
21 0.36556420395
22 0.42240848069
23 0.368738664588
24 0.33496645276
25 0.355794760151
26 0.422231629746
27 0.421437629606
28 0.363521761791
29 0.347698758024
30 0.394253419721
31 0.389532733738
32 0.38426376363
33 0.344756943047
34 0.365928972296
35 0.364145241974
36 0.37331121512
37 0.34499281541
38 0.35348764376
39 0.395956123929
40 0.375186104035
41 0.438240194524
42 0.373691615617
43 0.362802499378
44 0.357497429155
45 0.373345764978
46 0.367094457238
47 0.330954220247
48 0.324903430299
49 0.367763788002
50 0.332454342392
51 0.367897947158
52 0.346831827924
53 0.357275794047
54 0.416391514305
55 0.346504122195
56 0.368334641215
57 0.450474705817
58 0.353301890926
59 0.431998392653
60 0.390475364494
61 0.343933923658
62 0.351761509469
63 0.365431741153
64 0.348359325612
65 0.340335863544
66 0.369008506274
67 0.368334641215
68 0.427738414865
69 0.315131707725
70 0.367763788002
71 0.354450486828
72 0.35133260674
73 0.372277684624
74 0.358833035989
75 0.341286039813
76 0.368233773673
77 0.352437619307
78 0.351914942911
79 0.317238203098
80 0.366994267703
81 0.365531079249
82 0.346058247456
83 0.402956846528
84 0.337856029363
85 0.367428817797
86 0.368671265819
87 0.328448216137
88 0.367596226589
89 0.364638975919
90 0.34695114738
91 0.35705443358
92 0.337150103685
93 0.356517984144
94 0.337969251893
95 0.362639427417
96 0.342764974984
97 0.331144392595
98 0.334549758715
99 0.419596524921
100 0.331770786297
101 0.31874217688
102 0.334438815337
103 0.312108393856
104 0.349354896561
105 0.415919269058
106 0.345110872666
107 0.338650183898
108 0.476606922329
109 0.330060627605
110 0.406817364924
111 0.322720079247
112 0.342561225424
113 0.345850565037
114 0.437147918356
115 0.306372065815
116 0.34505183394
117 0.328528462464
118 0.343144010768
119 0.407557182319
120 0.400755115298
121 0.333333415187
122 0.34611763111
123 0.419160535182
124 0.347489102471
125 0.321921713398
126 0.32608527933
127 0.335802962673
128 0.331716223221
129 0.367127865907
130 0.332646243143
131 0.337516816482
132 0.312180853629
133 0.345939541256
134 0.347519037783
135 0.34796868719
136 0.32399012052
137 0.37690376442
138 0.342561225424
139 0.312011833134
140 0.317913231192
141 0.326401892596
142 0.365101003764
143 0.420164669367
144 0.329575244329
145 0.326613309901
146 0.306395335758
147 0.338934716064
148 0.323938086452
149 0.366028580945
150 0.32603257016
151 0.338366129055
152 0.326375484676
153 0.326006221965
154 0.329064441683
155 0.306395335758
156 0.312035967713
157 0.347578923883
158 0.306418609236
159 0.365630471367
160 0.333195753745
161 0.306395335758
162 0.363816828156
163 0.323938086452
164 0.32884984027
165 0.317712923572
166 0.345761634575
167 0.308033062812
168 0.322642645012
169 0.334161778545
170 0.402795905201
171 0.417037216023
172 0.426382093921
173 0.427059177492
174 0.344874838898
175 0.312084248073
176 0.332948249471
177 0.345229010748
178 0.316541195118
179 0.344874838898
180 0.307986027683
181 0.353209087697
182 0.314223476444
183 0.307610263123
184 0.306418609236
185 0.332865829738
186 0.365167103339
187 0.433530466479
188 0.329279323369
189 0.412938989722
190 0.337488579485
191 0.312084248073
192 0.322694263706
193 0.322720079247
194 0.323004323051
195 0.337912631143
196 0.314199002305
197 0.334771866439
198 0.332810905914
199 0.310546650546
200 0.412516718539
201 0.427104392863
202 0.322694263706
203 0.315600140087
204 0.427194852334
205 0.354450486828
206 0.306395335758
207 0.30644188625
208 0.34229961736
209 0.333829939638
210 0.306372065815
211 0.306372065815
212 0.408920526162
213 0.347998705192
214 0.39716461461
215 0.326666207028
216 0.306372065815
217 0.306395335758
218 0.337516816482
219 0.314199002305
220 0.323834068443
221 0.317788009342
222 0.344168670812
223 0.34590987743
224 0.395645448273
225 0.364770864508
226 0.31336914399
227 0.328421476072
228 0.313490906947
229 0.318641468451
230 0.336306877081
231 0.329629105294
232 0.365034928114
233 0.364309671326
234 0.306395335758
235 0.323522414836
236 0.333003218639
237 0.395064243521
238 0.334051092298
239 0.365763078302
240 0.411674761771
241 0.312035967713
242 0.3090951644
243 0.352222211699
244 0.320158808777
245 0.306395335758
246 0.328957105976
247 0.348208976313
248 0.318038551765
249 0.364507182668
250 0.362574239672
251 0.334300239545
252 0.3311987677
253 0.417598446231
254 0.306418609236
255 0.334383371236
256 0.3090951644
257 0.306395335758
258 0.34629590442
259 0.345702373004
260 0.322797550659
261 0.336559401851
262 0.398616698675
263 0.317788009342
264 0.312156696633
265 0.322720079247
266 0.366161476862
267 0.334411090988
268 0.312011833134
269 0.34590987743
270 0.331907272551
271 0.343202398383
272 0.428374322033
273 0.424051402354
274 0.314199002305
275 0.34629590442
276 0.314223476444
277 0.344963313716
278 0.418074514519
279 0.316516358618
280 0.306395335758
281 0.418942879903
282 0.331743502516
283 0.306395335758
284 0.337206469162
285 0.332344784198
286 0.405101525466
287 0.309284749719
288 0.306372065815
289 0.34326080587
290 0.312060106025
291 0.345022322151
292 0.391955012688
293 0.306372065815
294 0.312035967713
295 0.309474567748
296 0.344786409452
297 0.312156696633
298 0.364803851564
299 0.345110872666
300 0.354887040608
301 0.318817749987
302 0.319221412565
303 0.362378816977
304 0.363325316634
305 0.426968775465
306 0.317737948219
307 0.314199002305
308 0.335216967807
309 0.369109798755
310 0.32399012052
311 0.342590317672
312 0.32642830479
313 0.361243036679
314 0.388295407699
315 0.337488579485
316 0.428146995393
317 0.316466697308
318 0.337856029363
319 0.338849306223
320 0.329467575187
321 0.349475958641
322 0.3064651668
323 0.427466460802
324 0.362639427417
325 0.367830855347
326 0.367730263499
327 0.328581981803
328 0.308150713512
329 0.314199002305
330 0.379670681467
331 0.334383371236
332 0.364836844586
333 0.415790660749
334 0.313856764225
335 0.393676294583
336 0.306372065815
337 0.327647903719
338 0.335579485117
339 0.344344941578
340 0.367295000509
341 0.330954220247
342 0.345288110125
343 0.370329660386
344 0.343027295118
345 0.343728782429
346 0.34499281541
347 0.355763382184
348 0.343465388726
349 0.384850313928
350 0.288204686046
351 0.369786505692
352 0.282928951507
353 0.369278743188
354 0.379992557516
355 0.372931588295
356 0.354357079286
357 0.277957761358
358 0.336981120256
359 0.277881173148
360 0.354481633619
361 0.419596524921
362 0.367428817797
363 0.355543891291
364 0.381177453519
365 0.283008347874
366 0.329979631132
367 0.384446868445
368 0.377892364458
369 0.36669402696
370 0.351424426395
371 0.43762215129
372 0.319398336547
373 0.335830918297
374 0.381177453519
375 0.425392912643
376 0.351976353773
377 0.379492096951
378 0.277900316243
379 0.40412752861
380 0.277900316243
381 0.323730117213
382 0.334883030931
383 0.348118829012
384 0.286729759797
385 0.293680910788
386 0.330141663851
387 0.277919461977
388 0.366194715921
389 0.357782792957
390 0.414807299804
391 0.284665936814
392 0.399326964026
393 0.358227598845
394 0.282968644121
395 0.366627373497
396 0.434417509217
397 0.350295327422
398 0.408341025467
399 0.368469217262
400 0.282988494605
401 0.438573710653
402 0.277900316243
403 0.43497961943
404 0.336812306136
405 0.418204539767
406 0.350660725886
407 0.286750141498
408 0.349930689676
409 0.423072993245
410 0.363882463521
411 0.349143239622
412 0.277919461977
413 0.375360657913
414 0.349143239622
415 0.381610158981
416 0.351730838834
417 0.356045983282
418 0.395994992696
419 0.349143239622
420 0.422939923526
421 0.389269612138
422 0.350782694834
423 0.399564281952
424 0.407104752305
425 0.335022090407
426 0.351516294056
427 0.353301890926
428 0.320820819993
429 0.40809317052
430 0.334051092298
431 0.364737883417
432 0.448371789551
433 0.402474407921
434 0.33658748357
435 0.372587142384
436 0.336671756851
437 0.401033998468
438 0.3331682351
439 0.439290100249
440 0.410334756443
441 0.350935275388
442 0.282988494605
443 0.338110886815
444 0.277900316243
445 0.399050449163
446 0.350356174274
447 0.342212503443
448 0.277881173148
449 0.309712168183
450 0.337629811733
451 0.349445685255
452 0.352406830662
453 0.409003446273
454 0.282909109376
455 0.277919461977
456 0.359536630177
457 0.39638410048
458 0.325795589613
459 0.349809312399
460 0.325506414152
461 0.421746052336
462 0.404654528096
463 0.350996344783
464 0.40550874453
465 0.283008347874
466 0.434417509217
467 0.315921449651
468 0.282889270027
469 0.277900316243
470 0.337319256676
471 0.335691186701
472 0.373207603903
473 0.323704139832
474 0.380709795261
475 0.349657709161
476 0.383825022891
477 0.282948796422
478 0.336166749216
479 0.317737948219
480 0.36513405056
481 0.302580332327
482 0.338422901895
483 0.371113246604
484 0.410209578055
485 0.380673869075
486 0.305582985425
487 0.334994269273
488 0.369820406178
489 0.350782694834
490 0.34229961736
491 0.336194765446
492 0.329952641141
493 0.425617323337
494 0.400158812676
495 0.355136983061
496 0.348992213045
497 0.422674035058
498 0.431859649994
499 0.282909109376
500 0.282869433461
501 0.434792087798
502 0.282988494605
503 0.300932561775
504 0.399208410746
505 0.409792867797
506 0.31706366349
507 0.436769271393
508 0.421922496662
509 0.335467857845
510 0.306372065815
511 0.340422024522
512 0.376376282011
513 0.342794101852
514 0.417771436474
515 0.425034347338
516 0.39897151524
517 0.319120401122
518 0.382369762141
519 0.319095158249
520 0.334466544282
521 0.402353978714
522 0.334300239545
523 0.318138879384
524 0.40941855177
525 0.42316175292
526 0.421525704346
527 0.377044676193
528 0.410167868896
529 0.320133401364
530 0.319246675419
531 0.293680910788
532 0.417641680359
533 0.283048062769
534 0.283445825646
535 0.318490525074
536 0.329763834758
537 0.338991679881
538 0.416391514305
539 0.411758802755
540 0.322333279312
541 0.333471190427
542 0.321459956219
543 0.405916783114
544 0.334660775725
545 0.425572422259
546 0.398932059987
547 0.376200782485
548 0.370261678806
549 0.370874413036
550 0.304659843712
551 0.277881173148
552 0.317163376884
553 0.293680910788
554 0.407351407714
555 0.308150713512
556 0.358545995075
557 0.402394113775
558 0.361534413926
559 0.340623236561
560 0.412053216608
561 0.377009438373
562 0.434651545156
563 0.315698934934
564 0.420164669367
565 0.283008347874
566 0.336447121817
567 0.422187440145
568 0.419945970288
569 0.315008667077
570 0.324042171306
571 0.367094457238
572 0.311505867999
573 0.282889270027
574 0.371557611733
575 0.307633721543
576 0.302104470201
577 0.276433974549
578 0.276585601
579 0.276623533607
580 0.331907272551
581 0.423695094065
582 0.276206846326
583 0.276566638598
584 0.276642503812
585 0.310905664015
586 0.27618793582
587 0.301810638231
588 0.320006424765
589 0.302172358846
590 0.310116927321
591 0.324668087774
592 0.413786130946
593 0.382659930809
594 0.300910114172
595 0.302852927221
596 0.276528721592
597 0.417987875929
598 0.310642306375
599 0.302285574417
600 0.276604566003
601 0.276623533607
602 0.370227697374
603 0.27618793582
604 0.30235354449
605 0.372346408583
606 0.30235354449
607 0.387996632739
608 0.27618793582
609 0.27618793582
610 0.36526629759
611 0.331443676821
612 0.302194995175
613 0.301991390222
614 0.27618793582
615 0.374315764182
616 0.276623533607
617 0.307939006915
618 0.310714086928
619 0.309617084242
620 0.310738021152
621 0.322204551964
622 0.299147274052
623 0.300484245109
624 0.302398874857
625 0.27618793582
626 0.302330884403
627 0.302262924516
628 0.276623533607
629 0.276396093908
630 0.352499212739
631 0.345554307914
632 0.2786682088
633 0.276585601
634 0.300641003919
635 0.334300239545
636 0.296967092947
637 0.310714086928
638 0.375116327933
639 0.27618793582
640 0.322178818832
641 0.276604566003
642 0.435167312901
643 0.276206846326
644 0.276623533607
645 0.325742974046
646 0.34102637506
647 0.333113211444
648 0.276528721592
649 0.276206846326
650 0.328528462464
651 0.276585601
652 0.451988906509
653 0.305166880293
654 0.321050616044
655 0.359889462984
656 0.308905811363
657 0.30369652869
658 0.296552303947
659 0.276623533607
660 0.276623533607
661 0.276225759421
662 0.276623533607
663 0.276623533607
664 0.308976791559
665 0.302330884403
666 0.276509766988
667 0.320540404497
668 0.277327168334
669 0.27618793582
670 0.365663614085
671 0.276604566003
672 0.303925336442
673 0.302013999445
674 0.306488450888
675 0.27618793582
676 0.276604566003
677 0.328074251024
678 0.31004542238
679 0.323314978808
680 0.278206964868
681 0.311915332142
682 0.276604566003
683 0.308386284733
684 0.364441321763
685 0.302285574417
686 0.310474947325
687 0.318490525074
688 0.313734716954
689 0.394832239463
690 0.241643763663
691 0.302444218818
692 0.241861082235
693 0.241542481923
694 0.313174519881
695 0.400954277963
696 0.387661060022
697 0.358992701841
698 0.400675505621
699 0.420909953108
700 0.241803092405
701 0.301472310783
702 0.309902511377
703 0.241643763663
704 0.380709795261
705 0.24202069778
706 0.417209741503
707 0.313661534141
708 0.241962631393
709 0.315254844529
710 0.313247475585
711 0.302693853875
712 0.313125901621
713 0.24200617857
714 0.433577062617
715 0.242049741425
716 0.30819779896
717 0.29088556321
718 0.241629289643
719 0.365233226853
720 0.415277021885
721 0.308315575557
722 0.288575791587
723 0.308834863772
724 0.312374244277
725 0.3813215796
726 0.241962631393
727 0.348962023407
728 0.313637147457
729 0.339848440656
730 0.299769710232
731 0.301878394866
732 0.326058922615
733 0.242049741425
734 0.297844136931
735 0.309427091401
736 0.263333180403
737 0.306744809565
738 0.312810250511
739 0.317163376884
740 0.313661534141
741 0.286261779065
742 0.312567874678
743 0.30808011231
744 0.241817587255
745 0.241861082235
746 0.401193534619
747 0.306209275132
748 0.399524709378
749 0.308669446062
750 0.241556945544
751 0.241701677087
752 0.312689015626
753 0.343202398383
754 0.308882158544
755 0.363587290725
756 0.308339141679
757 0.30732904088
758 0.241817587255
759 0.308150713512
760 0.312180853629
761 0.367194701492
762 0.299458168702
763 0.30923733159
764 0.307774547233
765 0.313247475585
766 0.302716568407
767 0.349869990511
768 0.241687196129
769 0.296530505042
770 0.313442190411
771 0.312858770792
772 0.287383414589
773 0.314689210593
774 0.346831827924
775 0.343202398383
776 0.241556945544
777 0.299435940513
778 0.308929467804
779 0.313759118814
780 0.312713255084
781 0.352900095406
782 0.399168908627
783 0.307868502678
784 0.302127096359
785 0.389194499816
786 0.241933608648
787 0.282236128916
788 0.309284749719
789 0.241832083843
790 0.242078792042
791 0.241716159781
792 0.24194811915
793 0.313223153241
794 0.302172358846
795 0.309047804381
796 0.30369652869
797 0.263075583057
798 0.312374244277
799 0.308409861666
800 0.307680649118
801 0.348148872926
802 0.241542481923
803 0.241919099885
804 0.309284749719
805 0.308716690181
806 0.41604795695
807 0.242064265862
808 0.313223153241
809 0.298196406756
810 0.307868502678
811 0.356549495368
812 0.300126552384
813 0.312011833134
814 0.307727591013
815 0.314272436163
816 0.339419519612
817 0.306209275132
818 0.313954470433
819 0.3082448988
820 0.347638830626
821 0.339562372945
822 0.303765134834
823 0.263212905558
824 0.400158812676
825 0.404816958413
826 0.299613858481
827 0.312325874155
828 0.393983884226
829 0.44164670359
830 0.350935275388
831 0.400198510971
832 0.308598606991
833 0.241745130376
834 0.306348799407
835 0.379492096951
836 0.313150208864
837 0.307469587697
838 0.312229178838
839 0.313588385462
840 0.242107849633
841 0.340192358795
842 0.241556945544
843 0.345022322151
844 0.307868502678
845 0.313271801708
846 0.313759118814
847 0.31088170396
848 0.31397890649
849 0.313637147457
850 0.370023939698
851 0.306232520351
852 0.309926320728
853 0.241629289643
854 0.380243283117
855 0.283585306896
856 0.241629289643
857 0.339248254191
858 0.318113791546
859 0.296290928431
860 0.296225656527
861 0.336896692049
862 0.296879672549
863 0.342619414862
864 0.296901522823
865 0.296704986069
866 0.297492698421
867 0.296290928431
868 0.296356229106
869 0.297492698421
870 0.297273470198
871 0.296334459016
872 0.296508709341
873 0.296334459016
874 0.296312692125
875 0.296334459016
876 0.296203905616
877 0.296901522823
878 0.296269167934
879 0.296879672549
880 0.296312692125
881 0.311987702288
882 0.296334459016
883 0.296835981647
884 0.296203905616
885 0.296269167934
886 0.296378002394
887 0.296421558571
888 0.296312692125
889 0.29685782549
890 0.296945233021
891 0.305768285499
892 0.296203905616
893 0.296203905616
894 0.296683164712
895 0.296269167934
896 0.296312692125
897 0.397830472445
898 0.418681991758
899 0.369515525381
900 0.322797550659
901 0.333995776667
902 0.372174646239
903 0.410627136664
904 0.372174646239
905 0.336194765446
906 0.361081363282
907 0.441840196122
908 0.347309598845
909 0.378957349985
910 0.328635518582
911 0.322875059276
912 0.322745898919
913 0.337375678731
914 0.398853172888
915 0.333885200347
916 0.376060500661
917 0.372277684624
918 0.368200163435
919 0.322745898919
920 0.368435564032
921 0.329709929758
922 0.370704005752
923 0.385586024717
924 0.330330903258
925 0.411003666897
926 0.373449452934
927 0.362737252998
928 0.44319940569
929 0.322952605123
930 0.323782084484
931 0.409543247776
932 0.338394513094
933 0.405386492874
934 0.362541654587
935 0.44029698653
936 0.345583910785
937 0.371626070068
938 0.329198709857
939 0.359664852941
940 0.329952641141
941 0.346623216239
942 0.407022600201
943 0.418681991758
944 0.350386605627
945 0.371010851705
946 0.337714607835
947 0.370908513294
948 0.368267390048
949 0.367864398193
950 0.347548978254
951 0.333223276936
952 0.341980416293
953 0.438812247426
954 0.368671265819
955 0.406612336517
956 0.323004323051
957 0.328154314699
958 0.418508246767
959 0.333278336962
960 0.411255070913
961 0.368603891684
962 0.331117211737
963 0.365001899257
964 0.376481660344
965 0.333223276936
966 0.359857358661
967 0.367965063449
968 0.370397666935
969 0.398341166248
970 0.377362113245
971 0.329871697652
972 0.369076028416
973 0.347459172316
974 0.345524710115
975 0.344109953987
976 0.406039354866
977 0.365962169154
978 0.35870540553
979 0.367495763013
980 0.322978462017
981 0.36921114686
982 0.389382334999
983 0.422320036703
984 0.403763486197
985 0.381682372087
986 0.323133690371
987 0.350386605627
988 0.328689072809
989 0.385696624017
990 0.370125790494
991 0.384336984622
992 0.347489102471
993 0.378530636257
994 0.370125790494
995 0.363227173653
996 0.422762627394
997 0.323756098763
998 0.382623635643
999 0.355136983061
1000 0.441791807096
1001 0.344168670812
1002 0.373276671656
1003 0.32282338273
1004 0.381754612529
1005 0.368065783813
1006 0.330655818901
1007 0.370431679577
1008 0.363587290725
1009 0.329898674402
1010 0.389607976684
1011 0.369414010127
1012 0.383023261545
1013 0.380386703497
1014 0.348871485825
1015 0.372174646239
1016 0.368974754467
1017 0.322952605123
1018 0.36921114686
1019 0.389758549815
1020 0.389307179173
1021 0.389307179173
1022 0.392985970832
1023 0.343845976013
1024 0.323730117213
1025 0.415020678044
1026 0.371318206056
1027 0.435308189337
1028 0.322797550659
1029 0.391612560974
1030 0.445057479103
1031 0.329386869486
1032 0.323366812873
1033 0.436013941914
1034 0.333609079605
1035 0.328742644494
1036 0.360693936927
1037 0.388706975389
1038 0.370840319047
1039 0.322875059276
1040 0.356549495368
1041 0.428510833927
1042 0.389344753459
1043 0.350599773213
1044 0.323056057547
1045 0.359312460193
1046 0.32884984027
1047 0.322797550659
1048 0.399208410746
1049 0.373380321232
1050 0.435778436922
1051 0.323004323051
1052 0.411003666897
1053 0.409751243331
1054 0.32884984027
1055 0.389457519848
1056 0.329952641141
1057 0.40031765313
1058 0.323030188228
1059 0.343202398383
1060 0.370329660386
1061 0.39013549232
1062 0.329494485877
1063 0.344168670812
1064 0.347489102471
1065 0.344491971869
1066 0.322771722723
1067 0.417728175478
1068 0.437812132688
1069 0.389269612138
1070 0.347459172316
1071 0.452039555198
1072 0.322797550659
1073 0.33305820596
1074 0.32893028299
1075 0.395296520391
1076 0.435590216023
1077 0.369346364273
1078 0.347429247316
1079 0.371420770702
1080 0.368200163435
1081 0.39743852124
1082 0.3813215796
1083 0.387177367366
1084 0.368099369522
1085 0.355355971687
1086 0.410585342554
1087 0.374454747108
1088 0.329817757386
1089 0.343699496514
1090 0.330628718186
1091 0.343933923658
1092 0.353766639533
1093 0.388482375827
1094 0.337460347213
1095 0.330114647348
1096 0.364243881769
1097 0.322745898919
1098 0.364145241974
1099 0.346325634494
1100 0.388969336669
1101 0.394870887881
1102 0.368200163435
1103 0.390324237116
1104 0.344080603087
1105 0.366827406619
1106 0.32282338273
1107 0.352252968092
1108 0.365696762813
1109 0.381574062674
1110 0.37251832954
1111 0.415619306675
1112 0.322978462017
1113 0.390173226675
1114 0.413871036277
1115 0.367194701492
1116 0.367897947158
1117 0.363096398793
1118 0.367897947158
1119 0.373035046291
1120 0.322745898919
1121 0.389796211285
1122 0.347848666947
1123 0.390475364494
1124 0.414892624765
1125 0.36924494193
1126 0.368401916949
1127 0.374628620969
1128 0.344286164598
1129 0.382080033206
1130 0.400238217144
1131 0.389269612138
1132 0.377856968021
1133 0.369278743188
1134 0.33658748357
1135 0.329979631132
1136 0.408796209018
1137 0.380566131188
1138 0.333416066666
1139 0.32308193101
1140 0.346891477392
1141 0.330466207143
1142 0.344403738631
1143 0.377503368013
1144 0.356770229998
1145 0.333691867862
1146 0.322745898919
1147 0.37015975322
1148 0.32409423882
1149 0.392107405773
1150 0.367562732628
1151 0.33041207229
1152 0.339333865292
1153 0.359857358661
1154 0.372071664876
1155 0.329467575187
1156 0.399960439281
1157 0.368941008834
1158 0.329413766992
1159 0.39176468783
1160 0.399050449163
1161 0.40554951147
1162 0.330737147708
1163 0.329144989441
1164 0.368907269373
1165 0.363980960984
1166 0.362933062581
1167 0.387326067267
1168 0.3382810055
1169 0.323107808617
1170 0.355606575334
1171 0.367763788002
1172 0.386954531471
1173 0.368401916949
1174 0.378743872931
1175 0.329898674402
1176 0.371763062445
1177 0.32308193101
1178 0.328689072809
1179 0.345169931598
1180 0.402514567012
1181 0.411422844527
1182 0.405590286607
1183 0.391688609631
1184 0.376095561308
1185 0.369650965875
1186 0.369956070304
1187 0.333085706431
1188 0.346980990073
1189 0.377362113245
1190 0.35413931969
1191 0.36836827601
1192 0.368603891684
1193 0.370091833999
1194 0.344698025343
1195 0.322849218935
1196 0.388706975389
1197 0.365895781459
1198 0.340824686599
1199 0.430018227331
1200 0.37220898603
1201 0.322952605123
1202 0.383278003856
1203 0.323004323051
1204 0.33283836556
1205 0.366161476862
1206 0.367797318617
1207 0.322745898919
1208 0.405101525466
1209 0.322797550659
1210 0.421085698391
1211 0.40159293087
1212 0.370533754991
1213 0.345229010748
1214 0.359985810333
1215 0.366794052609
1216 0.398419850922
1217 0.358259413019
1218 0.393062553892
1219 0.323004323051
1220 0.387028781597
1221 0.354918264173
1222 0.396150544102
1223 0.370840319047
1224 0.357117651433
1225 0.322771722723
1226 0.378992952893
1227 0.379206710903
1228 0.400595927566
1229 0.36001793758
1230 0.389532733738
1231 0.368469217262
1232 0.400755115298
1233 0.333609079605
1234 0.343787369234
1235 0.329386869486
1236 0.364375484653
1237 0.398774316982
1238 0.398183890099
1239 0.372862648174
1240 0.345554307914
1241 0.323340893763
1242 0.350904748659
1243 0.381465814713
1244 0.368301012562
1245 0.324537489187
1246 0.398734900721
1247 0.360984428688
1248 0.36027516215
1249 0.329252447812
1250 0.34647436147
1251 0.369583233219
1252 0.329736880055
1253 0.322797550659
1254 0.322797550659
1255 0.322875059276
1256 0.369854312881
1257 0.369076028416
1258 0.388145962724
1259 0.385033978294
1260 0.390853695435
1261 0.36975261142
1262 0.389307179173
1263 0.322797550659
1264 0.323366812873
1265 0.329091286555
1266 0.377432727413
1267 0.323652197576
1268 0.368603891684
1269 0.345998884174
1270 0.369076028416
1271 0.322771722723
1272 0.381501890542
1273 0.41239020554
1274 0.395374006722
1275 0.348329245366
1276 0.379456400206
1277 0.322797550659
1278 0.409293931675
1279 0.37515121274
1280 0.376376282011
1281 0.41885588107
1282 0.36221612558
1283 0.388444967799
1284 0.377786195036
1285 0.390173226675
1286 0.385401833437
1287 0.364606018672
1288 0.390550972078
1289 0.3813215796
1290 0.416951006779
1291 0.3813215796
1292 0.367897947158
1293 0.386472599213
1294 0.372483932649
1295 0.362378816977
1296 0.322926752369
1297 0.364573067383
1298 0.343202398383
1299 0.400357382949
1300 0.380028355213
1301 0.381863024478
1302 0.329359976371
1303 0.367897947158
1304 0.376200782485
1305 0.367428817797
1306 0.368099369522
1307 0.360146503936
1308 0.378637224572
1309 0.344609686536
1310 0.376762957933
1311 0.361113686383
1312 0.351271420288
1313 0.421129657646
1314 0.382442263044
1315 0.334466544282
1316 0.371968740488
1317 0.377362113245
1318 0.354949493233
1319 0.36857021385
1320 0.333553910252
1321 0.393561072253
1322 0.344286164598
1323 0.382551065964
1324 0.417425599192
1325 0.386954531471
1326 0.333691867862
1327 0.322771722723
1328 0.393062553892
1329 0.345317667402
1330 0.370601836526
1331 0.369143575274
1332 0.369617096444
1333 0.365829417846
1334 0.376974207139
1335 0.372862648174
1336 0.368502876641
1337 0.384666824696
1338 0.360403912319
1339 0.391308661421
1340 0.369312550635
1341 0.367194701492
1342 0.368704962123
1343 0.329602172611
1344 0.37494200117
1345 0.38139368352
1346 0.370091833999
1347 0.354887040608
1348 0.400436866249
1349 0.374489508967
1350 0.366494139238
1351 0.378566159027
1352 0.367529244769
1353 0.431121191684
1354 0.322771722723
1355 0.323107808617
1356 0.37410748313
1357 0.330114647348
1358 0.378886164233
1359 0.413065839708
1360 0.412854466338
1361 0.374524277281
1362 0.373968757819
1363 0.329979631132
1364 0.333388511619
1365 0.343758073335
1366 0.360146503936
1367 0.368132961361
1368 0.370227697374
1369 0.323004323051
1370 0.39013549232
1371 0.367596226589
1372 0.35857786583
1373 0.32903760119
1374 0.400039765033
1375 0.367596226589
1376 0.400397120654
1377 0.375081449613
1378 0.371728804883
1379 0.376657422091
1380 0.387177367366
1381 0.391194820655
1382 0.359440523086
1383 0.369786505692
1384 0.329386869486
1385 0.331062863405
1386 0.359152509846
1387 0.322745898919
1388 0.343728782429
1389 0.390664438368
1390 0.371797326322
1391 0.371352387977
1392 0.371010851705
1393 0.376833348023
1394 0.376306062555
1395 0.322771722723
1396 0.329306203313
1397 0.378957349985
1398 0.354668629382
1399 0.37543052495
1400 0.37073807468
1401 0.36316177445
1402 0.338934716064
1403 0.400000098224
1404 0.322952605123
1405 0.387140210229
1406 0.408382363899
1407 0.376657422091
1408 0.375990398974
1409 0.38114143902
1410 0.372140312785
1411 0.345406369603
1412 0.329682983866
1413 0.365531079249
1414 0.366261212147
1415 0.342677624073
1416 0.378459610713
1417 0.368065783813
1418 0.338621756954
1419 0.344550819148
1420 0.369177357975
1421 0.371215698039
1422 0.347788687869
1423 0.333250804675
1424 0.366860766696
1425 0.331770786297
1426 0.381754612529
1427 0.366327732527
1428 0.371694553634
1429 0.361664065859
1430 0.375570337081
1431 0.32282338273
1432 0.372312043432
1433 0.376270962652
1434 0.333829939638
1435 0.323808074377
1436 0.377115171599
1437 0.376235869296
1438 0.371968740488
1439 0.377079920601
1440 0.363194471107
1441 0.363194471107
1442 0.329656042379
1443 0.336531324818
1444 0.329118135807
1445 0.376657422091
1446 0.324615835728
1447 0.380853567843
1448 0.370533754991
1449 0.382950540212
1450 0.381357628152
1451 0.353240016689
1452 0.37602544655
1453 0.375850273976
1454 0.35133260674
1455 0.383132395345
1456 0.337347465344
1457 0.368974754467
1458 0.363325316634
1459 0.378495120153
1460 0.359664852941
1461 0.376200782485
1462 0.344256783631
1463 0.39371471702
1464 0.355262086357
1465 0.362281184606
1466 0.377786195036
1467 0.322745898919
1468 0.369786505692
1469 0.375745248751
1470 0.369076028416
1471 0.399881144983
1472 0.370329660386
1473 0.382369762141
1474 0.381574062674
1475 0.32282338273
1476 0.380817614518
1477 0.323314978808
1478 0.330737147708
1479 0.329979631132
1480 0.393983884226
1481 0.382442263044
1482 0.344521392996
1483 0.385954935954
1484 0.385033978294
1485 0.345406369603
1486 0.378601688465
1487 0.336306877081
1488 0.366627373497
1489 0.36921114686
1490 0.355543891291
1491 0.353363786842
1492 0.36836827601
1493 0.352745801905
1494 0.333526332417
1495 0.345495117385
1496 0.366827406619
1497 0.370057883734
1498 0.345317667402
1499 0.323056057547
1500 0.323030188228
1501 0.365597334656
1502 0.352068510263
1503 0.378246693914
1504 0.358641624341
1505 0.366994267703
1506 0.370942619824
1507 0.348299170315
1508 0.376341169007
1509 0.377362113245
1510 0.373276671656
1511 0.323808074377
1512 0.37602544655
1513 0.378779435736
1514 0.382950540212
1515 0.376657422091
1516 0.367629726655
1517 0.370125790494
1518 0.374698215734
1519 0.347848666947
1520 0.37515121274
1521 0.370499723603
1522 0.329629105294
1523 0.374142180541
1524 0.369854312881
1525 0.368839808959
1526 0.367763788002
1527 0.355983144245
1528 0.332591391754
1529 0.380673869075
1530 0.362086077604
1531 0.367629726655
1532 0.360210821555
1533 0.373657001722
1534 0.358609742252
1535 0.387400460059
1536 0.366227961016
1537 0.388669524096
1538 0.357624201293
1539 0.37992098235
1540 0.386917417091
1541 0.370261678806
1542 0.357719339416
1543 0.378140325327
1544 0.375465468223
1545 0.346891477392
1546 0.380494339803
1547 0.322797550659
1548 0.368637575673
1549 0.3586735121
1550 0.385881097244
1551 0.375535374287
1552 0.370806231325
1553 0.324224480838
1554 0.375081449613
1555 0.370499723603
1556 0.358259413019
1557 0.339562372945
1558 0.370329660386
1559 0.322771722723
1560 0.371113246604
1561 0.322745898919
1562 0.345583910785
1563 0.323030188228
1564 0.368032204232
1565 0.323730117213
1566 0.37753869823
1567 0.330303855776
1568 0.357497429155
1569 0.333609079605
1570 0.36176136585
1571 0.368637575673
1572 0.364507182668
1573 0.384300370638
1574 0.381863024478
1575 0.369481680765
1576 0.344315550579
1577 0.367127865907
1578 0.393637879644
1579 0.362021088629
1580 0.328608748012
1581 0.388071283366
1582 0.322745898919
1583 0.369481680765
1584 0.369583233219
1585 0.372724844367
1586 0.343875286897
1587 0.322797550659
1588 0.383023261545
1589 0.347758706085
1590 0.371763062445
1591 0.385401833437
1592 0.371728804883
1593 0.355920327386
1594 0.3586735121
1595 0.330249774097
1596 0.367965063449
1597 0.379563510594
1598 0.367897947158
1599 0.370023939698
1600 0.324042171306
1601 0.368941008834
1602 0.342590317672
1603 0.346861650094
1604 0.369583233219
1605 0.370533754991
1606 0.380997449055
1607 0.361826261601
1608 0.322849218935
1609 0.36857021385
1610 0.380997449055
1611 0.37077214987
1612 0.379420710176
1613 0.372105985665
1614 0.371181541276
1615 0.380530232109
1616 0.333857567706
1617 0.384300370638
1618 0.371010851705
1619 0.347698758024
1620 0.368301012562
1621 0.372552732784
1622 0.37410748313
1623 0.372243332157
1624 0.367228128411
1625 0.360919834534
1626 0.362541654587
1627 0.353797666251
1628 0.322797550659
1629 0.386694880233
1630 0.337150103685
1631 0.365928972296
1632 0.353611587534
1633 0.387028781597
1634 0.360758450241
1635 0.362086077604
1636 0.365398640452
1637 0.380530232109
1638 0.369042264257
1639 0.36404665559
1640 0.380279128072
1641 0.323496470777
1642 0.329440668893
1643 0.352838361811
1644 0.366794052609
1645 0.366327732527
1646 0.378495120153
1647 0.344462555767
1648 0.381899175479
1649 0.333498759143
1650 0.356581012162
1651 0.347339503237
1652 0.34282323367
1653 0.37410748313
1654 0.379278017167
1655 0.337432119665
1656 0.377892364458
1657 0.351608209761
1658 0.322875059276
1659 0.346087936736
1660 0.374142180541
1661 0.362606830615
1662 0.376095561308
1663 0.369481680765
1664 0.428146995393
1665 0.328448216137
1666 0.368907269373
1667 0.368704962123
1668 0.331416446811
1669 0.368603891684
1670 0.36975261142
1671 0.346147330581
1672 0.361696493373
1673 0.360242988979
1674 0.38822067083
1675 0.361956122978
1676 0.369008506274
1677 0.329844725314
1678 0.364276773577
1679 0.333802316143
1680 0.36549796055
1681 0.370397666935
1682 0.34626617945
1683 0.363096398793
1684 0.368401916949
1685 0.436344076862
1686 0.38114143902
1687 0.361696493373
1688 0.381177453519
1689 0.385696624017
1690 0.368907269373
1691 0.330357955171
1692 0.366361001779
1693 0.386917417091
1694 0.322797550659
1695 0.364112373914
1696 0.363194471107
1697 0.337403896838
1698 0.349627404281
1699 0.333968125721
1700 0.367730263499
1701 0.341141732819
1702 0.329629105294
1703 0.365663614085
1704 0.364507182668
1705 0.360532754544
1706 0.345613518728
1707 0.369481680765
1708 0.371181541276
1709 0.329656042379
1710 0.358450416793
1711 0.344963313716
1712 0.342532138116
1713 0.368267390048
1714 0.328448216137
1715 0.371079108692
1716 0.366361001779
1717 0.368132961361
1718 0.369042264257
1719 0.396462013817
1720 0.347519037783
1721 0.366095016843
1722 0.368233773673
1723 0.376587097703
1724 0.370533754991
1725 0.375221001822
1726 0.381465814713
1727 0.353549604784
1728 0.352900095406
1729 0.359632788677
1730 0.374976853559
1731 0.373069545047
1732 0.323004323051
1733 0.376235869296
1734 0.334051092298
1735 0.371044977059
1736 0.367629726655
1737 0.36975261142
1738 0.367061054649
1739 0.361566818194
1740 0.330385011514
1741 0.366627373497
1742 0.368099369522
1743 0.372243332157
1744 0.353394742934
1745 0.364178115969
1746 0.364441321763
1747 0.37262155834
1748 0.333416066666
1749 0.332536558453
1750 0.34399258042
1751 0.36857021385
1752 0.382406009156
1753 0.367931502243
1754 0.374038107611
1755 0.374628620969
1756 0.336054730972
1757 0.332536558453
1758 0.368941008834
1759 0.353332836173
1760 0.323056057547
1761 0.358291232844
1762 0.368704962123
1763 0.323626232699
1764 0.363685628434
1765 0.364606018672
1766 0.366494139238
1767 0.387065917347
1768 0.36924494193
1769 0.37251832954
1770 0.359152509846
1771 0.376587097703
1772 0.362769873254
1773 0.361566818194
1774 0.362086077604
1775 0.385438657614
1776 0.355136983061
1777 0.322875059276
1778 0.342096420505
1779 0.366627373497
1780 0.331035695929
1781 0.353456671391
1782 0.360597210207
1783 0.368907269373
1784 0.366760704663
1785 0.331362000213
1786 0.345554307914
1787 0.368941008834
1788 0.338252640499
1789 0.323004323051
1790 0.367228128411
1791 0.366194715921
1792 0.36921114686
1793 0.323548363057
1794 0.370363660539
1795 0.375116327933
1796 0.370499723603
1797 0.365895781459
1798 0.328635518582
1799 0.333747082865
1800 0.369346364273
1801 0.431905887643
1802 0.348660414053
1803 0.33122596195
1804 0.345554307914
1805 0.371523392023
1806 0.347998705192
1807 0.348509804803
1808 0.37881500522
1809 0.341546100295
1810 0.368334641215
1811 0.367897947158
1812 0.36669402696
1813 0.386694880233
1814 0.370942619824
1815 0.336981120256
1816 0.360146503936
1817 0.368603891684
1818 0.333691867862
1819 0.352007067242
1820 0.373899433737
1821 0.366927505056
1822 0.361664065859
1823 0.323600271987
1824 0.368873536082
1825 0.379064178781
1826 0.348449597529
1827 0.368637575673
1828 0.371660308696
1829 0.381501890542
1830 0.329386869486
1831 0.356266094727
1832 0.369278743188
1833 0.369888225801
1834 0.371113246604
1835 0.322745898919
1836 0.375570337081
1837 0.365928972296
1838 0.334078756985
1839 0.322875059276
1840 0.370091833999
1841 0.323237258861
1842 0.369956070304
1843 0.369076028416
1844 0.385733504551
1845 0.366394277074
1846 0.367797318617
1847 0.36857021385
1848 0.347938674365
1849 0.36556420395
1850 0.36836827601
1851 0.363915290085
1852 0.369042264257
1853 0.342038408563
1854 0.339077161519
1855 0.322771722723
1856 0.325716672635
1857 0.354855822536
1858 0.366894132841
1859 0.334660775725
1860 0.376270962652
1861 0.344933817066
1862 0.36836827601
1863 0.383715494206
1864 0.372346408583
1865 0.367931502243
1866 0.329575244329
1867 0.357086039709
1868 0.368839808959
1869 0.368603891684
1870 0.359472553073
1871 0.362900412971
1872 0.374315764182
1873 0.379849434142
1874 0.369278743188
1875 0.339105664979
1876 0.360242988979
1877 0.378282163409
1878 0.365895781459
1879 0.363685628434
1880 0.369650965875
1881 0.333691867862
1882 0.38060203704
1883 0.379634951119
1884 0.359568677296
1885 0.359152509846
1886 0.353023627425
1887 0.367629726655
1888 0.327381998912
1889 0.428875291366
1890 0.323314978808
1891 0.322875059276
1892 0.366394277074
1893 0.332948249471
1894 0.376165702218
1895 0.366594055851
1896 0.338422901895
1897 0.322978462017
1898 0.364408400234
1899 0.368267390048
1900 0.36836827601
1901 0.3470108379
1902 0.331117211737
1903 0.369312550635
1904 0.386583707771
1905 0.360661688922
1906 0.323056057547
1907 0.351057435436
1908 0.362867769235
1909 0.328662293514
1910 0.355168250624
1911 0.344491971869
1912 0.367562732628
1913 0.44029698653
1914 0.315600140087
1915 0.346058247456
1916 0.306139560643
1917 0.324485279166
1918 0.333553910252
1919 0.337093757048
1920 0.345554307914
1921 0.322024506314
1922 0.364902848538
1923 0.306395335758
1924 0.345969210171
1925 0.305814645636
1926 0.336166749216
1927 0.325690375471
1928 0.329952641141
1929 0.310666229541
1930 0.336784186892
1931 0.306511738515
1932 0.313612764564
1933 0.344433144688
1934 0.30627902138
1935 0.306488450888
1936 0.313881185075
1937 0.306698167003
1938 0.305837830977
1939 0.337884327883
1940 0.315082479934
1941 0.360758450241
1942 0.344139309895
1943 0.324276606961
1944 0.338139228046
1945 0.310212318563
1946 0.324955774979
1947 0.337940939146
1948 0.339276786425
1949 0.321870341545
1950 0.306116329533
1951 0.310188465251
1952 0.290445747756
1953 0.310666229541
1954 0.331688948412
1955 0.354512785885
1956 0.350935275388
1957 0.305953810435
1958 0.311049501935
1959 0.318364848125
1960 0.336840430076
1961 0.352591643265
1962 0.308527800427
1963 0.337827735582
1964 0.35680178583
1965 0.342706736096
1966 0.307751067332
1967 0.337460347213
1968 0.321844661767
1969 0.279847449919
1970 0.305930607507
1971 0.314296921744
1972 0.337516816482
1973 0.315131707725
1974 0.292913229058
1975 0.306931521767
1976 0.276509766988
1977 0.313515270894
1978 0.306884822411
1979 0.30653502968
1980 0.337516816482
1981 0.312108393856
1982 0.313710318889
1983 0.308622216402
1984 0.338394513094
1985 0.337403896838
1986 0.443882151253
1987 0.336840430076
1988 0.295422994551
1989 0.306418609236
1990 0.358545995075
1991 0.306814800014
1992 0.338963195579
1993 0.306023440342
1994 0.3382810055
1995 0.324302676308
1996 0.290990477573
1997 0.305814645636
1998 0.336138737654
1999 0.314125602756
2000 0.278187779504
2001 0.300506629216
2002 0.31378352447
2003 0.326401892596
2004 0.349445685255
2005 0.314150065461
2006 0.336924830083
2007 0.311915332142
2008 0.33987707394
2009 0.306186033441
2010 0.347369412778
2011 0.322487887968
2012 0.362933062581
2013 0.30644188625
2014 0.310283900515
2015 0.310283900515
2016 0.305930607507
2017 0.308740317663
2018 0.305884212207
2019 0.313710318889
2020 0.309902511377
2021 0.336981120256
2022 0.322204551964
2023 0.311987702288
2024 0.311049501935
2025 0.314321411141
2026 0.311385641883
2027 0.349203686859
2028 0.353611587534
2029 0.340623236561
2030 0.286200850698
2031 0.337827735582
2032 0.321229574024
2033 0.324955774979
2034 0.337432119665
2035 0.306046657354
2036 0.311097477488
2037 0.307868502678
2038 0.337601555828
2039 0.324615835728
2040 0.325008136528
2041 0.337065590791
2042 0.306162795278
2043 0.34326080587
2044 0.337629811733
2045 0.322771722723
2046 0.337516816482
2047 0.334466544282
2048 0.339762569746
2049 0.331280363849
2050 0.307071705153
2051 0.306768136166
2052 0.306209275132
2053 0.321665017988
2054 0.336671756851
2055 0.327514897344
2056 0.324042171306
2057 0.335775011702
2058 0.357782792957
2059 0.334716311864
2060 0.337997569383
2061 0.335747065384
2062 0.342415838264
2063 0.334716311864
2064 0.336503252468
2065 0.337940939146
2066 0.333003218639
2067 0.307493024666
2068 0.279208263468
2069 0.327063482292
2070 0.337319256676
2071 0.310307768507
2072 0.322694263706
2073 0.32642830479
2074 0.338054218603
2075 0.337093757048
2076 0.344491971869
2077 0.306209275132
2078 0.334383371236
2079 0.33847969379
2080 0.30567560738
2081 0.308362711404
2082 0.365796245066
2083 0.30662822975
2084 0.336868558713
2085 0.33658748357
2086 0.309427091401
2087 0.336362960943
2088 0.338963195579
2089 0.338139228046
2090 0.31057055898
2091 0.337884327883
2092 0.274365843065
2093 0.351118547357
2094 0.337545058203
2095 0.305814645636
2096 0.336868558713
2097 0.310260036194
2098 0.311578048242
2099 0.335384186115
2100 0.307165231904
2101 0.30606987789
2102 0.322565247928
2103 0.326692662017
2104 0.337742882668
2105 0.337629811733
2106 0.310331640172
2107 0.305745110701
2108 0.309118849854
2109 0.337178284068
2110 0.336362960943
2111 0.353085425872
2112 0.328287841031
2113 0.337065590791
2114 0.306162795278
2115 0.306651538623
2116 0.336222786347
2117 0.32563779388
2118 0.328823034773
2119 0.337856029363
2120 0.306511738515
2121 0.33155264162
2122 0.337037429241
2123 0.336643661069
2124 0.3382810055
2125 0.337319256676
2126 0.322178818832
2127 0.312156696633
2128 0.32246210956
2129 0.364540122049
2130 0.311073487862
2131 0.306418609236
2132 0.338139228046
2133 0.35364258706
2134 0.327408569969
2135 0.32399012052
2136 0.322384799056
2137 0.332180582229
2138 0.337884327883
2139 0.354887040608
2140 0.337573304652
2141 0.337545058203
2142 0.309569564162
2143 0.355074464448
2144 0.337601555828
2145 0.320973980792
2146 0.360887546125
2147 0.310857747599
2148 0.350965807429
2149 0.349627404281
2150 0.326322681653
2151 0.337997569383
2152 0.32099952181
2153 0.310451053609
2154 0.340508229137
2155 0.337037429241
2156 0.372140312785
2157 0.307071705153
2158 0.313320465288
2159 0.306186033441
2160 0.342764974984
2161 0.306978235339
2162 0.314640120941
2163 0.310761959062
2164 0.303422413734
2165 0.359632788677
2166 0.336166749216
2167 0.310785900662
2168 0.305768285499
2169 0.305721939416
2170 0.321844661767
2171 0.306186033441
2172 0.291326712688
2173 0.338167574029
2174 0.310953595205
2175 0.341575020372
2176 0.307071705153
2177 0.323964101397
2178 0.306372065815
2179 0.305768285499
2180 0.359793167195
2181 0.322616841858
2182 0.30644188625
2183 0.30822134708
2184 0.322204551964
2185 0.337799446541
2186 0.310738021152
2187 0.308905811363
2188 0.325008136528
2189 0.338195924764
2190 0.339162686278
2191 0.337291052725
2192 0.352160715023
2193 0.348058756738
2194 0.306488450888
2195 0.322384799056
2196 0.30567560738
2197 0.32210164409
2198 0.311097477488
2199 0.319955662325
2200 0.357560803988
2201 0.337573304652
2202 0.337912631143
2203 0.339219726757
2204 0.32357431544
2205 0.305745110701
2206 0.30819779896
2207 0.338650183898
2208 0.308150713512
2209 0.328715856469
2210 0.313466546786
2211 0.347070548962
2212 0.319727430498
2213 0.336475184802
2214 0.333664267212
2215 0.308033062812
2216 0.334494277827
2217 0.336278842163
2218 0.306325536532
2219 0.338508096886
2220 0.306744809565
2221 0.338054218603
2222 0.350935275388
2223 0.349233918326
2224 0.334771866439
2225 0.322720079247
2226 0.350021777925
2227 0.34499281541
2228 0.306139560643
2229 0.304200361254
2230 0.33847969379
2231 0.306209275132
2232 0.303788010437
2233 0.31247102948
2234 0.454228239003
2235 0.323860066682
2236 0.314419406905
2237 0.311265508533
2238 0.334994269273
2239 0.306418609236
2240 0.353301890926
2241 0.338224280254
2242 0.323470530879
2243 0.380171613476
2244 0.326930949882
2245 0.338195924764
2246 0.305814645636
2247 0.35130201085
2248 0.32482494489
2249 0.30660492442
2250 0.309403358689
2251 0.322436335272
2252 0.306209275132
2253 0.306209275132
2254 0.336981120256
2255 0.354170411816
2256 0.305907408098
2257 0.306884822411
2258 0.336447121817
2259 0.343436147675
2260 0.310355515509
2261 0.30728222049
2262 0.336166749216
2263 0.321973101651
2264 0.306093101949
2265 0.320006424765
2266 0.3070950815
2267 0.43521426158
2268 0.322978462017
2269 0.360210821555
2270 0.30567560738
2271 0.309284749719
2272 0.337799446541
2273 0.310069253696
2274 0.35133260674
2275 0.286974531592
2276 0.337742882668
2277 0.336419063513
2278 0.3084806141
2279 0.337771162236
2280 0.336531324818
2281 0.311746598964
2282 0.305861019834
2283 0.326904456288
2284 0.325532681616
2285 0.314174531977
2286 0.31899422668
2287 0.310785900662
2288 0.323964101397
2289 0.32409423882
2290 0.361404854918
2291 0.337742882668
2292 0.30758680828
2293 0.339819812197
2294 0.320362213357
2295 0.334217149179
2296 0.317737948219
2297 0.29136879672
2298 0.313564010151
2299 0.316889315836
2300 0.336868558713
2301 0.336138737654
2302 0.306162795278
2303 0.339276786425
2304 0.323886069096
2305 0.292743177837
2306 0.310666229541
2307 0.335747065384
2308 0.336503252468
2309 0.336924830083
2310 0.338195924764
2311 0.311746598964
2312 0.333664267212
2313 0.306768136166
2314 0.312907306127
2315 0.306651538623
2316 0.319854185743
2317 0.306232520351
2318 0.311337577417
2319 0.310738021152
2320 0.337234658969
2321 0.306046657354
2322 0.305977016883
2323 0.345761634575
2324 0.337714607835
2325 0.338309375259
2326 0.3220502148
2327 0.337601555828
2328 0.325480150927
2329 0.356517984144
2330 0.335886843513
2331 0.335412072054
2332 0.338139228046
2333 0.324276606961
2334 0.338934716064
2335 0.336475184802
2336 0.299836553485
2337 0.339991655338
2338 0.288019490975
2339 0.322204551964
2340 0.337827735582
2341 0.338139228046
2342 0.308575001192
2343 0.311193473007
2344 0.337969251893
2345 0.325401386673
2346 0.310260036194
2347 0.311529924364
2348 0.345583910785
2349 0.336812306136
2350 0.306139560643
2351 0.331498150266
2352 0.338508096886
2353 0.33726285349
2354 0.334272538166
2355 0.337545058203
2356 0.318138879384
2357 0.337403896838
2358 0.3084806141
2359 0.30630227719
2360 0.336671756851
2361 0.3062557691
2362 0.336278842163
2363 0.309498311385
2364 0.33726285349
2365 0.291200533501
2366 0.314027790019
2367 0.310164615607
2368 0.311963575175
2369 0.322513670498
2370 0.338110886815
2371 0.335300556112
2372 0.311337577417
2373 0.324537489187
2374 0.310283900515
2375 0.337291052725
2376 0.30606987789
2377 0.337997569383
2378 0.35348764376
2379 0.313588385462
2380 0.307539909323
2381 0.306023440342
2382 0.337488579485
2383 0.305698771642
2384 0.310093088676
2385 0.339390963368
2386 0.322694263706
2387 0.334744086847
2388 0.329844725314
2389 0.306116329533
2390 0.319398336547
2391 0.334300239545
2392 0.334522015971
2393 0.359889462984
2394 0.317687902866
2395 0.353766639533
2396 0.337827735582
2397 0.314419406905
2398 0.264351309999
2399 0.34002031276
2400 0.320362213357
2401 0.309024129814
2402 0.306209275132
2403 0.306511738515
2404 0.306581622632
2405 0.337488579485
2406 0.310738021152
2407 0.310690156392
2408 0.333360961126
2409 0.336868558713
2410 0.337573304652
2411 0.33845129546
2412 0.275791412497
2413 0.268700525584
2414 0.315575451036
2415 0.333360961126
2416 0.336306877081
2417 0.310738021152
2418 0.345169931598
2419 0.335775011702
2420 0.323652197576
2421 0.334633014566
2422 0.305884212207
2423 0.306046657354
2424 0.337375678731
2425 0.306418609236
2426 0.312060106025
2427 0.306372065815
2428 0.322875059276
2429 0.338110886815
2430 0.334744086847
2431 0.336643661069
2432 0.306046657354
2433 0.310761959062
2434 0.336475184802
2435 0.353580593443
2436 0.310738021152
2437 0.350325748206
2438 0.305768285499
2439 0.31410114386
2440 0.306162795278
2441 0.285775077259
2442 0.306023440342
2443 0.307633721543
2444 0.323912075686
2445 0.306046657354
2446 0.32367816662
2447 0.337093757048
2448 0.334827439458
2449 0.28551213749
2450 0.344344941578
2451 0.306232520351
2452 0.336784186892
2453 0.310260036194
2454 0.309522058666
2455 0.322410565105
2456 0.306581622632
2457 0.306162795278
2458 0.30567560738
2459 0.351087988737
2460 0.34573200125
2461 0.337291052725
2462 0.322745898919
2463 0.355794760151
2464 0.322616841858
2465 0.338252640499
2466 0.31906991937
2467 0.306023440342
2468 0.325506414152
2469 0.341430468945
2470 0.336306877081
2471 0.30567560738
2472 0.322900903753
2473 0.324042171306
2474 0.332673675622
2475 0.311265508533
2476 0.350082529774
2477 0.324198424061
2478 0.335719123717
2479 0.348690551525
2480 0.345169931598
2481 0.309664618914
2482 0.305721939416
2483 0.337065590791
2484 0.305721939416
2485 0.335998749841
2486 0.336419063513
2487 0.306209275132
2488 0.305861019834
2489 0.311313550748
2490 0.333885200347
2491 0.306023440342
2492 0.32695744777
2493 0.337742882668
2494 0.307704118275
2495 0.313685924618
2496 0.335802962673
2497 0.314934888796
2498 0.306768136166
2499 0.348148872926
2500 0.357180891676
2501 0.337629811733
2502 0.331144392595
2503 0.337009272397
2504 0.306721486511
2505 0.336784186892
2506 0.306768136166
2507 0.335942787358
2508 0.347040690863
2509 0.337771162236
2510 0.326190748815
2511 0.340393299349
2512 0.327328869733
2513 0.337488579485
2514 0.30606987789
2515 0.306931521767
2516 0.306000226852
2517 0.337573304652
2518 0.306744809565
2519 0.341517185116
2520 0.298814888192
2521 0.33726285349
2522 0.336362960943
2523 0.308763948763
2524 0.310546650546
2525 0.327143053328
2526 0.286038501779
2527 0.338110886815
2528 0.305768285499
2529 0.306093101949
2530 0.31955014184
2531 0.333305873799
2532 0.329844725314
2533 0.333829939638
2534 0.337516816482
2535 0.306814800014
2536 0.306186033441
2537 0.32344459514
2538 0.335356304812
2539 0.31454198757
2540 0.336475184802
2541 0.286709380994
2542 0.305698771642
2543 0.341575020372
2544 0.347070548962
2545 0.319524830938
2546 0.307986027683
2547 0.33658748357
2548 0.320387657103
2549 0.306116329533
2550 0.337037429241
2551 0.337093757048
2552 0.337093757048
2553 0.333443626268
2554 0.337403896838
2555 0.343202398383
2556 0.332646243143
2557 0.336222786347
2558 0.287731882353
2559 0.306488450888
2560 0.337206469162
2561 0.338337749777
2562 0.336981120256
2563 0.30653502968
2564 0.335579485117
2565 0.337856029363
2566 0.305814645636
2567 0.311553984445
2568 0.338564917381
2569 0.307868502678
2570 0.30567560738
2571 0.310498844719
2572 0.313661534141
2573 0.310833794929
2574 0.336868558713
2575 0.335412072054
2576 0.337234658969
2577 0.332728554156
2578 0.310594471096
2579 0.337150103685
2580 0.335830918297
2581 0.306325536532
2582 0.310474947325
2583 0.321536823736
2584 0.345613518728
2585 0.309783519474
2586 0.334827439458
2587 0.337827735582
2588 0.306488450888
2589 0.334494277827
2590 0.321357523348
2591 0.3382810055
2592 0.335189114299
2593 0.336924830083
2594 0.337291052725
2595 0.326877966987
2596 0.305721939416
2597 0.30567560738
2598 0.335858878577
2599 0.32399012052
2600 0.308787583481
2601 0.337856029363
2602 0.337884327883
2603 0.338337749777
2604 0.327701136522
2605 0.338252640499
2606 0.317013830302
2607 0.332426946072
2608 0.337771162236
2609 0.324380909504
2610 0.32823441746
2611 0.31247102948
2612 0.345140399606
2613 0.309735948295
2614 0.31706366349
2615 0.30644188625
2616 0.337940939146
2617 0.321459956219
2618 0.323522414836
2619 0.311073487862
2620 0.337178284068
2621 0.313954470433
2622 0.30606987789
2623 0.3062557691
2624 0.336166749216
2625 0.337884327883
2626 0.337799446541
2627 0.281173833595
2628 0.324720356644
2629 0.31088170396
2630 0.32884984027
2631 0.337432119665
2632 0.335775011702
2633 0.306116329533
2634 0.320311337986
2635 0.306000226852
2636 0.309474567748
2637 0.313710318889
2638 0.287547294218
2639 0.337234658969
2640 0.311025519706
2641 0.314492943836
2642 0.311409679681
2643 0.368334641215
2644 0.322127364896
2645 0.307001597457
2646 0.312060106025
2647 0.336419063513
2648 0.331389221276
2649 0.329548320447
2650 0.322797550659
2651 0.306093101949
2652 0.308315575557
2653 0.326639756323
2654 0.320133401364
2655 0.336784186892
2656 0.337234658969
2657 0.308433442204
2658 0.311915332142
2659 0.318591138097
2660 0.314394902236
2661 0.313832347175
2662 0.316889315836
2663 0.308339141679
2664 0.305745110701
2665 0.332071204362
2666 0.346653002543
2667 0.305559838705
2668 0.310474947325
2669 0.30567560738
2670 0.314762873798
2671 0.30417742351
2672 0.303948236181
2673 0.314076688772
2674 0.330439137499
2675 0.336727962487
2676 0.346891477392
2677 0.34326080587
2678 0.307798030718
2679 0.305977016883
2680 0.316541195118
2681 0.330845648371
2682 0.35130201085
2683 0.305953810435
2684 0.363325316634
2685 0.312277519011
2686 0.310188465251
2687 0.312543657751
2688 0.330601621914
2689 0.304131558398
2690 0.33198921822
2691 0.272346812759
2692 0.303810889486
2693 0.303948236181
2694 0.313515270894
2695 0.314836571497
2696 0.324250541804
2697 0.305884212207
2698 0.306186033441
2699 0.319120401122
2700 0.304039869656
2701 0.304682854274
2702 0.312108393856
2703 0.312858770792
2704 0.304154489225
2705 0.321357523348
2706 0.329844725314
2707 0.346028563269
2708 0.309498311385
2709 0.290111541934
2710 0.30417742351
2711 0.304223302458
2712 0.283824737254
2713 0.351210255144
2714 0.305559838705
2715 0.303879547314
2716 0.282730655354
2717 0.317587859439
2718 0.324615835728
2719 0.313417837821
2720 0.317113512349
2721 0.372277684624
2722 0.303948236181
2723 0.303856657923
2724 0.310857747599
2725 0.334938640866
2726 0.305745110701
2727 0.305189967513
2728 0.30445290495
2729 0.331634412248
2730 0.329602172611
2731 0.330655818901
2732 0.312567874678
2733 0.303925336442
2734 0.31247102948
2735 0.312785996014
2736 0.310546650546
2737 0.304039869656
2738 0.30660492442
2739 0.364145241974
2740 0.281644975954
2741 0.321357523348
2742 0.326904456288
2743 0.431905887643
2744 0.331688948412
2745 0.304613833013
2746 0.302943901366
2747 0.32344459514
2748 0.31080984595
2749 0.363292596415
2750 0.330493281221
2751 0.325716672635
2752 0.307563357014
2753 0.312180853629
2754 0.363784019352
2755 0.316491526015
2756 0.331743502516
2757 0.370397666935
2758 0.332509148581
2759 0.350599773213
2760 0.305097639585
2761 0.306000226852
2762 0.317913231192
2763 0.311602115757
2764 0.331879966318
2765 0.315131707725
2766 0.373138561705
2767 0.310690156392
2768 0.303879547314
2769 0.312616319791
2770 0.304269195247
2771 0.313832347175
2772 0.304521853294
2773 0.287158384865
2774 0.315254844529
2775 0.303879547314
2776 0.314910303715
2777 0.303879547314
2778 0.332153231008
2779 0.354793402866
2780 0.305374791112
2781 0.334522015971
2782 0.337065590791
2783 0.314787435863
2784 0.289134245312
2785 0.311770692526
2786 0.349657709161
2787 0.316914210903
2788 0.350538841727
2789 0.303788010437
2790 0.305074566331
2791 0.304154489225
2792 0.310594471096
2793 0.303810889486
2794 0.317387961494
2795 0.31169842301
2796 0.304844025587
2797 0.34863028179
2798 0.312156696633
2799 0.304636836625
2800 0.303925336442
2801 0.332235298187
2802 0.310618386894
2803 0.306325536532
2804 0.311121470815
2805 0.305166880293
2806 0.310833794929
2807 0.373899433737
2808 0.310857747599
2809 0.303856657923
2810 0.305861019834
2811 0.331607150891
2812 0.304269195247
2813 0.305282351339
2814 0.312398434956
2815 0.324016143822
2816 0.324720356644
2817 0.304292146835
2818 0.303856657923
2819 0.304959252388
2820 0.345939541256
2821 0.305536695493
2822 0.327994226408
2823 0.313637147457
2824 0.32754148998
2825 0.303948236181
2826 0.31283450877
2827 0.308150713512
2828 0.347070548962
2829 0.337291052725
2830 0.30737587554
2831 0.30737587554
2832 0.304797959244
2833 0.32754148998
2834 0.332783450799
2835 0.303971139371
2836 0.349930689676
2837 0.28211769988
2838 0.30417742351
2839 0.338735493374
2840 0.415277021885
2841 0.311794789812
2842 0.274702144405
2843 0.303765134834
2844 0.331090035341
2845 0.326877966987
2846 0.3070950815
2847 0.330981374351
2848 0.309973950406
2849 0.311217481144
2850 0.336643661069
2851 0.30662822975
2852 0.305143796565
2853 0.317163376884
2854 0.331716223221
2855 0.328261127072
2856 0.304062786658
2857 0.311553984445
2858 0.303788010437
2859 0.310164615607
2860 0.31283450877
2861 0.304246247122
2862 0.303994046013
2863 0.332207937955
2864 0.316864424679
2865 0.332454342392
2866 0.312180853629
2867 0.325585229265
2868 0.332180582229
2869 0.304913151216
2870 0.339191204119
2871 0.307845008439
2872 0.349961047158
2873 0.343670215589
2874 0.315057871805
2875 0.349961047158
2876 0.334799650642
2877 0.305282351339
2878 0.315822515508
2879 0.30445290495
2880 0.304108631028
2881 0.331716223221
2882 0.350752194643
2883 0.310498844719
2884 0.328528462464
2885 0.304016956107
2886 0.338735493374
2887 0.303971139371
2888 0.350874227241
2889 0.311529924364
2890 0.304292146835
2891 0.32724920829
2892 0.311241492986
2893 0.31564952978
2894 0.304131558398
2895 0.316491526015
2896 0.3064651668
2897 0.347489102471
2898 0.328314559338
2899 0.304338060399
2900 0.303902440153
2901 0.304475884262
2902 0.347668791743
2903 0.303902440153
2904 0.304246247122
2905 0.344550819148
2906 0.325900871755
2907 0.314885722472
2908 0.309926320728
2909 0.317562858426
2910 0.331607150891
2911 0.332235298187
2912 0.32563779388
2913 0.342415838264
2914 0.32555895332
2915 0.348028728375
2916 0.315279483438
2917 0.335551571335
2918 0.304590832874
2919 0.311145467843
2920 0.331498150266
2921 0.331852664576
2922 0.352961850607
2923 0.303833771981
2924 0.309878705684
2925 0.350569304822
2926 0.332756000214
2927 0.304131558398
2928 0.314861145066
2929 0.332893298448
2930 0.371591837748
2931 0.303925336442
2932 0.321639370961
2933 0.347399327471
2934 0.321229574024
2935 0.306046657354
2936 0.30417742351
2937 0.331934583279
2938 0.365696762813
2939 0.311289527787
2940 0.337065590791
2941 0.3313075715
2942 0.310236175543
2943 0.310618386894
2944 0.332043871149
2945 0.316615728011
2946 0.33212588429
2947 0.345524710115
2948 0.307001597457
2949 0.329817757386
2950 0.304269195247
2951 0.356329033706
2952 0.3506302469
2953 0.304200361254
2954 0.307001597457
2955 0.30440695673
2956 0.347249805508
2957 0.316590879814
2958 0.310594471096
2959 0.366960883343
2960 0.304131558398
2961 0.313930038178
2962 0.304498867043
2963 0.313954470433
2964 0.303879547314
2965 0.312737498301
2966 0.310905664015
2967 0.315254844529
2968 0.330222739898
2969 0.314492943836
2970 0.326533996324
2971 0.347429247316
2972 0.304154489225
2973 0.304131558398
2974 0.337065590791
2975 0.325453891939
2976 0.303810889486
2977 0.349022407907
2978 0.281881139724
2979 0.305351675921
2980 0.327568086934
2981 0.303925336442
2982 0.329871697652
2983 0.304085707115
2984 0.304200361254
2985 0.315921449651
2986 0.324955774979
2987 0.331825367327
2988 0.305421031995
2989 0.313271801708
2990 0.337065590791
2991 0.30644188625
2992 0.336559401851
2993 0.365431741153
2994 0.323808074377
2995 0.347698758024
2996 0.304682854274
2997 0.306791466316
2998 0.30417742351
2999 0.303856657923
3000 0.312205014363
3001 0.321306331389
3002 0.337093757048
3003 0.343875286897
3004 0.338735493374
3005 0.331144392595
3006 0.349264155029
3007 0.303810889486
3008 0.33371947308
3009 0.304108631028
3010 0.328020896942
3011 0.280080607553
3012 0.353952881512
3013 0.304062786658
3014 0.330682924058
3015 0.314199002305
3016 0.31057055898
3017 0.32743514534
3018 0.371728804883
3019 0.313077298455
3020 0.34002031276
3021 0.31564952978
3022 0.313954470433
3023 0.33122596195
3024 0.330601621914
3025 0.311049501935
3026 0.331525393704
3027 0.31564952978
3028 0.366460845802
3029 0.304108631028
3030 0.331661678088
3031 0.303994046013
3032 0.303765134834
3033 0.311337577417
3034 0.332153231008
3035 0.337037429241
3036 0.346861650094
3037 0.328127622465
3038 0.303810889486
3039 0.348208976313
3040 0.312374244277
3041 0.318565978883
3042 0.33303071003
3043 0.304613833013
3044 0.311529924364
3045 0.304062786658
3046 0.303971139371
3047 0.331770786297
3048 0.312253347054
3049 0.310690156392
3050 0.336671756851
3051 0.304567836209
3052 0.317637873275
3053 0.311578048242
3054 0.303971139371
3055 0.332290032174
3056 0.303879547314
3057 0.332180582229
3058 0.310785900662
3059 0.330249774097
3060 0.303902440153
3061 0.348841317069
3062 0.310212318563
3063 0.300439486899
3064 0.304062786658
3065 0.324929600531
3066 0.32482494489
3067 0.304085707115
3068 0.31080984595
3069 0.306418609236
3070 0.306348799407
3071 0.336727962487
3072 0.303765134834
3073 0.312931579442
3074 0.33283836556
3075 0.303879547314
3076 0.311481815349
3077 0.369278743188
3078 0.308127176183
3079 0.31336914399
3080 0.332728554156
3081 0.321716324315
3082 0.31169842301
3083 0.421878371741
3084 0.303994046013
3085 0.352468413332
3086 0.331253160666
3087 0.307610263123
3088 0.335412072054
3089 0.30445290495
3090 0.334799650642
3091 0.337601555828
3092 0.303948236181
3093 0.305421031995
3094 0.306511738515
3095 0.311578048242
3096 0.304361022377
3097 0.345229010748
3098 0.313515270894
3099 0.331090035341
3100 0.304246247122
3101 0.318943784835
3102 0.418161189032
3103 0.314664663853
3104 0.304959252388
3105 0.332701112626
3106 0.304062786658
3107 0.366095016843
3108 0.315674230424
3109 0.324981953645
3110 0.31189121622
3111 0.318214166647
3112 0.338167574029
3113 0.311433721191
3114 0.331879966318
3115 0.313930038178
3116 0.335802962673
3117 0.316839537432
3118 0.348118829012
3119 0.313685924618
3120 0.326825001263
3121 0.336475184802
3122 0.303879547314
3123 0.303948236181
3124 0.274142099259
3125 0.312325874155
3126 0.303856657923
3127 0.303925336442
3128 0.303879547314
3129 0.303971139371
3130 0.328662293514
3131 0.304820990675
3132 0.303925336442
3133 0.337488579485
3134 0.311313550748
3135 0.304039869656
3136 0.330439137499
3137 0.315476733447
3138 0.35133260674
3139 0.311001541176
3140 0.304521853294
3141 0.337065590791
3142 0.303994046013
3143 0.330981374351
3144 0.303902440153
3145 0.31042716357
3146 0.363096398793
3147 0.336026738075
3148 0.303856657923
3149 0.328047571813
3150 0.319347766829
3151 0.338224280254
3152 0.311217481144
3153 0.347938674365
3154 0.304108631028
3155 0.361404854918
3156 0.317412934974
3157 0.304383987821
3158 0.304820990675
3159 0.330899925403
3160 0.305444157688
3161 0.331961898501
3162 0.304039869656
3163 0.316566035517
3164 0.317863130611
3165 0.306395335758
3166 0.311025519706
3167 0.306023440342
3168 0.311001541176
3169 0.317637873275
3170 0.340450754544
3171 0.305606135651
3172 0.305467286884
3173 0.348389411054
3174 0.325348898346
3175 0.331825367327
3176 0.304797959244
3177 0.306488450888
3178 0.307610263123
3179 0.311818890824
3180 0.363456256473
3181 0.303925336442
3182 0.303925336442
3183 0.361923648896
3184 0.303765134834
3185 0.331688948412
3186 0.366261212147
3187 0.309807310544
3188 0.312350057343
3189 0.346653002543
3190 0.312592095358
3191 0.304383987821
3192 0.328903464377
3193 0.305629289385
3194 0.32341866356
3195 0.330114647348
3196 0.3313075715
3197 0.312737498301
3198 0.304774931293
3199 0.365398640452
3200 0.331579894015
3201 0.303994046013
3202 0.317412934974
3203 0.317038744938
3204 0.310857747599
3205 0.314027790019
3206 0.30644188625
3207 0.348419501692
3208 0.307704118275
3209 0.304521853294
3210 0.330872784661
3211 0.305097639585
3212 0.311770692526
3213 0.331607150891
3214 0.330791389142
3215 0.358132190216
3216 0.313004421989
3217 0.303902440153
3218 0.304705868313
3219 0.303948236181
3220 0.313198834673
3221 0.34543594713
3222 0.310833794929
3223 0.313807933924
3224 0.344639127774
3225 0.34590987743
3226 0.31947422116
3227 0.345998884174
3228 0.303925336442
3229 0.330818516532
3230 0.30502843029
3231 0.303765134834
3232 0.305490419583
3233 0.331716223221
3234 0.316764899143
3235 0.303582253958
3236 0.304383987821
3237 0.311481815349
3238 0.325060514955
3239 0.313053002529
3240 0.35117968056
3241 0.349839648824
3242 0.30502843029
3243 0.304383987821
3244 0.328501709331
3245 0.304659843712
3246 0.314762873798
3247 0.311193473007
3248 0.336391009889
3249 0.301044850044
3250 0.31162618699
3251 0.32399012052
3252 0.303948236181
3253 0.337516816482
3254 0.358641624341
3255 0.309735948295
3256 0.283286586418
3257 0.314664663853
3258 0.314419406905
3259 0.318088707664
3260 0.285148864819
3261 0.328689072809
3262 0.327036967214
3263 0.312205014363
3264 0.318943784835
3265 0.280489569642
3266 0.316566035517
3267 0.30440695673
3268 0.336671756851
3269 0.303788010437
3270 0.304062786658
3271 0.303971139371
3272 0.303856657923
3273 0.330791389142
3274 0.33371947308
3275 0.316144278259
3276 0.30502843029
3277 0.312205014363
3278 0.33658748357
3279 0.315550765847
3280 0.312761745278
3281 0.316964012775
3282 0.305884212207
3283 0.303856657923
3284 0.304108631028
3285 0.331171577916
3286 0.312205014363
3287 0.324798791513
3288 0.315378077601
3289 0.347399327471
3290 0.315501407054
3291 0.339134173232
3292 0.318591138097
3293 0.310331640172
3294 0.332344784198
3295 0.312980137372
3296 0.352376047396
3297 0.314713761163
3298 0.336615569976
3299 0.313247475585
3300 0.335300556112
3301 0.304959252388
3302 0.328635518582
3303 0.327594688208
3304 0.305374791112
3305 0.326772052701
3306 0.304131558398
3307 0.327063482292
3308 0.311915332142
3309 0.304429929106
3310 0.311049501935
3311 0.303879547314
3312 0.303994046013
3313 0.311073487862
3314 0.313856764225
3315 0.304108631028
3316 0.304544843016
3317 0.335049916162
3318 0.303994046013
3319 0.304246247122
3320 0.326692662017
3321 0.317487879001
3322 0.344021916305
3323 0.303925336442
3324 0.304269195247
3325 0.33305820596
3326 0.304292146835
3327 0.311409679681
3328 0.31378352447
3329 0.312664779925
3330 0.305397909803
3331 0.334078756985
3332 0.314959477716
3333 0.336026738075
3334 0.303994046013
3335 0.306348799407
3336 0.336306877081
3337 0.303902440153
3338 0.312592095358
3339 0.304292146835
3340 0.331443676821
3341 0.30630227719
3342 0.285229512168
3343 0.343670215589
3344 0.309807310544
3345 0.347548978254
3346 0.33543996263
3347 0.313150208864
3348 0.337488579485
3349 0.331770786297
3350 0.30445290495
3351 0.338224280254
3352 0.337319256676
3353 0.330168684776
3354 0.327701136522
3355 0.303948236181
3356 0.348148872926
3357 0.306209275132
3358 0.327169585611
3359 0.309878705684
3360 0.305606135651
3361 0.347070548962
3362 0.313661534141
3363 0.361340110228
3364 0.424676385997
3365 0.314566515174
3366 0.312495235153
3367 0.329494485877
3368 0.306000226852
3369 0.304016956107
3370 0.31247102948
3371 0.306023440342
3372 0.306209275132
3373 0.303902440153
3374 0.317838086242
3375 0.304475884262
3376 0.303948236181
3377 0.304039869656
3378 0.287219721651
3379 0.335022090407
3380 0.313759118814
3381 0.31397890649
3382 0.323808074377
3383 0.304131558398
3384 0.304636836625
3385 0.314419406905
3386 0.330114647348
3387 0.331090035341
3388 0.315378077601
3389 0.304108631028
3390 0.304108631028
3391 0.305536695493
3392 0.336362960943
3393 0.30440695673
3394 0.305536695493
3395 0.301562457247
3396 0.333195753745
3397 0.335133421167
3398 0.318540823641
3399 0.309640849754
3400 0.328074251024
3401 0.312858770792
3402 0.304039869656
3403 0.309712168183
3404 0.327514897344
3405 0.313807933924
3406 0.304544843016
3407 0.363554523305
3408 0.303788010437
3409 0.303856657923
3410 0.32754148998
3411 0.305259250139
3412 0.336896692049
3413 0.316069967139
3414 0.303902440153
3415 0.330114647348
3416 0.314345904355
3417 0.344021916305
3418 0.33303071003
3419 0.304315101885
3420 0.336503252468
3421 0.305328564229
3422 0.321101726545
3423 0.315205578261
3424 0.304108631028
3425 0.304131558398
3426 0.304131558398
3427 0.314517463791
3428 0.304292146835
3429 0.304016956107
3430 0.304016956107
3431 0.327781018168
3432 0.311746598964
3433 0.304315101885
3434 0.346891477392
3435 0.31816397118
3436 0.351087988737
3437 0.309379629618
3438 0.423962269111
3439 0.301878394866
3440 0.297910124111
3441 0.316069967139
3442 0.297866129409
3443 0.232909987909
3444 0.298306662027
3445 0.297822147699
3446 0.297844136931
3447 0.297954131811
3448 0.297822147699
3449 0.325348898346
3450 0.294066262618
3451 0.298792755395
3452 0.297712250228
3453 0.298837024268
3454 0.297712250228
3455 0.319981041532
3456 0.298704256986
3457 0.335412072054
3458 0.300708236347
3459 0.298240499082
3460 0.298130292705
3461 0.298439076022
3462 0.298814888192
3463 0.299191648045
3464 0.298372854334
3465 0.298837024268
3466 0.298108261202
3467 0.298394924964
3468 0.241484644752
3469 0.298439076022
3470 0.298770625877
3471 0.298196406756
3472 0.342009409969
3473 0.298130292705
3474 0.298064207964
3475 0.298483240147
3476 0.302194995175
3477 0.298020167744
3478 0.298262550136
3479 0.298086232956
3480 0.29841699886
3481 0.302966653443
3482 0.298394924964
3483 0.298152327464
3484 0.298086232956
3485 0.299125091991
3486 0.299125091991
3487 0.298483240147
3488 0.319322487975
3489 0.285856079265
3490 0.297822147699
3491 0.298042186228
3492 0.301968784384
3493 0.298726376673
3494 0.298218451289
3495 0.297888125136
3496 0.317838086242
3497 0.298792755395
3498 0.299369275739
3499 0.298284604451
3500 0.298262550136
3501 0.298152327464
3502 0.317913231192
3503 0.298262550136
3504 0.298505327112
3505 0.298130292705
3506 0.298350786968
3507 0.298859163623
3508 0.297976140537
3509 0.298328722866
3510 0.298284604451
3511 0.298262550136
3512 0.298284604451
3513 0.298571607623
3514 0.297844136931
3515 0.285613210889
3516 0.298042186228
3517 0.298394924964
3518 0.299280435536
3519 0.302081847431
3520 0.298174365481
3521 0.298262550136
3522 0.299970329461
3523 0.298328722866
3524 0.298394924964
3525 0.298152327464
3526 0.315748355556
3527 0.298792755395
3528 0.302013999445
3529 0.302285574417
3530 0.298593707668
3531 0.297866129409
3532 0.297910124111
3533 0.298130292705
3534 0.298704256986
3535 0.298328722866
3536 0.298218451289
3537 0.297954131811
3538 0.297800161715
3539 0.298130292705
3540 0.298042186228
3541 0.315748355556
3542 0.297954131811
3543 0.323860066682
3544 0.298814888192
3545 0.298064207964
3546 0.336334916674
3547 0.298064207964
3548 0.298527417345
3549 0.298108261202
3550 0.298064207964
3551 0.314885722472
3552 0.297954131811
3553 0.298284604451
3554 0.298637917574
3555 0.298306662027
3556 0.298571607623
3557 0.314345904355
3558 0.334799650642
3559 0.298637917574
3560 0.299258233723
3561 0.241441285048
3562 0.314150065461
3563 0.29841699886
3564 0.299258233723
3565 0.298196406756
3566 0.298020167744
3567 0.297932126336
3568 0.297998152515
3569 0.298615810984
3570 0.298394924964
3571 0.297712250228
3572 0.298130292705
3573 0.297976140537
3574 0.299435940513
3575 0.299302640643
3576 0.241066152181
3577 0.316715159817
3578 0.330981374351
3579 0.301494842346
3580 0.298108261202
3581 0.297910124111
3582 0.297954131811
3583 0.229857606301
3584 0.298020167744
3585 0.29888130626
3586 0.297888125136
3587 0.28464585031
3588 0.298086232956
3589 0.297800161715
3590 0.239193654942
3591 0.298704256986
3592 0.298218451289
3593 0.314419406905
3594 0.23225292133
3595 0.298350786968
3596 0.297998152515
3597 0.304890105857
3598 0.23092340664
3599 0.298042186228
3600 0.298549510849
3601 0.297998152515
3602 0.298593707668
3603 0.298174365481
3604 0.298306662027
3605 0.329898674402
3606 0.332536558453
3607 0.297822147699
3608 0.297888125136
3609 0.298306662027
3610 0.328501709331
3611 0.298372854334
3612 0.341690749669
3613 0.298262550136
3614 0.29841699886
3615 0.298020167744
3616 0.298328722866
3617 0.298042186228
3618 0.299036396634
3619 0.299725164618
3620 0.297822147699
3621 0.298152327464
3622 0.29894775386
3623 0.298064207964
3624 0.298218451289
3625 0.298042186228
3626 0.303239945169
3627 0.297998152515
3628 0.29894775386
3629 0.299014231012
3630 0.298704256986
3631 0.298086232956
3632 0.298020167744
3633 0.297888125136
3634 0.324172371471
3635 0.298306662027
3636 0.302172358846
3637 0.298372854334
3638 0.298042186228
3639 0.298020167744
3640 0.298350786968
3641 0.284686026153
3642 0.297932126336
3643 0.301810638231
3644 0.298328722866
3645 0.298020167744
3646 0.298571607623
3647 0.298174365481
3648 0.297954131811
3649 0.298262550136
3650 0.29841699886
3651 0.297712250228
3652 0.335747065384
3653 0.297888125136
3654 0.297866129409
3655 0.301112263237
3656 0.298042186228
3657 0.300081900661
3658 0.297976140537
3659 0.298903452178
3660 0.298130292705
3661 0.297932126336
3662 0.298064207964
3663 0.298108261202
3664 0.298086232956
3665 0.297976140537
3666 0.297910124111
3667 0.298042186228
3668 0.299435940513
3669 0.298020167744
3670 0.298240499082
3671 0.301833220396
3672 0.297998152515
3673 0.286994948107
3674 0.297822147699
3675 0.334494277827
3676 0.297998152515
3677 0.297822147699
3678 0.334549758715
3679 0.297866129409
3680 0.298020167744
3681 0.244055961679
3682 0.298218451289
3683 0.297932126336
3684 0.299524873076
3685 0.334161778545
3686 0.298130292705
3687 0.298042186228
3688 0.302127096359
3689 0.239151113979
3690 0.241759618278
3691 0.298372854334
3692 0.241441285048
3693 0.343758073335
3694 0.302830192222
3695 0.297844136931
3696 0.29841699886
3697 0.298042186228
3698 0.301833220396
3699 0.298196406756
3700 0.229609026728
3701 0.298240499082
3702 0.298020167744
3703 0.32695744777
3704 0.30172034335
3705 0.230382695065
3706 0.298792755395
3707 0.298372854334
3708 0.299191648045
3709 0.298086232956
3710 0.297712250228
3711 0.29841699886
3712 0.298439076022
3713 0.301337192096
3714 0.298461156451
3715 0.298394924964
3716 0.298086232956
3717 0.297866129409
3718 0.241441285048
3719 0.298394924964
3720 0.298306662027
3721 0.297998152515
3722 0.318691814709
3723 0.298859163623
3724 0.319246675419
3725 0.297866129409
3726 0.298108261202
3727 0.298174365481
3728 0.297866129409
3729 0.298461156451
3730 0.297712250228
3731 0.299391494032
3732 0.302421545138
3733 0.229792138456
3734 0.242398809674
3735 0.303833771981
3736 0.298196406756
3737 0.301427257759
3738 0.302693853875
3739 0.298505327112
3740 0.298020167744
3741 0.298483240147
3742 0.315896710305
3743 0.297822147699
3744 0.298108261202
3745 0.241441285048
3746 0.297844136931
3747 0.000247647350173
3748 0.298196406756
3749 0.297712250228
3750 0.297910124111
3751 0.341546100295
3752 0.297844136931
3753 0.298240499082
3754 0.298394924964
3755 0.297954131811
3756 0.298483240147
3757 0.340536973712
3758 0.298130292705
3759 0.232266293793
3760 0.298240499082
3761 0.299147274052
3762 0.298284604451
3763 0.298837024268
3764 0.298086232956
3765 0.298483240147
3766 0.298152327464
3767 0.297932126336
3768 0.298020167744
3769 0.298306662027
3770 0.298086232956
3771 0.298328722866
3772 0.297910124111
3773 0.298571607623
3774 0.298108261202
3775 0.298152327464
3776 0.297976140537
3777 0.298130292705
3778 0.298020167744
3779 0.298086232956
3780 0.301765484036
3781 0.298461156451
3782 0.297822147699
3783 0.298505327112
3784 0.297998152515
3785 0.298152327464
3786 0.299169459403
3787 0.298262550136
3788 0.297800161715
3789 0.298992068677
3790 0.297954131811
3791 0.285532346446
3792 0.298196406756
3793 0.298130292705
3794 0.298903452178
3795 0.298593707668
3796 0.298328722866
3797 0.298660027437
3798 0.327169585611
3799 0.297712250228
3800 0.298174365481
3801 0.303353962294
3802 0.229936216974
3803 0.298240499082
3804 0.298284604451
3805 0.303080465108
3806 0.298042186228
3807 0.297822147699
3808 0.229543700386
3809 0.229609026728
3810 0.298086232956
3811 0.298571607623
3812 0.229700546099
3813 0.297888125136
3814 0.298240499082
3815 0.297888125136
3816 0.298174365481
3817 0.297822147699
3818 0.298792755395
3819 0.298130292705
3820 0.297976140537
3821 0.297712250228
3822 0.298372854334
3823 0.298483240147
3824 0.298108261202
3825 0.302852927221
3826 0.29841699886
3827 0.298527417345
3828 0.297976140537
3829 0.302285574417
3830 0.298637917574
3831 0.318289489553
3832 0.30194618193
3833 0.298571607623
3834 0.298505327112
3835 0.297932126336
3836 0.298461156451
3837 0.298306662027
3838 0.298152327464
3839 0.303376776009
3840 0.297866129409
3841 0.298064207964
3842 0.306698167003
3843 0.286729759797
3844 0.297976140537
3845 0.297822147699
3846 0.299369275739
3847 0.000247647350173
3848 0.298461156451
3849 0.297910124111
3850 0.297822147699
3851 0.298240499082
3852 0.325664082553
3853 0.299280435536
3854 0.297712250228
3855 0.230106724693
3856 0.298130292705
3857 0.297712250228
3858 0.297932126336
3859 0.302262924516
3860 0.297976140537
3861 0.302671142751
3862 0.319955662325
3863 0.298174365481
3864 0.297954131811
3865 0.298240499082
3866 0.297822147699
3867 0.298218451289
3868 0.298461156451
3869 0.298086232956
3870 0.298859163623
3871 0.298372854334
3872 0.297866129409
3873 0.314419406905
3874 0.302989408937
3875 0.297998152515
3876 0.229504522421
3877 0.297998152515
3878 0.338963195579
3879 0.298020167744
3880 0.230106724693
3881 0.298660027437
3882 0.298196406756
3883 0.297844136931
3884 0.29841699886
3885 0.302194995175
3886 0.186941053366
3887 0.315575451036
3888 0.297888125136
3889 0.298461156451
3890 0.301449782588
3891 0.297866129409
3892 0.299369275739
3893 0.297976140537
3894 0.297932126336
3895 0.297910124111
3896 0.298064207964
3897 0.298262550136
3898 0.297800161715
3899 0.298439076022
3900 0.297844136931
3901 0.298549510849
3902 0.297932126336
3903 0.285592990484
3904 0.298196406756
3905 0.297954131811
3906 0.297866129409
3907 0.232346560914
3908 0.298461156451
3909 0.297976140537
3910 0.298306662027
3911 0.297778178976
3912 0.298240499082
3913 0.298020167744
3914 0.298859163623
3915 0.298306662027
3916 0.298615810984
3917 0.298020167744
3918 0.298020167744
3919 0.298903452178
3920 0.298350786968
3921 0.298064207964
3922 0.298571607623
3923 0.229543700386
3924 0.297932126336
3925 0.232212813182
3926 0.297800161715
3927 0.321562454411
3928 0.298372854334
3929 0.298086232956
3930 0.298969909626
3931 0.302989408937
3932 0.298306662027
3933 0.297888125136
3934 0.298218451289
3935 0.298394924964
3936 0.297712250228
3937 0.297932126336
3938 0.298130292705
3939 0.380243283117
3940 0.297800161715
3941 0.298306662027
3942 0.298086232956
3943 0.239037745354
3944 0.340048975014
3945 0.298903452178
3946 0.298593707668
3947 0.297822147699
3948 0.298505327112
3949 0.32563779388
3950 0.297976140537
3951 0.298726376673
3952 0.298571607623
3953 0.297778178976
3954 0.297800161715
3955 0.297800161715
3956 0.297844136931
3957 0.298328722866
3958 0.298549510849
3959 0.297998152515
3960 0.229870704347
3961 0.298086232956
3962 0.319221412565
3963 0.34174864373
3964 0.297844136931
3965 0.298064207964
3966 0.297778178976
3967 0.302830192222
3968 0.298064207964
3969 0.324380909504
3970 0.298350786968
3971 0.298218451289
3972 0.3027620077
3973 0.298196406756
3974 0.297976140537
3975 0.297712250228
3976 0.298086232956
3977 0.298130292705
3978 0.297866129409
3979 0.297932126336
3980 0.298328722866
3981 0.233963634763
3982 0.189656840178
3983 0.189710355088
3984 0.189603355452
3985 0.189594444263
3986 0.189639008584
3987 0.189665757233
3988 0.189603355452
3989 0.189647923962
3990 0.233246660341
3991 0.189621180342
3992 0.189612267478
3993 0.189612267478
3994 0.189639008584
3995 0.189683593859
3996 0.189665757233
3997 0.189621180342
3998 0.189683593859
3999 0.189710355088
4000 0.189621180342
4001 0.189665757233
4002 0.189603355452
4003 0.189647923962
4004 0.189630094044
4005 0.189674675126
4006 0.189612267478
4007 0.189603355452
4008 0.189621180342
4009 0.189594444263
4010 0.189674675126
4011 0.189594444263
4012 0.233219690732
4013 0.189603355452
4014 0.189639008584
4015 0.189692513429
4016 0.189594444263
4017 0.189621180342
4018 0.189665757233
4019 0.189647923962
4020 0.189656840178
4021 0.189656840178
4022 0.189683593859
4023 0.189594444263
4024 0.189746048476
4025 0.189594444263
4026 0.189621180342
4027 0.189665757233
4028 0.189647923962
4029 0.189603355452
4030 0.189603355452
4031 0.189754973921
4032 0.233314111659
4033 0.189603355452
4034 0.189612267478
4035 0.189603355452
4036 0.189594444263
4037 0.189603355452
4038 0.189621180342
4039 0.189665757233
