node,closeness
1 0.429057752669
2 0.442373175851
3 0.405916783114
4 0.423695094065
5 0.40722804266
6 0.412516718539
7 0.397477681603
8 0.400914429595
9 0.400954277963
10 0.459453415785
11 0.411338940613
12 0.391688609631
13 0.387326067267
14 0.428692985185
15 0.392298063852
16 0.387623809992
17 0.42020843652
18 0.388819372587
19 0.372897115048
20 0.368166559331
21 0.368839808959
22 0.410752570063
23 0.386954531471
24 0.342503055747
25 0.370261678806
26 0.424140573083
27 0.431582431859
28 0.385696624017
29 0.373968757819
30 0.382659930809
31 0.385328206189
32 0.379634951119
33 0.386954531471
34 0.379349350253
35 0.396111644795
36 0.376974207139
37 0.374872315825
38 0.365299374318
39 0.395451523438
40 0.357180891676
41 0.432137224487
42 0.370193722179
43 0.327010456436
44 0.325585229265
45 0.362737252998
46 0.358227598845
47 0.322926752369
48 0.315180950902
49 0.366361001779
50 0.336334916674
51 0.354637449722
52 0.334938640866
53 0.347938674365
54 0.435543186201
55 0.345702373004
56 0.359408498805
57 0.423828639482
58 0.34863028179
59 0.427104392863
60 0.391916932924
61 0.332536558453
62 0.343231599642
63 0.41604795695
64 0.34119944097
65 0.337319256676
66 0.359664852941
67 0.364902848538
68 0.422939923526
69 0.314984070476
70 0.357149268755
71 0.335579485117
72 0.334272538166
73 0.373657001722
74 0.356329033706
75 0.346802010883
76 0.362737252998
77 0.345969210171
78 0.345672749836
79 0.326904456288
80 0.36306371979
81 0.357560803988
82 0.351516294056
83 0.406899434193
84 0.340853484629
85 0.356959648756
86 0.36526629759
87 0.323912075686
88 0.357846269014
89 0.366460845802
90 0.327674517959
91 0.351577565852
92 0.33198921822
93 0.364342575017
94 0.333471190427
95 0.361826261601
96 0.334078756985
97 0.341084044186
98 0.345672749836
99 0.43093697154
100 0.332509148581
101 0.323860066682
102 0.329091286555
103 0.345524710115
104 0.340824686599
105 0.43705319508
106 0.33979118856
107 0.342619414862
108 0.475203320837
109 0.32743514534
110 0.411255070913
111 0.34590987743
112 0.336194765446
113 0.34537679714
114 0.432044660018
115 0.331607150891
116 0.361437235964
117 0.330033624363
118 0.34099754781
119 0.400595927566
120 0.410460011252
121 0.356171727935
122 0.334106426254
123 0.397360223659
124 0.339419519612
125 0.336643661069
126 0.351516294056
127 0.34573200125
128 0.328207712195
129 0.408423710701
130 0.33802589162
131 0.334660775725
132 0.330168684776
133 0.331907272551
134 0.343553141764
135 0.341603945346
136 0.321459956219
137 0.374802656377
138 0.336391009889
139 0.34537679714
140 0.328769436886
141 0.324459180454
142 0.390777970608
143 0.418378032627
144 0.326560429903
145 0.326851481979
146 0.32884984027
147 0.333223276936
148 0.325690375471
149 0.368469217262
150 0.329386869486
151 0.334023432193
152 0.343436147675
153 0.346653002543
154 0.352283729857
155 0.352684122276
156 0.336306877081
157 0.340767105135
158 0.351393814511
159 0.363718419492
160 0.327674517959
161 0.342154452128
162 0.36921114686
163 0.337940939146
164 0.338735493374
165 0.347339503237
166 0.332262662926
167 0.343319233242
168 0.343348454387
169 0.335523662197
170 0.395839563398
171 0.419334822307
172 0.424900041141
173 0.418161189032
174 0.341372682626
175 0.338564917381
176 0.327169585611
177 0.339619547953
178 0.311650261943
179 0.338536504749
180 0.339105664979
181 0.356517984144
182 0.316864424679
183 0.324641959648
184 0.327010456436
185 0.32893028299
186 0.367127865907
187 0.41510609082
188 0.328127622465
189 0.41889937597
190 0.34692130982
191 0.333885200347
192 0.300305292235
193 0.312446827557
194 0.319044684482
195 0.334688541491
196 0.31641705158
197 0.323133690371
198 0.328876650138
199 0.308882158544
200 0.419204093379
201 0.40809317052
202 0.318868151971
203 0.308056585765
204 0.405998489391
205 0.357497429155
206 0.300238239847
207 0.300372374579
208 0.300215895705
209 0.326692662017
210 0.300215895705
211 0.300215895705
212 0.398853172888
213 0.336756072342
214 0.395956123929
215 0.325585229265
216 0.300215895705
217 0.300238239847
218 0.331607150891
219 0.31641705158
220 0.318591138097
221 0.310594471096
222 0.326164375048
223 0.330764266201
224 0.406448462528
225 0.392107405773
226 0.309831105268
227 0.329225576642
228 0.312907306127
229 0.300282938111
230 0.330033624363
231 0.320107997984
232 0.369549376199
233 0.369177357975
234 0.300238239847
235 0.31708858596
236 0.332701112626
237 0.384740199389
238 0.328474960556
239 0.362118580843
240 0.402876359791
241 0.306838137262
242 0.301765484036
243 0.35557523055
244 0.312785996014
245 0.300238239847
246 0.325480150927
247 0.336924830083
248 0.314174531977
249 0.368132961361
250 0.356612534529
251 0.322256030563
252 0.329548320447
253 0.39767359923
254 0.301742912005
255 0.328181011275
256 0.301765484036
257 0.300238239847
258 0.335523662197
259 0.340508229137
260 0.31906991937
261 0.330818516532
262 0.384776897233
263 0.310594471096
264 0.309545809591
265 0.31899422668
266 0.382587347362
267 0.329064441683
268 0.306814800014
269 0.331798074567
270 0.336952972819
271 0.328421476072
272 0.423561632779
273 0.412179522897
274 0.31641705158
275 0.336306877081
276 0.316864424679
277 0.34329001707
278 0.398853172888
279 0.31162618699
280 0.300238239847
281 0.422541216151
282 0.329629105294
283 0.300238239847
284 0.333968125721
285 0.330222739898
286 0.418638541987
287 0.302966653443
288 0.300215895705
289 0.326217126847
290 0.309284749719
291 0.328207712195
292 0.379064178781
293 0.300215895705
294 0.310785900662
295 0.301472310783
296 0.341372682626
297 0.309545809591
298 0.371934445011
299 0.33496645276
300 0.359216472893
301 0.311193473007
302 0.312229178838
303 0.354949493233
304 0.361049045967
305 0.405631069944
306 0.310403277208
307 0.31641705158
308 0.326798524837
309 0.365299374318
310 0.321459956219
311 0.336981120256
312 0.315946192872
313 0.365630471367
314 0.386843209684
315 0.333829939638
316 0.397869710089
317 0.318264377956
318 0.326560429903
319 0.33658748357
320 0.324641959648
321 0.353023627425
322 0.300305292235
323 0.422275828597
324 0.362248652172
325 0.37073807468
326 0.363948122572
327 0.330222739898
328 0.301472310783
329 0.31641705158
330 0.371318206056
331 0.328181011275
332 0.367897947158
333 0.409293931675
334 0.31706366349
335 0.379563510594
336 0.300215895705
337 0.325506414152
338 0.328368009002
339 0.339505217185
340 0.379670681467
341 0.329198709857
342 0.340536973712
343 0.358769209409
344 0.337545058203
345 0.332865829738
346 0.330899925403
347 0.366860766696
348 0.331416446811
349 0.385217818047
350 0.278226152879
351 0.371215698039
352 0.282295380727
353 0.372277684624
354 0.37881500522
355 0.357244154321
356 0.344963313716
357 0.278111064501
358 0.345317667402
359 0.278072722864
360 0.356517984144
361 0.405060848538
362 0.356391994928
363 0.371079108692
364 0.384923758644
365 0.282374421853
366 0.31708858596
367 0.381790743005
368 0.352530017529
369 0.356171727935
370 0.35797328872
371 0.432090937295
372 0.324903430299
373 0.330303855776
374 0.402474407921
375 0.408299695404
376 0.34671259051
377 0.382732541802
378 0.278091892361
379 0.377998593571
380 0.278091892361
381 0.318465381747
382 0.331716223221
383 0.331062863405
384 0.278091892361
385 0.292764423441
386 0.328876650138
387 0.278111064501
388 0.342706736096
389 0.349385154217
390 0.413871036277
391 0.282236128916
392 0.377786195036
393 0.350447484197
394 0.282334895758
395 0.349839648824
396 0.430201662642
397 0.341864490728
398 0.394060856754
399 0.345613518728
400 0.282354657422
401 0.430569003158
402 0.278091892361
403 0.373657001722
404 0.340652000556
405 0.420515062086
406 0.332235298187
407 0.282394189051
408 0.331716223221
409 0.417814706431
410 0.34629590442
411 0.332207937955
412 0.278111064501
413 0.37251832954
414 0.343553141764
415 0.382080033206
416 0.357909767597
417 0.359376480231
418 0.378743872931
419 0.355481229343
420 0.417123460923
421 0.373069545047
422 0.355543891291
423 0.369617096444
424 0.414211006324
425 0.331852664576
426 0.355387277825
427 0.338678615615
428 0.320057203316
429 0.412095310102
430 0.328581981803
431 0.349264155029
432 0.429651825603
433 0.419989691889
434 0.33122596195
435 0.349233918326
436 0.331825367327
437 0.372931588295
438 0.327807654038
439 0.430018227331
440 0.404087047039
441 0.344786409452
442 0.282354657422
443 0.335579485117
444 0.278091892361
445 0.399050449163
446 0.353611587534
447 0.339419519612
448 0.278072722864
449 0.305351675921
450 0.33198921822
451 0.332810905914
452 0.348962023407
453 0.405957632141
454 0.282275627359
455 0.278111064501
456 0.347638830626
457 0.373760862651
458 0.332344784198
459 0.335300556112
460 0.331634412248
461 0.401313270055
462 0.420077162406
463 0.345820916467
464 0.400635712642
465 0.282413959016
466 0.429834948385
467 0.313759118814
468 0.282255876755
469 0.278091892361
470 0.348992213045
471 0.330303855776
472 0.34823903579
473 0.31781304582
474 0.346028563269
475 0.333003218639
476 0.383751996822
477 0.28231513686
478 0.331389221276
479 0.314812001763
480 0.347758706085
481 0.318440242389
482 0.334272538166
483 0.34796868719
484 0.415063380038
485 0.38426376363
486 0.316615728011
487 0.331825367327
488 0.345702373004
489 0.348419501692
490 0.331280363849
491 0.313174519881
492 0.323185466319
493 0.40384432782
494 0.413658838247
495 0.354388209663
496 0.343582402742
497 0.416778695174
498 0.408547801356
499 0.282275627359
500 0.282236128916
501 0.415490883777
502 0.282354657422
503 0.29703269204
504 0.412305906642
505 0.405305032713
506 0.317687902866
507 0.431305569399
508 0.404613940882
509 0.332536558453
510 0.306139560643
511 0.340508229137
512 0.347399327471
513 0.339248254191
514 0.394369047863
515 0.404411126876
516 0.373795495792
517 0.331579894015
518 0.380961468561
519 0.33155264162
520 0.32099952181
521 0.418986392874
522 0.334300239545
523 0.313807933924
524 0.408465065876
525 0.408217060371
526 0.400755115298
527 0.39642305332
528 0.405345758701
529 0.321716324315
530 0.316988919581
531 0.292764423441
532 0.410627136664
533 0.282374421853
534 0.283346280157
535 0.317213257104
536 0.329064441683
537 0.334106426254
538 0.41050177985
539 0.407474847534
540 0.330628718186
541 0.330330903258
542 0.33071003366
543 0.415833521347
544 0.318415107001
545 0.405712661228
546 0.39556785552
547 0.347578923883
548 0.332290032174
549 0.345465529724
550 0.316889315836
551 0.278072722864
552 0.317888178927
553 0.292764423441
554 0.416563505844
555 0.318868151971
556 0.345969210171
557 0.396969198051
558 0.347698758024
559 0.33904866285
560 0.432786288015
561 0.347070548962
562 0.429651825603
563 0.313588385462
564 0.452242263519
565 0.282374421853
566 0.336812306136
567 0.477679217358
568 0.399881144983
569 0.313417837821
570 0.336082728534
571 0.347758706085
572 0.323626232699
573 0.282255876755
574 0.312229178838
575 0.316342612185
576 0.293147372327
577 0.276680452029
578 0.276832349066
579 0.276870349388
580 0.31914564799
581 0.447129349434
582 0.276452918763
583 0.276813352816
584 0.276889353462
585 0.306768136166
586 0.276433974549
587 0.313466546786
588 0.325322660531
589 0.292297731367
590 0.300596199001
591 0.324929600531
592 0.408134458781
593 0.374281034569
594 0.328957105976
595 0.319221412565
596 0.276775368136
597 0.412516718539
598 0.300887669918
599 0.29323260817
600 0.276851347923
601 0.276870349388
602 0.370057883734
603 0.276433974549
604 0.292382473769
605 0.350477931415
606 0.293275244681
607 0.444567003592
608 0.276433974549
609 0.276433974549
610 0.323756098763
611 0.310594471096
612 0.292340096427
613 0.293211294562
614 0.276433974549
615 0.348871485825
616 0.276870349388
617 0.301427257759
618 0.300955012727
619 0.302943901366
620 0.300977467029
621 0.320464012598
622 0.292149550303
623 0.292276553441
624 0.292361283562
625 0.276433974549
626 0.293339222701
627 0.293189984053
628 0.276870349388
629 0.276642503812
630 0.348088790283
631 0.332865829738
632 0.289819742122
633 0.276832349066
634 0.292318912362
635 0.335216967807
636 0.287772934127
637 0.300955012727
638 0.384117405312
639 0.276433974549
640 0.320031812026
641 0.276851347923
642 0.418595101234
643 0.276452918763
644 0.276870349388
645 0.310164615607
646 0.34189346475
647 0.332399554267
648 0.276775368136
649 0.276471865574
650 0.327967560211
651 0.276832349066
652 0.447079795034
653 0.299014231012
654 0.32584822218
655 0.301675216167
656 0.302534947547
657 0.314664663853
658 0.289736478531
659 0.276870349388
660 0.276870349388
661 0.276490814982
662 0.276870349388
663 0.276870349388
664 0.302285574417
665 0.293253924876
666 0.276756379706
667 0.320387657103
668 0.296203905616
669 0.276433974549
670 0.34911302385
671 0.276851347923
672 0.296923376313
673 0.293062186022
674 0.299014231012
675 0.276433974549
676 0.276851347923
677 0.339934354984
678 0.300618599791
679 0.319879548853
680 0.276547678795
681 0.305791463811
682 0.276851347923
683 0.300685822197
684 0.340479489415
685 0.293317893593
686 0.300775498851
687 0.30819779896
688 0.303422413734
689 0.386917417091
690 0.235672196681
691 0.299280435536
692 0.236168900567
693 0.235575857895
694 0.305467286884
695 0.391232760216
696 0.380530232109
697 0.303262741737
698 0.39743852124
699 0.398577313565
700 0.236113607878
701 0.297910124111
702 0.298020167744
703 0.235672196681
704 0.376938982488
705 0.240090524377
706 0.408051890612
707 0.319347766829
708 0.23622421916
709 0.31889335894
710 0.302330884403
711 0.27774724529
712 0.312350057343
713 0.236265725114
714 0.34863028179
715 0.236279563673
716 0.304913151216
717 0.253026468707
718 0.2356171363
719 0.305721939416
720 0.397830472445
721 0.30417742351
722 0.28888577704
723 0.305097639585
724 0.301788059444
725 0.378246693914
726 0.236196556624
727 0.318415107001
728 0.303582253958
729 0.329871697652
730 0.290675961276
731 0.297668313945
732 0.321690669106
733 0.236279563673
734 0.287629304142
735 0.291179514262
736 0.255187309627
737 0.280860613423
738 0.305884212207
739 0.305652446627
740 0.305189967513
741 0.282928951507
742 0.30493620006
743 0.278322132647
744 0.236127428623
745 0.240019098625
746 0.395490293195
747 0.260678577744
748 0.388258035668
749 0.304705868313
750 0.235589615756
751 0.237475775039
752 0.310953595205
753 0.326772052701
754 0.300685822197
755 0.306348799407
756 0.319600775677
757 0.298704256986
758 0.237503738039
759 0.303833771981
760 0.296247410633
761 0.320591352665
762 0.29395911904
763 0.308315575557
764 0.303331152011
765 0.30567560738
766 0.31410114386
767 0.330872784661
768 0.235672196681
769 0.287260627401
770 0.303376776009
771 0.305189967513
772 0.284665936814
773 0.307001597457
774 0.306768136166
775 0.305444157688
776 0.235589615756
777 0.288266470672
778 0.302194995175
779 0.305213058227
780 0.300910114172
781 0.306046657354
782 0.394060856754
783 0.261880095468
784 0.299858841194
785 0.383314423279
786 0.236251888175
787 0.278283732795
788 0.30567560738
789 0.236141250986
790 0.236265725114
791 0.285876336942
792 0.236182727786
793 0.302830192222
794 0.29742689601
795 0.301427257759
796 0.299858841194
797 0.243584384433
798 0.301607550698
799 0.298483240147
800 0.294173484328
801 0.319499524045
802 0.235575857895
803 0.236155074967
804 0.304959252388
805 0.299948025176
806 0.396773973698
807 0.236293403854
808 0.305259250139
809 0.293509967301
810 0.303765134834
811 0.311746598964
812 0.291074463568
813 0.290362124134
814 0.298770625877
815 0.305953810435
816 0.329171847457
817 0.260678577744
818 0.302921152706
819 0.299435940513
820 0.322307525614
821 0.322359037126
822 0.29841699886
823 0.243702107811
824 0.390475364494
825 0.393292482265
826 0.29052941956
827 0.300215895705
828 0.387996632739
829 0.350143302716
830 0.317138442656
831 0.395296520391
832 0.304636836625
833 0.237266262239
834 0.260779687801
835 0.375780250637
836 0.305698771642
837 0.303194362314
838 0.300282938111
839 0.302830192222
840 0.236293403854
841 0.305005367503
842 0.235589615756
843 0.306978235339
844 0.303879547314
845 0.305582985425
846 0.305884212207
847 0.28898925357
848 0.306232520351
849 0.310618386894
850 0.306488450888
851 0.260695423975
852 0.261252573706
853 0.2356171363
854 0.376974207139
855 0.280528580709
856 0.2356171363
857 0.335886843513
858 0.291727002501
859 0.285048119742
860 0.284987706859
861 0.330818516532
862 0.287834533756
863 0.326322681653
864 0.287855072826
865 0.287670326648
866 0.287465331047
867 0.285048119742
868 0.285108558244
869 0.287465331047
870 0.288617084538
871 0.285088409229
872 0.285694121147
873 0.285088409229
874 0.285068263062
875 0.285088409229
876 0.284967574922
877 0.287855072826
878 0.285027979269
879 0.287834533756
880 0.285068263062
881 0.300215895705
882 0.285088409229
883 0.287793464407
884 0.284967574922
885 0.285027979269
886 0.285128710107
887 0.28516902238
888 0.285068263062
889 0.287813997616
890 0.287896159762
891 0.298064207964
892 0.284967574922
893 0.284967574922
894 0.287649813933
895 0.285027979269
896 0.285068263062
897 0.402997101957
898 0.409377003307
899 0.363587290725
900 0.322153089809
901 0.329225576642
902 0.323289068007
903 0.408051890612
904 0.32344459514
905 0.334549758715
906 0.354077151812
907 0.437479773407
908 0.341575020372
909 0.341286039813
910 0.322410565105
911 0.322204551964
912 0.32210164409
913 0.341690749669
914 0.388706975389
915 0.34282323367
916 0.35870540553
917 0.375116327933
918 0.369786505692
919 0.32210164409
920 0.367562732628
921 0.329010765075
922 0.368065783813
923 0.357149268755
924 0.329629105294
925 0.368941008834
926 0.37077214987
927 0.360210821555
928 0.437859653814
929 0.322307525614
930 0.323626232699
931 0.408754786766
932 0.351730838834
933 0.400595927566
934 0.362476501985
935 0.437290080281
936 0.332071204362
937 0.364112373914
938 0.328368009002
939 0.323314978808
940 0.323808074377
941 0.343377680506
942 0.401512988015
943 0.406735328755
944 0.342154452128
945 0.367529244769
946 0.336615569976
947 0.370397666935
948 0.365464847852
949 0.363652843288
950 0.352900095406
951 0.323289068007
952 0.341806557413
953 0.43615536713
954 0.366394277074
955 0.404938866753
956 0.322359037126
957 0.322333279312
958 0.403521155406
959 0.323030188228
960 0.406489418641
961 0.364671939124
962 0.330357955171
963 0.36526629759
964 0.35133260674
965 0.343875286897
966 0.34399258042
967 0.365332457036
968 0.36556420395
969 0.394677721416
970 0.361016734436
971 0.323392736138
972 0.353178164121
973 0.345081350778
974 0.352530017529
975 0.341343796801
976 0.402113336383
977 0.363358042748
978 0.343758073335
979 0.364935859471
980 0.322333279312
981 0.366361001779
982 0.390399786179
983 0.404249022005
984 0.403925201821
985 0.374907155259
986 0.324172371471
987 0.342183475324
988 0.327621293802
989 0.379135431446
990 0.366594055851
991 0.353270951098
992 0.345022322151
993 0.323366812873
994 0.368839808959
995 0.366527438723
996 0.421966630815
997 0.323600271987
998 0.378424107935
999 0.340968725432
1000 0.437432334698
1001 0.330737147708
1002 0.366028580945
1003 0.322178818832
1004 0.386065747018
1005 0.365365545747
1006 0.329817757386
1007 0.366560744261
1008 0.343611668704
1009 0.323886069096
1010 0.401552955464
1011 0.363096398793
1012 0.353704602419
1013 0.363390774758
1014 0.36001793758
1015 0.375081449613
1016 0.364309671326
1017 0.322307525614
1018 0.367328445692
1019 0.402434256843
1020 0.397908955473
1021 0.39743852124
1022 0.368671265819
1023 0.341632875219
1024 0.322849218935
1025 0.436249701589
1026 0.369684841513
1027 0.435637256003
1028 0.322153089809
1029 0.377115171599
1030 0.439337942778
1031 0.328608748012
1032 0.322565247928
1033 0.437432334698
1034 0.323470530879
1035 0.322153089809
1036 0.344227407679
1037 0.397987469474
1038 0.358354889455
1039 0.322230289208
1040 0.35413931969
1041 0.419465632795
1042 0.389419923795
1043 0.343699496514
1044 0.322410565105
1045 0.363948122572
1046 0.322875059276
1047 0.322153089809
1048 0.375500418001
1049 0.370431679577
1050 0.435919709379
1051 0.322384799056
1052 0.406407514667
1053 0.381826880321
1054 0.322384799056
1055 0.402313851659
1056 0.328957105976
1057 0.395180347824
1058 0.322359037126
1059 0.344639127774
1060 0.367797318617
1061 0.385844188483
1062 0.322849218935
1063 0.341835521616
1064 0.345288110125
1065 0.34238677564
1066 0.322127364896
1067 0.406366575057
1068 0.415533682591
1069 0.386028802927
1070 0.345081350778
1071 0.422718326584
1072 0.322153089809
1073 0.331579894015
1074 0.32754148998
1075 0.37262155834
1076 0.437005848834
1077 0.366161476862
1078 0.34326080587
1079 0.368469217262
1080 0.36549796055
1081 0.377256241522
1082 0.363685628434
1083 0.376235869296
1084 0.368603891684
1085 0.345022322151
1086 0.409876142104
1087 0.374281034569
1088 0.32367816662
1089 0.343319233242
1090 0.329817757386
1091 0.342648516996
1092 0.352129974737
1093 0.385954935954
1094 0.340824686599
1095 0.324224480838
1096 0.363948122572
1097 0.32210164409
1098 0.323340893763
1099 0.345229010748
1100 0.385144261084
1101 0.393637879644
1102 0.365167103339
1103 0.386657815642
1104 0.342532138116
1105 0.373864781334
1106 0.322178818832
1107 0.331879966318
1108 0.366727362781
1109 0.374281034569
1110 0.358291232844
1111 0.416606525931
1112 0.322333279312
1113 0.383751996822
1114 0.407557182319
1115 0.366427558415
1116 0.364606018672
1117 0.36027516215
1118 0.365531079249
1119 0.323314978808
1120 0.32210164409
1121 0.386509628302
1122 0.353735618256
1123 0.390210968329
1124 0.416821759722
1125 0.366594055851
1126 0.365696762813
1127 0.37241515792
1128 0.343670215589
1129 0.378495120153
1130 0.397791242539
1131 0.383715494206
1132 0.343963249539
1133 0.366527438723
1134 0.349839648824
1135 0.329682983866
1136 0.384044267954
1137 0.357687621084
1138 0.323159576271
1139 0.322436335272
1140 0.354512785885
1141 0.324224480838
1142 0.34399258042
1143 0.36348900618
1144 0.346414855353
1145 0.323548363057
1146 0.32210164409
1147 0.367663232828
1148 0.322771722723
1149 0.394716339588
1150 0.365001899257
1151 0.329925655565
1152 0.325217751579
1153 0.34590987743
1154 0.367061054649
1155 0.323548363057
1156 0.394561912225
1157 0.36921114686
1158 0.328581981803
1159 0.390097765263
1160 0.397008265977
1161 0.434838955545
1162 0.330493281221
1163 0.323626232699
1164 0.369042264257
1165 0.360822986636
1166 0.35950458877
1167 0.385107493135
1168 0.344286164598
1169 0.322745898919
1170 0.352807503113
1171 0.363259882088
1172 0.382623635643
1173 0.365663614085
1174 0.371934445011
1175 0.323056057547
1176 0.369109798755
1177 0.322256030563
1178 0.32246210956
1179 0.344109953987
1180 0.398183890099
1181 0.406817364924
1182 0.434745230153
1183 0.383715494206
1184 0.353735618256
1185 0.366727362781
1186 0.366994267703
1187 0.322849218935
1188 0.343523885769
1189 0.344933817066
1190 0.342735853066
1191 0.36447424924
1192 0.366294469317
1193 0.373864781334
1194 0.344668574042
1195 0.322204551964
1196 0.386435577219
1197 0.363227173653
1198 0.340134990775
1199 0.43672198664
1200 0.370942619824
1201 0.322384799056
1202 0.384117405312
1203 0.322359037126
1204 0.322694263706
1205 0.374802656377
1206 0.365233226853
1207 0.32210164409
1208 0.408879078714
1209 0.322153089809
1210 0.41361642475
1211 0.397281956922
1212 0.367897947158
1213 0.341546100295
1214 0.348931838992
1215 0.364540122049
1216 0.37269040933
1217 0.323496470777
1218 0.393062553892
1219 0.322359037126
1220 0.385254607066
1221 0.351669513607
1222 0.407022600201
1223 0.366994267703
1224 0.357149268755
1225 0.322127364896
1226 0.344786409452
1227 0.360629446682
1228 0.435590216023
1229 0.344139309895
1230 0.386361554505
1231 0.365696762813
1232 0.4092524085
1233 0.323159576271
1234 0.341430468945
1235 0.323808074377
1236 0.371249861089
1237 0.397869710089
1238 0.395839563398
1239 0.367965063449
1240 0.343173202092
1241 0.322616841858
1242 0.344080603087
1243 0.405590286607
1244 0.366061795879
1245 0.324511382076
1246 0.396539957789
1247 0.350599773213
1248 0.352037786071
1249 0.328394740361
1250 0.342735853066
1251 0.366894132841
1252 0.323314978808
1253 0.322153089809
1254 0.322153089809
1255 0.322230289208
1256 0.366460845802
1257 0.367629726655
1258 0.385844188483
1259 0.374976853559
1260 0.389081885666
1261 0.366560744261
1262 0.388033954462
1263 0.322487887968
1264 0.322333279312
1265 0.328287841031
1266 0.353270951098
1267 0.322849218935
1268 0.365398640452
1269 0.337969251893
1270 0.366128243836
1271 0.322127364896
1272 0.382261062313
1273 0.434932721357
1274 0.392107405773
1275 0.346236459582
1276 0.381754612529
1277 0.322153089809
1278 0.413192767652
1279 0.361696493373
1280 0.392527098432
1281 0.411842878059
1282 0.358068612692
1283 0.377503368013
1284 0.331825367327
1285 0.377044676193
1286 0.383387282892
1287 0.363129083679
1288 0.374872315825
1289 0.381935333326
1290 0.411297001488
1291 0.382116225309
1292 0.365101003764
1293 0.38452015924
1294 0.370635886677
1295 0.362509075359
1296 0.322281776032
1297 0.353580593443
1298 0.341372682626
1299 0.400994134253
1300 0.359376480231
1301 0.365332457036
1302 0.327967560211
1303 0.365431741153
1304 0.376446527677
1305 0.363587290725
1306 0.365531079249
1307 0.344374337595
1308 0.348058756738
1309 0.343027295118
1310 0.374211594674
1311 0.344727481677
1312 0.345258557907
1313 0.412348051783
1314 0.367864398193
1315 0.35130201085
1316 0.374524277281
1317 0.353456671391
1318 0.353673592021
1319 0.364606018672
1320 0.323107808617
1321 0.381285537863
1322 0.344051257193
1323 0.38426376363
1324 0.40863057036
1325 0.384227163596
1326 0.323470530879
1327 0.322127364896
1328 0.389419923795
1329 0.343933923658
1330 0.367596226589
1331 0.367629726655
1332 0.367295000509
1333 0.360661688922
1334 0.323263161358
1335 0.369956070304
1336 0.365663614085
1337 0.382659930809
1338 0.365398640452
1339 0.38215242427
1340 0.36513405056
1341 0.373000553915
1342 0.365928972296
1343 0.323626232699
1344 0.3470108379
1345 0.378175774875
1346 0.373864781334
1347 0.340853484629
1348 0.397008265977
1349 0.354170411816
1350 0.363194471107
1351 0.364276773577
1352 0.373242134585
1353 0.427013971694
1354 0.322153089809
1355 0.322487887968
1356 0.367596226589
1357 0.330195710124
1358 0.362900412971
1359 0.41255890679
1360 0.397516849684
1361 0.345022322151
1362 0.372071664876
1363 0.328662293514
1364 0.322952605123
1365 0.341951427532
1366 0.355920327386
1367 0.374524277281
1368 0.367897947158
1369 0.322359037126
1370 0.388145962724
1371 0.36513405056
1372 0.352684122276
1373 0.323522414836
1374 0.399089927838
1375 0.364178115969
1376 0.396891085261
1377 0.374419991701
1378 0.372724844367
1379 0.323237258861
1380 0.385512327082
1381 0.407269156041
1382 0.363882463521
1383 0.365001899257
1384 0.328555219954
1385 0.330114647348
1386 0.340422024522
1387 0.32210164409
1388 0.341690749669
1389 0.407516010768
1390 0.369583233219
1391 0.36857021385
1392 0.368032204232
1393 0.365895781459
1394 0.374454747108
1395 0.322127364896
1396 0.328474960556
1397 0.374628620969
1398 0.353023627425
1399 0.373449452934
1400 0.367931502243
1401 0.363259882088
1402 0.337856029363
1403 0.396462013817
1404 0.322307525614
1405 0.383678998534
1406 0.413489236428
1407 0.362704638607
1408 0.361404854918
1409 0.36669402696
1410 0.370635886677
1411 0.343963249539
1412 0.322616841858
1413 0.352714959394
1414 0.365431741153
1415 0.330737147708
1416 0.341517185116
1417 0.365630471367
1418 0.322178818832
1419 0.342677624073
1420 0.369008506274
1421 0.369380184103
1422 0.344168670812
1423 0.332810905914
1424 0.365862596643
1425 0.322900903753
1426 0.366427558415
1427 0.365630471367
1428 0.37200304229
1429 0.354201509403
1430 0.363980960984
1431 0.322153089809
1432 0.369617096444
1433 0.373726235926
1434 0.323600271987
1435 0.323237258861
1436 0.373968757819
1437 0.354918264173
1438 0.372931588295
1439 0.364507182668
1440 0.360661688922
1441 0.35648647849
1442 0.32341866356
1443 0.349778981236
1444 0.323600271987
1445 0.354201509403
1446 0.324537489187
1447 0.366061795879
1448 0.367061054649
1449 0.382841509973
1450 0.378140325327
1451 0.352869225909
1452 0.359472553073
1453 0.323289068007
1454 0.34311482441
1455 0.3813215796
1456 0.332701112626
1457 0.370533754991
1458 0.361275388733
1459 0.357751063373
1460 0.370057883734
1461 0.373207603903
1462 0.343875286897
1463 0.378388611818
1464 0.352068510263
1465 0.362737252998
1466 0.376446527677
1467 0.32210164409
1468 0.3666606972
1469 0.323211360515
1470 0.369549376199
1471 0.383023261545
1472 0.367529244769
1473 0.366794052609
1474 0.37200304229
1475 0.322178818832
1476 0.377574035061
1477 0.32259104283
1478 0.330330903258
1479 0.323834068443
1480 0.378601688465
1481 0.379099801766
1482 0.343406911602
1483 0.368974754467
1484 0.381501890542
1485 0.344786409452
1486 0.376974207139
1487 0.334660775725
1488 0.368469217262
1489 0.366727362781
1490 0.352376047396
1491 0.361307746582
1492 0.365531079249
1493 0.352560827704
1494 0.32308193101
1495 0.344227407679
1496 0.366894132841
1497 0.368873536082
1498 0.343144010768
1499 0.323522414836
1500 0.322384799056
1501 0.353363786842
1502 0.352007067242
1503 0.37602544655
1504 0.354762201265
1505 0.359793167195
1506 0.393522679796
1507 0.342968967063
1508 0.354201509403
1509 0.365299374318
1510 0.370125790494
1511 0.322745898919
1512 0.344639127774
1513 0.366095016843
1514 0.380099970846
1515 0.364606018672
1516 0.370057883734
1517 0.366727362781
1518 0.361016734436
1519 0.344403738631
1520 0.357275794047
1521 0.365299374318
1522 0.329306203313
1523 0.370397666935
1524 0.35797328872
1525 0.363915290085
1526 0.360468321918
1527 0.354357079286
1528 0.331062863405
1529 0.388071283366
1530 0.363096398793
1531 0.364737883417
1532 0.34282323367
1533 0.361081363282
1534 0.323652197576
1535 0.392718164972
1536 0.356517984144
1537 0.411632754142
1538 0.344139309895
1539 0.374281034569
1540 0.405712661228
1541 0.359312460193
1542 0.360242988979
1543 0.37651679957
1544 0.364309671326
1545 0.340939907927
1546 0.37821123107
1547 0.322153089809
1548 0.365696762813
1549 0.351485666166
1550 0.387214531637
1551 0.364309671326
1552 0.367998630778
1553 0.32399012052
1554 0.35781452817
1555 0.367428817797
1556 0.34505183394
1557 0.338735493374
1558 0.367428817797
1559 0.322127364896
1560 0.368502876641
1561 0.32210164409
1562 0.347519037783
1563 0.322333279312
1564 0.365729917551
1565 0.322926752369
1566 0.376446527677
1567 0.32399012052
1568 0.344668574042
1569 0.323159576271
1570 0.365398640452
1571 0.365995372037
1572 0.36189118064
1573 0.373587793164
1574 0.378921753766
1575 0.371147390799
1576 0.343056466586
1577 0.367361896967
1578 0.392679936785
1579 0.366994267703
1580 0.322204551964
1581 0.392985970832
1582 0.32210164409
1583 0.357434076784
1584 0.368704962123
1585 0.376200782485
1586 0.352437619307
1587 0.322153089809
1588 0.377892364458
1589 0.344139309895
1590 0.368839808959
1591 0.381610158981
1592 0.369888225801
1593 0.352930970305
1594 0.345850565037
1595 0.331634412248
1596 0.366061795879
1597 0.375710253385
1598 0.365101003764
1599 0.367495763013
1600 0.322875059276
1601 0.366361001779
1602 0.323237258861
1603 0.342096420505
1604 0.366494139238
1605 0.371454971509
1606 0.378104882425
1607 0.363031046669
1608 0.322204551964
1609 0.365663614085
1610 0.37821123107
1611 0.367730263499
1612 0.376692594135
1613 0.368907269373
1614 0.367998630778
1615 0.375605306386
1616 0.323626232699
1617 0.382514791446
1618 0.368637575673
1619 0.344021916305
1620 0.365464847852
1621 0.36853654217
1622 0.370908513294
1623 0.371660308696
1624 0.364606018672
1625 0.344727481677
1626 0.362672030081
1627 0.350082529774
1628 0.322153089809
1629 0.377256241522
1630 0.322952605123
1631 0.367027658138
1632 0.352129974737
1633 0.375116327933
1634 0.343845976013
1635 0.369617096444
1636 0.364441321763
1637 0.379777912878
1638 0.365365545747
1639 0.365101003764
1640 0.375500418001
1641 0.323522414836
1642 0.322797550659
1643 0.346444605856
1644 0.3642109959
1645 0.353828698411
1646 0.368267390048
1647 0.342590317672
1648 0.378353122359
1649 0.323056057547
1650 0.353518621557
1651 0.343816670126
1652 0.342735853066
1653 0.374524277281
1654 0.362606830615
1655 0.332783450799
1656 0.367395354334
1657 0.354357079286
1658 0.322204551964
1659 0.344550819148
1660 0.375640282204
1661 0.36221612558
1662 0.382043847958
1663 0.366727362781
1664 0.426111861264
1665 0.322668452295
1666 0.366394277074
1667 0.369177357975
1668 0.330872784661
1669 0.365696762813
1670 0.369650965875
1671 0.341372682626
1672 0.354949493233
1673 0.349445685255
1674 0.384776897233
1675 0.361923648896
1676 0.366095016843
1677 0.323004323051
1678 0.364441321763
1679 0.323392736138
1680 0.363816828156
1681 0.366994267703
1682 0.341517185116
1683 0.363423512666
1684 0.365763078302
1685 0.434323965395
1686 0.378282163409
1687 0.366394277074
1688 0.380243283117
1689 0.381646262118
1690 0.36556420395
1691 0.3400776421
1692 0.365597334656
1693 0.388819372587
1694 0.322153089809
1695 0.363620064052
1696 0.363358042748
1697 0.335607403543
1698 0.348118829012
1699 0.323496470777
1700 0.364375484653
1701 0.351118547357
1702 0.323938086452
1703 0.379099801766
1704 0.36526629759
1705 0.352530017529
1706 0.344256783631
1707 0.372346408583
1708 0.368200163435
1709 0.323263161358
1710 0.363390774758
1711 0.346772198968
1712 0.342677624073
1713 0.365464847852
1714 0.322204551964
1715 0.367730263499
1716 0.36549796055
1717 0.370976732627
1718 0.366894132841
1719 0.396462013817
1720 0.343904602778
1721 0.371113246604
1722 0.365829417846
1723 0.373104050184
1724 0.366794052609
1725 0.37269040933
1726 0.376938982488
1727 0.352191460677
1728 0.354077151812
1729 0.353209087697
1730 0.376974207139
1731 0.376200782485
1732 0.322359037126
1733 0.371591837748
1734 0.323548363057
1735 0.367127865907
1736 0.36526629759
1737 0.366794052609
1738 0.363718419492
1739 0.353240016689
1740 0.329952641141
1741 0.366128243836
1742 0.365796245066
1743 0.367797318617
1744 0.352560827704
1745 0.364013805323
1746 0.35705443358
1747 0.368469217262
1748 0.322978462017
1749 0.330493281221
1750 0.34329001707
1751 0.366194715921
1752 0.379313680356
1753 0.365067962949
1754 0.375675264536
1755 0.372862648174
1756 0.334272538166
1757 0.331090035341
1758 0.366028580945
1759 0.346831827924
1760 0.323159576271
1761 0.34119944097
1762 0.36549796055
1763 0.32259104283
1764 0.363227173653
1765 0.363751216464
1766 0.356991238105
1767 0.387140210229
1768 0.365101003764
1769 0.373587793164
1770 0.356391994928
1771 0.3740034295
1772 0.359889462984
1773 0.353549604784
1774 0.362509075359
1775 0.383314423279
1776 0.351822866788
1777 0.322204551964
1778 0.355481229343
1779 0.366760704663
1780 0.32893028299
1781 0.350508383925
1782 0.352807503113
1783 0.359440523086
1784 0.372552732784
1785 0.322849218935
1786 0.343816670126
1787 0.370874413036
1788 0.341864490728
1789 0.322359037126
1790 0.364178115969
1791 0.366161476862
1792 0.367027658138
1793 0.322720079247
1794 0.366960883343
1795 0.375850273976
1796 0.378069446166
1797 0.362998379429
1798 0.327940898349
1799 0.323289068007
1800 0.366894132841
1801 0.42575208344
1802 0.349566810276
1803 0.322720079247
1804 0.344080603087
1805 0.368469217262
1806 0.346653002543
1807 0.344698025343
1808 0.377009438373
1809 0.356203177977
1810 0.365696762813
1811 0.364902848538
1812 0.354575106846
1813 0.380709795261
1814 0.36857021385
1815 0.334827439458
1816 0.343640939653
1817 0.365829417846
1818 0.341084044186
1819 0.357275794047
1820 0.375920323417
1821 0.369008506274
1822 0.358992701841
1823 0.322797550659
1824 0.365962169154
1825 0.380566131188
1826 0.344727481677
1827 0.365464847852
1828 0.375011712428
1829 0.37764472857
1830 0.323834068443
1831 0.353332836173
1832 0.363227173653
1833 0.367663232828
1834 0.368267390048
1835 0.32210164409
1836 0.375046577779
1837 0.363652843288
1838 0.342794101852
1839 0.322230289208
1840 0.367428817797
1841 0.32367816662
1842 0.367395354334
1843 0.365962169154
1844 0.383751996822
1845 0.369177357975
1846 0.365332457036
1847 0.364507182668
1848 0.345258557907
1849 0.365696762813
1850 0.365531079249
1851 0.363882463521
1852 0.364671939124
1853 0.340795893435
1854 0.352961850607
1855 0.322127364896
1856 0.324929600531
1857 0.340824686599
1858 0.368132961361
1859 0.33071003366
1860 0.372174646239
1861 0.344109953987
1862 0.365962169154
1863 0.385291403113
1864 0.369515525381
1865 0.365332457036
1866 0.323652197576
1867 0.344403738631
1868 0.365597334656
1869 0.366261212147
1870 0.343406911602
1871 0.36306371979
1872 0.373760862651
1873 0.376833348023
1874 0.363685628434
1875 0.338139228046
1876 0.36526629759
1877 0.362313722884
1878 0.35311633321
1879 0.363685628434
1880 0.366627373497
1881 0.323237258861
1882 0.382478523807
1883 0.379206710903
1884 0.355168250624
1885 0.353611587534
1886 0.345583910785
1887 0.365299374318
1888 0.329763834758
1889 0.424721098188
1890 0.322487887968
1891 0.322230289208
1892 0.363521761791
1893 0.322384799056
1894 0.367495763013
1895 0.366894132841
1896 0.330060627605
1897 0.322307525614
1898 0.35797328872
1899 0.36556420395
1900 0.367730263499
1901 0.345169931598
1902 0.330899925403
1903 0.366527438723
1904 0.38389807676
1905 0.34419803674
1906 0.322410565105
1907 0.343758073335
1908 0.363358042748
1909 0.322745898919
1910 0.356266094727
1911 0.342764974984
1912 0.366460845802
1913 0.441211964409
1914 0.316516358618
1915 0.35136320796
1916 0.306418609236
1917 0.324615835728
1918 0.332481743228
1919 0.33371947308
1920 0.354481633619
1921 0.32282338273
1922 0.363554523305
1923 0.306511738515
1924 0.34229961736
1925 0.306232520351
1926 0.332728554156
1927 0.324302676308
1928 0.342096420505
1929 0.310666229541
1930 0.333498759143
1931 0.30644188625
1932 0.313004421989
1933 0.344374337595
1934 0.306395335758
1935 0.307939006915
1936 0.341951427532
1937 0.306838137262
1938 0.306209275132
1939 0.334549758715
1940 0.314713761163
1941 0.357149268755
1942 0.342473978316
1943 0.32563779388
1944 0.335049916162
1945 0.309759732058
1946 0.325375140393
1947 0.334633014566
1948 0.326111640306
1949 0.322539457151
1950 0.306348799407
1951 0.310188465251
1952 0.314174531977
1953 0.310690156392
1954 0.33041207229
1955 0.350234501701
1956 0.3471004122
1957 0.30630227719
1958 0.311145467843
1959 0.333333415187
1960 0.335691186701
1961 0.353456671391
1962 0.30822134708
1963 0.334438815337
1964 0.329091286555
1965 0.338167574029
1966 0.308433442204
1967 0.334051092298
1968 0.338707052107
1969 0.314370401386
1970 0.306488450888
1971 0.33305820596
1972 0.334134100107
1973 0.314296921744
1974 0.314272436163
1975 0.306814800014
1976 0.310666229541
1977 0.333003218639
1978 0.307212016647
1979 0.306674851041
1980 0.334217149179
1981 0.340911095292
1982 0.342357717949
1983 0.310260036194
1984 0.335244825944
1985 0.334051092298
1986 0.436202529259
1987 0.333471190427
1988 0.312689015626
1989 0.306721486511
1990 0.33041207229
1991 0.308127176183
1992 0.33847969379
1993 0.30644188625
1994 0.33496645276
1995 0.321025066894
1996 0.313905609726
1997 0.306186033441
1998 0.331716223221
1999 0.340738321699
2000 0.312592095358
2001 0.357434076784
2002 0.314052237492
2003 0.321767647012
2004 0.351026887451
2005 0.342357717949
2006 0.333636671126
2007 0.34068076941
2008 0.366327732527
2009 0.306372065815
2010 0.34638510996
2011 0.322797550659
2012 0.332975731786
2013 0.307704118275
2014 0.310069253696
2015 0.310355515509
2016 0.3062557691
2017 0.3084806141
2018 0.30627902138
2019 0.326904456288
2020 0.310403277208
2021 0.333609079605
2022 0.329682983866
2023 0.325427637189
2024 0.310546650546
2025 0.313320465288
2026 0.311169468574
2027 0.346742392177
2028 0.351822866788
2029 0.323522414836
2030 0.309664618914
2031 0.334438815337
2032 0.321690669106
2033 0.324929600531
2034 0.334051092298
2035 0.30630227719
2036 0.310498844719
2037 0.336559401851
2038 0.334466544282
2039 0.324720356644
2040 0.324851102479
2041 0.333636671126
2042 0.306348799407
2043 0.340221050062
2044 0.334244841378
2045 0.322230289208
2046 0.334134100107
2047 0.331470911306
2048 0.338394513094
2049 0.327914240822
2050 0.324224480838
2051 0.308174254438
2052 0.306372065815
2053 0.322281776032
2054 0.33543996263
2055 0.327727759411
2056 0.323314978808
2057 0.331716223221
2058 0.355826143653
2059 0.330737147708
2060 0.334660775725
2061 0.332399554267
2062 0.348660414053
2063 0.333885200347
2064 0.333250804675
2065 0.334577506062
2066 0.331770786297
2067 0.307563357014
2068 0.310953595205
2069 0.326877966987
2070 0.333995776667
2071 0.309950133737
2072 0.324615835728
2073 0.326692662017
2074 0.334716311864
2075 0.33371947308
2076 0.349869990511
2077 0.306511738515
2078 0.331389221276
2079 0.335105581541
2080 0.306116329533
2081 0.308033062812
2082 0.361534413926
2083 0.306581622632
2084 0.333553910252
2085 0.333140721
2086 0.309332182393
2087 0.333223276936
2088 0.348479698565
2089 0.334744086847
2090 0.310188465251
2091 0.334549758715
2092 0.310642306375
2093 0.351118547357
2094 0.334161778545
2095 0.3062557691
2096 0.333581492648
2097 0.309854903648
2098 0.311409679681
2099 0.331607150891
2100 0.307212016647
2101 0.30630227719
2102 0.313685924618
2103 0.345761634575
2104 0.334494277827
2105 0.334244841378
2106 0.309902511377
2107 0.306186033441
2108 0.308716690181
2109 0.333774697219
2110 0.333003218639
2111 0.351455043613
2112 0.358769209409
2113 0.334023432193
2114 0.306395335758
2115 0.307868502678
2116 0.332865829738
2117 0.314272436163
2118 0.325427637189
2119 0.334494277827
2120 0.307845008439
2121 0.310188465251
2122 0.333498759143
2123 0.333250804675
2124 0.334938640866
2125 0.333968125721
2126 0.322875059276
2127 0.311385641883
2128 0.323938086452
2129 0.357212520197
2130 0.310546650546
2131 0.3064651668
2132 0.334799650642
2133 0.350417042268
2134 0.325795589613
2135 0.32399012052
2136 0.322436335272
2137 0.329010765075
2138 0.338650183898
2139 0.32584822218
2140 0.334189461568
2141 0.334355656079
2142 0.309617084242
2143 0.351577565852
2144 0.336194765446
2145 0.322616841858
2146 0.356391994928
2147 0.310355515509
2148 0.363521761791
2149 0.346593435054
2150 0.326269895713
2151 0.334716311864
2152 0.321665017988
2153 0.310069253696
2154 0.339162686278
2155 0.33371947308
2156 0.366560744261
2157 0.308174254438
2158 0.313271801708
2159 0.306372065815
2160 0.347788687869
2161 0.308103642449
2162 0.314394902236
2163 0.310188465251
2164 0.320031812026
2165 0.356644062469
2166 0.332783450799
2167 0.310021594727
2168 0.306209275132
2169 0.306162795278
2170 0.322281776032
2171 0.306511738515
2172 0.314076688772
2173 0.335022090407
2174 0.310522745792
2175 0.324485279166
2176 0.307024963132
2177 0.324302676308
2178 0.306838137262
2179 0.306162795278
2180 0.356991238105
2181 0.324302676308
2182 0.306558324386
2183 0.308386284733
2184 0.32282338273
2185 0.334466544282
2186 0.319778120538
2187 0.308693066314
2188 0.325034323631
2189 0.334855232887
2190 0.33847969379
2191 0.333802316143
2192 0.336362960943
2193 0.362248652172
2194 0.306651538623
2195 0.322539457151
2196 0.306116329533
2197 0.32367816662
2198 0.310355515509
2199 0.320718793973
2200 0.342212503443
2201 0.334438815337
2202 0.334549758715
2203 0.332098542075
2204 0.323496470777
2205 0.306186033441
2206 0.30808011231
2207 0.3354957577
2208 0.306954876776
2209 0.325348898346
2210 0.310188465251
2211 0.345110872666
2212 0.349233918326
2213 0.333113211444
2214 0.330764266201
2215 0.308174254438
2216 0.333195753745
2217 0.332948249471
2218 0.3064651668
2219 0.335244825944
2220 0.306814800014
2221 0.334660775725
2222 0.351271420288
2223 0.349445685255
2224 0.335775011702
2225 0.324276606961
2226 0.344639127774
2227 0.311963575175
2228 0.306325536532
2229 0.310714086928
2230 0.335049916162
2231 0.306372065815
2232 0.310690156392
2233 0.334217149179
2234 0.444077607947
2235 0.342154452128
2236 0.31410114386
2237 0.310761959062
2238 0.332043871149
2239 0.307774547233
2240 0.349233918326
2241 0.335105581541
2242 0.32357431544
2243 0.353983940908
2244 0.326586867761
2245 0.334799650642
2246 0.3062557691
2247 0.347728729471
2248 0.324981953645
2249 0.306744809565
2250 0.308882158544
2251 0.322745898919
2252 0.306372065815
2253 0.306768136166
2254 0.333581492648
2255 0.349657709161
2256 0.306325536532
2257 0.306814800014
2258 0.332810905914
2259 0.34174864373
2260 0.310069253696
2261 0.306931521767
2262 0.332701112626
2263 0.323496470777
2264 0.306325536532
2265 0.321485574641
2266 0.307352456426
2267 0.433716911148
2268 0.323107808617
2269 0.326930949882
2270 0.306116329533
2271 0.309213627977
2272 0.334660775725
2273 0.309664618914
2274 0.347489102471
2275 0.312980137372
2276 0.334272538166
2277 0.332618815187
2278 0.30819779896
2279 0.334161778545
2280 0.335663254334
2281 0.313150208864
2282 0.30630227719
2283 0.34399258042
2284 0.327834294237
2285 0.313734716954
2286 0.319702091503
2287 0.310379394521
2288 0.309688391723
2289 0.324120278852
2290 0.358960757305
2291 0.334355656079
2292 0.307751067332
2293 0.339448080662
2294 0.320642317033
2295 0.323366812873
2296 0.309332182393
2297 0.309712168183
2298 0.312810250511
2299 0.317213257104
2300 0.333498759143
2301 0.333113211444
2302 0.306372065815
2303 0.325480150927
2304 0.324120278852
2305 0.313564010151
2306 0.310618386894
2307 0.332399554267
2308 0.333113211444
2309 0.333609079605
2310 0.334827439458
2311 0.31080984595
2312 0.329952641141
2313 0.307305628901
2314 0.312567874678
2315 0.306768136166
2316 0.32143434188
2317 0.306372065815
2318 0.310642306375
2319 0.31042716357
2320 0.336362960943
2321 0.3064651668
2322 0.30627902138
2323 0.35441934551
2324 0.334327945515
2325 0.334744086847
2326 0.332207937955
2327 0.334272538166
2328 0.325716672635
2329 0.342212503443
2330 0.332591391754
2331 0.351485666166
2332 0.334855232887
2333 0.324406995624
2334 0.337799446541
2335 0.333140721
2336 0.310761959062
2337 0.33987707394
2338 0.313028710374
2339 0.322436335272
2340 0.334327945515
2341 0.334799650642
2342 0.308598606991
2343 0.310546650546
2344 0.336727962487
2345 0.326006221965
2346 0.310188465251
2347 0.310977566342
2348 0.344168670812
2349 0.333498759143
2350 0.306558324386
2351 0.328474960556
2352 0.337037429241
2353 0.333885200347
2354 0.329440668893
2355 0.334300239545
2356 0.318666639592
2357 0.334106426254
2358 0.308009543452
2359 0.306395335758
2360 0.333305873799
2361 0.30644188625
2362 0.347190032756
2363 0.309617084242
2364 0.333857567706
2365 0.314027790019
2366 0.313417837821
2367 0.309807310544
2368 0.311241492986
2369 0.322797550659
2370 0.334799650642
2371 0.33231740593
2372 0.31080984595
2373 0.324485279166
2374 0.309926320728
2375 0.333912837562
2376 0.30630227719
2377 0.334355656079
2378 0.348690551525
2379 0.313637147457
2380 0.307821517786
2381 0.306232520351
2382 0.334134100107
2383 0.306139560643
2384 0.31057055898
2385 0.367094457238
2386 0.322771722723
2387 0.331798074567
2388 0.328020896942
2389 0.30630227719
2390 0.319930287143
2391 0.332372166976
2392 0.33054744269
2393 0.356234633574
2394 0.32730231161
2395 0.34953652115
2396 0.334272538166
2397 0.314150065461
2398 0.3084806141
2399 0.321947405474
2400 0.321152853323
2401 0.309142538937
2402 0.306581622632
2403 0.307845008439
2404 0.306721486511
2405 0.334106426254
2406 0.310164615607
2407 0.328501709331
2408 0.33041207229
2409 0.333471190427
2410 0.333553910252
2411 0.335133421167
2412 0.31057055898
2413 0.30822134708
2414 0.316665436109
2415 0.332262662926
2416 0.333360961126
2417 0.310188465251
2418 0.323938086452
2419 0.332372166976
2420 0.323938086452
2421 0.333774697219
2422 0.30627902138
2423 0.30627902138
2424 0.334189461568
2425 0.3064651668
2426 0.310116927321
2427 0.306558324386
2428 0.322256030563
2429 0.33507774654
2430 0.330141663851
2431 0.333360961126
2432 0.30627902138
2433 0.310331640172
2434 0.332454342392
2435 0.347668791743
2436 0.310977566342
2437 0.34399258042
2438 0.306209275132
2439 0.314076688772
2440 0.306395335758
2441 0.310785900662
2442 0.3062557691
2443 0.30627902138
2444 0.32259104283
2445 0.3064651668
2446 0.323522414836
2447 0.33371947308
2448 0.332563972843
2449 0.310738021152
2450 0.341806557413
2451 0.30644188625
2452 0.336250811919
2453 0.308575001192
2454 0.309688391723
2455 0.321998801931
2456 0.307915501915
2457 0.306348799407
2458 0.306116329533
2459 0.332920771692
2460 0.343406911602
2461 0.333829939638
2462 0.323159576271
2463 0.352007067242
2464 0.32409423882
2465 0.334855232887
2466 0.319828826654
2467 0.306348799407
2468 0.32603257016
2469 0.34030715291
2470 0.33198921822
2471 0.306116329533
2472 0.323366812873
2473 0.324120278852
2474 0.329952641141
2475 0.31057055898
2476 0.344756943047
2477 0.324016143822
2478 0.332454342392
2479 0.340623236561
2480 0.343231599642
2481 0.335467857845
2482 0.306162795278
2483 0.333636671126
2484 0.306162795278
2485 0.332728554156
2486 0.33305820596
2487 0.30660492442
2488 0.30630227719
2489 0.310714086928
2490 0.331090035341
2491 0.3064651668
2492 0.326639756323
2493 0.334549758715
2494 0.307798030718
2495 0.313247475585
2496 0.332810905914
2497 0.316144278259
2498 0.306908170313
2499 0.333443626268
2500 0.342038408563
2501 0.334134100107
2502 0.332810905914
2503 0.335272688713
2504 0.308033062812
2505 0.333498759143
2506 0.306744809565
2507 0.332591391754
2508 0.335244825944
2509 0.33543996263
2510 0.326533996324
2511 0.326138005545
2512 0.327063482292
2513 0.337714607835
2514 0.306488450888
2515 0.307165231904
2516 0.306418609236
2517 0.336334916674
2518 0.306791466316
2519 0.341141732819
2520 0.318641468451
2521 0.333885200347
2522 0.333085706431
2523 0.308693066314
2524 0.310140769631
2525 0.323366812873
2526 0.310093088676
2527 0.33507774654
2528 0.306209275132
2529 0.306325536532
2530 0.320642317033
2531 0.331961898501
2532 0.326904456288
2533 0.330845648371
2534 0.335022090407
2535 0.306791466316
2536 0.306395335758
2537 0.309569564162
2538 0.314762873798
2539 0.313856764225
2540 0.333113211444
2541 0.310953595205
2542 0.306139560643
2543 0.340335863544
2544 0.363652843288
2545 0.319727430498
2546 0.308009543452
2547 0.333250804675
2548 0.321152853323
2549 0.306348799407
2550 0.333664267212
2551 0.333774697219
2552 0.333747082865
2553 0.330087635266
2554 0.334023432193
2555 0.329790793868
2556 0.351149111298
2557 0.332893298448
2558 0.310069253696
2559 0.306674851041
2560 0.333912837562
2561 0.335105581541
2562 0.333636671126
2563 0.307821517786
2564 0.332290032174
2565 0.334605258012
2566 0.306186033441
2567 0.336447121817
2568 0.337178284068
2569 0.307939006915
2570 0.306116329533
2571 0.310140769631
2572 0.313077298455
2573 0.310785900662
2574 0.333471190427
2575 0.331961898501
2576 0.333581492648
2577 0.328448216137
2578 0.310116927321
2579 0.332646243143
2580 0.332481743228
2581 0.3064651668
2582 0.309854903648
2583 0.322178818832
2584 0.343319233242
2585 0.310140769631
2586 0.34282323367
2587 0.334494277827
2588 0.30660492442
2589 0.339191204119
2590 0.322849218935
2591 0.335133421167
2592 0.331879966318
2593 0.335775011702
2594 0.333471190427
2595 0.329629105294
2596 0.306162795278
2597 0.306116329533
2598 0.334771866439
2599 0.325480150927
2600 0.308740317663
2601 0.334605258012
2602 0.334716311864
2603 0.33516126542
2604 0.314321411141
2605 0.334994269273
2606 0.317612864388
2607 0.329091286555
2608 0.334134100107
2609 0.324354827578
2610 0.329440668893
2611 0.350325748206
2612 0.335216967807
2613 0.328796233645
2614 0.327834294237
2615 0.30660492442
2616 0.334549758715
2617 0.323133690371
2618 0.326058922615
2619 0.31042716357
2620 0.333857567706
2621 0.313247475585
2622 0.30630227719
2623 0.30660492442
2624 0.332016542435
2625 0.334522015971
2626 0.334411090988
2627 0.311073487862
2628 0.331607150891
2629 0.310307768507
2630 0.323496470777
2631 0.334051092298
2632 0.331334783621
2633 0.306325536532
2634 0.328314559338
2635 0.3062557691
2636 0.309308464238
2637 0.313223153241
2638 0.310069253696
2639 0.333857567706
2640 0.357782792957
2641 0.313856764225
2642 0.310905664015
2643 0.367965063449
2644 0.322642645012
2645 0.308292013037
2646 0.311939451793
2647 0.333278336962
2648 0.329494485877
2649 0.328127622465
2650 0.324302676308
2651 0.306511738515
2652 0.308009543452
2653 0.326349081028
2654 0.320107997984
2655 0.333416066666
2656 0.332728554156
2657 0.30819779896
2658 0.311794789812
2659 0.312907306127
2660 0.313393489014
2661 0.313198834673
2662 0.366161476862
2663 0.346653002543
2664 0.3064651668
2665 0.354077151812
2666 0.345288110125
2667 0.282255876755
2668 0.310690156392
2669 0.305513555785
2670 0.336334916674
2671 0.303194362314
2672 0.302898407463
2673 0.315624833001
2674 0.332043871149
2675 0.317288106858
2676 0.3154520637
2677 0.33516126542
2678 0.307610263123
2679 0.305582985425
2680 0.336250811919
2681 0.334106426254
2682 0.349657709161
2683 0.304154489225
2684 0.373104050184
2685 0.313685924618
2686 0.311169468574
2687 0.313004421989
2688 0.330628718186
2689 0.303719393961
2690 0.315328772812
2691 0.312422629383
2692 0.302830192222
2693 0.303376776009
2694 0.307751067332
2695 0.335942787358
2696 0.324563600498
2697 0.304820990675
2698 0.304844025587
2699 0.314492943836
2700 0.303057695935
2701 0.303513730388
2702 0.313053002529
2703 0.312980137372
2704 0.303171576025
2705 0.319981041532
2706 0.331825367327
2707 0.314321411141
2708 0.310260036194
2709 0.314199002305
2710 0.30301216785
2711 0.303262741737
2712 0.3331682351
2713 0.349809312399
2714 0.322745898919
2715 0.303171576025
2716 0.314003346352
2717 0.363620064052
2718 0.328555219954
2719 0.320107997984
2720 0.366527438723
2721 0.350052151214
2722 0.302898407463
2723 0.302830192222
2724 0.309854903648
2725 0.336868558713
2726 0.305606135651
2727 0.304844025587
2728 0.303034930182
2729 0.30606987789
2730 0.31515632739
2731 0.344080603087
2732 0.314321411141
2733 0.302943901366
2734 0.313247475585
2735 0.312277519011
2736 0.310498844719
2737 0.302898407463
2738 0.305837830977
2739 0.36526629759
2740 0.311121470815
2741 0.319981041532
2742 0.330872784661
2743 0.430201662642
2744 0.333857567706
2745 0.305213058227
2746 0.365233226853
2747 0.325874544841
2748 0.312350057343
2749 0.364342575017
2750 0.357370746863
2751 0.363587290725
2752 0.307845008439
2753 0.302875665635
2754 0.338593334782
2755 0.337093757048
2756 0.341488274832
2757 0.350082529774
2758 0.338366129055
2759 0.349748655331
2760 0.304498867043
2761 0.303902440153
2762 0.325480150927
2763 0.310379394521
2764 0.314664663853
2765 0.316169056399
2766 0.349961047158
2767 0.309332182393
2768 0.302898407463
2769 0.313637147457
2770 0.30301216785
2771 0.313734716954
2772 0.303103237703
2773 0.313661534141
2774 0.316144278259
2775 0.302898407463
2776 0.313442190411
2777 0.302898407463
2778 0.334688541491
2779 0.363718419492
2780 0.304682854274
2781 0.361275388733
2782 0.350234501701
2783 0.335858878577
2784 0.314419406905
2785 0.312810250511
2786 0.367663232828
2787 0.336531324818
2788 0.349839648824
2789 0.302807460636
2790 0.306325536532
2791 0.30502843029
2792 0.309759732058
2793 0.302830192222
2794 0.365101003764
2795 0.312422629383
2796 0.306116329533
2797 0.339705346576
2798 0.313612764564
2799 0.304429929106
2800 0.302943901366
2801 0.334106426254
2802 0.311602115757
2803 0.304154489225
2804 0.312785996014
2805 0.304567836209
2806 0.309000458873
2807 0.347908666717
2808 0.313490906947
2809 0.302830192222
2810 0.306791466316
2811 0.334300239545
2812 0.303582253958
2813 0.306139560643
2814 0.313832347175
2815 0.324276606961
2816 0.360984428688
2817 0.312035967713
2818 0.302875665635
2819 0.304475884262
2820 0.305328564229
2821 0.303765134834
2822 0.303080465108
2823 0.307727591013
2824 0.33122596195
2825 0.302898407463
2826 0.312858770792
2827 0.30737587554
2828 0.345702373004
2829 0.365729917551
2830 0.305097639585
2831 0.305745110701
2832 0.305861019834
2833 0.324042171306
2834 0.366427558415
2835 0.302966653443
2836 0.348479698565
2837 0.311650261943
2838 0.305953810435
2839 0.337969251893
2840 0.416692592768
2841 0.33122596195
2842 0.305490419583
2843 0.302784732462
2844 0.314419406905
2845 0.325270197596
2846 0.30850420546
2847 0.330954220247
2848 0.309166231652
2849 0.313710318889
2850 0.34010631402
2851 0.329709929758
2852 0.305213058227
2853 0.318264377956
2854 0.344021916305
2855 0.329629105294
2856 0.303490896072
2857 0.311409679681
2858 0.302807460636
2859 0.31042716357
2860 0.312543657751
2861 0.302807460636
2862 0.30301216785
2863 0.33491083359
2864 0.34102637506
2865 0.339134173232
2866 0.348750842102
2867 0.362281184606
2868 0.349264155029
2869 0.312084248073
2870 0.341314915863
2871 0.306186033441
2872 0.348992213045
2873 0.336447121817
2874 0.316640580109
2875 0.352437619307
2876 0.3354957577
2877 0.305074566331
2878 0.347848666947
2879 0.304728885828
2880 0.30312601372
2881 0.347998705192
2882 0.374211594674
2883 0.303650808475
2884 0.321178422818
2885 0.302921152706
2886 0.337969251893
2887 0.302989408937
2888 0.352900095406
2889 0.311337577417
2890 0.303582253958
2891 0.329629105294
2892 0.311842995562
2893 0.312495235153
2894 0.302966653443
2895 0.289383141362
2896 0.304613833013
2897 0.348419501692
2898 0.329979631132
2899 0.302966653443
2900 0.302898407463
2901 0.30355940933
2902 0.373276671656
2903 0.302921152706
2904 0.303194362314
2905 0.340048975014
2906 0.362086077604
2907 0.336054730972
2908 0.331661678088
2909 0.319676756525
2910 0.334938640866
2911 0.335022090407
2912 0.351026887451
2913 0.346653002543
2914 0.360146503936
2915 0.348539916242
2916 0.350996344783
2917 0.345820916467
2918 0.305213058227
2919 0.312737498301
2920 0.315057871805
2921 0.334688541491
2922 0.34863028179
2923 0.302830192222
2924 0.311385641883
2925 0.352191460677
2926 0.335189114299
2927 0.304154489225
2928 0.335579485117
2929 0.335523662197
2930 0.349324644145
2931 0.302943901366
2932 0.315279483438
2933 0.353085425872
2934 0.323107808617
2935 0.304890105857
2936 0.305005367503
2937 0.334300239545
2938 0.346891477392
2939 0.311481815349
2940 0.316939109883
2941 0.314150065461
2942 0.309617084242
2943 0.311145467843
2944 0.334716311864
2945 0.336756072342
2946 0.334883030931
2947 0.333774697219
2948 0.305074566331
2949 0.331416446811
2950 0.304429929106
2951 0.34647436147
2952 0.360468321918
2953 0.302830192222
2954 0.312761745278
2955 0.303080465108
2956 0.34573200125
2957 0.336391009889
2958 0.309688391723
2959 0.354824609956
2960 0.303148793161
2961 0.335551571335
2962 0.303034930182
2963 0.314394902236
2964 0.304659843712
2965 0.312810250511
2966 0.311313550748
2967 0.336615569976
2968 0.332591391754
2969 0.314443915394
2970 0.327701136522
2971 0.345761634575
2972 0.303171576025
2973 0.303148793161
2974 0.3400776421
2975 0.352068510263
2976 0.302830192222
2977 0.347309598845
2978 0.313320465288
2979 0.30502843029
2980 0.321076169261
2981 0.303673666862
2982 0.331498150266
2983 0.303103237703
2984 0.304361022377
2985 0.312907306127
2986 0.333912837562
2987 0.335551571335
2988 0.31189121622
2989 0.315279483438
2990 0.339419519612
2991 0.30355940933
2992 0.316964012775
2993 0.350052151214
2994 0.31577307167
2995 0.355920327386
2996 0.305328564229
2997 0.308315575557
2998 0.304292146835
2999 0.302830192222
3000 0.312713255084
3001 0.340594477422
3002 0.345258557907
3003 0.362704638607
3004 0.337969251893
3005 0.334023432193
3006 0.346802010883
3007 0.302807460636
3008 0.333885200347
3009 0.30312601372
3010 0.330168684776
3011 0.311553984445
3012 0.345495117385
3013 0.304223302458
3014 0.33071003366
3015 0.345583910785
3016 0.31189121622
3017 0.330033624363
3018 0.357560803988
3019 0.312689015626
3020 0.351976353773
3021 0.353332836173
3022 0.346058247456
3023 0.335049916162
3024 0.332673675622
3025 0.312592095358
3026 0.334633014566
3027 0.336447121817
3028 0.316665436109
3029 0.303034930182
3030 0.334688541491
3031 0.304751906821
3032 0.302784732462
3033 0.312422629383
3034 0.3354957577
3035 0.349778981236
3036 0.340536973712
3037 0.330466207143
3038 0.302830192222
3039 0.341835521616
3040 0.313759118814
3041 0.320744294394
3042 0.333968125721
3043 0.305397909803
3044 0.310355515509
3045 0.302921152706
3046 0.302943901366
3047 0.331416446811
3048 0.314394902236
3049 0.305351675921
3050 0.363390774758
3051 0.305490419583
3052 0.367462287356
3053 0.364342575017
3054 0.302989408937
3055 0.33507774654
3056 0.302898407463
3057 0.334189461568
3058 0.309854903648
3059 0.329575244329
3060 0.302875665635
3061 0.363882463521
3062 0.310140769631
3063 0.31336914399
3064 0.304223302458
3065 0.308362711404
3066 0.328448216137
3067 0.303080465108
3068 0.332071204362
3069 0.303948236181
3070 0.303445237746
3071 0.315822515508
3072 0.302784732462
3073 0.314247954397
3074 0.314787435863
3075 0.302898407463
3076 0.311602115757
3077 0.371968740488
3078 0.307469587697
3079 0.335830918297
3080 0.332043871149
3081 0.324302676308
3082 0.312301694712
3083 0.42525837978
3084 0.304200361254
3085 0.357275794047
3086 0.332810905914
3087 0.307001597457
3088 0.347190032756
3089 0.303650808475
3090 0.365398640452
3091 0.340221050062
3092 0.302898407463
3093 0.304751906821
3094 0.304890105857
3095 0.310905664015
3096 0.303788010437
3097 0.334938640866
3098 0.334411090988
3099 0.314713761163
3100 0.302989408937
3101 0.311650261943
3102 0.410752570063
3103 0.316243414126
3104 0.305259250139
3105 0.335830918297
3106 0.303034930182
3107 0.316516358618
3108 0.314615581858
3109 0.308551399005
3110 0.313612764564
3111 0.317138442656
3112 0.319702091503
3113 0.312543657751
3114 0.317263153015
3115 0.314223476444
3116 0.336054730972
3117 0.341314915863
3118 0.314861145066
3119 0.317113512349
3120 0.316293005378
3121 0.339619547953
3122 0.302852927221
3123 0.302966653443
3124 0.30660492442
3125 0.313881185075
3126 0.302807460636
3127 0.302943901366
3128 0.302898407463
3129 0.302989408937
3130 0.330087635266
3131 0.30486706398
3132 0.302943901366
3133 0.364935859471
3134 0.312011833134
3135 0.302807460636
3136 0.332098542075
3137 0.356329033706
3138 0.308953127869
3139 0.312301694712
3140 0.305282351339
3141 0.338849306223
3142 0.30301216785
3143 0.333609079605
3144 0.304797959244
3145 0.308929467804
3146 0.358545995075
3147 0.316590879814
3148 0.302875665635
3149 0.332426946072
3150 0.347878664245
3151 0.348269100457
3152 0.309926320728
3153 0.363259882088
3154 0.304959252388
3155 0.327275757796
3156 0.315057871805
3157 0.305282351339
3158 0.305120716329
3159 0.334522015971
3160 0.303742262675
3161 0.330927070598
3162 0.302921152706
3163 0.316839537432
3164 0.319702091503
3165 0.306139560643
3166 0.310331640172
3167 0.307024963132
3168 0.31264054798
3169 0.317213257104
3170 0.315995690944
3171 0.308127176183
3172 0.305051496566
3173 0.338508096886
3174 0.326639756323
3175 0.361664065859
3176 0.302875665635
3177 0.305351675921
3178 0.345258557907
3179 0.311241492986
3180 0.317113512349
3181 0.302943901366
3182 0.302943901366
3183 0.347668791743
3184 0.302784732462
3185 0.313710318889
3186 0.36348900618
3187 0.309902511377
3188 0.348419501692
3189 0.335049916162
3190 0.312883036577
3191 0.303445237746
3192 0.331144392595
3193 0.305745110701
3194 0.325375140393
3195 0.330114647348
3196 0.362183604829
3197 0.336699857323
3198 0.304016956107
3199 0.364079511786
3200 0.330872784661
3201 0.30301216785
3202 0.363031046669
3203 0.324328749846
3204 0.355983144245
3205 0.316342612185
3206 0.306511738515
3207 0.364606018672
3208 0.306325536532
3209 0.303879547314
3210 0.331090035341
3211 0.304982308202
3212 0.311867104027
3213 0.331525393704
3214 0.352160715023
3215 0.315896710305
3216 0.312253347054
3217 0.302921152706
3218 0.309000458873
3219 0.302966653443
3220 0.342473978316
3221 0.334771866439
3222 0.312398434956
3223 0.307939006915
3224 0.304913151216
3225 0.354949493233
3226 0.318515672372
3227 0.337121928012
3228 0.302852927221
3229 0.333113211444
3230 0.303148793161
3231 0.302784732462
3232 0.305097639585
3233 0.336756072342
3234 0.318088707664
3235 0.326111640306
3236 0.304338060399
3237 0.31247102948
3238 0.327222663091
3239 0.313515270894
3240 0.316441872497
3241 0.316293005378
3242 0.303810889486
3243 0.304315101885
3244 0.329548320447
3245 0.303673666862
3246 0.314150065461
3247 0.309118849854
3248 0.316466697308
3249 0.314664663853
3250 0.312301694712
3251 0.327727759411
3252 0.302966653443
3253 0.344403738631
3254 0.32608527933
3255 0.309355904186
3256 0.313856764225
3257 0.350721699756
3258 0.31503326752
3259 0.319170898852
3260 0.313905609726
3261 0.332481743228
3262 0.32695744777
3263 0.312907306127
3264 0.350782694834
3265 0.314150065461
3266 0.317863130611
3267 0.303788010437
3268 0.342677624073
3269 0.302807460636
3270 0.302966653443
3271 0.30369652869
3272 0.302875665635
3273 0.334383371236
3274 0.348509804803
3275 0.35705443358
3276 0.344315550579
3277 0.311963575175
3278 0.361599228271
3279 0.310403277208
3280 0.314150065461
3281 0.350843711131
3282 0.307235414363
3283 0.302784732462
3284 0.30312601372
3285 0.315723643311
3286 0.311361607795
3287 0.326269895713
3288 0.316342612185
3289 0.355481229343
3290 0.315501407054
3291 0.338337749777
3292 0.341835521616
3293 0.309332182393
3294 0.335022090407
3295 0.312907306127
3296 0.316268207808
3297 0.313442190411
3298 0.316466697308
3299 0.315008667077
3300 0.359921573036
3301 0.304982308202
3302 0.330357955171
3303 0.353363786842
3304 0.311650261943
3305 0.326454721258
3306 0.302875665635
3307 0.329763834758
3308 0.311867104027
3309 0.303810889486
3310 0.30923733159
3311 0.302875665635
3312 0.30301216785
3313 0.311842995562
3314 0.334355656079
3315 0.30312601372
3316 0.308976791559
3317 0.338224280254
3318 0.302921152706
3319 0.303605102024
3320 0.330520359737
3321 0.364606018672
3322 0.349324644145
3323 0.302943901366
3324 0.304429929106
3325 0.358259413019
3326 0.303194362314
3327 0.31088170396
3328 0.315328772812
3329 0.310594471096
3330 0.305213058227
3331 0.340709543124
3332 0.313661534141
3333 0.348509804803
3334 0.302921152706
3335 0.303148793161
3336 0.355920327386
3337 0.302921152706
3338 0.313539638628
3339 0.304728885828
3340 0.360050070563
3341 0.306023440342
3342 0.313442190411
3343 0.347848666947
3344 0.309308464238
3345 0.342735853066
3346 0.316466697308
3347 0.312132543376
3348 0.364836844586
3349 0.358609742252
3350 0.303582253958
3351 0.351485666166
3352 0.340364579024
3353 0.329521400963
3354 0.316939109883
3355 0.302966653443
3356 0.338877771387
3357 0.305374791112
3358 0.328555219954
3359 0.309688391723
3360 0.305421031995
3361 0.358100398632
3362 0.312277519011
3363 0.335691186701
3364 0.426923588802
3365 0.315600140087
3366 0.315180950902
3367 0.32210164409
3368 0.307539909323
3369 0.30417742351
3370 0.314468427704
3371 0.303080465108
3372 0.30312601372
3373 0.302921152706
3374 0.316541195118
3375 0.304797959244
3376 0.302807460636
3377 0.304108631028
3378 0.314787435863
3379 0.338309375259
3380 0.313417837821
3381 0.312422629383
3382 0.328154314699
3383 0.303148793161
3384 0.303171576025
3385 0.314738315564
3386 0.356171727935
3387 0.333085706431
3388 0.336475184802
3389 0.308953127869
3390 0.302943901366
3391 0.307071705153
3392 0.338906241333
3393 0.305189967513
3394 0.306931521767
3395 0.323340893763
3396 0.354762201265
3397 0.338422901895
3398 0.347998705192
3399 0.309071482577
3400 0.329790793868
3401 0.314812001763
3402 0.304108631028
3403 0.310594471096
3404 0.327116525348
3405 0.314861145066
3406 0.303925336442
3407 0.337319256676
3408 0.302807460636
3409 0.303582253958
3410 0.329898674402
3411 0.303948236181
3412 0.347908666717
3413 0.316590879814
3414 0.302830192222
3415 0.331117211737
3416 0.312253347054
3417 0.362346267007
3418 0.348720694207
3419 0.305652446627
3420 0.339020168971
3421 0.305351675921
3422 0.32259104283
3423 0.315674230424
3424 0.30312601372
3425 0.302943901366
3426 0.305097639585
3427 0.336699857323
3428 0.304728885828
3429 0.302943901366
3430 0.304039869656
3431 0.328394740361
3432 0.312785996014
3433 0.303239945169
3434 0.316367421425
3435 0.366061795879
3436 0.314959477716
3437 0.309640849754
3438 0.427285350131
3439 0.301607550698
3440 0.299680632241
3441 0.339362411928
3442 0.29974743577
3443 0.252836163622
3444 0.30039474202
3445 0.299502634983
3446 0.299636113094
3447 0.230963070571
3448 0.299591607173
3449 0.329225576642
3450 0.319651425562
3451 0.301697778071
3452 0.299347060744
3453 0.301314684089
3454 0.299347060744
3455 0.293381890225
3456 0.331498150266
3457 0.305467286884
3458 0.300417112793
3459 0.300641003919
3460 0.300350010468
3461 0.300641003919
3462 0.300708236347
3463 0.30172034335
3464 0.30082035724
3465 0.252915422607
3466 0.299903426555
3467 0.300596199001
3468 0.243217230833
3469 0.300641003919
3470 0.301067317754
3471 0.300282938111
3472 0.302081847431
3473 0.300193554888
3474 0.299858841194
3475 0.300685822197
3476 0.272089639187
3477 0.299769710232
3478 0.300104224862
3479 0.299791988005
3480 0.300596199001
3481 0.302172358846
3482 0.243334599505
3483 0.233219690732
3484 0.233138819314
3485 0.301044850044
3486 0.301337192096
3487 0.300977467029
3488 0.317938287405
3489 0.273065795071
3490 0.299502634983
3491 0.299814269089
3492 0.301675216167
3493 0.301089788818
3494 0.300618599791
3495 0.299814269089
3496 0.352992736313
3497 0.301585002287
3498 0.301788059444
3499 0.300417112793
3500 0.30039474202
3501 0.300059579782
3502 0.319221412565
3503 0.300439486899
3504 0.26416089258
3505 0.299925724207
3506 0.300596199001
3507 0.304269195247
3508 0.300081900661
3509 0.300417112793
3510 0.300685822197
3511 0.300439486899
3512 0.300551407435
3513 0.263970749286
3514 0.299613858481
3515 0.272659749279
3516 0.23473965613
3517 0.243334599505
3518 0.30192358286
3519 0.270466040267
3520 0.300104224862
3521 0.301022385687
3522 0.302693853875
3523 0.300551407435
3524 0.243334599505
3525 0.300238239847
3526 0.331661678088
3527 0.301112263237
3528 0.301991390222
3529 0.302081847431
3530 0.251151848499
3531 0.299636113094
3532 0.299680632241
3533 0.300193554888
3534 0.301292179445
3535 0.300573801549
3536 0.300238239847
3537 0.231135105173
3538 0.299524873076
3539 0.299992637063
3540 0.300037262223
3541 0.300887669918
3542 0.231241100062
3543 0.263401958249
3544 0.300596199001
3545 0.299591607173
3546 0.304085707115
3547 0.299836553485
3548 0.26269868394
3549 0.300529016657
3550 0.299858841194
3551 0.3176628861
3552 0.299948025176
3553 0.301179706629
3554 0.252030550455
3555 0.300439486899
3556 0.300910114172
3557 0.298130292705
3558 0.270031527585
3559 0.301112263237
3560 0.301607550698
3561 0.243158588945
3562 0.316914210903
3563 0.300596199001
3564 0.301314684089
3565 0.300238239847
3566 0.299435940513
3567 0.299814269089
3568 0.299791988005
3569 0.236182727786
3570 0.300887669918
3571 0.299347060744
3572 0.299925724207
3573 0.299925724207
3574 0.30172034335
3575 0.301585002287
3576 0.240879022547
3577 0.331280363849
3578 0.329413766992
3579 0.308740317663
3580 0.299903426555
3581 0.299680632241
3582 0.231254356259
3583 0.23114834922
3584 0.300081900661
3585 0.301314684089
3586 0.299658371014
3587 0.332591391754
3588 0.299791988005
3589 0.299480400192
3590 0.228697828142
3591 0.301157222142
3592 0.300596199001
3593 0.296530505042
3594 0.254784373814
3595 0.243305246718
3596 0.299791988005
3597 0.304131558398
3598 0.232574285995
3599 0.232708450568
3600 0.251214409677
3601 0.299992637063
3602 0.300887669918
3603 0.300305292235
3604 0.300977467029
3605 0.304361022377
3606 0.345465529724
3607 0.299591607173
3608 0.299725164618
3609 0.300484245109
3610 0.333553910252
3611 0.300417112793
3612 0.346206744815
3613 0.300506629216
3614 0.300596199001
3615 0.300104224862
3616 0.300461864337
3617 0.231799172016
3618 0.246381297904
3619 0.301562457247
3620 0.299547114472
3621 0.300327649687
3622 0.266816653918
3623 0.233017617294
3624 0.300350010468
3625 0.299814269089
3626 0.329386869486
3627 0.299791988005
3628 0.300842791453
3629 0.300506629216
3630 0.300999924682
3631 0.249736952305
3632 0.300148883228
3633 0.299791988005
3634 0.352129974737
3635 0.300461864337
3636 0.302013999445
3637 0.300417112793
3638 0.299992637063
3639 0.231785853286
3640 0.243305246718
3641 0.268933399373
3642 0.299636113094
3643 0.301494842346
3644 0.300753074673
3645 0.232159357193
3646 0.300797926373
3647 0.300461864337
3648 0.29974743577
3649 0.300350010468
3650 0.300596199001
3651 0.299347060744
3652 0.300865229012
3653 0.299702896775
3654 0.299636113094
3655 0.268182488405
3656 0.29974743577
3657 0.301742912005
3658 0.231254356259
3659 0.301517377277
3660 0.300417112793
3661 0.299925724207
3662 0.300148883228
3663 0.299903426555
3664 0.300081900661
3665 0.299814269089
3666 0.299680632241
3667 0.299970329461
3668 0.301404736296
3669 0.249706034701
3670 0.30039474202
3671 0.301630102482
3672 0.300014947984
3673 0.340536973712
3674 0.299636113094
3675 0.335523662197
3676 0.299725164618
3677 0.299502634983
3678 0.339762569746
3679 0.299791988005
3680 0.230963070571
3681 0.260459774702
3682 0.300461864337
3683 0.299702896775
3684 0.30124718024
3685 0.33516126542
3686 0.300260587316
3687 0.300014947984
3688 0.271979570563
3689 0.229648240384
3690 0.251888916053
3691 0.300506629216
3692 0.243158588945
3693 0.318666639592
3694 0.337573304652
3695 0.29956935917
3696 0.300596199001
3697 0.299814269089
3698 0.301607550698
3699 0.300305292235
3700 0.23067251776
3701 0.30039474202
3702 0.29974743577
3703 0.302580332327
3704 0.301022385687
3705 0.231852462244
3706 0.301179706629
3707 0.300641003919
3708 0.301742912005
3709 0.299881132217
3710 0.299347060744
3711 0.300529016657
3712 0.300753074673
3713 0.300529016657
3714 0.300663411388
3715 0.300932561775
3716 0.300014947984
3717 0.299636113094
3718 0.243158588945
3719 0.30082035724
3720 0.300596199001
3721 0.299814269089
3722 0.336475184802
3723 0.25372671178
3724 0.317788009342
3725 0.299858841194
3726 0.299903426555
3727 0.300327649687
3728 0.299591607173
3729 0.300551407435
3730 0.299347060744
3731 0.301449782588
3732 0.343816670126
3733 0.23100274813
3734 0.241861082235
3735 0.334023432193
3736 0.300260587316
3737 0.269005134075
3738 0.302421545138
3739 0.300730653838
3740 0.299814269089
3741 0.300663411388
3742 0.317888178927
3743 0.299502634983
3744 0.299903426555
3745 0.243158588945
3746 0.299591607173
3747 0.000247647350173
3748 0.300059579782
3749 0.299347060744
3750 0.299680632241
3751 0.326111640306
3752 0.299547114472
3753 0.300327649687
3754 0.300529016657
3755 0.300059579782
3756 0.300753074673
3757 0.351914942911
3758 0.299925724207
3759 0.254816561846
3760 0.300260587316
3761 0.301675216167
3762 0.300417112793
3763 0.301359703466
3764 0.233287126451
3765 0.300663411388
3766 0.300663411388
3767 0.299636113094
3768 0.300193554888
3769 0.300529016657
3770 0.250372454729
3771 0.300529016657
3772 0.299814269089
3773 0.300327649687
3774 0.300238239847
3775 0.299948025176
3776 0.299903426555
3777 0.300037262223
3778 0.300081900661
3779 0.25057463138
3780 0.301292179445
3781 0.301337192096
3782 0.299613858481
3783 0.25176315238
3784 0.231241100062
3785 0.25144929194
3786 0.322616841858
3787 0.300506629216
3788 0.299502634983
3789 0.268271662605
3790 0.299725164618
3791 0.273361861529
3792 0.300126552384
3793 0.300282938111
3794 0.301404736296
3795 0.254913174761
3796 0.30039474202
3797 0.266710809295
3798 0.30369652869
3799 0.299347060744
3800 0.300081900661
3801 0.303034930182
3802 0.231227845385
3803 0.30039474202
3804 0.300372374579
3805 0.332426946072
3806 0.299791988005
3807 0.299591607173
3808 0.230593402915
3809 0.230514342319
3810 0.299970329461
3811 0.254142316549
3812 0.230751686912
3813 0.29974743577
3814 0.30039474202
3815 0.299658371014
3816 0.300171217396
3817 0.299502634983
3818 0.266147719904
3819 0.300260587316
3820 0.231254356259
3821 0.299347060744
3822 0.300529016657
3823 0.300955012727
3824 0.300148883228
3825 0.328341281995
3826 0.300529016657
3827 0.25460748489
3828 0.300059579782
3829 0.328394740361
3830 0.300887669918
3831 0.321280741525
3832 0.301968784384
3833 0.244277642642
3834 0.308433442204
3835 0.299814269089
3836 0.300641003919
3837 0.300305292235
3838 0.300059579782
3839 0.336278842163
3840 0.299992637063
3841 0.23284277002
3842 0.330520359737
3843 0.273770002755
3844 0.300059579782
3845 0.299591607173
3846 0.301900987172
3847 0.000247647350173
3848 0.256599515972
3849 0.299702896775
3850 0.299502634983
3851 0.300372374579
3852 0.355230802271
3853 0.30172034335
3854 0.299347060744
3855 0.197011183365
3856 0.300215895705
3857 0.299347060744
3858 0.231227845385
3859 0.271248049394
3860 0.300037262223
3861 0.342328665189
3862 0.319019453586
3863 0.300126552384
3864 0.230963070571
3865 0.30039474202
3866 0.299702896775
3867 0.300305292235
3868 0.300641003919
3869 0.299881132217
3870 0.253918360332
3871 0.300775498851
3872 0.299658371014
3873 0.317338026321
3874 0.302557638235
3875 0.299791988005
3876 0.230567043358
3877 0.300081900661
3878 0.326666207028
3879 0.300037262223
3880 0.197011183365
3881 0.301179706629
3882 0.300327649687
3883 0.299702896775
3884 0.300596199001
3885 0.270774667109
3886 0.18779391046
3887 0.318264377956
3888 0.299680632241
3889 0.300148883228
3890 0.301539915577
3891 0.29974743577
3892 0.301855805941
3893 0.231254356259
3894 0.299992637063
3895 0.299680632241
3896 0.235397151811
3897 0.300618599791
3898 0.299458168702
3899 0.300618599791
3900 0.29956935917
3901 0.308811221817
3902 0.299836553485
3903 0.275885719504
3904 0.300484245109
3905 0.299925724207
3906 0.299636113094
3907 0.251999062381
3908 0.300663411388
3909 0.300215895705
3910 0.300506629216
3911 0.299502634983
3912 0.30039474202
3913 0.299814269089
3914 0.301810638231
3915 0.300417112793
3916 0.300865229012
3917 0.299881132217
3918 0.299814269089
3919 0.245362264497
3920 0.243305246718
3921 0.299769710232
3922 0.300753074673
3923 0.187732734112
3924 0.299702896775
3925 0.254864859148
3926 0.299458168702
3927 0.272678179707
3928 0.300618599791
3929 0.300685822197
3930 0.30082035724
3931 0.338564917381
3932 0.300439486899
3933 0.299658371014
3934 0.300193554888
3935 0.30082035724
3936 0.299347060744
3937 0.299948025176
3938 0.300305292235
3939 0.349778981236
3940 0.29956935917
3941 0.263212905558
3942 0.300551407435
3943 0.240634752481
3944 0.318314605112
3945 0.267861951566
3946 0.309403358689
3947 0.299613858481
3948 0.253774596791
3949 0.344904325461
3950 0.231188090469
3951 0.30039474202
3952 0.305513555785
3953 0.299547114472
3954 0.299591607173
3955 0.299480400192
3956 0.299769710232
3957 0.300484245109
3958 0.300797926373
3959 0.300238239847
3960 0.20895063662
3961 0.299903426555
3962 0.317762976809
3963 0.31914564799
3964 0.299613858481
3965 0.299948025176
3966 0.299480400192
3967 0.335719123717
3968 0.299881132217
3969 0.273398914984
3970 0.300730653838
3971 0.300641003919
3972 0.302830192222
3973 0.300282938111
3974 0.299925724207
3975 0.299347060744
3976 0.299881132217
3977 0.300260587316
3978 0.299725164618
3979 0.299413715623
3980 0.252535431989
3981 0.243613804613
3982 0.195948947908
3983 0.196006073106
3984 0.195891855999
3985 0.195882343915
3986 0.195929913575
3987 0.195958466462
3988 0.195891855999
3989 0.195939430279
3990 0.242836563363
3991 0.195910882939
3992 0.195901369007
3993 0.195901369007
3994 0.195929913575
3995 0.195977506344
3996 0.195958466462
3997 0.195910882939
3998 0.195977506344
3999 0.196006073106
4000 0.195910882939
4001 0.195958466462
4002 0.195891855999
4003 0.195939430279
4004 0.195920397795
4005 0.195967985941
4006 0.195901369007
4007 0.195891855999
4008 0.195910882939
4009 0.195882343915
4010 0.195967985941
4011 0.195882343915
4012 0.2428073306
4013 0.195891855999
4014 0.195929913575
4015 0.195987027673
4016 0.195882343915
4017 0.195910882939
4018 0.195958466462
4019 0.195939430279
4020 0.195948947908
4021 0.195948947908
4022 0.195977506344
4023 0.195882343915
4024 0.196044175078
4025 0.195882343915
4026 0.195910882939
4027 0.195958466462
4028 0.195939430279
4029 0.195891855999
4030 0.195891855999
4031 0.196053702886
4032 0.242909676076
4033 0.195891855999
4034 0.195901369007
4035 0.195891855999
4036 0.195882343915
4037 0.195891855999
4038 0.195910882939
4039 0.195958466462
