node,pagerank
1 0.00628960261847
2 0.000235902023115
3 0.000203105650917
4 0.000225523598694
5 0.000238492647012
6 0.00020234812069
7 0.000180018671356
8 0.000262676671115
9 0.000237373001527
10 0.000600157243303
11 0.000135048659589
12 5.25914232762e-05
13 5.25914232762e-05
14 0.000330641957623
15 0.000288643980341
16 5.25914232762e-05
17 0.000133243057692
18 0.000260009874295
19 5.25914232762e-05
20 0.000380643140564
21 0.000292975376001
22 0.000692831943311
23 0.000163856728695
24 0.000404326340488
25 0.000228240112093
26 0.00080041266052
27 0.000692274631944
28 9.90047769305e-05
29 0.000255219209376
30 0.000191549554801
31 0.000212196451312
32 0.000299361958181
33 0.000147889371494
34 9.17209361097e-05
35 9.2484433967e-05
36 7.35364351292e-05
37 0.000185026779145
38 5.25914232762e-05
39 0.000141261439385
40 0.000194683596532
41 0.000495629086448
42 0.000465306045383
43 9.17209361097e-05
44 5.25914232762e-05
45 0.000136942869553
46 0.000159602552791
47 0.000133123620764
48 8.03004219844e-05
49 0.00029272795381
50 0.000155647909051
51 0.00015285262773
52 0.000140514909117
53 8.2195187228e-05
54 0.000415255180438
55 0.000134631539535
56 0.00019740128446
57 0.000803902429275
58 0.000213801819074
59 0.000214020012299
60 0.000223937310769
61 0.000117921481782
62 9.99308133869e-05
63 0.000294118187303
64 9.76240199458e-05
65 0.000143043178442
66 0.000160114432939
67 0.000178919956254
68 0.000772455645384
69 0.000214878747763
70 0.000141008144678
71 7.68463068463e-05
72 0.000101483305531
73 0.000273393549731
74 0.000158016146779
75 5.25914232762e-05
76 0.000176009356988
77 8.25816640054e-05
78 0.000120629780665
79 0.000216931701242
80 0.000152904107909
81 0.000314753661229
82 0.000107527805553
83 0.000384900096454
84 0.000140514909117
85 0.000191077731857
86 0.000182837954537
87 0.000151870433337
88 0.000172670941115
89 0.000284414811961
90 0.000228880636928
91 8.91986036239e-05
92 0.000237373001527
93 0.000288311532954
94 0.000183770738373
95 0.000298781047894
96 0.000180550358937
97 0.000146185128323
98 0.00010958436029
99 0.000500324672266
100 0.000299373400314
101 0.000175203777019
102 0.000266332582055
103 0.000153635361969
104 0.000188122363117
105 0.000346407922399
106 0.000181335426497
107 0.000127548262635
108 0.00693642095587
109 0.000200080879435
110 0.000401472253168
111 0.000155723211963
112 0.000293499317111
113 0.000100755480471
114 0.000421768037894
115 5.25914232762e-05
116 0.000417197417735
117 0.00032518618612
118 0.000112501958843
119 0.000397799995912
120 0.000731907259321
121 8.99138106134e-05
122 0.000171949488805
123 0.000660524079101
124 0.000208547389777
125 0.000112329740582
126 7.59216687518e-05
127 0.000127341570315
128 0.000243477209563
129 0.000306767843028
130 0.000123509179111
131 0.000230007410171
132 0.000173436894352
133 0.000208467412501
134 0.000235502378044
135 0.000219058173904
136 0.000171631235164
137 0.000633740325054
138 0.000330419402764
139 7.2933935053e-05
140 0.000155112841888
141 0.000220452983823
142 0.000312002105848
143 0.000450886320806
144 0.000293799058628
145 0.000291163290883
146 8.91986036239e-05
147 0.000144430582416
148 0.000180018671356
149 0.000246266902214
150 0.00027170754253
151 0.000194083893279
152 0.000153760301658
153 0.000124922441423
154 6.2126833183e-05
155 7.93237038191e-05
156 0.00010298408355
157 0.000164838920737
158 0.000106001772991
159 0.000299690627321
160 0.000204672857417
161 6.94674987085e-05
162 0.000279885201814
163 0.000169672377463
164 0.000121438534979
165 7.38810100837e-05
166 0.000149154120452
167 0.000109014135345
168 0.000168900073221
169 0.00016671442976
170 0.000415164698461
171 0.000507408892191
172 0.000378355466254
173 0.000440771155628
174 0.000220958455261
175 0.000130349027639
176 0.000379329398632
177 0.000176185153539
178 0.000258509977353
179 0.00018869072847
180 0.000129132367595
181 0.000276744561101
182 0.000238492647012
183 0.000115271305276
184 6.36896165982e-05
185 0.000267222693798
186 0.000296199921502
187 0.000466214473932
188 0.000229885681509
189 0.000510896504563
190 0.000143043178442
191 0.000102820267465
192 7.61960844371e-05
193 0.000173016137091
194 0.000157472667017
195 0.000263959841688
196 0.000216931701242
197 0.000187395132171
198 0.000243338643829
199 0.000261424599362
200 0.000497004970382
201 0.000591080120035
202 0.000128975410872
203 0.000102926630437
204 0.000601022540246
205 0.00029628268979
206 8.2195187228e-05
207 9.39537511359e-05
208 7.05816175374e-05
209 0.000109228419491
210 5.25914232762e-05
211 5.25914232762e-05
212 0.000328807694016
213 0.000214328151283
214 0.000445298868494
215 0.000340357550689
216 5.25914232762e-05
217 7.31613579726e-05
218 0.000154753172592
219 0.000216931701242
220 0.000187128840765
221 0.000109764914496
222 0.000120029458787
223 0.000159719636798
224 0.000288928656189
225 0.000315772589236
226 0.000235674082457
227 0.000270268804931
228 0.000341589821432
229 8.1914724529e-05
230 0.000113810764576
231 0.00025568030168
232 0.000265839216879
233 0.000280763971942
234 9.17209361097e-05
235 6.15608805017e-05
236 9.53930044597e-05
237 0.000410319165798
238 0.000140514909117
239 0.000262961527881
240 0.000624925401826
241 8.52210273428e-05
242 8.58402952861e-05
243 0.000316961229392
244 0.000192835831503
245 9.17209361097e-05
246 0.000149285986869
247 0.000180085232866
248 8.4223363451e-05
249 0.000248818599718
250 0.000321774342928
251 8.99107026506e-05
252 0.000218657729092
253 0.000669817854967
254 0.00010958436029
255 0.000240268321008
256 8.58402952861e-05
257 9.17209361097e-05
258 0.000224465834966
259 0.000191984194524
260 0.000237373001527
261 0.000158752772184
262 0.000412322384174
263 0.000109764914496
264 0.000174636082008
265 0.000155723211963
266 0.00030010243262
267 0.000252237041141
268 7.29019992734e-05
269 0.00014496217781
270 0.000136359500971
271 9.47836517327e-05
272 0.000745788929601
273 0.000502691525114
274 0.000216931701242
275 0.000183912430303
276 0.000238492647012
277 0.000212976079509
278 0.000719110255099
279 0.000237828440214
280 7.04815783355e-05
281 0.000483686484974
282 0.000241044106482
283 9.17209361097e-05
284 0.00010627204654
285 0.000242777079762
286 0.000510882040171
287 8.31446527021e-05
288 5.25914232762e-05
289 8.05234698796e-05
290 0.000107674481847
291 0.000173710716707
292 0.000408471305109
293 5.25914232762e-05
294 0.000100755480471
295 7.90610085731e-05
296 0.000140641079978
297 0.000174636082008
298 0.000275367337662
299 0.000144875305157
300 0.000280117245998
301 0.00012385035572
302 9.7584554522e-05
303 0.000273125739612
304 0.000251279367701
305 0.000576126208743
306 6.94000197268e-05
307 0.000216931701242
308 0.000115327029813
309 0.000276323351774
310 0.000171631235164
311 0.000274890051627
312 0.00011389444869
313 0.000512080095394
314 0.000409239944467
315 0.00017243334302
316 0.000603635291409
317 6.58149001211e-05
318 0.000118945446877
319 0.000146895889918
320 0.000228880636928
321 0.000307905249612
322 9.26448366147e-05
323 0.000786799219029
324 0.000429432822343
325 0.000329661751821
326 0.000411200872372
327 0.000357342095992
328 0.000127534327799
329 0.000216931701242
330 0.000398872155083
331 0.000227344967834
332 0.000240874757823
333 0.000475988110757
334 0.000171223462436
335 0.000317836784319
336 5.25914232762e-05
337 7.45071546506e-05
338 0.000204547007878
339 0.000112541182537
340 0.000353370883925
341 0.000106241540445
342 0.000154706023715
343 0.000365163411784
344 0.000346456849146
345 0.000132355419199
346 0.000198377557671
347 0.000363376984462
348 0.000124276393854
349 0.00234809697278
350 8.38997209647e-05
351 0.000217526601482
352 0.000130008744272
353 0.000174405631025
354 0.000613584320004
355 0.000222909280968
356 0.000310432424477
357 8.8367892461e-05
358 0.000200052958735
359 4.58909589748e-05
360 0.000240379497867
361 0.000310153839963
362 0.000219704732643
363 0.000167079041803
364 0.00059971876478
365 0.000207943300656
366 7.50715332964e-05
367 0.000586398749159
368 0.000254735748665
369 0.000244179798893
370 0.000266444763261
371 0.000476406094409
372 7.11630144822e-05
373 0.00017332973261
374 0.00064145983157
375 0.000445384559052
376 0.000135535590543
377 0.000901407366479
378 6.91429129336e-05
379 0.000406071340767
380 6.64408533056e-05
381 0.000140327067561
382 0.000145001603545
383 0.000125237960174
384 8.19081725274e-05
385 9.44066278786e-05
386 8.46458244376e-05
387 9.79371829961e-05
388 0.000278180001559
389 0.000262395552776
390 0.000398273439753
391 7.85253480277e-05
392 0.000405972762126
393 0.000261726896716
394 0.000164611343187
395 0.000253165242343
396 0.000513671255284
397 0.000233783735625
398 0.000386419749738
399 0.000231588525889
400 0.000185558182439
401 0.000465263592284
402 7.38896245659e-05
403 0.000386891242447
404 0.000177974061663
405 0.000338394348097
406 0.000121645611153
407 9.16162976849e-05
408 0.000162413911148
409 0.00036181869437
410 0.000237653247732
411 0.000145462704886
412 9.1396090998e-05
413 0.000669799359613
414 0.000156090846467
415 0.00180029904707
416 0.000203872345988
417 0.000165609224532
418 0.000397905717349
419 0.000190557407039
420 0.000416187983566
421 0.000237666264427
422 0.000201683479738
423 0.000519476804654
424 0.000389473986581
425 0.000196178291835
426 0.000169627166565
427 0.000159884538123
428 0.000130783027873
429 0.000780017193348
430 0.00012461810327
431 0.000262884603434
432 0.000466241271196
433 0.000386125533242
434 0.00012446843598
435 0.000257797901631
436 0.000121336110061
437 0.000417933361646
438 0.000216675990762
439 0.000463411857161
440 0.000300149765255
441 0.000125765698678
442 0.000185558182439
443 0.000115714266595
444 7.07630115336e-05
445 0.000326138472061
446 0.000205850122029
447 0.000149322087723
448 4.58909589748e-05
449 5.96901281664e-05
450 0.000114491580978
451 0.000192358881273
452 0.000186890537807
453 0.000308172227873
454 0.000145399337601
455 8.84654442617e-05
456 0.000324008507602
457 0.00039961703135
458 0.000221947141513
459 0.0002111162499
460 0.000128236250758
461 0.000465818710044
462 0.000360195358744
463 0.000177646944761
464 0.000329865822602
465 0.000114318520207
466 0.000505246282058
467 0.000115610629439
468 0.000108318150061
469 7.07630115336e-05
470 0.000219990595217
471 0.000160360742637
472 0.000221845792946
473 9.67289618606e-05
474 0.000234606212546
475 0.00018277001895
476 0.000785358614247
477 0.000144345860299
478 0.000143485591479
479 0.000108132440585
480 0.00025513368948
481 0.000103653039662
482 0.000238967602472
483 0.00023652938477
484 0.00129742833006
485 0.00061890375155
486 7.96830133412e-05
487 0.000187003153871
488 0.000230689917292
489 0.000201189445134
490 0.000208994566048
491 0.000129614713401
492 0.000114100039103
493 0.000417096927134
494 0.000368237362802
495 0.000172360588767
496 0.000177231572641
497 0.000288086239271
498 0.000543039517021
499 0.000141716282244
500 8.50474122887e-05
501 0.000548950454228
502 0.000185558182439
503 0.000112987571779
504 0.000374811802931
505 0.000375776793715
506 0.000156654691728
507 0.000475359926639
508 0.00043337171469
509 0.000158866069204
510 0.000177803812257
511 0.000228115936431
512 0.000209450172484
513 0.000206939982565
514 0.000584200048357
515 0.000418690994934
516 0.000403662742209
517 0.000221327258587
518 0.000635493554212
519 0.0002144633755
520 0.000211843367771
521 0.000339729421574
522 0.000129780898061
523 0.000133084363186
524 0.000307113509671
525 0.000415641063551
526 0.000442812504949
527 0.000464079673496
528 0.000303618586024
529 0.000135952914033
530 0.000113977966014
531 7.05777150976e-05
532 0.000347635968893
533 0.000239789440818
534 9.54254009107e-05
535 0.000107354694819
536 0.000116302578926
537 0.000168746238546
538 0.000267584295222
539 0.000531502825219
540 0.000210914696729
541 9.56069770213e-05
542 0.00011033462798
543 0.000389670816291
544 0.000198224600827
545 0.000443792700859
546 0.000315496648009
547 0.000249311602914
548 0.000266978651679
549 0.00024876214949
550 0.000111191249156
551 4.58909589748e-05
552 0.000196226374265
553 9.44066278786e-05
554 0.000573330349407
555 0.000203929367696
556 0.000302000422354
557 0.000345907866996
558 0.000280874701699
559 0.000170403824072
560 0.000520531102158
561 0.000219486559026
562 0.000516414559584
563 7.78721304057e-05
564 0.000740283980383
565 0.000212128075666
566 0.000157814952278
567 0.000523264147044
568 0.000482442651912
569 0.00013752082746
570 0.000130979334808
571 0.000264017937105
572 5.92986806511e-05
573 0.000108318150061
574 0.000350470200341
575 0.000145980153914
576 0.00015173626943
577 0.000171299287084
578 0.000248516252704
579 0.000268999194444
580 0.000423225093224
581 0.000518212075952
582 8.1519687845e-05
583 0.000238627069307
584 0.000279861617111
585 0.000191451559679
586 4.67833810001e-05
587 9.06612187892e-05
588 0.000109282031839
589 0.000171608267301
590 0.000237929317079
591 0.000152767080847
592 0.000313005914453
593 0.000446144160457
594 7.77519839029e-05
595 0.00020150425793
596 0.000219199344469
597 0.000364979841362
598 0.000243866311993
599 0.000187249957067
600 0.000259542883432
601 0.000269982800046
602 0.000193039226476
603 4.67833810001e-05
604 0.000208755716336
605 0.000252343777459
606 0.000207243918142
607 0.000541264564046
608 4.67833810001e-05
609 4.67833810001e-05
610 0.000303970476493
611 7.02438447238e-05
612 0.000189451426742
613 0.000179368124616
614 4.67833810001e-05
615 0.000224221398467
616 0.000270144532835
617 0.000244109054315
618 0.000289035166109
619 0.000271978969979
620 0.000284714564699
621 0.000206961635132
622 0.000110815888306
623 0.000170752037044
624 0.000200896223743
625 4.67833810001e-05
626 0.00024130198653
627 0.000172429619304
628 0.000268999194444
629 0.000152930603209
630 0.000105607833738
631 0.000413868399759
632 0.000150209284484
633 0.000249851350736
634 0.000178923699601
635 0.000150125973339
636 0.000244747606843
637 0.000273066479461
638 0.000667346800538
639 4.67833810001e-05
640 0.000137924906254
641 0.000258965849383
642 0.000397293230041
643 8.1519687845e-05
644 0.000269982800046
645 0.000266651345287
646 0.000227961675936
647 0.000128105506324
648 0.000219407991551
649 5.6652591538e-05
650 8.48749030604e-05
651 0.000249694378056
652 0.000456883373608
653 6.45804718696e-05
654 0.000297900647068
655 0.000348869534746
656 9.25630975011e-05
657 5.73371321864e-05
658 0.000109080741497
659 0.000268999194444
660 0.000268999194444
661 6.86415509641e-05
662 0.000269982800046
663 0.000269416764144
664 0.000126256731362
665 0.000200115309181
666 0.000211176239079
667 0.00019822293331
668 7.40408388781e-05
669 4.67833810001e-05
670 0.000238898048615
671 0.000258552732768
672 7.03250665341e-05
673 0.000110892692666
674 6.45804718696e-05
675 4.67833810001e-05
676 0.000259279421431
677 0.000143385951934
678 0.000247849562602
679 0.000288134537351
680 0.000104624285362
681 0.00029174131058
682 0.000260103620062
683 0.000171014506553
684 0.000234520019436
685 0.000231231187617
686 0.000197477665954
687 0.0022193592598
688 0.000297555725997
689 0.00045919571692
690 0.000156136839008
691 0.000118612328473
692 0.000123229727572
693 4.8242962349e-05
694 0.000164504700892
695 0.000540332213555
696 0.000407783645065
697 0.000312631203677
698 0.000539603905818
699 0.00131711531384
700 6.36712948835e-05
701 0.000102756181968
702 0.000227074235615
703 0.000157748138231
704 0.000446649344633
705 8.97471573209e-05
706 0.000680428831267
707 0.000193103802301
708 0.0001833547456
709 0.000333007797907
710 0.00019309456153
711 0.000110890324564
712 0.000219456040722
713 0.000229354393909
714 0.000749348105022
715 0.000250733189967
716 0.000125189938114
717 0.000153799233272
718 0.000118866296818
719 0.000314346365061
720 0.000636411272087
721 0.000226131399244
722 9.06588575943e-05
723 0.000168358251347
724 0.000148325241465
725 0.000475027071132
726 0.000155419845729
727 0.000359024178737
728 0.000288313974481
729 0.000392292241054
730 0.000238662724205
731 0.000180417658236
732 0.000264906350064
733 0.0002584836711
734 0.000134210341071
735 0.000267065166675
736 9.07215739456e-05
737 0.000233990791511
738 0.000180815792238
739 0.00026977950262
740 0.0003224455057
741 0.000131986240449
742 0.000195673988849
743 0.000190284834208
744 7.82564928804e-05
745 5.86338136796e-05
746 0.00057828756901
747 0.000163472612469
748 0.000590248345432
749 0.000218219464122
750 7.38750618063e-05
751 5.82990321468e-05
752 0.000144891932276
753 0.000372465827947
754 0.00019770838056
755 0.000307936507552
756 0.000217644520538
757 0.000129297429241
758 0.000120689522988
759 0.000225550812695
760 0.000130479968263
761 0.000302232483963
762 0.000111484102326
763 0.000154189016864
764 0.000178202002843
765 0.000294958578867
766 0.000168813796899
767 0.000355028435446
768 0.000154931275559
769 0.000232051423303
770 0.000223463075572
771 0.000320203624699
772 0.000256377869319
773 0.000210720016718
774 0.000358953410223
775 0.000393803458037
776 7.38750618063e-05
777 0.000240161649139
778 0.000206935264565
779 0.000184239341175
780 0.000202330901249
781 0.00034167436022
782 0.000509679362571
783 0.000222296534668
784 0.000205116473863
785 0.000415668514515
786 7.29493461414e-05
787 0.000150836168679
788 0.000312251626014
789 9.37498293804e-05
790 0.000230309117429
791 8.61412146441e-05
792 0.000139575849378
793 0.000251849617167
794 0.000233474782736
795 0.000166347087351
796 0.000215215156507
797 0.000135555206983
798 0.000286147789131
799 0.00016219844548
800 0.000159995023232
801 0.000399770722481
802 4.8242962349e-05
803 0.000108176572387
804 0.000249113590287
805 0.00027024649544
806 0.000655159786572
807 0.000270895083123
808 0.000223394968336
809 0.000124609711905
810 0.00020648710604
811 0.000330934491083
812 0.000147899489835
813 0.000110571477227
814 0.000149497437685
815 0.00027461247358
816 0.000389908015442
817 0.00016096215129
818 0.000264357573101
819 0.000263608776652
820 0.000393705173041
821 0.000387098019528
822 0.000119424204622
823 0.000260705291316
824 0.000556250777079
825 0.000564755697277
826 0.000141887360433
827 0.000138531045075
828 0.000446184813191
829 0.000788690542066
830 0.000373426134017
831 0.000547694408673
832 0.000178024807376
833 8.77683386335e-05
834 0.000271129772555
835 0.000416404784865
836 0.000222151459487
837 0.00015181630316
838 0.000160370165607
839 0.000237357898152
840 0.000263794661657
841 0.000293174646936
842 6.22469565702e-05
843 0.000374566991279
844 0.000156108383201
845 0.000163108169748
846 0.000245888366713
847 0.000105045715725
848 0.000279155015948
849 0.00025727251849
850 0.000322284458241
851 0.000160175726467
852 7.48297835249e-05
853 0.000118866296818
854 0.000433906508488
855 6.64463494695e-05
856 0.000118866296818
857 0.000530609380256
858 0.000205286460626
859 0.000157098410233
860 7.85405821477e-05
861 6.05624237561e-05
862 0.000191570490399
863 0.000296224563114
864 0.000213676273695
865 0.000135959145786
866 0.000100159497245
867 0.00016189265326
868 0.000227542173266
869 0.000100159497245
870 0.000126257060537
871 0.000213477108948
872 0.000200813876602
873 0.000200419559401
874 0.000174955675527
875 0.000200419559401
876 5.37033780466e-05
877 0.000213676273695
878 0.000125826996855
879 0.000196117195371
880 0.000187182257847
881 0.000116192052291
882 0.000212543350207
883 0.000162821080791
884 5.37033780466e-05
885 0.000121618387876
886 0.000260682093291
887 0.000167493759884
888 0.000174955675527
889 0.000178066381381
890 0.000247202989539
891 0.000127275757827
892 5.37033780466e-05
893 5.37033780466e-05
894 0.00011452040576
895 0.000134442979682
896 0.000185323677405
897 0.000581046858465
898 0.000245777776892
899 0.000206448345547
900 6.82078297972e-05
901 0.000126641441648
902 0.000273879128443
903 0.000224031987048
904 0.000271952839972
905 8.62266309542e-05
906 0.000135186281267
907 0.000245962275464
908 8.6025449387e-05
909 0.000290861223074
910 0.000176344361095
911 9.82686679946e-05
912 4.27990068604e-05
913 0.00012728318143
914 0.000257448594437
915 0.000124648970797
916 0.000228571583796
917 0.000421550730631
918 0.000733155941235
919 4.27990068604e-05
920 0.000168078837708
921 9.98686094399e-05
922 0.000323028424661
923 0.000148267191056
924 0.000102668382815
925 0.000318112385413
926 0.000484456769236
927 0.000102209657495
928 0.000248141969012
929 0.000115028007633
930 8.70999180514e-05
931 0.000327208741433
932 0.000137545580886
933 0.000216862922731
934 0.000157857075127
935 0.00024843450937
936 7.49545969015e-05
937 0.000237762140305
938 9.62819637272e-05
939 0.000236105167644
940 0.000168233617752
941 0.00014094245875
942 0.00028535776138
943 0.00032655024229
944 0.000120563958807
945 0.000264834574113
946 5.78203406357e-05
947 0.000480846286829
948 0.00034684924962
949 0.000245932889246
950 0.000180542546874
951 0.000115902799926
952 0.000168308745007
953 0.000247966300602
954 0.000335008058219
955 0.000282920938052
956 0.000162811995694
957 0.000156612984351
958 0.000307560809498
959 0.000202135986202
960 0.000164405412649
961 0.000319902922991
962 0.000143494318411
963 0.000197823377609
964 0.000264536049766
965 0.000209047183851
966 0.000134561111012
967 0.00032917383913
968 0.000337106991855
969 0.000243669399269
970 0.000181093979331
971 0.000157357156573
972 0.000195192114388
973 9.66650201353e-05
974 0.000145468197875
975 0.000118751045337
976 0.00025885147608
977 0.000168355615559
978 0.000206580631751
979 0.000324591371276
980 0.000160484376313
981 0.000390982173552
982 0.00022893197714
983 0.000238989437282
984 0.00020002521718
985 0.000220645159679
986 9.33960855631e-05
987 0.000107977994746
988 9.17440978511e-05
989 0.000204812989085
990 0.000181953225303
991 0.000269742097521
992 0.000162507952784
993 0.000250402836697
994 0.000441129301183
995 0.000165546093456
996 0.00026013356694
997 7.13961437655e-05
998 0.000291528947991
999 7.86358135694e-05
1000 0.000235752989693
1001 0.000177310533691
1002 0.000239086066521
1003 0.000115130490413
1004 0.000301212119389
1005 0.000345624391987
1006 0.000128475928048
1007 0.000413081976609
1008 0.000115399953996
1009 9.46100603768e-05
1010 0.000276597781836
1011 0.000274197968588
1012 0.000237218800046
1013 0.000197560435113
1014 0.000122966803281
1015 0.000474367492778
1016 0.000185153007903
1017 0.000148913979566
1018 0.000429984215914
1019 0.000258677871777
1020 0.00027914276276
1021 0.000291474275305
1022 0.00029018051059
1023 5.92962171301e-05
1024 0.000110336509859
1025 0.000279309037927
1026 0.000197145689781
1027 0.000261443367247
1028 8.9624760997e-05
1029 0.000212113279654
1030 0.000310672040714
1031 0.000176765871322
1032 6.68882752022e-05
1033 0.000394005191424
1034 0.000174624541263
1035 5.67753877251e-05
1036 0.000195622295138
1037 0.000275497711627
1038 0.000263801439861
1039 6.99884994974e-05
1040 0.000109092184397
1041 0.000216457836179
1042 0.000345683079826
1043 0.000127909590691
1044 0.0001831184803
1045 0.000152934728072
1046 0.000167383779975
1047 9.03774785872e-05
1048 0.00022091843481
1049 0.000330784982962
1050 0.000268114417594
1051 0.000129487702986
1052 0.000306926539411
1053 0.000408202740261
1054 0.000116696554675
1055 0.000191358402873
1056 0.000143236457702
1057 0.000221922299936
1058 9.05872985844e-05
1059 8.57229185364e-05
1060 0.000469946323122
1061 0.000249400342305
1062 0.000123666296398
1063 0.000180162820758
1064 9.90293205266e-05
1065 0.000239173652186
1066 5.13677107597e-05
1067 0.000339469796603
1068 0.000353314921477
1069 0.000176312239596
1070 9.76948464141e-05
1071 0.000516456038521
1072 8.12024590988e-05
1073 0.000202584673535
1074 0.000112744505526
1075 0.000223417028166
1076 0.000262492861917
1077 0.000401929312953
1078 0.000141503132705
1079 0.000506943423394
1080 0.000351052912051
1081 0.000357469566099
1082 0.000168908884254
1083 0.000271601829539
1084 0.000315461898871
1085 8.58226392007e-05
1086 0.000597843766477
1087 0.000658630841077
1088 0.000105730811699
1089 0.000155513837363
1090 0.000139477709694
1091 0.000132098222713
1092 0.000112212497032
1093 0.000177531397252
1094 9.3839148085e-05
1095 0.000113072573817
1096 0.00016596844719
1097 4.27990068604e-05
1098 0.000290431079191
1099 0.000233346068699
1100 0.000284963561373
1101 0.000302468413035
1102 0.000357960917618
1103 0.000261599666916
1104 8.11128150768e-05
1105 0.000502173949787
1106 0.000115130490413
1107 0.000216263339325
1108 0.000399577042138
1109 0.000225601794747
1110 0.000276099788361
1111 0.000265563438394
1112 0.000146624408118
1113 0.000182576357415
1114 0.000295065746622
1115 0.000254039327286
1116 0.000184637996772
1117 0.000117457398086
1118 0.000357129580287
1119 0.000281238924686
1120 4.27990068604e-05
1121 0.000251784879942
1122 0.000184495760034
1123 0.000305625750191
1124 0.000248785013517
1125 0.00040496190928
1126 0.000336923357915
1127 0.000566192730141
1128 0.000201119912838
1129 0.000320367898638
1130 0.000286757249987
1131 0.00021695552083
1132 0.000243338684639
1133 0.000401142906307
1134 8.39421552339e-05
1135 0.000127641936418
1136 0.000235005803159
1137 0.000313360566771
1138 0.000239565009056
1139 0.000211718839286
1140 0.00018692356137
1141 0.000100997721509
1142 0.000154304462201
1143 0.000218184523527
1144 0.000100908573125
1145 0.000216265289839
1146 4.27990068604e-05
1147 0.000431136251447
1148 6.3644816806e-05
1149 0.000312208573653
1150 0.000306188830391
1151 0.000128612993508
1152 6.7130851285e-05
1153 0.000125987394787
1154 0.000393599820989
1155 0.000107405164252
1156 0.000271863709656
1157 0.000295476632918
1158 7.41259404338e-05
1159 0.00031382579002
1160 0.000385800933704
1161 0.000276960290524
1162 0.000152558050603
1163 9.76196710058e-05
1164 0.000293573269896
1165 0.000111123726921
1166 0.000237743808257
1167 0.000306368564196
1168 0.0002043543272
1169 8.15691334954e-05
1170 0.00015855357339
1171 0.000226499045079
1172 0.000242006333456
1173 0.000329812039582
1174 0.000392299350637
1175 0.000192910074967
1176 0.000395263029562
1177 4.70725725297e-05
1178 0.000207387004334
1179 0.000139840575177
1180 0.00028247422458
1181 0.000157712497657
1182 0.000261901804818
1183 0.000229957995193
1184 0.000235566005794
1185 0.000445949502932
1186 0.000436155255008
1187 0.000153508792645
1188 0.000190581156357
1189 0.000232522530863
1190 0.000276417193937
1191 0.000197379234452
1192 0.000328347422485
1193 0.000443965214423
1194 0.000128646053045
1195 0.000102045520097
1196 0.00017495491739
1197 0.00012488939911
1198 0.000186767414842
1199 0.00024535127387
1200 0.00060463327624
1201 7.3227029208e-05
1202 0.000190795438592
1203 0.000160994161388
1204 0.000107929188297
1205 0.000493467905465
1206 0.000305993280099
1207 4.27990068604e-05
1208 0.000227649061997
1209 9.22530786342e-05
1210 0.000240084011006
1211 0.000266252795936
1212 0.000489157225091
1213 0.000221373300165
1214 0.000172858435231
1215 0.00036440238006
1216 0.000236878110263
1217 0.00028639628185
1218 0.000288383318178
1219 0.000169131759501
1220 0.000182351701659
1221 7.57803915578e-05
1222 0.000373202484361
1223 0.000432363827621
1224 0.000158660690216
1225 6.73463218589e-05
1226 0.000223355813096
1227 0.000249905417557
1228 0.00038913474515
1229 0.000188836288746
1230 0.000235702498849
1231 0.000362534986339
1232 0.000348672148458
1233 0.000238014760556
1234 4.95561629202e-05
1235 0.000142799074027
1236 0.000495549959816
1237 0.000321231668333
1238 0.000353031177264
1239 0.000449183516362
1240 6.44480228484e-05
1241 0.000143474496914
1242 0.000140880927686
1243 0.000279581186344
1244 0.000336749870243
1245 0.000114572031328
1246 0.000211331646186
1247 0.000236679270096
1248 0.000160487720716
1249 9.47407492301e-05
1250 0.000134246154835
1251 0.000392549814845
1252 0.000135314971179
1253 7.27913213127e-05
1254 8.12024590988e-05
1255 0.000113210013593
1256 0.000370889052308
1257 0.000393085715426
1258 0.000263791181314
1259 0.000278275960884
1260 0.000344230210785
1261 0.000266707041427
1262 0.000340657149255
1263 4.53326999473e-05
1264 6.66089588936e-05
1265 8.39678400369e-05
1266 0.000127629234807
1267 0.000143950850867
1268 0.000339524662227
1269 0.000126126908077
1270 0.000365606159353
1271 5.623163311e-05
1272 0.000287106713164
1273 0.000275450723765
1274 0.000337653067983
1275 0.000229268058877
1276 0.000381172588091
1277 4.53544841488e-05
1278 0.000571752425262
1279 0.000141941638837
1280 0.000217031510248
1281 0.000249308136132
1282 0.000217762775161
1283 0.000338033743548
1284 0.000249536254068
1285 0.000289880727231
1286 0.000183387464853
1287 0.000135728050279
1288 0.000202612665078
1289 0.00027570619891
1290 0.000251816356699
1291 0.000270007933155
1292 0.000326734712515
1293 0.00026454307941
1294 0.000159153903201
1295 0.000159193474014
1296 8.26457381638e-05
1297 0.00018627975123
1298 0.000100381558878
1299 0.000329049178242
1300 0.00022624671911
1301 0.000205095016612
1302 8.09020181461e-05
1303 0.000308448137414
1304 0.000250445479786
1305 0.000303791430074
1306 0.000334963894877
1307 0.00019510498375
1308 0.00029500086653
1309 0.000173579133133
1310 0.000223074857479
1311 0.00020004014303
1312 0.000184867757642
1313 0.000268105812715
1314 0.00022037259327
1315 0.000214539582747
1316 0.000218728157462
1317 0.000176339439778
1318 0.000220054868725
1319 0.000257386017579
1320 0.000222626497764
1321 0.000385838463285
1322 0.000165834996576
1323 0.00042002355529
1324 0.000241241643523
1325 0.000217026798515
1326 0.000185617678397
1327 5.80858453916e-05
1328 0.000257822517195
1329 0.000209160766896
1330 0.000404820187875
1331 0.000364170748298
1332 0.000419620711818
1333 0.000272132825874
1334 0.000265856798043
1335 0.000358809415984
1336 0.000364363113924
1337 0.00017740643269
1338 0.000275832709529
1339 0.000443723066768
1340 0.000299581155393
1341 0.000199981903969
1342 0.000354342169592
1343 0.000101440838671
1344 0.000259889091582
1345 0.000278651622625
1346 0.000444706229206
1347 6.39213050578e-05
1348 0.000360932032736
1349 0.000270857990612
1350 0.00027277642515
1351 0.00017650106053
1352 0.000208681362212
1353 0.00066907724313
1354 6.64963635564e-05
1355 7.13668146659e-05
1356 0.000262685217556
1357 0.000186915906248
1358 0.000226775868573
1359 0.000458583920189
1360 0.000264048352961
1361 0.000345178448941
1362 0.000421205321513
1363 5.54325989973e-05
1364 0.000181429687614
1365 0.000100780876282
1366 0.000144732483671
1367 0.000429728523607
1368 0.000473984677273
1369 0.000162811995694
1370 0.000276022079269
1371 0.000325686983385
1372 0.000288075864606
1373 8.76284161581e-05
1374 0.000379708383573
1375 0.000265286859768
1376 0.000230575850878
1377 0.000518065061594
1378 0.000551755504578
1379 0.000258973053974
1380 0.000245190402512
1381 0.000252881523696
1382 0.000147357906373
1383 0.000216612547642
1384 6.72218326396e-05
1385 0.000138888596634
1386 0.000130351116295
1387 4.27990068604e-05
1388 0.000129498832791
1389 0.000258135762136
1390 0.000160023521529
1391 0.000540406744584
1392 0.000495022919445
1393 0.000189243423648
1394 0.000204875939179
1395 6.02678425083e-05
1396 4.81629848638e-05
1397 0.000276029094092
1398 0.000118983910446
1399 0.000160076034016
1400 0.000503112489668
1401 0.000156568735325
1402 7.70867976406e-05
1403 0.000228261021598
1404 0.000148913979566
1405 0.000239906746251
1406 0.000275458263099
1407 0.000183301276734
1408 0.000147575710694
1409 0.000225531347681
1410 0.000336443347531
1411 0.000213141593071
1412 7.86607384267e-05
1413 0.000164906434617
1414 0.000286850148733
1415 7.10449367709e-05
1416 0.000235247217838
1417 0.000324638796676
1418 5.70337174204e-05
1419 0.000154342591806
1420 0.000193870514136
1421 0.000440522486505
1422 0.000234461957122
1423 0.000117068389118
1424 0.000289290308413
1425 0.000179584855448
1426 0.000245812469084
1427 0.000303554844728
1428 0.00038574622666
1429 0.000223896658968
1430 0.000222660251039
1431 4.93781572148e-05
1432 0.000658449918146
1433 0.000265181076235
1434 0.000226917333974
1435 0.000139148945789
1436 0.000273492683144
1437 0.000200739525118
1438 0.000216509412444
1439 0.000175938361335
1440 9.15526272321e-05
1441 0.000166185327713
1442 0.000160014936697
1443 7.93505972817e-05
1444 0.00010130450017
1445 0.000213779889656
1446 0.000106726815091
1447 0.000232942837098
1448 0.000426279660438
1449 0.000255980606484
1450 0.000288026475048
1451 0.000204999697279
1452 0.000169739267571
1453 0.000274959591538
1454 0.000213216545115
1455 0.000264981605407
1456 7.02076169913e-05
1457 0.000379675902672
1458 0.000197756869781
1459 0.000146929143139
1460 0.000469348952434
1461 0.000181155400902
1462 9.00962656244e-05
1463 0.000386165582699
1464 6.78915484111e-05
1465 0.000179783313386
1466 0.000357140806598
1467 4.27990068604e-05
1468 0.000378478950852
1469 0.00025284586167
1470 0.000425537141119
1471 0.000242630417458
1472 0.000502464813742
1473 0.000595320589462
1474 0.000341490357714
1475 7.33185398634e-05
1476 0.000341834953123
1477 7.44282863062e-05
1478 0.000105355270758
1479 0.000160806040059
1480 0.000387836383241
1481 0.000312394911697
1482 0.000132129677598
1483 0.000340256673753
1484 0.000301320564939
1485 0.000104183086302
1486 0.000172663046857
1487 9.2784077227e-05
1488 0.000354623335844
1489 0.000391362348443
1490 0.000138523693799
1491 8.69887454061e-05
1492 0.00035578110149
1493 0.000117758044814
1494 0.000215887311635
1495 0.000258106810222
1496 0.000330725730055
1497 0.000331420132159
1498 0.00019180587093
1499 6.54802719678e-05
1500 0.000191988959122
1501 0.000211141659024
1502 0.000110534566138
1503 0.000353731954832
1504 0.000171665796403
1505 0.000386936390187
1506 0.000532635013884
1507 7.97790690974e-05
1508 0.000271835354427
1509 0.000179257182381
1510 0.000392440369592
1511 6.16295144037e-05
1512 0.000280177041604
1513 0.000225432859974
1514 0.000204785658749
1515 0.000225834973111
1516 0.000341979741516
1517 0.000439893139968
1518 0.000133779255193
1519 0.000132031595425
1520 0.000153852682577
1521 0.000355482450199
1522 6.89823996395e-05
1523 0.000446571639429
1524 0.000259228827761
1525 0.000143684804167
1526 0.000363114610389
1527 0.000157884865292
1528 0.000104120114292
1529 0.000243401655918
1530 0.000291772803403
1531 0.000299418002331
1532 0.000183772246054
1533 0.000139633962203
1534 0.000279757046159
1535 0.000285650668296
1536 0.000215954587423
1537 0.000542753903692
1538 0.000164618227555
1539 0.000229302691795
1540 0.00024181614088
1541 0.000310240917342
1542 0.000242030685709
1543 0.000180707861887
1544 0.00022311786561
1545 0.000144013562617
1546 0.000314303983251
1547 6.92720226202e-05
1548 0.0003450562123
1549 0.000308905146372
1550 0.00034668202242
1551 0.000193300170947
1552 0.000483581393172
1553 9.57064482576e-05
1554 0.000238728875903
1555 0.000459435066325
1556 0.000327288293141
1557 0.000106199171522
1558 0.000435784986702
1559 5.07565657911e-05
1560 0.000527907821332
1561 4.27990068604e-05
1562 0.000184471470825
1563 0.00012982184974
1564 0.000336971981433
1565 0.000159705966336
1566 0.000278058599467
1567 0.000175971871549
1568 0.000303734783398
1569 0.000236159876798
1570 0.000301962885208
1571 0.000372174652311
1572 0.000214285505259
1573 0.000152200571287
1574 0.000415142656595
1575 0.000421480817593
1576 0.000141197817691
1577 0.000311186021214
1578 0.000530152035823
1579 0.000186661700163
1580 7.30097280734e-05
1581 0.000254647245392
1582 4.27990068604e-05
1583 0.000218248033134
1584 0.00044501182119
1585 0.000634543457726
1586 0.0001861776581
1587 9.03774785872e-05
1588 0.000254223561803
1589 0.000224419781108
1590 0.000569772416408
1591 0.000310405520461
1592 0.000478579769393
1593 0.000140079585559
1594 0.000301115031211
1595 0.000120976228216
1596 0.000203627226807
1597 0.000358272566035
1598 0.000329315612828
1599 0.000402896710709
1600 0.000116241701198
1601 0.000347880852695
1602 0.000259073169614
1603 0.000103286737154
1604 0.000408805301991
1605 0.000446516282849
1606 0.000272768410065
1607 0.00020239465679
1608 9.71149128413e-05
1609 0.000343558416297
1610 0.000283956948816
1611 0.000500364126737
1612 0.000338637189228
1613 0.000533117408334
1614 0.000511443161265
1615 0.000229622682038
1616 0.000233089519101
1617 0.00031239934793
1618 0.000341612804657
1619 0.000125916055796
1620 0.000332296074146
1621 0.00042609292738
1622 0.000540295911151
1623 0.000503008872279
1624 0.000292777963458
1625 0.00026132701409
1626 0.000176287386848
1627 0.00021636022362
1628 8.9624760997e-05
1629 0.000382929891209
1630 0.000188524162678
1631 0.000424956252227
1632 8.72429991135e-05
1633 0.000242930565073
1634 0.000176024017589
1635 0.000280288377682
1636 0.000180708852782
1637 0.000356178402975
1638 0.0003161807112
1639 0.000183160143839
1640 0.000263631994955
1641 0.000103125273958
1642 0.000146875774253
1643 0.000277681403574
1644 0.000292606586075
1645 0.000227339376483
1646 0.00034416479823
1647 0.000123652195811
1648 0.000244744578816
1649 0.000209106670796
1650 0.000197134963043
1651 0.000173029603821
1652 5.11082876093e-05
1653 0.000245976749439
1654 0.000225913431698
1655 9.06583017885e-05
1656 0.000269457658298
1657 0.000290650014602
1658 9.82686679946e-05
1659 0.000127808741679
1660 0.000251477739633
1661 0.000185673616535
1662 0.000388456735631
1663 0.000411579291738
1664 0.000664534495631
1665 9.40152996376e-05
1666 0.00036311955899
1667 0.000318387177744
1668 0.000226683473259
1669 0.00034984959632
1670 0.000392674339436
1671 0.000102033919125
1672 0.000233678679204
1673 0.000208333844352
1674 0.000257507543821
1675 0.00018565184323
1676 0.000368645845964
1677 0.000179678191519
1678 0.000230303747678
1679 0.000145561845186
1680 0.000184379342151
1681 0.000299284609519
1682 0.000190880927307
1683 0.000193523858092
1684 0.000380086556716
1685 0.00636716213831
1686 0.000287708718147
1687 0.000241691712251
1688 0.000395256486434
1689 0.000334886565748
1690 0.000356752424484
1691 4.84457957701e-05
1692 0.000285148068449
1693 0.000314287268676
1694 8.05231758685e-05
1695 0.000248650293538
1696 0.000203426234758
1697 0.000120288334796
1698 8.16749045513e-05
1699 0.000180402363856
1700 0.00027604951653
1701 8.97278035339e-05
1702 0.000104002462675
1703 0.000262640528391
1704 0.000483903591236
1705 0.000162446969018
1706 0.000264164629661
1707 0.00023065534729
1708 0.00051289310923
1709 0.000118461827904
1710 0.0004255269188
1711 8.44859941027e-05
1712 7.89458546501e-05
1713 0.000307284858233
1714 6.68394871759e-05
1715 0.000515132422898
1716 0.000304601929397
1717 0.000287851144094
1718 0.000401670536808
1719 0.000525652119598
1720 0.000190578574835
1721 0.000251221036438
1722 0.000332733117325
1723 0.00021330146927
1724 0.00016418302606
1725 0.000204030844588
1726 0.000380860700233
1727 0.000195749267826
1728 0.000213707218784
1729 0.000170347961108
1730 0.000399576755281
1731 0.000661343793839
1732 9.63625765796e-05
1733 0.000249618959633
1734 0.000301946006955
1735 0.00017278056714
1736 0.000321013153715
1737 0.000438078529301
1738 0.000238304576816
1739 0.000182930801363
1740 0.000140670205994
1741 0.000236003118622
1742 0.000313301504178
1743 0.000384813138218
1744 0.000206832816878
1745 0.000240961548869
1746 0.000147362730745
1747 0.000564259654367
1748 0.00018950759095
1749 0.00012147341592
1750 0.000136758284172
1751 0.000366089772083
1752 0.000258701926162
1753 0.000332073441179
1754 0.000254127600666
1755 0.000194198163339
1756 4.69332670486e-05
1757 0.000140835327294
1758 0.000373988955116
1759 0.000247931564675
1760 8.58329302496e-05
1761 7.1381947505e-05
1762 0.000412891839751
1763 6.54362506828e-05
1764 0.00021088759198
1765 0.000141292558312
1766 0.000235260116161
1767 0.000256539380683
1768 0.00023696934504
1769 0.000616068597588
1770 0.000114603939755
1771 0.000334779640676
1772 9.47627045616e-05
1773 0.000200788843335
1774 0.000164812163335
1775 0.000173374728809
1776 6.18867480429e-05
1777 9.82686679946e-05
1778 6.99880945052e-05
1779 0.000255715540619
1780 0.000174285968275
1781 0.0001320429519
1782 0.000189738768172
1783 0.000226527287995
1784 0.000655704671193
1785 0.0001546194177
1786 0.000242372859699
1787 0.000461596144878
1788 0.00030036752656
1789 0.000157057897459
1790 0.00030282114364
1791 0.00022323377725
1792 0.000395960946907
1793 8.24886300536e-05
1794 0.000408617881434
1795 0.000341820454851
1796 0.000265792515357
1797 0.000217137649741
1798 7.48523695867e-05
1799 0.000275047857841
1800 0.00042905420514
1801 0.000698464653295
1802 0.000165331982271
1803 0.000118987408325
1804 0.000243074480237
1805 0.000544507924336
1806 0.000122867980022
1807 0.000295423018094
1808 0.000313786558792
1809 0.0001603772288
1810 0.000332377448042
1811 0.000298479003056
1812 0.000208025817142
1813 0.000225621711359
1814 0.000480621324219
1815 0.000112051705975
1816 0.000186574014844
1817 0.000368787285778
1818 0.000114444423277
1819 0.000183330019581
1820 0.000277366652895
1821 0.0003360816947
1822 0.000107465965335
1823 0.000136385314798
1824 0.0003664982267
1825 0.000290776346291
1826 0.000276759775897
1827 0.000296512874335
1828 0.000585564648912
1829 0.000304858179305
1830 0.000146013514194
1831 0.000119446789013
1832 0.000336105004566
1833 0.000159899431028
1834 0.000531117173853
1835 4.27990068604e-05
1836 0.00054522176771
1837 0.000117787260319
1838 0.00030496328558
1839 0.000104517143467
1840 0.000467912676817
1841 0.000130578502976
1842 0.000239725285098
1843 0.00034724021045
1844 0.000152301706817
1845 0.000416182931545
1846 0.000328582870786
1847 0.000172121300503
1848 0.000223283687972
1849 0.000194393999477
1850 0.000337814731246
1851 0.000183637624809
1852 0.000179677180209
1853 0.000145948415174
1854 0.000101859620522
1855 5.5526080508e-05
1856 7.44102916076e-05
1857 5.64952789612e-05
1858 0.000341316985253
1859 0.000208527143616
1860 0.00022772821585
1861 0.000158509825057
1862 0.000331864951436
1863 0.000265706614442
1864 0.000226517870843
1865 0.000322971590828
1866 8.30799871899e-05
1867 0.000288495614826
1868 0.000368310057283
1869 0.000354181885476
1870 0.000130679498867
1871 0.000158178361833
1872 0.000400313464194
1873 0.000251906533853
1874 0.000203933887002
1875 7.47443483932e-05
1876 0.000157322832784
1877 0.000386347000961
1878 0.000207777582238
1879 0.000227210529428
1880 0.000418758593044
1881 0.000260066098368
1882 0.000298401387845
1883 0.000312604852626
1884 0.000121166105921
1885 0.00016857415563
1886 0.000160351652022
1887 0.000318115034266
1888 8.4539230641e-05
1889 0.000711717267373
1890 0.000221580383189
1891 0.000148236767517
1892 0.000231710427591
1893 0.000118481259952
1894 0.000401949830892
1895 0.000322907727465
1896 0.000295317271063
1897 0.000136123134223
1898 0.000225907790696
1899 0.000300524079786
1900 0.000373267017017
1901 0.000114311049836
1902 0.000126521325039
1903 0.000377479651378
1904 0.000204204955049
1905 0.00022697162281
1906 0.000123529199387
1907 0.000172266897791
1908 0.000166397120787
1909 0.000113657040352
1910 0.000258132466172
1911 0.000256527229079
1912 0.00023741390619
1913 0.00387697160088
1914 0.00010510350909
1915 0.000250638926132
1916 0.000128410814367
1917 0.000261124143161
1918 0.000345468440276
1919 0.000296805526345
1920 0.000289165955228
1921 0.000366652216163
1922 0.000214329571429
1923 0.000159796362993
1924 0.000259311819061
1925 7.62188242561e-05
1926 0.00024114855447
1927 0.000462870671952
1928 0.000286277638549
1929 0.000138968791492
1930 0.000278688010172
1931 0.000123934817694
1932 0.000211825182208
1933 0.00028969124692
1934 0.000123765754022
1935 0.000128760456574
1936 0.000263304481575
1937 0.000209909743688
1938 7.42483427371e-05
1939 0.000343550881813
1940 0.000260858180167
1941 0.000287684575923
1942 0.000533472303016
1943 0.000125827409647
1944 0.000352037820637
1945 0.000165568711338
1946 0.000440951889328
1947 0.000346400810003
1948 0.000372480789129
1949 0.000326664473261
1950 9.85272661551e-05
1951 9.52663213723e-05
1952 0.000327513413137
1953 9.19974615239e-05
1954 0.00023418981834
1955 0.000330295625852
1956 0.000288503504914
1957 0.000152703326582
1958 0.000216091648708
1959 0.00019214786367
1960 0.000369031934696
1961 0.000366048622711
1962 0.000114525413062
1963 0.000339835074189
1964 0.000176664008807
1965 0.000542381347418
1966 0.000162247116996
1967 0.000329622081986
1968 4.84571390224e-05
1969 0.000190179213817
1970 4.97865540695e-05
1971 0.000263753352302
1972 0.000323060899307
1973 0.000347474491296
1974 0.000322054670172
1975 8.61085094839e-05
1976 0.000307597535884
1977 0.00021434818212
1978 9.1238342837e-05
1979 0.000148212096174
1980 0.000323231010267
1981 0.000301771734925
1982 0.000194871714777
1983 0.000117779434741
1984 0.000375210398221
1985 0.000329205944685
1986 0.000436074770734
1987 0.000287763401255
1988 0.000142809910476
1989 0.00021601824335
1990 0.000179311827477
1991 0.000189175405252
1992 0.00026018846563
1993 0.000164392178814
1994 0.000374415506777
1995 0.000206083032698
1996 0.000324739539716
1997 8.0409778471e-05
1998 0.000253918133453
1999 0.00028277854094
2000 0.000187448059882
2001 0.000185656180095
2002 0.000306658566586
2003 0.00027120716237
2004 0.000182126250222
2005 0.000262886356772
2006 0.000286537248332
2007 0.000276018558968
2008 0.000493375439359
2009 8.7419542109e-05
2010 0.000234411845607
2011 0.000264468540448
2012 0.000216085681322
2013 0.000103911637943
2014 7.81678340618e-05
2015 8.49432374564e-05
2016 8.51191803968e-05
2017 0.000117276031626
2018 0.000129259148438
2019 0.000286188913013
2020 9.04238414459e-05
2021 0.000291201685353
2022 8.99250486982e-05
2023 0.000261898305086
2024 0.000218953886957
2025 0.000274429499024
2026 0.000173961086984
2027 0.000282166928347
2028 0.000234146735878
2029 0.000326647597448
2030 0.000172608081565
2031 0.000339594741441
2032 0.000263038469025
2033 0.000446543581926
2034 0.00031606978183
2035 0.000149118693754
2036 0.000258574750595
2037 0.000140454585925
2038 0.000342351520051
2039 0.000430137197415
2040 0.000339407999335
2041 0.000291167029631
2042 0.000135618097364
2043 0.000300841608949
2044 0.000318517601384
2045 9.34274002326e-05
2046 0.000320451117809
2047 0.000234362389387
2048 0.000841029154597
2049 9.67548067847e-05
2050 0.000318182957641
2051 0.000141236051145
2052 0.000123004335846
2053 0.00032460798744
2054 0.000349864377877
2055 0.000492309050945
2056 0.000157811095393
2057 0.000249716749392
2058 0.000154952282523
2059 0.000175179967684
2060 0.000347438820229
2061 0.000221641528379
2062 0.000258580819216
2063 0.000248008904898
2064 0.000266910672369
2065 0.00033995384529
2066 0.000103643105545
2067 8.24933606578e-05
2068 0.00011686521826
2069 0.000431718897934
2070 0.000320818831771
2071 0.000134863406232
2072 0.000367763653394
2073 0.000397265841869
2074 0.000354024424838
2075 0.000296056407937
2076 0.000175556253527
2077 0.000178363271833
2078 0.000238597921277
2079 0.000370767604058
2080 4.15269028836e-05
2081 9.99401490385e-05
2082 0.000517868065517
2083 0.000170530054669
2084 0.000274832348413
2085 0.000283310308599
2086 0.000195156320302
2087 0.000256609156949
2088 0.000476079553484
2089 0.00036211840509
2090 0.00021126150945
2091 0.00034194315276
2092 0.000293281976951
2093 0.000140662794365
2094 0.000329379070239
2095 0.000139098552783
2096 0.000286499050794
2097 0.000103954558083
2098 0.000209891493613
2099 0.000225950106501
2100 0.000119640602469
2101 9.71235905348e-05
2102 0.000244555990415
2103 0.000411979006154
2104 0.000339534906017
2105 0.000328014368626
2106 0.00012457194991
2107 0.000105238438414
2108 0.000318772146861
2109 0.000299371787297
2110 0.000253589592967
2111 0.000163781016923
2112 0.000557631354117
2113 0.000297134057579
2114 0.000146185749006
2115 0.000149392347597
2116 0.000256281263566
2117 0.000315105425637
2118 0.000486795676336
2119 0.000340961736373
2120 0.000154966318167
2121 0.000230772302695
2122 0.000292879017239
2123 0.000270557442258
2124 0.000368319509051
2125 0.000309424129644
2126 0.000370467511227
2127 0.000466605274554
2128 0.000355240202927
2129 0.000309728316643
2130 0.000343925555143
2131 0.000118295214096
2132 0.000361463600328
2133 0.000304641306388
2134 0.00057875525433
2135 0.000269824324953
2136 0.00027635843234
2137 0.000157570259919
2138 0.000161973346529
2139 0.000418297820136
2140 0.000323433279795
2141 0.000312514162091
2142 0.000136537597575
2143 0.000427710280649
2144 0.000342019871845
2145 0.000252973732961
2146 0.000251157143595
2147 0.000225761885069
2148 0.000131647521844
2149 0.000282368286765
2150 0.000395972625354
2151 0.000353071767204
2152 0.000268433303294
2153 0.000191995851042
2154 0.000413636697473
2155 0.000297008818556
2156 0.000178521190966
2157 0.000275888866217
2158 0.000211197839764
2159 0.000109014235555
2160 0.000255192345109
2161 0.000234724317957
2162 0.000270954430612
2163 0.000144949780607
2164 0.000123296997125
2165 0.000187974575442
2166 0.000247015955971
2167 9.65003117012e-05
2168 0.00010633841769
2169 8.33193872101e-05
2170 0.000336244473998
2171 0.000185506668838
2172 0.00033600212123
2173 0.00035315943962
2174 0.000274317003611
2175 0.000385767780567
2176 7.22715296413e-05
2177 0.000422841582821
2178 7.22518724161e-05
2179 6.67116492953e-05
2180 0.000189917738396
2181 0.000346044463349
2182 0.00017637717873
2183 7.37811615361e-05
2184 0.000400290516692
2185 0.000341483833173
2186 9.4456460707e-05
2187 0.000117535836314
2188 0.000442605220049
2189 0.000352797151461
2190 0.000333511143863
2191 0.000306649004303
2192 0.000271449369309
2193 0.000221695247971
2194 0.00014441407421
2195 0.000333179226545
2196 4.15269028836e-05
2197 0.000332839589713
2198 0.000194986828243
2199 0.000190111368033
2200 0.000547400190857
2201 0.000317807717322
2202 0.000343589221327
2203 0.000258054485873
2204 0.000326144333866
2205 9.74422137788e-05
2206 9.2233908507e-05
2207 0.000380463817385
2208 0.000199475884067
2209 9.29024510235e-05
2210 0.000180335843142
2211 0.000202110387027
2212 0.000275749249983
2213 0.000261719823061
2214 0.00020297035265
2215 0.000187172787855
2216 0.000197416702779
2217 0.000252183703543
2218 0.000178021966022
2219 0.000374621678292
2220 6.10675186878e-05
2221 0.000351864985152
2222 0.000166776395968
2223 0.000190206568486
2224 0.00036080885725
2225 0.000391559907125
2226 0.000227881499048
2227 0.000227556748788
2228 9.81632928787e-05
2229 0.000275654933792
2230 0.000387870559425
2231 6.93233293277e-05
2232 0.000305698028468
2233 0.000292324497944
2234 0.000420723859834
2235 0.000107006883673
2236 0.000256301795742
2237 0.000323425099675
2238 0.000237322323029
2239 0.000144605815223
2240 0.000160002153513
2241 0.000365729961733
2242 0.000361312002959
2243 0.000196442003631
2244 0.000205129497056
2245 0.000361662725518
2246 0.000137430226831
2247 0.000302229729826
2248 0.000389170625466
2249 0.000172749464435
2250 0.000103047483198
2251 0.000349719751475
2252 0.000109639212389
2253 6.84015372291e-05
2254 0.000290670923647
2255 0.000289519746634
2256 0.000121392869021
2257 7.81255309238e-05
2258 0.000288432811651
2259 0.000119876042905
2260 0.0002218852443
2261 0.000188808815596
2262 0.000244251068222
2263 7.93407876523e-05
2264 0.000117410837435
2265 0.000244704232858
2266 0.000101373885723
2267 0.000454758350437
2268 0.000269813960637
2269 0.000444726951061
2270 4.15269028836e-05
2271 0.000102114051106
2272 0.000329707782854
2273 0.000153687597967
2274 0.000286289874923
2275 0.00014065979646
2276 0.000335394514175
2277 0.000285862034552
2278 0.000151567419644
2279 0.000327517680782
2280 0.000388078824794
2281 0.000207886893944
2282 0.000170380728864
2283 0.000474378812414
2284 0.00051828419235
2285 0.000294540653755
2286 0.000186246573995
2287 0.000215569008814
2288 0.00015230931501
2289 0.000101569405434
2290 0.000567934524621
2291 0.000331993924678
2292 0.000124315071349
2293 0.000431683440753
2294 0.000178464531157
2295 0.000381726867639
2296 0.000102148133777
2297 0.00019053892057
2298 0.000211345377088
2299 9.78455796391e-05
2300 0.000286107726905
2301 0.00025984017965
2302 0.000170327529637
2303 0.000384985322779
2304 0.000101703286808
2305 0.000233953885574
2306 8.51371534013e-05
2307 0.000218418386274
2308 0.000262088130095
2309 0.00028728561424
2310 0.000369850881349
2311 0.00012337898045
2312 0.000124405049117
2313 9.68463339381e-05
2314 0.000754107751566
2315 0.000177754913095
2316 0.000232471518033
2317 0.000120966799293
2318 0.00032535600215
2319 0.000197949416792
2320 0.00037436645453
2321 0.000172820969954
2322 0.000121125358393
2323 0.00029485499404
2324 0.000332708176443
2325 0.000368747526845
2326 0.000338462227058
2327 0.000327638830973
2328 0.000391571578863
2329 0.000509257759962
2330 0.00023823622733
2331 0.000167686174814
2332 0.000346688886987
2333 0.000316949615025
2334 0.000486847777712
2335 0.00027335768923
2336 0.000294336714711
2337 0.00045156491853
2338 0.000195224770519
2339 0.000327438754801
2340 0.000335402557217
2341 0.00035839220025
2342 0.000251930592311
2343 0.000270183700085
2344 0.000250717070501
2345 0.000380372341467
2346 0.000229249685893
2347 0.000200572058155
2348 0.000628853570646
2349 0.00028149800201
2350 0.000186779748194
2351 0.00010447709514
2352 0.000332695640047
2353 0.000306738353947
2354 0.000177094183502
2355 0.000322792518149
2356 0.000138986154697
2357 0.000312332183418
2358 0.000149364085686
2359 7.77638441374e-05
2360 0.000271285695746
2361 0.000135426727914
2362 0.000375709793678
2363 0.000138475201296
2364 0.000305748817739
2365 0.000335724053443
2366 0.000285650498175
2367 0.000197964366435
2368 0.000211604210464
2369 0.000269283154134
2370 0.000357752553637
2371 0.000290808692601
2372 0.000308308105593
2373 0.000325909893528
2374 0.000132432422468
2375 0.000306193464571
2376 9.91551522058e-05
2377 0.000335134840278
2378 0.000296976586017
2379 0.000261371591397
2380 0.000162224639173
2381 5.6852653458e-05
2382 0.000320477485064
2383 5.60573700275e-05
2384 8.55497057668e-05
2385 0.000578673115227
2386 0.00020287881915
2387 0.000260402964915
2388 0.000154166103907
2389 8.44309784978e-05
2390 0.000143712777546
2391 0.000178639604785
2392 0.000182549069396
2393 0.000188608997546
2394 0.000115962876024
2395 0.00030491225213
2396 0.000331200316621
2397 0.000237837380927
2398 0.000308600626355
2399 0.000344556474009
2400 0.000268483268668
2401 0.000103874461061
2402 0.000190445170604
2403 0.000153263472766
2404 0.000163241269965
2405 0.000319498774543
2406 0.000194358014002
2407 0.000212379898354
2408 0.000181778894384
2409 0.000282523594696
2410 0.000326351021338
2411 0.000382376860961
2412 0.000286280037657
2413 0.000301282288727
2414 9.9873550357e-05
2415 0.000333743005675
2416 0.000158922719781
2417 0.000190208959524
2418 0.00025346149931
2419 0.000224053659776
2420 0.00037447313654
2421 0.00024988098539
2422 0.000178399819659
2423 8.88158297634e-05
2424 0.00030296378301
2425 0.000121580973772
2426 0.000191633514035
2427 0.000169098762042
2428 9.24189661195e-05
2429 0.000353261531617
2430 0.000196680427553
2431 0.000275276383977
2432 8.9692383781e-05
2433 0.000127941369091
2434 0.000278731872669
2435 0.000300406921332
2436 0.00015939548667
2437 0.000292741613137
2438 0.000120288048582
2439 0.000240029477342
2440 0.000153906941071
2441 0.000281325645166
2442 7.60029336078e-05
2443 4.51425890329e-05
2444 0.000140753144292
2445 0.00017153772599
2446 0.000229583274238
2447 0.000296292167387
2448 0.000256469373277
2449 0.000295922029241
2450 0.000139346896419
2451 0.000167564103728
2452 0.000337392318998
2453 8.06645809761e-05
2454 0.000126917914475
2455 7.69260896458e-05
2456 0.000166889233314
2457 0.000135882106335
2458 4.15269028836e-05
2459 0.000308835483037
2460 0.000238460498362
2461 0.000310695919895
2462 0.000382474311514
2463 0.000204280803296
2464 0.000380646919234
2465 0.000363879471372
2466 0.00019786843833
2467 0.000123652779753
2468 0.000245975204364
2469 0.000366344897025
2470 0.000253685629729
2471 4.15269028836e-05
2472 0.000396569969154
2473 0.000270256236864
2474 0.000200060029175
2475 0.000227560289691
2476 0.000304392524146
2477 0.000115557663371
2478 0.000218173513713
2479 0.000229922832517
2480 0.000169561774439
2481 0.000150138756124
2482 7.30268366528e-05
2483 0.000297714046336
2484 8.69028763219e-05
2485 0.000240591964101
2486 0.000258035486782
2487 0.000186172724195
2488 0.000170380728864
2489 0.00033876476177
2490 0.000213679289971
2491 0.00014952572154
2492 0.000373200735211
2493 0.000323996054934
2494 6.04483149974e-05
2495 0.000216573398017
2496 0.000270562197574
2497 9.60261657888e-05
2498 0.000229013781288
2499 0.000316849566797
2500 0.000213106266625
2501 0.000328171689579
2502 0.000250830338359
2503 0.000168333061445
2504 0.000155218519347
2505 0.000280088412922
2506 7.49969936005e-05
2507 0.000244085036168
2508 0.000366834279679
2509 0.000305185087341
2510 0.000416480514055
2511 0.000422499410247
2512 0.000422005515678
2513 0.00031885156957
2514 0.000158256026759
2515 8.50465838042e-05
2516 0.000142657458881
2517 0.000278750394893
2518 6.95486366838e-05
2519 0.000172219691891
2520 0.00013413418148
2521 0.000304709217684
2522 0.000266292977312
2523 7.85101613655e-05
2524 0.000158694193046
2525 6.32638391821e-05
2526 0.000175598599577
2527 0.000378243794083
2528 9.63101015658e-05
2529 0.000118480615649
2530 0.000155888842503
2531 0.000117709126973
2532 0.000121593308861
2533 0.000207019803106
2534 0.000304438825833
2535 0.000172995190106
2536 0.000192652579012
2537 0.000145454888387
2538 0.000305597984388
2539 0.000287665192916
2540 0.00026185623674
2541 0.00025076804769
2542 5.60573700275e-05
2543 0.000369998669438
2544 0.000673114161883
2545 0.000123869328191
2546 7.15455507003e-05
2547 0.000270487843469
2548 0.000183259020367
2549 0.000124528867117
2550 0.000294175514531
2551 0.000311738868398
2552 0.000294191898774
2553 0.000217870786619
2554 0.000321262366481
2555 0.000186461021096
2556 0.000407804040537
2557 0.00024966722921
2558 0.000165089869722
2559 0.000297919356992
2560 0.000302182935903
2561 0.000379157844219
2562 0.000290937748296
2563 0.000146023154613
2564 0.000214998639474
2565 0.000343921838091
2566 8.0409778471e-05
2567 0.000160668133105
2568 0.000347316447388
2569 7.30853777501e-05
2570 4.15269028836e-05
2571 0.000224043696416
2572 0.000132552677588
2573 9.05679389699e-05
2574 0.00028285325518
2575 0.000204099223184
2576 0.000268773939642
2577 0.00012508641689
2578 0.000194001610922
2579 0.00030063156107
2580 0.000223179776226
2581 7.5481324561e-05
2582 0.000164526635292
2583 0.000315147023126
2584 0.000243533574974
2585 8.10693461495e-05
2586 0.000217367822269
2587 0.000337488438372
2588 0.000197792953365
2589 0.000291893148468
2590 0.000258303126104
2591 0.000357906288941
2592 0.000191560586861
2593 0.000377260183864
2594 0.000334083283877
2595 0.00031462506581
2596 8.69028763219e-05
2597 4.15269028836e-05
2598 0.000325402991026
2599 0.000491243291638
2600 7.53475969376e-05
2601 0.000333766867575
2602 0.000345068504596
2603 0.000364189874358
2604 0.000248021634964
2605 0.00036138234063
2606 8.85426007331e-05
2607 0.000158694012297
2608 0.000353938483303
2609 0.000322198702932
2610 0.000166343736503
2611 0.000253952717032
2612 0.00039311589894
2613 0.000159543157267
2614 8.90593265468e-05
2615 0.000186157270111
2616 0.000336865111951
2617 0.000324730431674
2618 0.000353321819056
2619 0.00021810545848
2620 0.000302727808826
2621 0.000284048423639
2622 0.0001029181801
2623 0.00019368299497
2624 0.000250064242365
2625 0.000348272123053
2626 0.000336796258846
2627 0.000197650122796
2628 0.000219237732118
2629 0.00024354381511
2630 0.000385648299215
2631 0.00031663716157
2632 0.000230078271046
2633 0.000102223450737
2634 0.000223156736719
2635 9.86307372185e-05
2636 0.000100768754187
2637 0.000207486463237
2638 0.000178212012251
2639 0.000302461357809
2640 0.00020217837778
2641 0.000286062823946
2642 0.000114947148412
2643 0.000451881461622
2644 0.000308610947845
2645 0.000245246161443
2646 0.000282789871795
2647 0.000260713945738
2648 0.000255206251227
2649 0.000257401107229
2650 0.000373984037529
2651 0.000191677608053
2652 8.54508343098e-05
2653 0.000177685044763
2654 0.000233591024303
2655 0.000278223256894
2656 0.000306225622088
2657 0.000157610401824
2658 0.000274251684641
2659 0.000199167986299
2660 0.000355146969502
2661 0.000206076832321
2662 0.000531150055337
2663 0.000255734580514
2664 0.000205524129076
2665 0.000374042932983
2666 0.000342842566555
2667 0.000283645019053
2668 0.000177011204396
2669 0.000281278281046
2670 0.000430766142124
2671 0.000256842558679
2672 0.000105744363623
2673 0.000230268510306
2674 0.000167591082138
2675 0.000376020822555
2676 0.000273268213112
2677 0.000378139370016
2678 0.000168751728789
2679 0.000113992762113
2680 0.000421027978998
2681 0.000253136203578
2682 0.000223336403321
2683 0.000152253088983
2684 0.000387884278335
2685 0.000184532393843
2686 0.000125545642092
2687 0.000191488725672
2688 0.000151065516636
2689 0.000126801985007
2690 0.000308917153483
2691 0.000253737923914
2692 0.000102623483087
2693 7.03368033762e-05
2694 0.000193182763675
2695 0.00042242380754
2696 8.87035796198e-05
2697 0.000171445851567
2698 0.000155911038279
2699 0.000315780657179
2700 0.000183152718829
2701 0.000154929072829
2702 0.000172777221513
2703 0.000194407394676
2704 0.000242434188633
2705 5.87252533789e-05
2706 0.000149845057879
2707 0.000327627861963
2708 0.000132627024425
2709 0.000212995437343
2710 0.000125012766044
2711 0.000124737611839
2712 0.000248131376004
2713 0.000258022194615
2714 0.0002227130767
2715 5.90968531647e-05
2716 0.000244468164655
2717 0.000562505116259
2718 0.000249221699827
2719 0.000277561772565
2720 0.000542657487728
2721 0.000296256014702
2722 0.000105744363623
2723 5.41109519629e-05
2724 0.000114127495968
2725 0.000527167601615
2726 0.000103618766095
2727 0.000155174524261
2728 0.000129453970241
2729 0.000291273387633
2730 0.00032699740021
2731 0.000626683314958
2732 0.0001756860534
2733 0.000178084583898
2734 0.000163685467782
2735 0.000259934654887
2736 0.000167089479575
2737 7.56465969882e-05
2738 0.000159752785016
2739 0.000425966443073
2740 0.000243760646551
2741 5.87252533789e-05
2742 0.000280208573704
2743 0.00062082163821
2744 0.000254687886325
2745 0.000128442623569
2746 0.000205976851346
2747 9.93188451633e-05
2748 0.000123188624855
2749 0.000439606415118
2750 0.000254279351986
2751 0.000379684871937
2752 0.000239632821625
2753 8.709320599e-05
2754 0.000299115347302
2755 0.000565566642148
2756 0.000394120672468
2757 0.000230270597651
2758 0.00037516824302
2759 0.000344839429289
2760 0.000166130076328
2761 0.000134956458193
2762 0.000168856993985
2763 0.000175820654599
2764 0.000314475400206
2765 0.000239966298866
2766 0.000263795959858
2767 0.000112418915577
2768 0.000101486029289
2769 0.000215653186849
2770 0.000116964273775
2771 0.000231268217078
2772 0.000160219544905
2773 0.000262442092831
2774 0.000272591539692
2775 0.000159056316431
2776 0.00021257765193
2777 0.000134890607422
2778 0.000377565905327
2779 0.000520643288738
2780 0.000164658732111
2781 0.000383000339843
2782 0.000398526606574
2783 0.000439390975209
2784 0.000234441384112
2785 0.000229573651207
2786 0.000293184216649
2787 0.000466483647601
2788 0.000326469675557
2789 6.56802654671e-05
2790 0.000174973585134
2791 0.000102159242452
2792 0.000132534555556
2793 0.000102623483087
2794 0.00053544367656
2795 0.000126013932245
2796 0.000204230239051
2797 0.00033619072035
2798 0.000181025520934
2799 5.37368320207e-05
2800 0.000165876166398
2801 0.000373096603097
2802 0.000105949440182
2803 9.21036741548e-05
2804 0.000191108384169
2805 9.04994417592e-05
2806 0.000134113589966
2807 0.000276174840074
2808 0.000180696015021
2809 7.10905737668e-05
2810 0.00016468048351
2811 0.000289628894037
2812 8.13419630038e-05
2813 0.000206483526033
2814 0.000244524503376
2815 5.92614826905e-05
2816 0.000265774135391
2817 0.000108948974395
2818 0.000135305407702
2819 0.000156701998812
2820 0.000186555832157
2821 0.000152950252337
2822 0.000113702597112
2823 0.000155694860721
2824 0.000232414850716
2825 0.000105744363623
2826 0.000170438897017
2827 0.000119239707103
2828 0.000340338629777
2829 0.000415153763587
2830 0.000227312693446
2831 0.000171206507072
2832 0.000160326277922
2833 0.000229224242588
2834 0.000441834210179
2835 0.000131842641118
2836 0.000216920529906
2837 0.000273294434888
2838 0.000135299376558
2839 9.41261630069e-05
2840 0.000616436502027
2841 0.000226186908487
2842 0.000265016334578
2843 4.39969511316e-05
2844 0.000235046966741
2845 0.000220760903185
2846 0.000185136146511
2847 0.000192959872952
2848 0.000121393839601
2849 0.000183083459981
2850 0.000429693001965
2851 0.000170696166497
2852 0.000183127819133
2853 8.29078813887e-05
2854 0.000334456694858
2855 0.000211577987185
2856 5.95856653755e-05
2857 0.000164160921302
2858 6.17813164557e-05
2859 0.00016759120776
2860 0.000159939189775
2861 5.65426595442e-05
2862 0.000225779292708
2863 0.000328622468111
2864 0.00063352009774
2865 0.000344273771417
2866 0.000322389225884
2867 0.00035742791787
2868 0.000367019453535
2869 0.000176814908911
2870 0.00040162836911
2871 0.000189064078188
2872 0.000294049824787
2873 0.000343713262536
2874 0.000343478800365
2875 0.000238391138164
2876 0.000309139045601
2877 0.000122401732839
2878 0.000471058378892
2879 0.000108210414527
2880 0.000217740775525
2881 0.000306948183024
2882 0.000304793142399
2883 0.000107424365248
2884 0.000139884911505
2885 8.0578039765e-05
2886 9.14844086337e-05
2887 0.00016533115343
2888 0.000212515620286
2889 0.00013280893106
2890 0.000248311559951
2891 0.000416938400096
2892 0.000133760041687
2893 0.000221175923053
2894 0.000112385784325
2895 0.000360592357081
2896 9.8902877623e-05
2897 0.000249019377485
2898 0.000254617727305
2899 9.91086409781e-05
2900 8.23787413403e-05
2901 0.000109641920841
2902 0.000456762082
2903 0.000158338698564
2904 0.00010512351348
2905 0.000446021944706
2906 0.000336694952657
2907 0.000408307773684
2908 0.000175281275804
2909 0.000144965281008
2910 0.000365340607701
2911 0.000370477114882
2912 0.000313618844698
2913 0.000281283302843
2914 0.000344787016769
2915 0.000276182261725
2916 0.000427446284922
2917 0.000389655243284
2918 0.00011144522588
2919 0.000172529425069
2920 0.000327371182851
2921 0.000344558242928
2922 0.000283216274505
2923 7.07222465367e-05
2924 0.000152626157952
2925 0.000207379463853
2926 0.000362651333876
2927 0.000142284088264
2928 0.000420202820115
2929 0.000401974998132
2930 0.000239652621719
2931 0.000178084583898
2932 0.00026471151956
2933 0.000292487918748
2934 0.000178105535222
2935 0.000187544737586
2936 0.000155075983169
2937 0.000359716363422
2938 0.000355278501276
2939 0.000168208070637
2940 0.000374641056862
2941 0.000295815202739
2942 0.000123596033341
2943 9.94789607773e-05
2944 0.000381273763535
2945 0.000488908046235
2946 0.00026256195206
2947 0.000339639104162
2948 0.000148628512862
2949 0.000139317109889
2950 0.000276880077058
2951 0.000305342713425
2952 0.000672888286754
2953 6.13531505818e-05
2954 0.000179348819205
2955 0.000134969856102
2956 0.00033037559038
2957 0.000433036876154
2958 0.000145358447605
2959 0.000288889075654
2960 0.000231859905036
2961 0.000414035358191
2962 0.000103016784823
2963 0.000208663941496
2964 5.95587845739e-05
2965 0.000168048414687
2966 0.000139828227521
2967 0.000479294822525
2968 0.000141983780023
2969 0.000136916444455
2970 0.00032594378308
2971 0.000243799020805
2972 6.82316855886e-05
2973 0.00023061571966
2974 0.000397735242618
2975 0.000274427018853
2976 6.98060187119e-05
2977 0.000259098637397
2978 0.00017777541518
2979 0.000214757434347
2980 0.000174759724868
2981 6.96500737429e-05
2982 0.000145181064341
2983 0.000205735851368
2984 0.000226860786508
2985 0.000178679939113
2986 0.000273536301694
2987 0.000441562804907
2988 0.000154474907906
2989 0.000301627094168
2990 0.000339613169193
2991 0.000118906995241
2992 0.000328136334968
2993 0.000402820187167
2994 0.000271773607856
2995 0.000308066830353
2996 0.000129711086798
2997 0.000275178156071
2998 0.000178276985199
2999 5.73323791059e-05
3000 0.000313220916637
3001 0.000415788442246
3002 0.000289903974351
3003 0.000490450891371
3004 9.41261630069e-05
3005 0.000255156667477
3006 0.000305305978696
3007 4.91623749259e-05
3008 0.00017330245391
3009 0.000217450418127
3010 0.000147583700422
3011 0.000234623560779
3012 0.000306800509908
3013 0.000153646378276
3014 0.000177628851443
3015 0.000216392950714
3016 0.000101915031595
3017 0.000203519383703
3018 0.000427730343853
3019 0.000227423041183
3020 0.000500070315067
3021 0.000343832512807
3022 0.000274367418459
3023 0.000359243140908
3024 0.000194277309068
3025 0.000126336873623
3026 0.000290829213532
3027 0.000450287893963
3028 0.000433626778962
3029 0.00017346547942
3030 0.000252898190236
3031 8.94785406733e-05
3032 4.39969511316e-05
3033 0.00018401080549
3034 0.000397231488268
3035 0.000298604967191
3036 0.000486601383925
3037 0.000223079654563
3038 0.000102623483087
3039 0.000508419482741
3040 0.00015440036717
3041 0.000239173215829
3042 0.000190495325758
3043 0.000145635810912
3044 0.00014734684387
3045 7.11137014685e-05
3046 0.00011686440968
3047 0.000245633787455
3048 0.000234834258718
3049 0.000141889374477
3050 0.000406718525296
3051 0.00014472048501
3052 0.00056587304001
3053 0.00026304140095
3054 0.000201517250201
3055 0.000383947041806
3056 0.000159056316431
3057 0.000357001972003
3058 0.000182681312084
3059 0.000121335664957
3060 8.00519072488e-05
3061 0.000440548446412
3062 0.000156771317912
3063 0.000253749285592
3064 0.000151506961569
3065 0.000291857205964
3066 0.000250661559707
3067 0.000204066638244
3068 0.000126938788827
3069 0.000146190496758
3070 0.000145358876551
3071 0.000336756396165
3072 4.39969511316e-05
3073 0.000383874672003
3074 0.000297824798398
3075 0.000159056316431
3076 0.000182979398335
3077 0.000492162410517
3078 0.000464113538918
3079 0.00043229776893
3080 0.000245074784643
3081 0.000209611674948
3082 0.000233812435934
3083 0.0006214442564
3084 0.000155005335979
3085 0.00039227610526
3086 0.000250134760284
3087 0.000287815477779
3088 0.000377074224305
3089 9.93995519707e-05
3090 0.000319686329495
3091 0.000538425015918
3092 0.000105744363623
3093 8.94976590854e-05
3094 0.000134634702575
3095 7.32109935834e-05
3096 0.000138216842111
3097 0.00034102605428
3098 0.000290862814773
3099 0.000299780655385
3100 0.000111218279971
3101 0.00024345413502
3102 0.000667495382199
3103 0.000268203712649
3104 0.000172568069994
3105 0.000413171156386
3106 0.000228939212884
3107 0.000346221628426
3108 0.000364376316655
3109 0.000286163133821
3110 0.000138243215172
3111 0.000147718708959
3112 0.000327554877364
3113 9.99344761434e-05
3114 0.00038361554623
3115 0.000264281416743
3116 0.000344689787331
3117 0.000560839114179
3118 0.000335672562525
3119 0.000296812959523
3120 0.000338917973027
3121 0.000381673613644
3122 8.70591990249e-05
3123 0.000183703251446
3124 0.000191592407578
3125 0.000225781500646
3126 5.11996159547e-05
3127 0.000140411134608
3128 0.000159056316431
3129 0.00016197380638
3130 0.000191201692321
3131 0.000126465325299
3132 0.000178084583898
3133 0.000442383187814
3134 0.00010430426872
3135 5.10397854312e-05
3136 0.000189251381945
3137 0.000457100682883
3138 0.000293090664837
3139 0.000174348960685
3140 0.000185426466455
3141 0.000455186282412
3142 0.00022445202863
3143 0.000262005743289
3144 6.62191959242e-05
3145 0.000145757997459
3146 0.000392117332683
3147 0.000338663310426
3148 0.000135305407702
3149 0.00020802187104
3150 0.000304760325502
3151 0.000502358338445
3152 0.000125158504147
3153 0.000478467655433
3154 0.00011702712312
3155 0.000581561283128
3156 0.000162106482728
3157 0.000129924091972
3158 0.00014544463966
3159 0.000262697290093
3160 9.15120986694e-05
3161 0.000197873302881
3162 8.05161441626e-05
3163 0.000422622600646
3164 0.000132729850532
3165 0.000119856113861
3166 9.242399932e-05
3167 0.00020440431056
3168 0.000152564691533
3169 0.000363571750221
3170 0.000327323438942
3171 0.000165128668746
3172 0.000166727599035
3173 0.000410992512261
3174 0.000163610538603
3175 0.000333718309773
3176 7.3336217011e-05
3177 0.000227057427871
3178 0.000304448824137
3179 0.00021612304777
3180 0.000391034221548
3181 0.000178084583898
3182 0.000178084583898
3183 0.000388315008957
3184 4.39969511316e-05
3185 0.000301323564385
3186 0.000458218550924
3187 0.000186782587426
3188 0.000286511657179
3189 0.000315720138633
3190 0.000155847323824
3191 0.00012647806473
3192 0.000271382713824
3193 0.000130036017662
3194 0.000163847863824
3195 0.00013579627605
3196 0.000330529311365
3197 0.000308989987017
3198 9.21265030972e-05
3199 0.000508015655877
3200 0.0001552474932
3201 0.000227465800387
3202 0.000493269726077
3203 8.59783700799e-05
3204 0.000224865105469
3205 0.00028314246922
3206 0.000151849688294
3207 0.000283337710777
3208 0.000308215974682
3209 0.000141887545493
3210 0.00017020133503
3211 0.000126547694283
3212 0.000206497751791
3213 0.000229531399377
3214 0.000200465650882
3215 0.000454268755517
3216 0.000186912543049
3217 0.000143446211695
3218 7.75160167321e-05
3219 0.000183703251446
3220 0.000283887926334
3221 0.000261727916207
3222 0.000228011837031
3223 0.000164439121911
3224 0.00018837042456
3225 0.000324587808577
3226 0.000197812118912
3227 0.000356866013001
3228 7.80144789479e-05
3229 0.000186883201293
3230 0.00013503978528
3231 4.39969511316e-05
3232 0.000226890185025
3233 0.000471919027585
3234 0.000464952799658
3235 0.000190909722943
3236 8.08563494387e-05
3237 0.00017529195823
3238 0.000172806476806
3239 0.000207321275522
3240 0.000332732011026
3241 0.000384293279384
3242 0.000167570015796
3243 0.000141963774051
3244 0.00014974972891
3245 0.000142781453962
3246 0.000145919583894
3247 0.000137131958645
3248 0.000352214339484
3249 0.000276396033268
3250 0.000128020581131
3251 0.000171805772084
3252 0.00019499426796
3253 0.000456578662373
3254 0.000354574559431
3255 0.00011842656031
3256 0.000252888320615
3257 0.000503792769407
3258 0.000225075458823
3259 0.000299841868487
3260 0.000235823888545
3261 0.000189364018512
3262 0.00032030181558
3263 0.000164209182948
3264 0.000476892986078
3265 0.00025043845241
3266 0.000280574318012
3267 0.000107287248337
3268 0.000406889147681
3269 7.66718126457e-05
3270 0.000109860499918
3271 7.65979486728e-05
3272 0.000126548887534
3273 0.000288004019763
3274 0.000213868819383
3275 0.000412425600066
3276 0.000250408324058
3277 0.00016668236213
3278 0.000386113476782
3279 0.000186650885625
3280 0.000213237460417
3281 0.000603864553897
3282 0.000103671404623
3283 5.0282031697e-05
3284 0.000218720979211
3285 0.000315665480107
3286 0.000221511857961
3287 0.000145890975374
3288 0.000306430330259
3289 0.000286845606108
3290 0.000157957267175
3291 0.000102189347851
3292 0.000663653244985
3293 0.000119643839637
3294 0.00028962678888
3295 0.000152266346809
3296 0.00035453510948
3297 0.000256075254616
3298 0.00034038468155
3299 0.00027991657376
3300 0.000366989556853
3301 0.000176875480317
3302 0.000206928750464
3303 0.000462990732353
3304 0.000228159325524
3305 0.000196816139327
3306 7.41643935792e-05
3307 0.000162878007946
3308 0.000166675845227
3309 0.000116537414262
3310 0.000234958579236
3311 8.82093470152e-05
3312 0.000158942066016
3313 0.000153194375116
3314 0.000228831809602
3315 0.000219727490011
3316 0.000106067425894
3317 0.000226957943893
3318 8.5095417139e-05
3319 0.000264460888959
3320 0.000189332281666
3321 0.000625887988052
3322 0.00040700585636
3323 0.000140411134608
3324 7.90771556428e-05
3325 0.000433866310099
3326 0.000251000309086
3327 0.000139377474986
3328 0.000397006591401
3329 0.000162311329483
3330 0.000170223853557
3331 0.000518024576477
3332 0.000280440575202
3333 0.000348061603759
3334 8.37867427579e-05
3335 9.7635241166e-05
3336 0.000377873249909
3337 0.000126645116063
3338 0.000184742703579
3339 0.000129067006021
3340 0.000331534882864
3341 0.000150152570567
3342 0.000238857995026
3343 0.000430561922751
3344 0.000141650333971
3345 0.000412220485715
3346 0.000387383678975
3347 0.000269758712293
3348 0.000420896446944
3349 0.00037519126512
3350 0.000119747391201
3351 0.000462625876028
3352 0.000448732714039
3353 0.000111005541849
3354 0.000388732062154
3355 0.000183703251446
3356 0.000305140037051
3357 0.000170715102512
3358 0.000126772919867
3359 0.000109722223889
3360 0.000153493628382
3361 0.000449251488062
3362 0.000151400569117
3363 0.000358886564002
3364 0.000592992026957
3365 0.000240551271502
3366 0.000359773422156
3367 0.000444352162018
3368 9.74035348038e-05
3369 0.000128143993685
3370 0.000332944256585
3371 7.62544506336e-05
3372 0.000138805895617
3373 0.000158338698564
3374 0.000150713747146
3375 0.000163845252028
3376 5.91661101398e-05
3377 0.000121986824723
3378 0.000208189111045
3379 0.000345147067486
3380 0.000190367384969
3381 0.000161434601038
3382 0.00029737900151
3383 0.000229867288428
3384 0.000166347408312
3385 0.000239619133873
3386 0.000383892590609
3387 0.00031083949021
3388 0.000434705536071
3389 9.66354911205e-05
3390 9.48805906667e-05
3391 0.00015770255163
3392 0.000291736112426
3393 0.000160959648405
3394 0.000157835431447
3395 0.000216050885132
3396 0.000273103149543
3397 0.000438222349538
3398 0.000644341366768
3399 0.000107102277792
3400 0.000185383350563
3401 0.000204012484088
3402 0.000121986824723
3403 0.000172627328445
3404 0.000334078161748
3405 0.000152698653698
3406 0.000149505768711
3407 0.000412997695575
3408 7.66718126457e-05
3409 5.11850562845e-05
3410 0.000142319361422
3411 0.000146529884103
3412 0.000374056864838
3413 0.000337759301288
3414 5.87748637308e-05
3415 0.000120608628108
3416 0.00021847919546
3417 0.000291489172082
3418 0.000405955031236
3419 0.000102490059542
3420 0.000349882626225
3421 0.000196380724448
3422 0.00015624649965
3423 0.000250287782507
3424 0.000217896184732
3425 9.349476876e-05
3426 0.000135734602474
3427 0.000533686676816
3428 0.000129067006021
3429 9.64811170068e-05
3430 7.4819574457e-05
3431 0.000150585218719
3432 0.000190762994017
3433 9.07704641601e-05
3434 0.00030609152495
3435 0.000567158574359
3436 0.000242632204731
3437 7.16542761734e-05
3438 0.00761458684475
3439 0.000246942362381
3440 0.000210082509066
3441 0.000270327513265
3442 0.000135963183135
3443 0.000560558625938
3444 0.000281676294297
3445 0.000125074009573
3446 0.000129094378839
3447 0.000228984545391
3448 0.000142017724563
3449 0.000426032276382
3450 0.000418964806623
3451 0.000183915448092
3452 4.89924987896e-05
3453 0.000171744899281
3454 4.89924987896e-05
3455 0.000196378771075
3456 0.000452259336933
3457 0.000468841566298
3458 9.45443476841e-05
3459 0.000233680841742
3460 0.000208940370379
3461 0.000334539974159
3462 0.00010983747886
3463 0.000204508020168
3464 0.000275125157162
3465 0.000377508623468
3466 0.000252792717967
3467 0.00032337886729
3468 6.89823090794e-05
3469 0.000344720048583
3470 0.000337839716661
3471 0.000212201540747
3472 0.000249079537418
3473 0.000206117243466
3474 0.000268357176906
3475 0.000228901918943
3476 0.000305612727809
3477 0.000237536357477
3478 0.000117937100676
3479 0.000257519373089
3480 0.00023239634392
3481 0.000255223071149
3482 0.00021893044278
3483 0.000188869403678
3484 0.000188237984478
3485 0.000170438221397
3486 0.00019649513741
3487 0.0003313353039
3488 0.000187192968511
3489 0.000418841705377
3490 0.000116408320437
3491 0.000304073287265
3492 0.000230109465556
3493 0.000122523091358
3494 0.00022402220739
3495 8.40816855537e-05
3496 0.000551042514975
3497 0.000250884332383
3498 0.000236959326168
3499 0.000223429260489
3500 0.000271158213829
3501 0.000294944095374
3502 0.000457857297472
3503 0.000161817624132
3504 0.000164436065149
3505 0.000157837051677
3506 0.000325015366157
3507 0.000530592646841
3508 0.000140892941856
3509 0.000326334112367
3510 0.00024972529056
3511 0.00024960061359
3512 0.000299995120558
3513 0.000156820567686
3514 0.000148338344178
3515 0.000370555549657
3516 0.000159451831027
3517 0.000218672715994
3518 0.00018801004039
3519 0.000303344849705
3520 0.000262869338657
3521 0.000132767450426
3522 0.000662727912884
3523 0.000137394838455
3524 0.00021893044278
3525 0.000207000070403
3526 0.000362785407448
3527 0.000352897490428
3528 0.000221553802421
3529 0.000329159633561
3530 0.000406686787289
3531 0.00016567154501
3532 0.000191209088627
3533 0.000208315047461
3534 0.000188614233069
3535 0.00028269855805
3536 0.000249686804234
3537 0.00024899447273
3538 0.000101543389771
3539 0.000317294109906
3540 0.000174876812666
3541 0.000329949661969
3542 0.000197341562967
3543 0.000314987152546
3544 0.000133070914878
3545 0.000117032893835
3546 0.000727157398253
3547 0.000335563017018
3548 0.000184660736763
3549 0.000137882502341
3550 0.000302482929195
3551 0.000218938323994
3552 0.000172929685565
3553 0.000102191888293
3554 0.00040440247495
3555 0.000262278450401
3556 0.000255837633834
3557 0.000170143260933
3558 0.000284993753996
3559 0.000417247364502
3560 0.000272481429087
3561 8.13911619257e-05
3562 0.000202030139436
3563 0.00023239634392
3564 0.000187698521389
3565 0.000232686982386
3566 9.219297397e-05
3567 0.000167300804479
3568 0.000225037140639
3569 0.000409088728843
3570 0.000287682107463
3571 4.89924987896e-05
3572 0.000274006997304
3573 0.000115734663376
3574 0.000229744282246
3575 0.000163379669696
3576 6.91904132922e-05
3577 0.000387888327547
3578 0.000474722439073
3579 0.000229812212341
3580 0.000252792717967
3581 0.00019782167519
3582 0.000195259906739
3583 7.10209860816e-05
3584 0.000159531484167
3585 0.000554218267267
3586 0.000175422929726
3587 0.000437690624653
3588 0.000257161283001
3589 8.37318588665e-05
3590 6.2750073594e-05
3591 0.000317714833202
3592 0.000221294559608
3593 0.000209839023702
3594 0.000508841804264
3595 0.00019151964474
3596 0.000225337192995
3597 0.000765718548682
3598 6.92936125031e-05
3599 0.000164635252821
3600 0.000388370452819
3601 0.000121259726884
3602 0.000256035944949
3603 0.000217746379389
3604 0.000113164657793
3605 0.000698353838922
3606 0.000362849750705
3607 0.000127726728365
3608 0.000133298629419
3609 0.000241090537192
3610 0.000264750629542
3611 0.000248034432285
3612 0.000506323636352
3613 0.000270050497546
3614 0.00023239634392
3615 0.000149261802952
3616 0.000254883409119
3617 0.000267461263637
3618 0.000405882230079
3619 0.000203469462273
3620 8.70753727508e-05
3621 0.00019546188827
3622 0.000161826187749
3623 0.000171591258093
3624 0.000229582098979
3625 0.00028971077018
3626 0.000367051613566
3627 0.000155581703444
3628 0.000192781380029
3629 0.000337119072862
3630 0.000438668137765
3631 0.000173624496145
3632 0.000137891171085
3633 0.000129604036585
3634 0.000595497129869
3635 0.000269760564221
3636 0.000265359244437
3637 0.000300875133875
3638 0.000107468093456
3639 0.000244100581986
3640 0.000190961514105
3641 0.000381163459076
3642 0.000162116097651
3643 0.000237316948091
3644 0.000276211506865
3645 0.000189363289697
3646 0.000230858372642
3647 0.000205761002307
3648 0.00017956990796
3649 0.000263160402684
3650 0.00023239634392
3651 4.89924987896e-05
3652 0.000310397437686
3653 0.000142214293141
3654 0.000104339114951
3655 0.000142390732964
3656 0.000229517339261
3657 0.00022609780326
3658 0.000212242972562
3659 0.000171352289372
3660 0.000163830578755
3661 0.000113358862203
3662 0.000115700868595
3663 0.000345705114398
3664 0.000187589961911
3665 0.000176428258103
3666 0.000129004478397
3667 0.000129790357248
3668 0.000237070395699
3669 0.000152302749796
3670 0.000147751170386
3671 0.000226426730838
3672 0.000144865184624
3673 0.000466789488341
3674 9.07213226519e-05
3675 0.000390115761472
3676 0.000225658611577
3677 0.000116408320437
3678 0.000504761226397
3679 9.89892501372e-05
3680 0.00028226623999
3681 0.00049461454863
3682 0.000121160945328
3683 0.000196857122268
3684 0.000183957458317
3685 0.000628922151602
3686 0.000206152742381
3687 7.35637859149e-05
3688 0.000299881819709
3689 6.01036047224e-05
3690 7.00696222809e-05
3691 0.000358581858307
3692 8.13911619257e-05
3693 0.00035551480482
3694 0.000292540722672
3695 0.000103121346124
3696 0.00023239634392
3697 0.000231558909262
3698 0.000216933060924
3699 0.000242935964338
3700 8.80974792897e-05
3701 0.000147751170386
3702 0.000248170539467
3703 0.000347252197558
3704 0.000173659931931
3705 5.84369410705e-05
3706 0.000437855432854
3707 0.000286670388308
3708 0.000237526796056
3709 0.000238597930679
3710 4.89924987896e-05
3711 0.000312235174978
3712 0.00032624752606
3713 0.000105148900604
3714 0.000308377417964
3715 0.000294646780263
3716 0.000182891769171
3717 0.000163766741284
3718 8.13911619257e-05
3719 0.000299418848834
3720 0.000277710587518
3721 0.000222879937054
3722 0.000302842111512
3723 0.000391973142631
3724 0.000155478341251
3725 0.000108604916829
3726 0.000298068920515
3727 0.000198747606555
3728 0.000147644057161
3729 0.000334438706835
3730 4.89924987896e-05
3731 0.000264452073339
3732 0.000367112070317
3733 6.30876023029e-05
3734 8.77238983871e-05
3735 0.000448125763863
3736 0.000203724390476
3737 0.000140022115578
3738 0.000364530780943
3739 0.00036512484626
3740 0.000240174303375
3741 0.000329890790374
3742 0.000188427324736
3743 0.00013047163322
3744 0.000298068920515
3745 8.13911619257e-05
3746 0.00014686630874
3747 8.53581032439e-05
3748 0.000316769221571
3749 4.89924987896e-05
3750 0.000146902476183
3751 0.000297684507452
3752 0.000153108664879
3753 0.000249129437617
3754 0.000302821589722
3755 0.000126998924177
3756 0.000110093817537
3757 0.000587809598217
3758 0.000268605372681
3759 0.000495423292181
3760 0.000294125416741
3761 0.000200552416106
3762 0.000258768099262
3763 0.000178759514084
3764 0.000168147676402
3765 0.000353561157127
3766 7.51325369964e-05
3767 0.000164127917401
3768 0.00014814226085
3769 0.000278451278812
3770 0.000177582323325
3771 0.000146778302469
3772 0.000146045352824
3773 0.000131327247802
3774 0.00018659827076
3775 0.00028758784733
3776 0.000167070862495
3777 0.000281090020726
3778 0.000142817927063
3779 0.00018088718698
3780 0.000245871054482
3781 0.000187730931448
3782 9.34919948973e-05
3783 0.000376605564843
3784 0.000203225060637
3785 0.00015638600557
3786 0.000196066014434
3787 0.000247214313358
3788 0.00012909484461
3789 0.000137528945273
3790 0.000198878561348
3791 0.000406257743534
3792 0.000317055746599
3793 0.000194391253823
3794 0.000537246655465
3795 0.000384249504163
3796 8.76293303754e-05
3797 0.000137308458058
3798 0.000415734362513
3799 4.89924987896e-05
3800 0.000287291918634
3801 0.000437599711379
3802 9.12987449936e-05
3803 0.000211493450256
3804 0.000267264262946
3805 0.000439423349286
3806 9.42073820045e-05
3807 0.000144489253671
3808 7.02672385832e-05
3809 6.89309937219e-05
3810 0.000253419740621
3811 0.000389607619946
3812 8.56638998912e-05
3813 0.000154542531477
3814 0.000147751170386
3815 0.000174039711646
3816 0.000192655999806
3817 7.71651896743e-05
3818 0.000146115390294
3819 0.000178034247046
3820 0.000212807080846
3821 4.89924987896e-05
3822 0.000329580070232
3823 0.000332332801231
3824 0.000211955441806
3825 0.000442162254004
3826 0.000378017556624
3827 0.000355164773769
3828 0.000130016622925
3829 0.00026683048983
3830 0.000434249959819
3831 0.00118443489777
3832 0.000265941285873
3833 0.000140717704596
3834 0.000350725472302
3835 0.000112236003528
3836 0.000308543123625
3837 0.000338676577182
3838 0.000265066528536
3839 0.000546759141208
3840 9.94537908769e-05
3841 0.00017006558081
3842 0.000319182628661
3843 0.000396817190196
3844 0.000123784317914
3845 0.000124816769791
3846 0.000200824356636
3847 8.53581032439e-05
3848 0.000223109805377
3849 0.000141049401203
3850 0.000125074009573
3851 0.000258325612992
3852 0.000532319502203
3853 0.000219637364171
3854 4.89924987896e-05
3855 6.39831598065e-05
3856 0.000193731523955
3857 4.89924987896e-05
3858 0.00018359638853
3859 0.000294936972993
3860 0.00010634486229
3861 0.000334159013919
3862 0.000280981924992
3863 0.000241645646507
3864 0.00022927441872
3865 0.000147751170386
3866 7.99581325323e-05
3867 0.000234750837861
3868 0.000315139602607
3869 0.00028286564812
3870 0.000359374350821
3871 0.000301739436358
3872 0.000142514622063
3873 0.000193868505259
3874 0.000354734814649
3875 0.000224990589073
3876 7.03018019994e-05
3877 0.000132976545256
3878 0.000495635250277
3879 0.000148207719009
3880 6.39831598065e-05
3881 0.000152160514798
3882 0.000227239282519
3883 8.34375679709e-05
3884 0.00023239634392
3885 0.000310950865056
3886 7.48865576006e-05
3887 0.000287915177857
3888 0.000125146536833
3889 0.000165985535899
3890 0.000158870636676
3891 9.5431488826e-05
3892 0.000267397354282
3893 0.000211109491803
3894 0.000110026186401
3895 0.000201497988339
3896 0.000186184258736
3897 0.000244878939956
3898 9.58456634733e-05
3899 0.000249588717891
3900 0.000129885969817
3901 0.000372833811197
3902 0.000152006733679
3903 0.000391010925603
3904 0.000217701639471
3905 0.000142820011893
3906 0.000176766724017
3907 0.00047830925395
3908 0.000313584404516
3909 0.00012993041917
3910 0.000256076971619
3911 8.98463940195e-05
3912 0.000147751170386
3913 0.000238835599416
3914 0.000182224210087
3915 0.000126315153245
3916 0.000268574928115
3917 0.000131907994947
3918 0.000240484375869
3919 0.000543554651382
3920 0.000190961514105
3921 0.000243113859486
3922 0.000368349512765
3923 6.83521886084e-05
3924 0.000169245185058
3925 0.000438351951675
3926 0.000116228693418
3927 0.000391810661374
3928 0.000319385258227
3929 6.51680647858e-05
3930 0.00017567723003
3931 0.000465147694902
3932 0.000286472528423
3933 0.000185149473023
3934 0.000325244968922
3935 0.000126651303689
3936 4.89924987896e-05
3937 0.000103502252381
3938 0.000186101231279
3939 0.000726601468756
3940 0.00010663861605
3941 0.000134427173478
3942 0.00011758271123
3943 6.12698036866e-05
3944 0.000239159518553
3945 0.000153087344706
3946 0.000402477448803
3947 9.34919948973e-05
3948 0.000356043759438
3949 0.00055336858761
3950 0.000262538578828
3951 0.000233732860437
3952 0.000379785219515
3953 0.000106761153868
3954 9.3549075064e-05
3955 0.000111237867402
3956 7.04868684254e-05
3957 0.000304324388811
3958 0.0002782180494
3959 0.000134678806222
3960 5.97183000155e-05
3961 0.000255657759963
3962 0.000140281518515
3963 0.000367145059854
3964 0.000148071434459
3965 0.000226732925198
3966 9.00406236704e-05
3967 0.000426398548179
3968 0.000240646028124
3969 0.000435404852591
3970 0.000280248311292
3971 0.000106855407177
3972 0.000441718656942
3973 0.000227460577447
3974 0.000116858063129
3975 4.89924987896e-05
3976 0.000238940071645
3977 0.000182919656518
3978 0.000103040102188
3979 7.91676601474e-05
3980 0.000193141283205
3981 0.00217032357901
3982 0.000250938828026
3983 0.000416266290427
3984 9.70715536864e-05
3985 6.83729398443e-05
3986 0.000205446654034
3987 0.000289102749357
3988 0.00011923005561
3989 0.000229494997184
3990 0.000214978491969
3991 0.000190597059645
3992 0.00012656616987
3993 0.000125339337867
3994 0.000204314103766
3995 0.000337367335853
3996 0.000287755209223
3997 0.000168822045289
3998 0.000328129803307
3999 0.00043373318513
4000 0.000177663346464
4001 0.000299623184297
4002 0.00011923005561
4003 0.000245111060907
4004 0.000169618134175
4005 0.000317780599754
4006 0.000132423804792
4007 0.000101025280069
4008 0.000190597059645
4009 6.83729398443e-05
4010 0.000303595535667
4011 6.83729398443e-05
4012 0.000148056266247
4013 0.00011923005561
4014 0.000207080184587
4015 0.00036791355798
4016 6.83729398443e-05
4017 0.000190597059645
4018 0.000304276529439
4019 0.000222956279654
4020 0.000249939995261
4021 0.00027004925636
4022 0.000334849219588
4023 6.83729398443e-05
4024 0.000539819524919
4025 6.83729398443e-05
4026 0.000190597059645
4027 0.00028222422698
4028 0.000269126196565
4029 0.000104217499254
4030 0.00011923005561
4031 0.000554149171807
4032 0.000358730337915
4033 0.000101025280069
4034 0.000123935822174
4035 9.38277606091e-05
4036 6.83729398443e-05
4037 0.000106114569876
4038 0.00014840681459
4039 0.00029591962636
