node,betweenness
1 0.0971037155277
2 0.00197652251044
3 6.28049828223e-07
4 0.000691834356545
5 5.15266446142e-05
6 0.000434718101581
7 0.000629366109756
8 0.0254180474145
9 0.000549000114933
10 0.015082230299
11 0.00137606315573
12 2.56212719828e-05
13 0.0
14 0.00877383602239
15 0.000166815671449
16 0.0
17 0.00211371047975
18 4.10666690005e-07
19 0.0
20 9.28460678896e-06
21 7.12929272136e-06
22 0.053739080052
23 0.000122740056199
24 1.29750168906e-05
25 1.3673472423e-07
26 0.00181043338331
27 0.00035948124972
28 3.06722009132e-08
29 4.9125940605e-07
30 0.000206046642103
31 0.0104438321552
32 0.0225295439242
33 0.000185089923429
34 0.0
35 0.00476303915423
36 0.0
37 2.72641785895e-08
38 0.0
39 0.00107446993613
40 1.60185073958e-05
41 0.0115518093516
42 0.00036715031264
43 0.0
44 0.0
45 0.000658631517997
46 0.00324379772491
47 5.11203348554e-07
48 0.0
49 0.00114495550191
50 0.000479495570652
51 7.85894797218e-06
52 1.21948887051e-05
53 0.0
54 3.56312673321e-05
55 2.35027371507e-06
56 4.72024679307e-06
57 0.00509310478133
58 7.43211349492e-06
59 0.0604372473803
60 0.000218649023639
61 6.82441238738e-05
62 0.000173267058504
63 7.30130674586e-05
64 0.0
65 5.69905354068e-06
66 0.000524781158754
67 8.03642225374e-07
68 0.00265101591067
69 4.92381704397e-05
70 3.15390635286e-06
71 0.0
72 0.0
73 1.19855884787e-05
74 1.31053954845e-05
75 0.0
76 1.01428078394e-05
77 0.0
78 1.60862571654e-05
79 4.07041620545e-05
80 1.22107886143e-05
81 8.67633150634e-05
82 6.13444018264e-08
83 5.45314368069e-05
84 1.21948887051e-05
85 7.50618079469e-06
86 1.9573229861e-06
87 0.00049366325962
88 3.05776851387e-05
89 0.000116341838013
90 0.000302533490628
91 0.000180811992408
92 2.76049808219e-07
93 1.49214004868e-05
94 5.73570136886e-07
95 8.59337028209e-06
96 1.16963461062e-06
97 6.8967885609e-07
98 4.08962678843e-08
99 0.000262741275008
100 8.80925084641e-07
101 5.31651482496e-07
102 7.89054540001e-07
103 6.92314264651e-05
104 4.64085320197e-05
105 4.14312796888e-05
106 1.07921467081e-05
107 3.81696737218e-07
108 0.387696235417
109 2.39311807817e-05
110 7.99016239471e-05
111 0.0
112 7.17272580487e-06
113 0.0
114 0.00453813483833
115 0.0
116 4.31480702752e-06
117 1.73050371022e-06
118 1.14011802026e-06
119 2.43888389658e-05
120 0.00167377219853
121 3.63142199695e-05
122 2.98688116207e-05
123 0.000494600399195
124 1.10886622535e-05
125 1.63585071537e-07
126 2.06490376487e-08
127 1.60621804578e-06
128 5.69298064834e-05
129 1.8783416778e-05
130 1.99865726212e-06
131 5.41545387669e-06
132 0.0
133 4.32666765867e-05
134 6.86477075093e-05
135 1.15530083941e-05
136 0.0
137 0.0319013578321
138 4.62211791231e-06
139 0.0
140 1.22688803653e-08
141 9.16271144741e-08
142 1.8456644534e-05
143 6.68750868841e-05
144 1.25614834248e-06
145 1.15875479903e-06
146 0.0
147 8.09408100277e-05
148 2.45377607306e-08
149 1.23539288375e-05
150 4.51664755959e-07
151 2.29386003831e-05
152 3.40802232369e-08
153 1.95186733084e-07
154 0.0
155 0.0
156 4.08962678843e-08
157 8.20520001606e-05
158 4.08962678843e-08
159 2.65205802306e-05
160 1.71321063783e-05
161 0.0
162 2.52919741296e-05
163 5.84232398347e-08
164 1.43126185381e-05
165 1.75269719504e-08
166 1.67909346071e-06
167 4.36713717764e-07
168 2.14629703717e-07
169 8.3100651185e-06
170 0.000349643757383
171 0.000135889066365
172 0.00493847030538
173 6.58298898481e-05
174 0.00178550812598
175 4.08962678843e-08
176 9.94030557459e-06
177 2.08505338402e-06
178 3.67012428315e-06
179 1.43955983842e-05
180 3.03533413437e-07
181 1.0461124763e-05
182 2.0857096621e-07
183 4.08962678843e-08
184 0.0
185 6.58524004443e-05
186 1.75541095336e-05
187 0.000270033421069
188 5.72223551075e-06
189 0.000115140438928
190 5.69905354068e-06
191 1.84033205479e-07
192 0.0
193 2.25649343812e-06
194 7.25240926897e-07
195 1.2799359086e-05
196 0.0
197 6.21697953747e-06
198 4.64761720419e-05
199 0.000866809654968
200 0.000105579465106
201 0.00169692619757
202 0.0
203 1.70656820214e-05
204 0.000904920635914
205 8.49357566797e-06
206 0.0
207 1.63585071537e-07
208 0.0
209 3.60631480798e-08
210 0.0
211 0.0
212 1.01111053631e-05
213 1.24995065403e-05
214 0.000557315154516
215 2.42549739388e-06
216 0.0
217 0.0
218 9.16401024657e-06
219 0.0
220 1.90748752897e-06
221 0.0
222 2.13868087692e-07
223 2.98421952072e-06
224 1.51318202132e-05
225 4.58077096932e-05
226 2.82415751866e-06
227 6.67140547091e-07
228 7.30056411708e-06
229 0.0
230 1.99554804563e-05
231 2.45725724886e-06
232 4.71112175001e-05
233 2.03907997277e-05
234 0.0
235 0.0
236 7.69926368333e-06
237 7.74674155042e-05
238 1.21948887051e-05
239 9.32116075092e-06
240 0.000511238256479
241 6.13444018264e-08
242 0.0
243 3.41138608598e-06
244 7.64453615341e-07
245 0.0
246 5.19198866753e-07
247 2.3529576996e-05
248 2.61445526266e-07
249 2.85524778484e-05
250 1.32455909303e-05
251 2.83526966797e-08
252 4.59063544181e-05
253 0.000177353651747
254 4.08962678843e-08
255 1.33612179101e-07
256 0.0
257 0.0
258 1.08524619002e-05
259 1.34321116889e-05
260 2.76049808219e-07
261 8.19288566615e-07
262 4.78179341625e-05
263 0.0
264 3.57842343988e-08
265 0.0
266 3.32051478408e-05
267 1.82663357545e-07
268 0.0
269 4.58558317596e-08
270 5.2442485484e-05
271 5.23550918678e-07
272 0.000883813580908
273 0.00014151931714
274 0.0
275 3.56447457788e-05
276 2.0857096621e-07
277 5.8139502679e-06
278 0.000485275040983
279 2.86474330423e-06
280 0.0
281 0.000145044831308
282 4.60872761435e-05
283 0.0
284 2.9900443987e-07
285 4.66356143746e-05
286 0.000331333018325
287 0.0
288 0.0
289 3.83402511415e-09
290 1.75269719504e-08
291 3.76201363639e-07
292 7.8928279189e-05
293 0.0
294 0.0
295 3.06722009132e-08
296 3.50334262186e-06
297 3.57842343988e-08
298 9.6906174489e-06
299 3.59391445044e-08
300 1.68107156576e-05
301 1.03409134507e-07
302 6.13444018264e-08
303 6.04489055361e-06
304 1.57768565e-05
305 0.00171003171496
306 0.0
307 0.0
308 2.62821160928e-05
309 0.000164418499384
310 0.0
311 3.12021633769e-06
312 2.05563887689e-07
313 2.18201654274e-05
314 9.36699203821e-05
315 2.25398260653e-06
316 0.00105456944088
317 0.0
318 2.33050948624e-05
319 2.92912469128e-07
320 2.60584317349e-06
321 9.41412805681e-06
322 0.0
323 0.000524143469564
324 8.55814528704e-05
325 0.000243216047004
326 6.84804309934e-05
327 1.51053476037e-06
328 0.0
329 0.0
330 0.000203834158554
331 2.97747182247e-06
332 2.31543577465e-05
333 0.000162340390329
334 8.94362429803e-08
335 4.82468447444e-05
336 0.0
337 0.0
338 8.08647974545e-07
339 7.5914952873e-07
340 0.000311872338399
341 1.95260402691e-06
342 2.253084979e-06
343 7.15595735264e-05
344 9.65748947355e-06
345 1.26841488745e-05
346 3.36778465434e-05
347 2.4217158185e-05
348 1.29022175321e-05
349 0.033789599842
350 1.53361004566e-08
351 8.44645566726e-05
352 4.43490514334e-06
353 1.39326749091e-06
354 0.00202587560932
355 3.15231004687e-06
356 1.84403743938e-05
357 6.13444018264e-08
358 4.97621293307e-05
359 0.0
360 2.55168690382e-05
361 0.000173451144926
362 1.05263792259e-05
363 3.81860525957e-06
364 0.005248084718
365 2.04481339421e-07
366 3.12981460019e-08
367 0.00109931420327
368 5.52490059632e-05
369 2.73999782813e-05
370 8.42108927631e-05
371 0.00192819992502
372 5.61170593149e-08
373 4.84731332847e-06
374 0.000982625855495
375 0.000272006021529
376 0.00026934073888
377 0.00492728805527
378 0.0
379 0.000102387741112
380 0.0
381 2.84251532273e-08
382 3.78627535083e-08
383 2.21746956956e-07
384 6.13444018264e-08
385 4.08962678843e-08
386 4.01676527834e-07
387 6.13444018264e-08
388 0.000196822371547
389 0.000641043609518
390 0.00163159618202
391 2.14618454125e-07
392 0.00233560808339
393 0.000167593933419
394 0.0
395 0.000694722684668
396 0.000758590894522
397 7.61578885417e-06
398 0.000150749560111
399 6.81578491554e-05
400 4.08962678843e-08
401 0.00168296936974
402 0.0
403 0.000593179320194
404 4.72519899753e-06
405 0.000921034875561
406 7.43907322455e-05
407 1.22688803653e-07
408 2.56407603994e-05
409 9.68166401107e-05
410 0.000319640177857
411 4.0852340167e-06
412 6.13444018264e-08
413 0.000894719417656
414 5.44296166455e-06
415 0.0462376521891
416 0.000511466825552
417 6.02402231256e-05
418 0.000148596859352
419 0.000377026846112
420 0.000771320271031
421 0.00041988536779
422 3.2629738063e-05
423 0.000478966162512
424 0.000197781076437
425 3.8232665222e-07
426 5.1592025181e-06
427 4.01409154924e-06
428 6.71213137993e-05
429 0.0543655705944
430 1.27014370448e-07
431 3.81153299681e-05
432 0.00101798478998
433 0.00014875916459
434 1.53425322785e-05
435 0.000109570417485
436 2.17623300175e-05
437 0.000329776723202
438 1.37002497412e-06
439 0.000564786080288
440 0.000129966417162
441 2.70234337768e-06
442 4.08962678843e-08
443 9.22228083194e-07
444 0.0
445 7.53895832138e-05
446 4.49757316131e-05
447 6.00188426683e-06
448 0.0
449 0.0
450 0.000102812484855
451 3.21626419295e-06
452 0.000174858312895
453 0.000116086577935
454 3.06722009132e-07
455 0.0
456 0.000205406087057
457 0.000237434044839
458 7.50962362182e-05
459 1.08981956811e-05
460 1.93054358313e-05
461 0.000577751628536
462 0.000217950886837
463 1.62006904217e-05
464 0.000200418637394
465 1.12503829778e-05
466 0.000693220854303
467 2.47737007376e-08
468 0.0
469 0.0
470 8.80451058303e-05
471 2.06967944231e-06
472 3.90989265502e-05
473 6.54520380573e-05
474 4.93139635208e-05
475 3.2855119393e-06
476 0.00619882093521
477 0.0
478 6.28780118721e-07
479 5.41726725616e-07
480 0.000142105150055
481 3.31612668907e-05
482 4.92723579492e-05
483 3.78733861145e-05
484 0.00922342103964
485 0.00237988382989
486 0.0
487 2.76673534183e-07
488 1.36473303748e-05
489 1.57330605632e-06
490 3.92212965752e-06
491 2.09836893371e-06
492 1.58274220763e-07
493 0.00111504999494
494 5.12717915328e-05
495 6.78807310768e-06
496 1.76512103012e-06
497 5.51555836673e-05
498 0.000670999147309
499 1.10813775965e-06
500 0.0
501 0.000465463285309
502 4.08962678843e-08
503 4.10483381163e-07
504 0.000164572628152
505 0.000204294366233
506 8.77747895398e-08
507 0.000150992087221
508 0.000531946314504
509 6.16752892705e-05
510 1.74071634533e-07
511 6.40322734427e-05
512 0.000411321629233
513 3.12967070283e-05
514 0.000755142318412
515 0.000394450023366
516 0.000197509703444
517 7.41244844525e-05
518 0.00113492803952
519 4.32254451043e-05
520 2.87794760472e-06
521 0.000170987274329
522 3.30874830122e-06
523 2.59257092145e-07
524 4.40354006195e-05
525 0.000349045309541
526 0.00126366851904
527 0.00170219654594
528 0.000364412869572
529 5.72255142441e-06
530 2.52100649503e-07
531 4.49858946727e-08
532 0.000224747192697
533 1.49271377778e-06
534 3.44429739963e-07
535 2.20877597802e-05
536 5.11522245244e-06
537 1.04810049149e-06
538 5.56740780093e-05
539 0.000874022715853
540 3.52205484048e-05
541 2.01171366125e-06
542 1.36376181989e-05
543 0.000284011750595
544 1.4841351086e-05
545 0.000533998236509
546 7.67545999937e-05
547 8.80886265286e-05
548 8.44103593781e-06
549 1.6887011103e-05
550 3.12195600504e-05
551 0.0
552 4.18248092712e-07
553 4.08962678843e-08
554 0.00231902692546
555 7.38562977601e-05
556 0.000390737345719
557 0.000112122168464
558 2.85614030315e-05
559 3.21941817433e-05
560 0.000563484490927
561 0.00026280128264
562 0.00146414039598
563 5.02439862578e-08
564 0.0522938346568
565 4.8029715543e-06
566 2.69655378872e-06
567 0.00186191951013
568 0.0738520462794
569 3.09974018191e-06
570 2.32121617181e-06
571 2.88550556986e-05
572 0.0
573 0.0
574 3.043763234e-06
575 4.00811119742e-06
576 8.13468713109e-08
577 1.11535276048e-08
578 7.4816922065e-08
579 2.12727070531e-07
580 1.24514787847e-05
581 0.0019060927577
582 0.0
583 3.02692016911e-08
584 3.64932888309e-07
585 1.51399770827e-05
586 0.0
587 7.44200671291e-05
588 3.92127644213e-07
589 3.33730147822e-07
590 7.67598441449e-06
591 0.000254178071123
592 0.000121596101053
593 1.25120967296e-05
594 4.58785605996e-07
595 0.028803199224
596 1.11535276048e-08
597 0.00175143079089
598 1.93922669461e-06
599 1.63596647237e-07
600 2.09109897166e-07
601 3.0923164033e-07
602 0.000337066994765
603 0.0
604 3.21801060952e-07
605 0.000126320641975
606 3.74610924695e-07
607 0.000903915011482
608 0.0
609 0.0
610 0.000589977886256
611 1.6389412206e-06
612 2.24041719297e-07
613 4.54596522333e-07
614 0.0
615 9.31329313232e-06
616 3.426258331e-07
617 7.03433757282e-06
618 4.61265084893e-06
619 1.03991572245e-05
620 2.89963387857e-06
621 4.04161117719e-05
622 5.5502077843e-08
623 6.79417558623e-07
624 6.05364349755e-07
625 0.0
626 8.86555238225e-07
627 4.44625198159e-07
628 2.12727070531e-07
629 3.35074463758e-08
630 5.86470538261e-05
631 0.000105049386229
632 7.57414217909e-07
633 1.96050584732e-07
634 3.46693520131e-07
635 5.43020445554e-05
636 3.47980617476e-06
637 2.67790562421e-06
638 0.0020427402104
639 0.0
640 2.74632536901e-05
641 1.56752451777e-07
642 0.00172123249472
643 0.0
644 3.0923164033e-07
645 3.46043487749e-05
646 0.000110289644854
647 1.77865605611e-05
648 1.17630663263e-06
649 0.0
650 4.32718309215e-05
651 2.01573542926e-07
652 0.00133302063266
653 0.0
654 1.35076203082e-05
655 1.25356327682e-05
656 7.449846391e-07
657 0.0
658 4.58209005414e-07
659 2.12727070531e-07
660 2.12727070531e-07
661 0.0
662 3.0923164033e-07
663 2.55246319675e-07
664 2.13706106425e-06
665 4.06166233374e-07
666 1.04099590978e-07
667 3.77269499102e-05
668 0.0
669 0.0
670 3.28061488678e-05
671 1.20567473847e-07
672 2.31229466297e-07
673 2.39872340475e-08
674 0.0
675 0.0
676 2.01573542926e-07
677 1.04786426594e-06
678 8.19627696214e-06
679 4.92766914663e-05
680 4.24266550908e-06
681 1.07335536762e-05
682 2.86862300644e-07
683 1.39309975098e-06
684 9.37774637478e-05
685 6.51107601637e-07
686 9.32411665453e-07
687 0.0289981212751
688 3.74760093413e-06
689 0.000389253335761
690 8.29610005653e-08
691 4.75500358031e-08
692 2.89681897514e-07
693 0.0
694 8.10276521032e-06
695 0.000625484944582
696 0.000151112722129
697 0.00843591784832
698 0.000923309241258
699 0.05238172741
700 0.0
701 5.79596384174e-08
702 2.45804002959e-05
703 8.73914295861e-08
704 0.000658069845385
705 1.14655608176e-07
706 0.00170697553597
707 4.87199791004e-08
708 5.32089656795e-07
709 0.000187905585772
710 4.94405816391e-07
711 1.86828503427e-07
712 1.96224619329e-05
713 1.29719066846e-06
714 0.00243786111788
715 1.03082938085e-06
716 3.96579492139e-08
717 6.21713153749e-07
718 0.0
719 2.90560282842e-05
720 0.00232736384484
721 2.39642881425e-06
722 6.46475619248e-08
723 9.59580750841e-05
724 2.08897258798e-07
725 0.000342625284786
726 5.25809158512e-08
727 0.0135046449994
728 0.00010981536328
729 0.000877182599973
730 4.1070227639e-05
731 6.02368302924e-07
732 2.6715601635e-05
733 1.10239784965e-06
734 4.4898259813e-07
735 3.74052080134e-06
736 1.90849250127e-08
737 2.00844492742e-06
738 0.0244182815355
739 6.09932179649e-05
740 0.000141121057362
741 5.15626287416e-07
742 1.03656730484e-06
743 1.31715194207e-06
744 0.0
745 0.0
746 0.00224277190975
747 3.20305412394e-07
748 0.0012199223232
749 1.42629203333e-06
750 0.0
751 0.0
752 1.33855236367e-07
753 0.00732651358204
754 1.74417703058e-05
755 7.30906947119e-05
756 1.29334644621e-06
757 1.69841226803e-07
758 1.84033205479e-07
759 1.05090440735e-06
760 3.51589863706e-07
761 3.60549410197e-05
762 8.02017782134e-08
763 1.58278293919e-07
764 1.52585555578e-06
765 2.35545850001e-06
766 5.87276571403e-07
767 0.00014212315399
768 2.58814952468e-07
769 2.07407370017e-06
770 4.24456232932e-05
771 7.16232429587e-06
772 2.54681508249e-06
773 0.000123200281506
774 0.000301203716583
775 0.000392657540291
776 0.0
777 6.32644064987e-05
778 1.55352489583e-06
779 2.07618669883e-05
780 7.06453237296e-07
781 0.000147881550351
782 0.000393912560656
783 3.65570281441e-06
784 6.88061180197e-07
785 0.000288269660276
786 0.0
787 4.22692140204e-07
788 2.96120472956e-06
789 6.54340286149e-08
790 1.10083989659e-06
791 4.08962678843e-08
792 6.88420509386e-08
793 1.85931316066e-06
794 1.63905958352e-06
795 3.32891653197e-07
796 6.44048206966e-05
797 2.37198353729e-07
798 3.02709883109e-06
799 0.000244341959493
800 1.2027973021e-06
801 0.000384012749294
802 0.0
803 0.0
804 0.000379420897222
805 0.000161755142141
806 0.00213871079918
807 1.79617382268e-06
808 1.03367649108e-06
809 4.57270172307e-08
810 4.85884266718e-07
811 0.000282228812559
812 3.9204995965e-06
813 7.16017667665e-07
814 7.35492413327e-07
815 9.44595144589e-06
816 0.000402593712711
817 3.16069727506e-07
818 2.47771213367e-06
819 3.18036131289e-06
820 0.000303312972346
821 0.000666874987744
822 1.52871434341e-05
823 2.24987896603e-06
824 0.000917144119282
825 0.000844320491062
826 1.913144316e-05
827 2.95247830865e-07
828 0.0001145874884
829 0.00287651890904
830 0.000272027446724
831 0.00164459242237
832 3.54527539098e-05
833 4.90755214612e-08
834 2.87822091046e-06
835 0.00199161317024
836 1.3675280124e-06
837 8.3528192852e-07
838 0.00010195549281
839 9.69026206335e-07
840 1.49412567274e-06
841 0.000203304751563
842 0.0
843 9.6243158774e-05
844 0.000156376697348
845 7.59302203001e-06
846 8.92324453685e-05
847 2.18586778092e-07
848 1.98992987445e-05
849 3.48616763845e-06
850 7.0319200878e-06
851 1.25497987768e-06
852 0.0
853 0.0
854 0.000158760199932
855 0.0
856 0.0
857 0.000372049895885
858 0.000349827234935
859 0.0
860 0.0
861 0.0274942411351
862 1.15678014873e-07
863 0.00331074401504
864 1.51318852149e-07
865 1.35078314999e-07
866 0.0
867 9.61062295281e-08
868 1.43136937595e-07
869 0.0
870 1.09606804602e-07
871 2.29019100152e-07
872 1.33321833303e-06
873 2.04481339421e-08
874 0.0
875 2.04481339421e-08
876 0.0
877 1.51318852149e-07
878 0.0
879 1.00928807792e-07
880 1.26778430441e-07
881 5.38848844326e-08
882 1.51316191172e-07
883 6.58748638912e-08
884 0.0
885 3.06722009132e-08
886 5.7254775038e-07
887 1.53361004566e-08
888 0.0
889 0.0
890 7.37303947692e-07
891 1.91229896874e-07
892 0.0
893 0.0
894 1.04406114086e-07
895 2.45377607306e-08
896 9.61062295281e-08
897 0.00011783960951
898 1.94697249288e-05
899 1.67338858593e-06
900 0.0
901 1.17423402153e-06
902 7.50988893008e-07
903 1.23106561818e-06
904 1.13165449042e-06
905 4.43724506545e-07
906 3.22436599726e-06
907 1.07293965367e-05
908 1.63879249386e-06
909 0.000384916649033
910 1.06432537169e-06
911 0.0
912 0.0
913 5.55166836529e-07
914 2.63274477414e-05
915 1.14680982661e-06
916 9.54022870267e-05
917 0.000898111171752
918 0.00038947051008
919 0.0
920 3.41692972974e-06
921 1.61889719377e-06
922 0.000375637216667
923 7.45734507926e-06
924 8.05812790198e-07
925 1.75656730864e-05
926 0.000738338502137
927 2.74847169313e-06
928 2.54118601224e-05
929 2.72641785895e-08
930 3.73175380288e-07
931 0.000135448579298
932 1.87871301526e-06
933 9.41257001982e-06
934 4.24637848379e-06
935 8.61972489049e-06
936 4.31735262436e-07
937 4.01887009874e-06
938 8.5882162557e-08
939 6.51154730244e-07
940 1.81808832547e-06
941 1.44465776332e-06
942 1.98682512693e-05
943 1.34968263864e-05
944 8.550205902e-07
945 0.000161298230905
946 0.0
947 0.00196984154123
948 2.41261619768e-05
949 5.59705023313e-06
950 2.012200813e-06
951 4.96601503973e-07
952 0.000108207745654
953 2.49794053135e-06
954 4.52055354165e-05
955 1.2365424761e-05
956 2.09593372907e-07
957 4.49858946727e-07
958 1.26091039748e-05
959 1.30057272426e-07
960 3.0194670109e-06
961 2.67517558717e-05
962 5.99577746083e-06
963 8.6907644691e-05
964 5.40555225212e-06
965 4.44575528866e-06
966 6.80393757768e-07
967 1.04074781498e-05
968 4.41527273318e-05
969 4.13715973808e-05
970 1.04434110989e-06
971 4.83582806626e-07
972 3.33640028075e-06
973 1.7102369675e-07
974 9.7645248653e-06
975 2.39795566346e-07
976 0.000699883065114
977 1.70111948343e-06
978 2.75242737371e-06
979 2.69411721772e-05
980 7.88713737769e-08
981 0.000292095424388
982 1.54187642433e-06
983 2.1088945617e-05
984 2.60892573535e-06
985 0.000107777469818
986 1.1090678362e-07
987 2.05956130994e-07
988 1.05629217621e-06
989 1.48311534853e-06
990 2.46141751223e-06
991 0.0010169354631
992 1.6324956494e-05
993 8.23033003837e-07
994 0.00044131410648
995 0.000102420891276
996 4.13752742248e-05
997 4.23090019851e-07
998 8.18950689783e-06
999 3.35476093341e-07
1000 5.50028484873e-06
1001 1.60629522907e-06
1002 2.30446741526e-05
1003 4.08962678843e-08
1004 2.51166752509e-05
1005 1.15967457382e-05
1006 7.54111406393e-08
1007 9.23268046628e-05
1008 1.76979451737e-06
1009 3.32074378369e-06
1010 9.71710119066e-05
1011 2.01360296305e-05
1012 7.4026417848e-06
1013 1.40901370552e-05
1014 0.000112003664472
1015 0.000387456609129
1016 1.5216766148e-06
1017 0.0
1018 3.50101347163e-05
1019 0.000515497480509
1020 0.000100916801822
1021 1.12065046531e-05
1022 9.99490217063e-05
1023 2.50594815628e-07
1024 1.12805538914e-06
1025 2.10559096765e-05
1026 7.00332431789e-05
1027 1.36409470062e-05
1028 0.0
1029 0.000231532947838
1030 0.000624476849597
1031 1.0939751659e-06
1032 1.00639137542e-07
1033 0.000118632356681
1034 1.09112396881e-06
1035 0.0
1036 6.38955188444e-06
1037 3.92743217757e-06
1038 0.000146296892019
1039 2.04481339421e-07
1040 3.82372685361e-07
1041 5.20829064226e-06
1042 1.83487290557e-05
1043 7.5667550597e-07
1044 1.04387723775e-06
1045 6.7161411442e-07
1046 1.37002497412e-06
1047 0.0
1048 7.08858954044e-06
1049 4.0058894307e-05
1050 4.44244825648e-05
1051 5.63253144043e-07
1052 0.000103486294449
1053 0.000139118111989
1054 1.39251792146e-06
1055 8.34854923611e-06
1056 1.35092184943e-06
1057 9.82859062707e-06
1058 2.39243167123e-07
1059 5.92347985573e-07
1060 3.56286071052e-05
1061 0.000269375570434
1062 1.7882822593e-07
1063 5.21321259545e-06
1064 1.72265042155e-07
1065 7.06716013954e-06
1066 0.0
1067 2.26314107389e-05
1068 1.58806362785e-05
1069 8.504564632e-06
1070 1.77135184776e-07
1071 0.000531770585555
1072 0.0
1073 1.89447371075e-06
1074 1.23557849345e-06
1075 0.000687482346895
1076 4.08919391432e-05
1077 0.000158798243657
1078 0.000151411055132
1079 5.06923228786e-05
1080 1.10173609376e-05
1081 4.33404459505e-05
1082 1.02971631815e-06
1083 3.90403264057e-06
1084 1.37196674093e-05
1085 2.69081057396e-07
1086 0.096051941112
1087 0.00225297976571
1088 7.2590569079e-07
1089 0.000109000186506
1090 7.14722422848e-07
1091 7.56962953966e-07
1092 3.48743743084e-06
1093 5.11886202113e-06
1094 4.73015561569e-07
1095 7.68951634294e-07
1096 1.03035999514e-05
1097 0.0
1098 1.28814302615e-06
1099 0.000473014036405
1100 4.64049218005e-06
1101 9.37803744846e-05
1102 2.12082867083e-05
1103 4.49023260753e-06
1104 1.1495348488e-06
1105 8.01343312416e-05
1106 4.08962678843e-08
1107 1.99051830658e-05
1108 2.31976357165e-05
1109 2.26452017793e-06
1110 0.000202948284799
1111 4.05283394869e-05
1112 1.53361004566e-08
1113 3.51084369635e-06
1114 1.06278200643e-05
1115 8.65623414775e-05
1116 1.05197623561e-06
1117 7.78615187806e-07
1118 1.9692817941e-05
1119 8.83079423023e-07
1120 0.0
1121 6.74798504921e-06
1122 6.05270395487e-06
1123 7.42185735449e-05
1124 1.95869293851e-05
1125 0.000282527078905
1126 1.33506157832e-05
1127 0.000896818882764
1128 3.26713626809e-06
1129 0.000105401319007
1130 1.21185393067e-05
1131 9.02882623883e-06
1132 8.5987935774e-06
1133 2.06860704399e-05
1134 1.8875200562e-07
1135 6.38558521234e-07
1136 1.50270781848e-05
1137 0.000488275125702
1138 5.94383084638e-07
1139 2.19525323679e-06
1140 0.000125447357973
1141 8.08563768088e-07
1142 1.40238796577e-06
1143 3.48424120573e-06
1144 4.15168083533e-06
1145 8.85532571175e-07
1146 0.0
1147 6.31071305215e-05
1148 2.04481339421e-07
1149 0.00019416362048
1150 8.32441678912e-05
1151 2.00630361496e-06
1152 6.16553442967e-07
1153 1.35340026098e-06
1154 1.63661339257e-05
1155 8.32531167645e-07
1156 4.24469795913e-05
1157 1.27059036807e-05
1158 7.15684687975e-08
1159 0.000890421009411
1160 0.00106048153067
1161 2.90692925991e-05
1162 4.63589118234e-06
1163 2.94453128767e-07
1164 6.63982195285e-06
1165 3.34877844526e-07
1166 0.00204988385188
1167 0.000186087514359
1168 3.99638426097e-06
1169 2.37685214061e-07
1170 3.5006077744e-06
1171 1.98369292348e-05
1172 0.00195531017295
1173 1.71635854597e-05
1174 0.000924646055688
1175 6.30609469882e-07
1176 5.57331728606e-05
1177 0.0
1178 3.20013296195e-06
1179 0.000268022413032
1180 5.86072365156e-05
1181 2.37068791626e-06
1182 5.01420039004e-06
1183 0.000204009231551
1184 9.53233460423e-06
1185 2.92387859358e-05
1186 2.15435698102e-05
1187 4.47846691176e-08
1188 4.0889601178e-05
1189 0.00064292128356
1190 2.16324402132e-05
1191 2.69303862042e-06
1192 2.14569784078e-05
1193 6.01747494566e-05
1194 0.000419138830082
1195 1.22688803653e-07
1196 4.04801737574e-06
1197 5.67442903837e-05
1198 0.000161968424797
1199 2.41434745781e-06
1200 7.97614340029e-05
1201 9.20166027397e-08
1202 2.14823835083e-06
1203 1.50293784475e-06
1204 3.92852027858e-07
1205 7.45462626368e-05
1206 9.55699451061e-06
1207 0.0
1208 6.27737428073e-06
1209 0.0
1210 1.0198252812e-05
1211 8.28225833872e-05
1212 4.50209723125e-05
1213 3.53901657207e-06
1214 1.86100417568e-06
1215 3.30362554995e-05
1216 1.48419378963e-05
1217 1.32387571114e-06
1218 0.000243202042892
1219 6.30970990215e-07
1220 3.55652396444e-06
1221 2.67848790291e-07
1222 0.000185209558037
1223 5.13623786063e-05
1224 9.01065416471e-06
1225 0.0
1226 4.57077325365e-06
1227 0.000190099848672
1228 2.58130980948e-05
1229 4.6096357542e-06
1230 9.34347811145e-06
1231 0.000149282108771
1232 0.000171196394682
1233 9.81331766415e-07
1234 0.0
1235 5.70123662573e-07
1236 0.000462762094293
1237 1.54388486189e-05
1238 0.000191635523312
1239 8.35283430846e-05
1240 4.88383620197e-08
1241 2.93308257971e-06
1242 2.12347416449e-06
1243 1.22470380219e-05
1244 1.87326697e-05
1245 4.93211959322e-06
1246 5.65014186155e-05
1247 1.52443208313e-05
1248 9.6339912386e-06
1249 6.74788420091e-07
1250 2.65702594223e-07
1251 2.89554743069e-05
1252 1.40643395587e-07
1253 0.0
1254 0.0
1255 3.27170143074e-07
1256 4.415332462e-05
1257 0.00011886490925
1258 4.69902218091e-06
1259 1.26568137312e-05
1260 2.33068854269e-05
1261 6.01340707437e-06
1262 2.09904736995e-05
1263 0.0
1264 1.09207995216e-06
1265 1.22688803653e-07
1266 3.47991248259e-06
1267 1.74793758956e-06
1268 8.40302702925e-06
1269 1.40074586107e-06
1270 1.64979979466e-05
1271 0.0
1272 6.30797384734e-06
1273 2.90181798626e-05
1274 0.000767523513506
1275 0.000205438958118
1276 2.94586449841e-05
1277 0.0
1278 0.000108441805882
1279 4.3250875848e-06
1280 1.89496938702e-06
1281 1.04655846446e-05
1282 6.02930414307e-06
1283 0.000390403685516
1284 2.54080166861e-05
1285 2.31442714871e-05
1286 1.7923284295e-06
1287 2.24889986313e-06
1288 1.51869489159e-06
1289 6.250194992e-06
1290 0.000573854086834
1291 1.48019003599e-05
1292 1.03926949603e-05
1293 5.4103930332e-06
1294 1.04881510284e-06
1295 3.38241372181e-06
1296 1.88122832268e-07
1297 6.15830737628e-06
1298 9.20166027397e-08
1299 9.43588992632e-06
1300 4.13075441339e-06
1301 3.48229239164e-05
1302 1.77898765297e-07
1303 7.98510790696e-06
1304 1.11068472635e-05
1305 1.39045745295e-05
1306 0.000256317101195
1307 6.01363967743e-06
1308 0.000123857840018
1309 3.28439511666e-06
1310 4.2381376227e-06
1311 1.34950279109e-06
1312 1.31333997406e-05
1313 0.000266478176602
1314 4.32903637341e-05
1315 4.12157940039e-06
1316 1.51064027176e-06
1317 6.25106044876e-07
1318 0.000609340246989
1319 0.000117409973243
1320 1.65172407333e-07
1321 0.000113013689257
1322 3.25898379106e-06
1323 3.68973682701e-05
1324 5.37250456375e-06
1325 9.55009714032e-06
1326 1.14421608801e-06
1327 0.0
1328 0.000188063703534
1329 8.81373486811e-05
1330 6.38609362493e-05
1331 0.000216314466922
1332 2.9969213967e-05
1333 2.30856552747e-05
1334 5.90374330919e-07
1335 0.000703691218547
1336 1.60408848361e-05
1337 1.05708763656e-06
1338 1.96390554844e-05
1339 0.000425544357371
1340 1.49150545251e-05
1341 1.92830305506e-06
1342 1.5557379956e-05
1343 8.84288846935e-07
1344 4.25826542662e-05
1345 1.45319328936e-05
1346 3.80272010731e-05
1347 0.0
1348 6.79673761925e-05
1349 7.11388719045e-06
1350 1.67276428921e-05
1351 7.2299024362e-06
1352 3.74206651948e-06
1353 0.00108855249428
1354 6.13444018264e-08
1355 1.9347080576e-07
1356 0.000147125199642
1357 1.91478900125e-06
1358 2.68162418438e-05
1359 0.000195857423647
1360 9.51322371832e-06
1361 0.000243932727002
1362 0.00191096458798
1363 0.0
1364 1.80826997283e-07
1365 6.88225765253e-07
1366 9.66187010249e-07
1367 4.86274659347e-05
1368 5.3585558862e-05
1369 2.09593372907e-07
1370 0.000307293519063
1371 1.06835061728e-05
1372 1.95051152573e-05
1373 0.0
1374 4.69894022803e-05
1375 6.66907406791e-05
1376 4.44038134576e-06
1377 0.00106018330624
1378 7.8395331132e-05
1379 5.34834841831e-07
1380 1.83604309006e-06
1381 4.12087406703e-06
1382 8.31765984185e-07
1383 1.60510255784e-06
1384 0.0
1385 6.84124707695e-06
1386 3.88399619375e-06
1387 0.0
1388 1.87763967274e-06
1389 5.88486061337e-06
1390 9.83830345233e-07
1391 5.32985800111e-05
1392 0.000222649148703
1393 6.25759827407e-06
1394 1.7855537983e-05
1395 0.0
1396 0.0
1397 4.17675442442e-06
1398 2.42679666134e-06
1399 2.79209146518e-06
1400 5.74732189568e-05
1401 1.68052422849e-06
1402 6.4148579516e-07
1403 3.80301241989e-06
1404 0.0
1405 0.000686842632468
1406 0.00373497886582
1407 5.7580400582e-06
1408 5.22353575182e-06
1409 0.000105270511837
1410 3.31591495517e-05
1411 4.41944542392e-05
1412 1.55813687393e-06
1413 1.05339130894e-05
1414 0.00016527468962
1415 3.14586676033e-09
1416 7.22388785018e-06
1417 1.68666890342e-05
1418 1.84033205479e-07
1419 3.47833291547e-06
1420 0.00131706058921
1421 0.00479143589417
1422 5.55436707224e-05
1423 2.63981627254e-06
1424 1.23800729102e-05
1425 3.61055622178e-06
1426 0.000147898343065
1427 7.0095197176e-05
1428 6.2450755547e-05
1429 1.16798934828e-05
1430 1.88894511247e-05
1431 0.0
1432 0.000191034661512
1433 7.44051226216e-06
1434 1.08973659711e-06
1435 2.27817439932e-06
1436 0.000101881920794
1437 1.90645070352e-05
1438 2.15442386884e-05
1439 9.01260741222e-07
1440 2.88219486167e-08
1441 9.5030470629e-05
1442 2.91435562846e-06
1443 8.17925357686e-08
1444 1.09202772458e-07
1445 1.01731375309e-05
1446 2.86603433172e-06
1447 6.32145126837e-05
1448 4.65648521453e-05
1449 1.26812397732e-05
1450 2.4117201845e-05
1451 0.000578308334943
1452 4.12891169488e-06
1453 1.62200835224e-06
1454 1.02343471773e-05
1455 6.5386064472e-06
1456 0.0
1457 1.87373267724e-05
1458 1.88897971021e-06
1459 0.000113957651573
1460 4.52669515486e-05
1461 2.76734660576e-05
1462 1.03395168739e-06
1463 1.31177818549e-05
1464 2.77447887196e-07
1465 3.41592946982e-06
1466 0.0217339626278
1467 0.0
1468 5.70173539341e-05
1469 5.81015694763e-07
1470 3.76613532613e-05
1471 6.76154812981e-06
1472 6.71838928652e-05
1473 0.000100015558851
1474 7.97572384086e-05
1475 2.04481339421e-08
1476 0.000146498198435
1477 3.96065306049e-07
1478 3.6555613175e-06
1479 6.14473574659e-07
1480 2.29320281583e-05
1481 8.36206132916e-05
1482 3.26451848788e-06
1483 1.56664742357e-05
1484 0.000622107298207
1485 2.03015278268e-06
1486 0.000131301969238
1487 0.0
1488 8.39503366673e-05
1489 0.000114140419045
1490 6.57774053483e-07
1491 2.32835533248e-08
1492 1.37537745765e-05
1493 4.16218328587e-06
1494 1.37140788358e-07
1495 8.42144966282e-05
1496 0.000990842352719
1497 0.000267442962681
1498 1.6977452211e-05
1499 8.17738900538e-08
1500 1.01948553512e-06
1501 3.67781781395e-06
1502 2.29996005871e-06
1503 2.37062891974e-05
1504 2.04573844368e-06
1505 2.43616649067e-05
1506 0.00347433326771
1507 3.04925868045e-08
1508 1.36467174676e-05
1509 2.81467605286e-06
1510 0.00049314872103
1511 3.06722009132e-08
1512 0.000134430664357
1513 5.21765872752e-05
1514 0.000210387699745
1515 1.0159645845e-05
1516 3.12768336257e-05
1517 1.93333883521e-05
1518 6.59219051936e-07
1519 0.000230522459463
1520 1.92155403104e-05
1521 2.28409141175e-05
1522 0.0
1523 0.00060998657399
1524 0.000261062325249
1525 1.31343246996e-06
1526 2.06051757119e-05
1527 3.06696540755e-06
1528 3.10200051899e-06
1529 5.46677245695e-05
1530 3.9214664522e-05
1531 5.5614836614e-06
1532 8.28673735784e-06
1533 1.61187988999e-06
1534 5.76807207781e-06
1535 0.00461694578213
1536 6.16218112583e-06
1537 0.000688584694867
1538 0.000379787929768
1539 9.35454132865e-06
1540 3.90168468733e-06
1541 0.000418683478041
1542 2.97123473302e-06
1543 3.39607351224e-06
1544 1.31905031187e-05
1545 5.03181448133e-06
1546 0.000212006134242
1547 0.0
1548 1.00986969282e-05
1549 9.39124593499e-06
1550 0.00023661562907
1551 1.78511726311e-06
1552 3.79546230528e-05
1553 2.49674297022e-06
1554 0.000618476406532
1555 0.000104308940438
1556 0.000248457606405
1557 9.518939942e-07
1558 3.98541468138e-05
1559 0.0
1560 0.000468369431931
1561 0.0
1562 1.51135838227e-05
1563 1.21666396956e-06
1564 1.88243969451e-05
1565 2.86207558581e-06
1566 1.04021194442e-05
1567 4.61549445643e-06
1568 6.31223803852e-05
1569 1.76590975545e-07
1570 3.39333829376e-05
1571 2.50928706032e-05
1572 1.34536171863e-05
1573 1.02497303106e-06
1574 4.23309693747e-05
1575 0.000261413227682
1576 3.47577733026e-06
1577 1.3463775629e-05
1578 0.0338375514294
1579 4.06126546288e-06
1580 9.43760028099e-09
1581 7.75616043405e-06
1582 0.0
1583 2.54759301761e-06
1584 3.32218959032e-05
1585 0.000289113411167
1586 5.75065840507e-06
1587 0.0
1588 3.75318933099e-06
1589 4.58311701899e-05
1590 0.000137767367872
1591 0.000326398759423
1592 0.00145929753382
1593 2.74981163844e-07
1594 0.000495467531353
1595 3.89630470738e-06
1596 9.09861616988e-05
1597 1.54903238019e-05
1598 1.51827559227e-05
1599 7.53680816583e-05
1600 1.11211292627e-06
1601 2.2566778538e-05
1602 5.7283446461e-07
1603 3.09695111539e-07
1604 1.72115850622e-05
1605 0.00167701458493
1606 1.03735174256e-05
1607 2.07835463467e-06
1608 2.04481339421e-07
1609 1.57118957134e-05
1610 0.000146711124196
1611 0.000229279487028
1612 3.33848322937e-05
1613 8.79512787684e-05
1614 0.00033056648157
1615 1.88189824707e-05
1616 1.74600844304e-06
1617 1.35479385375e-05
1618 0.000435584728658
1619 0.000157611180883
1620 0.000852741940915
1621 0.0001265351601
1622 0.000840152604302
1623 0.000272361280415
1624 7.63653092208e-06
1625 5.41569708365e-06
1626 1.82046469711e-06
1627 0.00013388699895
1628 0.0
1629 2.65753914984e-05
1630 8.60580963378e-07
1631 7.7498583255e-05
1632 1.36320892948e-08
1633 8.18435388747e-06
1634 1.92336196897e-06
1635 9.75713152714e-06
1636 1.85559668622e-06
1637 0.00012681750064
1638 4.39087290512e-05
1639 2.45883807615e-06
1640 2.56370933833e-05
1641 7.48716288959e-08
1642 2.55139599562e-06
1643 0.00146348466615
1644 5.9180728284e-06
1645 1.34118526011e-05
1646 2.06511250747e-05
1647 3.34663320121e-06
1648 4.87162106778e-06
1649 1.54266685435e-07
1650 4.53985067241e-06
1651 1.02055810693e-05
1652 0.0
1653 5.04453893417e-06
1654 2.75305819214e-06
1655 6.98891142931e-07
1656 4.63678313387e-06
1657 0.00143106180307
1658 0.0
1659 4.29431261433e-06
1660 4.48577629757e-06
1661 8.55667023897e-06
1662 3.42630661663e-05
1663 0.000196093245299
1664 0.0010757453057
1665 3.06722009132e-07
1666 1.60947648071e-05
1667 0.00484000492622
1668 5.81431274374e-06
1669 1.10233523986e-05
1670 1.59971602047e-05
1671 3.44179138458e-06
1672 2.21620299267e-05
1673 3.54247507746e-06
1674 1.34506291735e-05
1675 4.64144169404e-05
1676 3.35668843335e-05
1677 1.12958053771e-06
1678 6.89736138913e-06
1679 1.16737388566e-05
1680 4.30920066107e-06
1681 0.000304995193283
1682 3.29620697464e-06
1683 8.18916721003e-06
1684 9.46038389662e-05
1685 0.257421726789
1686 1.67203816063e-05
1687 7.90785550499e-06
1688 0.000836493036345
1689 0.000552277385949
1690 1.33093378637e-05
1691 0.0
1692 5.34831443775e-06
1693 0.00020942410131
1694 6.13444018264e-08
1695 3.41956899906e-05
1696 2.24957118312e-06
1697 2.06951548885e-06
1698 2.26807659457e-05
1699 1.25889193363e-06
1700 1.96385049746e-05
1701 9.37584380589e-07
1702 1.01011948187e-06
1703 0.000410342385587
1704 5.31255269632e-05
1705 2.57581724884e-06
1706 4.91329476911e-05
1707 9.4061695513e-06
1708 3.9314640322e-05
1709 4.33650923676e-07
1710 3.41056218002e-05
1711 9.22952729125e-07
1712 1.84033205479e-07
1713 9.08410733513e-06
1714 1.84033205479e-07
1715 3.85354835139e-05
1716 1.04555560258e-05
1717 4.6313717454e-05
1718 2.72169107315e-05
1719 0.033457910934
1720 1.18752256707e-05
1721 2.70895469196e-05
1722 1.24502053094e-05
1723 1.43033272771e-05
1724 1.50532560959e-06
1725 1.12230462535e-05
1726 4.03576712924e-05
1727 0.000796810211919
1728 1.79153708712e-05
1729 1.60630412243e-06
1730 3.22761416063e-05
1731 0.000153362582777
1732 8.99717893455e-08
1733 6.25261860223e-06
1734 1.77208604871e-06
1735 4.46687427099e-06
1736 1.10755585165e-05
1737 2.85681559326e-05
1738 3.13801990917e-06
1739 3.63999372841e-06
1740 1.08906320378e-06
1741 4.87163702508e-05
1742 1.71693003176e-05
1743 2.07446240525e-05
1744 7.19342946621e-06
1745 1.41552666062e-05
1746 8.33693849581e-05
1747 7.46212531445e-05
1748 1.42028796106e-06
1749 1.93212890853e-07
1750 1.41232024949e-06
1751 2.30045584428e-05
1752 4.47966906933e-06
1753 1.05177931082e-05
1754 7.0747628906e-06
1755 8.10929192417e-06
1756 0.0
1757 3.63331803414e-07
1758 1.82594916485e-05
1759 0.00123049511566
1760 6.18312621584e-08
1761 6.13444018264e-08
1762 9.95753705896e-05
1763 0.0
1764 3.23390919928e-06
1765 8.61046926538e-07
1766 1.83706161197e-05
1767 5.3460728179e-06
1768 1.63404633366e-05
1769 0.000128067426683
1770 6.16514744454e-05
1771 1.84603351917e-05
1772 6.71904556716e-07
1773 5.24629098583e-06
1774 6.22767001171e-07
1775 8.72330066951e-06
1776 7.66805022831e-09
1777 0.0
1778 2.27841951053e-07
1779 7.20779500576e-05
1780 8.86929955959e-06
1781 6.59625050811e-05
1782 1.01562176168e-05
1783 0.000211353559367
1784 0.000251371936398
1785 4.42864431758e-07
1786 1.27495361589e-05
1787 0.000283331366247
1788 1.04636915744e-05
1789 1.44159344292e-07
1790 1.02581433305e-05
1791 2.77453737401e-05
1792 3.79917964744e-05
1793 8.38246939985e-07
1794 2.11359490587e-05
1795 6.0726120259e-05
1796 5.34160004695e-06
1797 3.27680316543e-06
1798 1.88122832268e-07
1799 9.57321196062e-07
1800 2.43950841823e-05
1801 0.0026160618972
1802 1.23525877031e-06
1803 4.37052960261e-08
1804 3.94057021472e-05
1805 4.82864127727e-05
1806 2.27272559718e-06
1807 0.000270466847195
1808 3.05089018674e-05
1809 7.81433625104e-05
1810 0.000906813190271
1811 1.12865693488e-05
1812 5.73339959403e-06
1813 3.89254622681e-06
1814 0.000256526135432
1815 6.94121201273e-07
1816 1.36824741657e-06
1817 1.36243690964e-05
1818 2.65945195577e-05
1819 1.08184570898e-05
1820 1.13214449046e-05
1821 1.42162045131e-05
1822 2.20492496468e-07
1823 6.69495871772e-07
1824 2.02844229138e-05
1825 0.000837616286743
1826 0.00017104575216
1827 7.7226250009e-06
1828 9.66495868565e-05
1829 3.6402167783e-05
1830 1.54997876667e-06
1831 5.31182061135e-06
1832 2.80732971525e-05
1833 2.17313154935e-06
1834 4.33951818619e-05
1835 0.0
1836 0.00236770124944
1837 5.20597616652e-05
1838 6.58124814774e-06
1839 2.0857096621e-07
1840 3.71897437279e-05
1841 5.54197541868e-07
1842 5.14625522322e-06
1843 1.43868779545e-05
1844 1.06203715311e-05
1845 0.000419973912703
1846 3.5056545098e-05
1847 0.000138324528887
1848 0.000440956842626
1849 1.26858247476e-06
1850 9.53790481963e-06
1851 8.73192653937e-06
1852 1.23470977635e-05
1853 7.44854891635e-05
1854 1.59811083306e-07
1855 0.0
1856 1.30252353336e-06
1857 0.0
1858 1.18827608159e-05
1859 1.35458837996e-05
1860 6.45269394302e-06
1861 9.20339213338e-06
1862 4.6215745592e-05
1863 6.43475630924e-06
1864 0.000177593466876
1865 2.38560703304e-05
1866 3.983402716e-08
1867 0.000108596429982
1868 2.62061117385e-05
1869 1.58837170786e-05
1870 4.68118818198e-07
1871 1.76687490291e-06
1872 2.81794102516e-05
1873 1.44789492438e-05
1874 9.85063798191e-07
1875 1.58196176196e-07
1876 6.98235099271e-06
1877 3.39003467694e-05
1878 3.23681655095e-06
1879 3.55184269273e-06
1880 1.93181886968e-05
1881 6.80358710444e-07
1882 5.33253069849e-05
1883 1.29305816103e-05
1884 8.63338267163e-05
1885 6.37699356368e-07
1886 9.79861490036e-06
1887 2.11194279448e-05
1888 6.06187034762e-08
1889 0.000130436477698
1890 2.81892132202e-06
1891 4.90755214612e-07
1892 7.34438948133e-06
1893 9.62635228661e-09
1894 3.65728241233e-05
1895 2.83404973514e-05
1896 3.90387204798e-06
1897 1.03993366906e-06
1898 3.57992286515e-05
1899 8.69646840176e-06
1900 3.82974162582e-05
1901 2.11659829539e-06
1902 3.83725534821e-06
1903 2.31818752422e-05
1904 3.16703731598e-06
1905 3.78637347993e-06
1906 3.70544972649e-08
1907 1.13256210027e-06
1908 1.73306298939e-06
1909 3.33856568005e-06
1910 0.000195101686963
1911 8.76191661667e-06
1912 0.00018368643214
1913 0.198818643773
1914 1.3987379624e-05
1915 1.53323192833e-06
1916 4.49364596236e-07
1917 5.2076242709e-05
1918 8.85176595134e-06
1919 5.01695229016e-06
1920 5.32041420826e-06
1921 4.72267720494e-05
1922 3.7883671114e-06
1923 8.51668120592e-07
1924 1.83795955782e-05
1925 2.47439604006e-08
1926 5.68125124974e-06
1927 0.000499927868247
1928 2.7723400456e-06
1929 4.8272186787e-07
1930 2.76809173047e-06
1931 6.43124469485e-07
1932 1.44580628972e-06
1933 3.11386741278e-05
1934 3.87971508377e-07
1935 9.84683873387e-07
1936 2.72052687477e-06
1937 3.09833579376e-06
1938 6.13444018264e-08
1939 7.93753856122e-06
1940 6.50862573287e-05
1941 2.27980114368e-05
1942 0.00203167435935
1943 4.30776612986e-06
1944 1.23862106458e-05
1945 3.14369775981e-06
1946 0.00015386674037
1947 8.09071622659e-06
1948 0.000128666224526
1949 7.58676971377e-05
1950 2.03998905093e-07
1951 1.16611751339e-07
1952 0.000124365469966
1953 1.99470215711e-06
1954 1.32884099462e-06
1955 0.000690265437916
1956 5.379794089e-05
1957 6.6456435312e-07
1958 1.24796411469e-06
1959 7.6840239364e-07
1960 0.000557765861128
1961 1.04794121691e-05
1962 4.90755214612e-07
1963 8.42806729304e-06
1964 1.2237860973e-06
1965 0.000171397797769
1966 2.18510240652e-06
1967 2.19191754632e-05
1968 0.0
1969 1.65105647779e-06
1970 0.0
1971 0.000328112526575
1972 7.43175305387e-06
1973 0.000147483556664
1974 0.000131144863734
1975 2.70997916304e-07
1976 1.04165622125e-05
1977 7.06708545112e-05
1978 1.06135552366e-07
1979 1.71278826629e-07
1980 7.99225946349e-06
1981 5.19670614217e-06
1982 5.23071994513e-06
1983 4.92130790513e-05
1984 2.70894407932e-05
1985 9.71334247873e-06
1986 0.000204360009828
1987 7.09829980304e-06
1988 0.000159845165863
1989 1.858631446e-05
1990 1.49802848773e-06
1991 1.69491616624e-06
1992 8.99600899263e-05
1993 2.01182144701e-07
1994 1.92077110393e-05
1995 5.44510477482e-06
1996 0.000130132634648
1997 2.45377607306e-08
1998 1.98481790879e-06
1999 9.04248839721e-05
2000 1.06494728068e-06
2001 9.80170688073e-07
2002 0.000105065787094
2003 2.97175182546e-05
2004 0.00031484134367
2005 9.2225331466e-05
2006 3.76885650346e-06
2007 2.68224840432e-06
2008 0.00131733132997
2009 2.80431551207e-07
2010 6.12900313912e-05
2011 3.57001938979e-06
2012 1.32813101917e-06
2013 7.96195667717e-08
2014 4.73482621361e-08
2015 6.75385930498e-08
2016 1.37002497412e-07
2017 1.01519494807e-07
2018 6.44116219178e-07
2019 9.29240374647e-05
2020 4.75494760955e-07
2021 3.19019916365e-06
2022 9.70483307737e-08
2023 2.82203568866e-06
2024 3.02163488467e-06
2025 8.77590788689e-05
2026 4.18898290081e-07
2027 0.000202422672798
2028 6.2652573636e-05
2029 1.57784401368e-05
2030 0.000411267897189
2031 7.78463344675e-06
2032 0.000289759048449
2033 0.00020280483357
2034 5.57238148405e-06
2035 8.89493826483e-07
2036 3.14815973191e-06
2037 1.14168808927e-06
2038 3.10242200286e-05
2039 0.000507806621621
2040 4.56891047591e-05
2041 1.73317752532e-05
2042 8.07701290715e-07
2043 7.99567274834e-05
2044 6.22512457802e-06
2045 9.43567136456e-07
2046 5.36356860359e-06
2047 1.32201185009e-06
2048 0.00188506664839
2049 2.65074275368e-06
2050 8.54649187464e-06
2051 2.0009544521e-07
2052 2.72166381101e-07
2053 2.75649451525e-05
2054 5.45879534653e-05
2055 0.000322341911752
2056 1.96853840801e-06
2057 2.29675554934e-05
2058 6.36568385765e-06
2059 2.92751313011e-05
2060 6.32467183482e-06
2061 6.01254458084e-05
2062 2.7056691478e-06
2063 0.000117401096988
2064 1.67191254401e-05
2065 9.39799007181e-06
2066 3.86340188519e-05
2067 1.26924488541e-07
2068 2.12251246908e-06
2069 0.00132192168612
2070 1.65662968587e-05
2071 4.06362280143e-07
2072 0.000131441738969
2073 0.000215412671071
2074 9.70578732104e-06
2075 3.49547407619e-06
2076 9.54683343802e-06
2077 1.15002867165e-06
2078 1.71456877793e-06
2079 1.40617680235e-05
2080 0.0
2081 3.15548786951e-07
2082 0.00477761527479
2083 1.52312392326e-06
2084 4.16499138346e-06
2085 2.32159225647e-05
2086 1.10445319067e-05
2087 2.69780602296e-06
2088 0.000189395710477
2089 1.23806233237e-05
2090 1.03086641181e-06
2091 6.17923211848e-06
2092 6.1618280506e-06
2093 5.56988158815e-06
2094 1.73695862857e-05
2095 4.90755214612e-08
2096 1.07200237218e-05
2097 6.67222219839e-07
2098 7.29354698838e-07
2099 1.43204387084e-06
2100 2.41156528228e-06
2101 0.0
2102 5.54133612515e-05
2103 0.00254090447592
2104 1.16433416082e-05
2105 5.70586410089e-06
2106 4.69158923416e-07
2107 4.08962678843e-08
2108 1.36851635385e-05
2109 3.07235629426e-06
2110 1.82707418616e-06
2111 0.00030949253834
2112 0.000368671960845
2113 6.17767388801e-06
2114 2.30187564949e-07
2115 1.67471680972e-06
2116 3.15160094049e-06
2117 0.000154627609734
2118 0.000821335931088
2119 7.30194030364e-06
2120 1.12811603226e-06
2121 3.61007985305e-06
2122 6.51542936866e-06
2123 2.91784890295e-06
2124 1.18847284866e-05
2125 4.79859370324e-06
2126 5.96759274464e-05
2127 3.12823313045e-05
2128 0.000129076161811
2129 0.000265669994121
2130 9.770311896e-06
2131 4.58676906586e-07
2132 1.8031443847e-05
2133 0.000221211867422
2134 0.00101214947007
2135 2.76117929716e-05
2136 3.01376019951e-05
2137 6.94010485619e-07
2138 3.38697264339e-05
2139 0.000109813991718
2140 5.61982700485e-06
2141 5.10744894751e-06
2142 1.20607031592e-06
2143 0.00921067935974
2144 0.000564288186566
2145 4.12411917587e-05
2146 1.63331273799e-05
2147 3.97243325629e-06
2148 4.11893512258e-06
2149 4.44058179505e-05
2150 6.10648804106e-05
2151 1.74606615535e-05
2152 1.70560597303e-05
2153 3.89630340262e-06
2154 0.000116581172245
2155 8.13562911217e-06
2156 8.92077575473e-05
2157 8.19110028463e-06
2158 4.17645499964e-05
2159 8.69850183678e-08
2160 2.2472765332e-06
2161 3.57295011374e-06
2162 1.32511530494e-05
2163 1.01158624863e-06
2164 2.18707501376e-05
2165 2.28047981803e-06
2166 4.14613250424e-06
2167 2.93342202009e-07
2168 0.0
2169 0.0
2170 3.74183728795e-05
2171 7.92860441971e-07
2172 0.000129607268332
2173 1.21187247848e-05
2174 8.0377625764e-06
2175 0.000179340842199
2176 1.98492957338e-07
2177 0.000367806331387
2178 5.32355320979e-07
2179 6.13444018264e-08
2180 2.04875324888e-06
2181 5.40816517075e-05
2182 1.90689425355e-06
2183 1.02772830463e-07
2184 8.75602606884e-05
2185 1.07428192857e-05
2186 1.37886790107e-05
2187 5.00145986283e-07
2188 0.00010460390411
2189 9.58528258496e-06
2190 0.00100222144644
2191 4.30040448761e-06
2192 1.82181455586e-05
2193 1.55521998121e-06
2194 1.43271566193e-06
2195 5.18197032508e-05
2196 0.0
2197 1.26972148529e-05
2198 2.23413188153e-06
2199 1.10936236028e-05
2200 0.000565791862143
2201 7.30791461775e-06
2202 7.15262679635e-06
2203 2.71590840465e-06
2204 9.64356704225e-05
2205 0.0
2206 1.64269416236e-07
2207 1.35201176174e-05
2208 4.33267189214e-06
2209 8.56040945916e-07
2210 4.03670630612e-06
2211 1.52422259626e-05
2212 8.01470115533e-05
2213 2.30563476279e-06
2214 1.51762745878e-06
2215 5.19825280362e-06
2216 2.32019094181e-05
2217 3.52897373344e-06
2218 1.1071735069e-06
2219 1.55389769099e-05
2220 0.0
2221 8.10996842806e-06
2222 6.9013488175e-06
2223 2.60375380263e-05
2224 0.000130260899422
2225 8.97074797945e-05
2226 9.32365259379e-05
2227 0.00179909393482
2228 2.71741094281e-07
2229 6.29386687151e-06
2230 3.65708542533e-05
2231 1.02240669711e-08
2232 7.74645346612e-06
2233 7.23856757759e-05
2234 0.000116077615743
2235 1.51160493832e-06
2236 4.52054912871e-05
2237 8.92133006845e-06
2238 2.33775943273e-06
2239 1.34567287257e-06
2240 3.01845662555e-05
2241 1.25925389454e-05
2242 3.42085629036e-05
2243 0.00234807051103
2244 1.32594846254e-05
2245 1.00185263935e-05
2246 4.2064732681e-08
2247 3.92511919025e-05
2248 0.000239829345948
2249 8.25873537856e-07
2250 1.92228060037e-06
2251 0.000137400722211
2252 5.40083018245e-07
2253 1.11535276048e-08
2254 4.5166296797e-06
2255 5.56524989525e-05
2256 5.23472228919e-07
2257 3.50539439008e-08
2258 5.21565519307e-06
2259 6.54912148301e-07
2260 5.37549782655e-05
2261 2.98199722034e-06
2262 2.07128907973e-06
2263 7.42747811339e-07
2264 1.1655436347e-07
2265 7.39807900001e-05
2266 4.39923931799e-07
2267 0.00411424464828
2268 5.61845149212e-05
2269 0.000862648645028
2270 0.0
2271 1.20670840044e-07
2272 7.91444346693e-06
2273 4.37320997502e-06
2274 1.78569283646e-05
2275 1.08312862695e-06
2276 6.75892913799e-06
2277 4.32491108245e-06
2278 2.24883078438e-06
2279 0.00011892481964
2280 9.25875007817e-05
2281 7.43686915326e-06
2282 2.42456445314e-07
2283 0.000202173117241
2284 0.000568406820279
2285 0.000116852366956
2286 1.23840106085e-05
2287 2.28169110779e-06
2288 4.03919444555e-06
2289 4.46640586882e-06
2290 0.00114380969123
2291 5.17217972593e-06
2292 1.13700073177e-06
2293 0.00025852184607
2294 1.26387125043e-05
2295 0.000122243297044
2296 4.0995814007e-06
2297 5.92808216403e-06
2298 1.86879750265e-06
2299 1.77041898193e-05
2300 4.26673683357e-06
2301 2.07700135787e-05
2302 5.30775133898e-07
2303 0.000242044051113
2304 1.99485638072e-06
2305 2.17543898123e-05
2306 4.72929785771e-07
2307 1.09962676582e-06
2308 2.4122710269e-06
2309 3.11874752814e-06
2310 2.71244136164e-05
2311 9.53817720539e-07
2312 1.49779485565e-06
2313 1.63248512428e-07
2314 0.000204734187534
2315 8.27089717369e-07
2316 5.97932911809e-06
2317 1.21428277993e-06
2318 9.63242016549e-06
2319 1.09866495428e-05
2320 0.000125471904603
2321 2.21286412255e-07
2322 6.48205845966e-07
2323 2.61244044991e-05
2324 6.51550440874e-06
2325 0.000104985781595
2326 0.000279119665864
2327 7.34562975677e-06
2328 0.01052494443
2329 0.000376546189475
2330 6.05038501334e-06
2331 1.89346701826e-05
2332 1.09906674366e-05
2333 4.15895642725e-05
2334 0.000338090710025
2335 1.56669404315e-05
2336 7.41361452017e-06
2337 0.000199587927154
2338 4.2124417114e-05
2339 1.43222383407e-05
2340 1.16221076673e-05
2341 1.04853494547e-05
2342 6.75756908395e-06
2343 6.32724739674e-06
2344 4.69041637604e-05
2345 0.000149317442166
2346 5.94773129196e-05
2347 1.32784976319e-06
2348 0.00317841716885
2349 7.86650171579e-06
2350 6.70419494488e-07
2351 5.16903711929e-06
2352 3.2387324608e-05
2353 4.46110754694e-06
2354 1.09206090376e-06
2355 5.49589759324e-06
2356 2.9680870288e-05
2357 3.98008850612e-06
2358 1.92849939675e-06
2359 1.12464736682e-07
2360 2.24177653479e-06
2361 8.57343107615e-07
2362 1.49007626083e-05
2363 1.11645282241e-06
2364 5.05276102943e-06
2365 0.000141635272538
2366 3.52315454005e-06
2367 8.7991276663e-06
2368 2.69018152387e-05
2369 0.000174173395515
2370 1.10283837764e-05
2371 3.40636347137e-06
2372 6.05563881542e-06
2373 4.30699605349e-05
2374 8.70272424604e-07
2375 3.73213711501e-06
2376 0.0
2377 1.71046106574e-05
2378 3.59097790692e-05
2379 6.84257245279e-05
2380 1.60825432397e-05
2381 0.0
2382 6.17024653e-06
2383 0.0
2384 6.17696474503e-07
2385 0.000422510477629
2386 7.11151557535e-05
2387 3.64375765972e-06
2388 9.92017566018e-06
2389 2.06526152816e-07
2390 9.42755984479e-05
2391 5.1357480681e-06
2392 1.05022459979e-05
2393 6.75552470236e-06
2394 4.45750063075e-06
2395 0.000104505838506
2396 8.44842447924e-05
2397 1.34034858566e-05
2398 9.26504456074e-06
2399 0.000193680679425
2400 0.000146794426606
2401 1.40042196176e-06
2402 1.68055143035e-05
2403 5.48568097485e-07
2404 9.34958049917e-07
2405 1.28218348514e-05
2406 2.69330216391e-06
2407 7.47579817935e-06
2408 1.70298795233e-06
2409 3.08745394103e-06
2410 8.48535569037e-06
2411 2.20832693435e-05
2412 7.17495771434e-06
2413 8.87971229111e-06
2414 1.90635241812e-05
2415 8.82614478263e-06
2416 5.17830913915e-06
2417 4.1679428352e-06
2418 0.000144914517114
2419 1.13112090061e-06
2420 0.000246648442279
2421 7.44831655693e-06
2422 8.48597558599e-07
2423 3.06722009132e-08
2424 5.16536707892e-06
2425 3.80650666438e-07
2426 1.34843546942e-05
2427 2.19034433882e-06
2428 1.20200231449e-06
2429 1.60230042933e-05
2430 3.5844235045e-05
2431 5.35225351475e-06
2432 0.0
2433 4.21241569615e-06
2434 8.70933916316e-06
2435 2.6505683488e-05
2436 4.09054722451e-07
2437 3.71949486626e-05
2438 8.17925357686e-08
2439 2.73487896929e-05
2440 3.47618277017e-07
2441 4.85507115477e-06
2442 0.0
2443 1.46058099587e-09
2444 1.05024420455e-05
2445 1.07608950747e-07
2446 3.18649614473e-05
2447 4.2933907172e-06
2448 7.68722009685e-05
2449 5.5573775677e-06
2450 1.90590410397e-05
2451 5.79850655359e-07
2452 0.000148838598762
2453 4.79390528058e-07
2454 2.85858340306e-06
2455 1.317396173e-06
2456 1.62955806798e-06
2457 8.00451497772e-07
2458 0.0
2459 8.18348081974e-05
2460 8.62079706666e-05
2461 5.47347297374e-06
2462 0.000118623012257
2463 3.58873452278e-05
2464 6.49969357618e-05
2465 9.15247821656e-06
2466 5.14464969e-06
2467 2.76791554254e-07
2468 2.19119592013e-06
2469 0.00163436518056
2470 1.72009626891e-06
2471 0.0
2472 0.00011118668799
2473 0.000220061454157
2474 2.23148640039e-05
2475 4.50367911777e-06
2476 5.82407022397e-05
2477 3.62989869977e-06
2478 1.28993557005e-06
2479 2.19172117944e-05
2480 2.40745562715e-06
2481 3.94113113415e-06
2482 1.75269719504e-08
2483 6.05533298997e-06
2484 0.0
2485 2.85252882132e-06
2486 3.16962545913e-06
2487 1.24024082701e-06
2488 2.42456445314e-07
2489 7.17966971349e-06
2490 2.38416227433e-06
2491 8.57414156611e-07
2492 0.000171669922236
2493 5.87999451834e-06
2494 2.33937889081e-07
2495 6.76427624807e-05
2496 3.69586202086e-06
2497 3.12312960587e-08
2498 3.31966379242e-06
2499 0.000191413832097
2500 1.33765176587e-05
2501 6.12632661375e-06
2502 0.000150322035781
2503 5.17039693729e-05
2504 1.58189313234e-07
2505 4.62126990614e-06
2506 0.0
2507 8.71096032303e-06
2508 1.41689650101e-05
2509 6.68389493575e-05
2510 0.000218567139875
2511 0.000237165059026
2512 0.000179982225326
2513 0.00041792617609
2514 3.73965812357e-07
2515 1.73301110336e-07
2516 7.10430561768e-07
2517 2.80946249031e-05
2518 0.0
2519 9.90708626574e-06
2520 2.38906420859e-06
2521 6.98722206734e-06
2522 5.61758093383e-06
2523 4.00555227433e-07
2524 1.90577746358e-06
2525 3.36606215715e-07
2526 3.12121407497e-06
2527 5.59328849481e-05
2528 1.22688803653e-07
2529 7.97477223744e-08
2530 0.000103095634758
2531 2.11218681517e-05
2532 4.51960491999e-06
2533 1.24629398479e-06
2534 8.10218005789e-05
2535 1.58671055624e-06
2536 1.06943740517e-06
2537 6.02975657918e-06
2538 1.40163236456e-05
2539 0.00010379767361
2540 2.53402779883e-06
2541 2.77001907645e-05
2542 0.0
2543 0.00128097065292
2544 0.00713627302993
2545 1.4632169351e-05
2546 5.49665314778e-07
2547 5.15662563274e-06
2548 6.81297450716e-05
2549 4.08962678843e-08
2550 3.04255056776e-06
2551 1.76810474723e-05
2552 1.06965779625e-05
2553 1.86104251815e-06
2554 1.2583165805e-05
2555 1.27098409465e-06
2556 7.12401471034e-05
2557 3.01225910658e-06
2558 4.16827069747e-06
2559 5.5507920167e-06
2560 3.83674417333e-06
2561 4.89632877916e-05
2562 7.47387679648e-06
2563 1.38824772977e-06
2564 1.53156325377e-06
2565 1.09238246064e-05
2566 2.45377607306e-08
2567 3.88528665131e-06
2568 7.73173073526e-05
2569 3.52234337811e-08
2570 0.0
2571 4.04844766427e-06
2572 1.68233453394e-05
2573 1.15649711849e-06
2574 5.01646488678e-06
2575 1.89563034913e-06
2576 1.01939128883e-05
2577 2.75142072634e-06
2578 1.76349748091e-06
2579 3.63270930178e-06
2580 9.99054220103e-07
2581 2.73297174804e-08
2582 1.19150617703e-05
2583 1.57696029722e-05
2584 7.17146688523e-05
2585 2.40919172539e-07
2586 9.82879885114e-07
2587 5.23983245015e-06
2588 1.77452515782e-06
2589 6.37872309351e-05
2590 4.49960938432e-05
2591 1.11914937444e-05
2592 8.4799001205e-07
2593 8.37624146632e-05
2594 5.49409719167e-06
2595 0.0029613644821
2596 0.0
2597 0.0
2598 8.14529950734e-05
2599 0.000178958764157
2600 5.36588035984e-08
2601 9.11583952128e-06
2602 8.3117513974e-06
2603 1.83311680256e-05
2604 2.86737051287e-05
2605 1.66067942226e-05
2606 1.09232730726e-05
2607 4.04320374833e-07
2608 1.04461836357e-05
2609 7.18529333565e-05
2610 2.14556727211e-07
2611 3.20975919948e-05
2612 3.95007180429e-05
2613 9.93886047389e-06
2614 1.07440705234e-07
2615 2.44829043285e-06
2616 7.74171158296e-06
2617 9.66680129062e-05
2618 0.00013731268615
2619 3.76087356321e-06
2620 4.69661413376e-06
2621 2.93601430114e-06
2622 2.45377607306e-08
2623 3.29479142786e-06
2624 6.33744789449e-06
2625 2.87791434116e-05
2626 6.282363066e-06
2627 2.0571180002e-06
2628 1.24672626929e-06
2629 1.99632141582e-06
2630 0.000153261591554
2631 5.67173726314e-06
2632 4.55879153272e-06
2633 3.27170143074e-08
2634 1.05657798709e-06
2635 3.06722009132e-07
2636 1.71206413615e-05
2637 5.88476756078e-05
2638 4.48587772309e-06
2639 3.68842501966e-06
2640 1.09137831754e-06
2641 0.000102281002703
2642 1.26997937989e-06
2643 0.000534748221793
2644 6.2950782646e-05
2645 4.6362352414e-06
2646 2.98221445696e-06
2647 8.78772646232e-06
2648 8.4606194011e-05
2649 2.788290363e-06
2650 8.40203151107e-05
2651 3.79861248376e-07
2652 3.03995591273e-07
2653 2.44326395388e-06
2654 3.03892308138e-05
2655 2.65454082669e-06
2656 4.09973529262e-06
2657 1.97568807908e-06
2658 2.017896708e-06
2659 9.16421728365e-07
2660 4.05894889297e-05
2661 6.06154803879e-05
2662 5.85743348529e-05
2663 1.18054886316e-05
2664 9.52705038265e-06
2665 1.93627365759e-05
2666 3.31644845787e-05
2667 1.0897485631e-05
2668 6.14419863493e-06
2669 2.94449813467e-05
2670 0.00173915525676
2671 6.04292405871e-07
2672 0.0
2673 5.98355054364e-06
2674 4.54864258552e-06
2675 1.75006733893e-05
2676 3.09738788352e-05
2677 1.72867880589e-05
2678 2.1349106326e-05
2679 4.54119446849e-07
2680 3.53153399147e-05
2681 9.93384598234e-06
2682 7.30432935663e-06
2683 9.26365773523e-07
2684 4.5170497254e-05
2685 3.54862272775e-06
2686 9.17216486915e-07
2687 3.39325545002e-06
2688 1.34848307232e-06
2689 1.50030879896e-06
2690 1.19079048507e-05
2691 1.61822522231e-05
2692 0.0
2693 1.84033205479e-08
2694 3.10495727178e-05
2695 4.92052826853e-05
2696 1.02779666041e-07
2697 1.21015419993e-05
2698 1.91706566911e-06
2699 0.000159627321947
2700 5.50240695171e-08
2701 3.993666617e-06
2702 8.77441240426e-07
2703 8.6077500625e-06
2704 2.9348076995e-07
2705 0.0
2706 1.75610505185e-06
2707 0.00215497705762
2708 2.34893168e-05
2709 7.3925999817e-06
2710 1.61861585962e-06
2711 9.71453699212e-07
2712 1.60562665447e-05
2713 1.03504709005e-05
2714 1.1639377364e-05
2715 6.13444018264e-08
2716 1.69721561899e-05
2717 0.000113919198044
2718 1.99574392044e-06
2719 2.00175379816e-05
2720 6.58971286937e-05
2721 2.16191540788e-05
2722 0.0
2723 0.0
2724 1.00283933777e-06
2725 9.23994107795e-05
2726 3.69368677231e-06
2727 4.50326504256e-06
2728 1.85965291981e-06
2729 7.97087887368e-06
2730 0.00265465819742
2731 0.000113457116167
2732 3.73527998129e-06
2733 1.75269719504e-08
2734 2.2847054095e-06
2735 2.63370036883e-05
2736 1.07342159482e-05
2737 0.0
2738 6.69860303093e-06
2739 0.00256044829758
2740 9.1824050875e-06
2741 0.0
2742 1.66480657183e-05
2743 8.94500305002e-05
2744 1.03126192088e-05
2745 2.54059915179e-06
2746 1.70821880291e-05
2747 9.49613479878e-08
2748 7.34995339142e-07
2749 0.00206441852716
2750 1.14834503921e-05
2751 1.94144000308e-05
2752 0.00172855101584
2753 3.61778836623e-06
2754 1.31195539751e-05
2755 0.000115340682956
2756 1.40916590131e-05
2757 6.34350244975e-06
2758 2.18681550066e-05
2759 1.86944066926e-05
2760 6.7966029735e-06
2761 2.63774057955e-06
2762 3.83028070811e-06
2763 3.78669864318e-06
2764 0.00403122799131
2765 3.80468124129e-05
2766 5.65988054976e-06
2767 3.17257941982e-06
2768 0.0
2769 1.00998254442e-05
2770 7.14092688736e-07
2771 9.04645437606e-07
2772 7.40372932808e-07
2773 3.4986821901e-05
2774 1.07237048353e-05
2775 2.45377607306e-08
2776 1.17754486978e-05
2777 1.09738318823e-07
2778 2.71506936543e-05
2779 0.00182382777652
2780 4.60951942577e-07
2781 5.66650516982e-05
2782 4.53693844804e-05
2783 3.13076695728e-05
2784 1.56593955433e-05
2785 1.18027594642e-05
2786 1.83222293296e-05
2787 0.000428273094873
2788 3.17835250735e-05
2789 0.0
2790 2.42352349128e-06
2791 6.54247340085e-07
2792 1.9048092156e-06
2793 0.0
2794 5.52683483991e-05
2795 6.21582719183e-07
2796 7.350144618e-06
2797 1.87130286958e-05
2798 3.84754020061e-06
2799 4.14192876043e-08
2800 1.36320892948e-08
2801 2.47913557078e-05
2802 1.79273429763e-07
2803 2.88865690838e-07
2804 5.80845450607e-06
2805 5.84848089413e-07
2806 1.63052600079e-06
2807 0.000253231447513
2808 3.83110837816e-06
2809 0.0
2810 6.29251348606e-06
2811 0.00117548778876
2812 3.41970697166e-07
2813 1.89713965541e-05
2814 2.88016344848e-05
2815 0.0
2816 0.000997415369833
2817 3.181145409e-07
2818 0.0
2819 7.32131333952e-06
2820 9.35188803414e-06
2821 1.83362666022e-06
2822 3.0987393458e-06
2823 7.96094814891e-06
2824 8.63130014643e-06
2825 0.0
2826 1.19588365859e-05
2827 1.02900930637e-05
2828 1.55299273659e-05
2829 0.00262197419897
2830 1.62352019385e-06
2831 1.69361461339e-06
2832 2.94054366892e-06
2833 1.00114475644e-05
2834 3.38816951319e-05
2835 4.29410812785e-07
2836 5.81780481008e-06
2837 1.71038894476e-05
2838 7.89826026373e-07
2839 0.0
2840 0.000113152820881
2841 9.61761190441e-06
2842 2.76606286811e-05
2843 0.0
2844 2.69414908971e-06
2845 7.8880054921e-06
2846 6.01745850229e-06
2847 5.02140445911e-06
2848 1.95805488306e-06
2849 5.60798272571e-06
2850 2.08918493566e-05
2851 2.52143363855e-06
2852 2.42532487451e-06
2853 4.1138654824e-08
2854 1.17013895431e-05
2855 1.02382934556e-05
2856 0.0
2857 5.23890897005e-06
2858 0.0
2859 3.47492135931e-06
2860 2.65711941901e-06
2861 0.0
2862 5.98107917808e-07
2863 0.00161448187955
2864 0.000153231754405
2865 1.724437666e-05
2866 2.01118451028e-05
2867 2.07674075352e-05
2868 2.84215149795e-05
2869 1.64321835445e-05
2870 0.00204020157024
2871 6.06639771823e-06
2872 2.22672616643e-05
2873 1.61233091775e-05
2874 2.21001526594e-05
2875 9.56075341688e-06
2876 1.97336579537e-05
2877 1.04552325692e-06
2878 4.91394080839e-05
2879 4.48533731887e-06
2880 8.83253162228e-08
2881 0.000456408978455
2882 4.23451225583e-05
2883 1.19636189372e-06
2884 2.75434408117e-05
2885 3.73085498381e-07
2886 0.0
2887 2.97666406958e-07
2888 1.02988672473e-05
2889 2.65195334247e-06
2890 2.75622256327e-06
2891 4.42343430412e-05
2892 1.3628575131e-06
2893 1.616865821e-05
2894 8.96796731463e-07
2895 2.51262924307e-05
2896 9.28889114161e-07
2897 1.34337526174e-05
2898 4.21665607176e-06
2899 4.62074715056e-08
2900 8.76348597521e-09
2901 8.11839603536e-08
2902 8.31981278516e-05
2903 0.0
2904 7.28736970875e-07
2905 7.47101125131e-05
2906 1.0767820871e-05
2907 2.29830701448e-05
2908 2.58814748765e-06
2909 3.53988026178e-07
2910 2.11176830557e-05
2911 2.18675116369e-05
2912 1.04365966452e-05
2913 0.000298082961273
2914 2.53841641051e-05
2915 0.0017276741115
2916 0.000765107685146
2917 1.70089884135e-05
2918 4.01424380888e-07
2919 1.12055313115e-06
2920 2.07740984153e-05
2921 0.00119108137331
2922 2.38279471455e-05
2923 0.0
2924 6.22737422917e-06
2925 7.122645818e-06
2926 2.22094575873e-05
2927 4.34522846271e-07
2928 3.75704556926e-05
2929 4.13293928991e-05
2930 5.43167083718e-06
2931 1.75269719504e-08
2932 1.31086203889e-05
2933 8.61988254968e-06
2934 1.0256199753e-06
2935 3.6340516588e-06
2936 6.41048999086e-07
2937 0.00159210293909
2938 2.15862238207e-05
2939 1.18424973526e-05
2940 0.000499769199801
2941 1.27677303186e-05
2942 1.80114883533e-06
2943 7.25567952714e-07
2944 3.76294676199e-05
2945 7.51488201445e-05
2946 1.02020062006e-05
2947 9.67606933273e-05
2948 4.541274939e-07
2949 4.04331426111e-06
2950 4.05398861213e-06
2951 3.23792590436e-05
2952 0.000193891051821
2953 6.13444018264e-08
2954 1.53771145709e-06
2955 1.51564489941e-06
2956 2.14556084728e-05
2957 0.000539743383602
2958 2.41317192137e-06
2959 2.77151788541e-05
2960 2.96295707869e-07
2961 3.59431932025e-05
2962 9.82950242051e-07
2963 1.35169647451e-05
2964 3.27170143074e-08
2965 2.25330940674e-05
2966 5.81209428649e-06
2967 4.17750107332e-05
2968 4.1530035041e-06
2969 1.66962454026e-05
2970 1.34284506918e-05
2971 1.0452293651e-06
2972 1.58623522154e-07
2973 2.55505664058e-07
2974 2.92100706294e-05
2975 8.0974814948e-06
2976 6.13444018264e-08
2977 0.00028353708277
2978 2.32425130037e-06
2979 9.72611304118e-06
2980 3.1804898678e-05
2981 0.0
2982 2.98311080559e-06
2983 4.88732871694e-08
2984 1.49388224257e-06
2985 3.71208181574e-06
2986 4.05680982575e-06
2987 3.10667506825e-05
2988 2.16647797991e-06
2989 1.20475062325e-05
2990 3.36456337094e-05
2991 3.91501175688e-07
2992 7.56824995011e-06
2993 4.94939552439e-05
2994 8.27565372779e-06
2995 0.00100849150799
2996 3.49702464498e-06
2997 2.05522730109e-05
2998 1.63701918017e-06
2999 3.31841317868e-07
3000 1.97023271067e-05
3001 0.000388490879302
3002 2.25499538942e-05
3003 7.57394760802e-05
3004 0.0
3005 6.61883078018e-06
3006 4.61528678646e-05
3007 0.0
3008 6.89421791923e-06
3009 5.70525407463e-08
3010 2.84140133824e-06
3011 2.04086134595e-05
3012 4.39130163382e-05
3013 2.57792545771e-07
3014 3.35479682045e-06
3015 6.59468723667e-06
3016 1.91176303742e-06
3017 1.06686923613e-05
3018 0.00047467959731
3019 7.42483483099e-06
3020 0.000131739720992
3021 0.000117728182607
3022 2.28206819716e-06
3023 1.26859751088e-05
3024 4.57370294633e-06
3025 3.08845834521e-06
3026 2.11249985431e-05
3027 5.21890398082e-05
3028 8.20206157008e-05
3029 1.24222413699e-06
3030 0.000149131438712
3031 6.89150799884e-08
3032 0.0
3033 1.33283926627e-06
3034 0.00167093304282
3035 4.33774299485e-05
3036 6.66191430325e-05
3037 1.03656007392e-05
3038 0.0
3039 0.00194947047399
3040 1.10894400127e-06
3041 2.78637196057e-06
3042 4.93702421761e-06
3043 7.79138962504e-06
3044 6.27803994402e-06
3045 1.63585071537e-07
3046 6.58429912937e-07
3047 1.63552464063e-05
3048 1.88511462255e-06
3049 1.48678553726e-06
3050 2.90223037336e-05
3051 1.89197885106e-06
3052 0.00111256828837
3053 1.79680185064e-05
3054 1.57791433587e-07
3055 2.70203361824e-05
3056 2.45377607306e-08
3057 2.20552617259e-05
3058 7.0160888831e-06
3059 3.86645754347e-07
3060 0.0
3061 5.56213503148e-05
3062 1.33648029725e-06
3063 2.19573411691e-05
3064 1.31160173429e-07
3065 7.23739854257e-06
3066 4.74288121221e-06
3067 1.14728637225e-06
3068 2.31726043598e-06
3069 8.98473720711e-07
3070 1.99568010177e-06
3071 7.72306775043e-06
3072 0.0
3073 5.08035510603e-05
3074 1.59973705267e-05
3075 2.45377607306e-08
3076 1.14559543415e-05
3077 0.00242427231879
3078 4.6819551082e-05
3079 2.82118074178e-05
3080 2.1934628178e-05
3081 1.27088276772e-05
3082 1.48673932407e-05
3083 9.48629305494e-05
3084 2.62758521157e-07
3085 7.1585789658e-05
3086 6.14045334079e-06
3087 6.77463481276e-06
3088 2.8145048627e-05
3089 8.48615339585e-07
3090 3.26719760211e-05
3091 0.000123450378001
3092 0.0
3093 3.65922477121e-07
3094 3.95411861816e-06
3095 3.57340710399e-08
3096 1.92334067028e-06
3097 1.17799302345e-05
3098 3.98092971585e-05
3099 1.23529584573e-05
3100 4.31601684279e-07
3101 8.77739696196e-05
3102 0.000308547652948
3103 1.69002808808e-06
3104 2.21004885418e-06
3105 4.5351866467e-05
3106 1.85362334186e-06
3107 1.4302781522e-05
3108 4.57162669662e-05
3109 0.000367608983127
3110 2.0516306744e-06
3111 4.07285041735e-06
3112 0.00012534322794
3113 1.3761340156e-07
3114 4.04330355046e-05
3115 1.8671684894e-05
3116 3.62975365679e-05
3117 8.0122413025e-05
3118 0.000754228411985
3119 2.20109853728e-05
3120 2.65874366056e-05
3121 1.44237423641e-05
3122 1.22688803653e-07
3123 2.89681897514e-08
3124 7.65399858638e-06
3125 2.63559613002e-05
3126 0.0
3127 1.75269719504e-08
3128 2.45377607306e-08
3129 1.83156856882e-07
3130 5.61065721344e-06
3131 6.16405404813e-07
3132 1.75269719504e-08
3133 0.00291784562366
3134 4.71621603566e-07
3135 0.0
3136 0.000180818453496
3137 7.90061810036e-05
3138 2.89558510199e-05
3139 2.867506919e-06
3140 2.41955026837e-06
3141 9.56652350996e-05
3142 5.28925064637e-07
3143 5.47677775391e-06
3144 2.04481339421e-08
3145 3.12144577799e-06
3146 0.000475504969792
3147 2.2039379309e-05
3148 0.0
3149 1.62870177288e-05
3150 0.0018797907594
3151 8.17755104162e-05
3152 1.35467451156e-06
3153 7.77823566423e-05
3154 1.04639211084e-06
3155 0.000183591529626
3156 1.10361500048e-06
3157 7.74995731945e-07
3158 2.42177469559e-06
3159 1.00704991132e-05
3160 3.80335291324e-07
3161 8.42399302234e-06
3162 3.85593382909e-07
3163 5.49269918833e-05
3164 1.69426287021e-06
3165 2.63829027143e-06
3166 1.43937737726e-06
3167 5.05951458089e-06
3168 1.29242468907e-06
3169 7.84247091055e-05
3170 6.17241372285e-06
3171 4.29387367554e-06
3172 4.02042293414e-06
3173 3.56684561425e-05
3174 0.00059892988883
3175 0.000601397615524
3176 4.87931204024e-08
3177 4.99793651241e-06
3178 3.78741431986e-05
3179 1.86225235302e-05
3180 7.00324591281e-05
3181 1.75269719504e-08
3182 1.75269719504e-08
3183 2.17500725593e-05
3184 0.0
3185 1.62134946412e-05
3186 6.78142278838e-05
3187 5.06842933615e-05
3188 7.96423548347e-06
3189 2.36435494219e-05
3190 1.53256027659e-06
3191 9.3559949992e-07
3192 2.07027843791e-05
3193 9.43210777461e-07
3194 4.27085138421e-06
3195 1.51511058312e-06
3196 9.06091786678e-06
3197 1.42863593081e-05
3198 1.14250921681e-06
3199 9.33073932563e-05
3200 6.84800560569e-06
3201 7.09891050025e-07
3202 7.13714151255e-05
3203 1.7047365373e-07
3204 1.81431635209e-05
3205 0.000536251696245
3206 1.19862494259e-05
3207 9.71147726637e-06
3208 7.2004194173e-06
3209 2.73479185666e-06
3210 5.44937801457e-06
3211 2.43522280133e-06
3212 8.5770765168e-06
3213 1.11928226389e-05
3214 1.02235654666e-05
3215 6.80738650299e-05
3216 1.1660738821e-05
3217 3.55797530593e-07
3218 1.91092680293e-07
3219 2.89681897514e-08
3220 1.56590463177e-05
3221 1.14036017853e-05
3222 7.62130108212e-06
3223 1.40601952712e-05
3224 7.28985697557e-06
3225 2.22745242997e-05
3226 8.89058337026e-06
3227 1.56345273944e-05
3228 1.84033205479e-07
3229 5.33026505888e-06
3230 3.44984068878e-06
3231 0.0
3232 9.34522633207e-06
3233 4.32665629376e-05
3234 5.77455891759e-05
3235 4.63400395714e-06
3236 1.77163438313e-07
3237 1.40798621666e-05
3238 8.29703186758e-06
3239 4.62063379119e-06
3240 7.5429751754e-06
3241 3.22274585782e-05
3242 5.71628113415e-07
3243 2.6970398033e-06
3244 8.96496816701e-07
3245 1.1470606461e-06
3246 1.66021855559e-05
3247 6.97042363264e-07
3248 0.00120799582136
3249 9.45496212411e-05
3250 1.39575286904e-06
3251 4.32687481548e-07
3252 4.46937784736e-07
3253 2.90456840799e-05
3254 4.85996614111e-05
3255 1.58314722063e-06
3256 1.16317892915e-05
3257 7.6599803387e-05
3258 1.12872857911e-05
3259 0.000115308645173
3260 8.51056814315e-06
3261 9.74460242668e-06
3262 2.45320777763e-05
3263 3.83141255784e-07
3264 0.000276292300591
3265 3.03349882178e-06
3266 0.00152186363378
3267 1.53361004566e-08
3268 2.96111269316e-05
3269 0.0
3270 7.424133202e-07
3271 2.45377607306e-08
3272 1.84033205479e-07
3273 3.09460848817e-05
3274 3.55389607535e-06
3275 7.25288696661e-05
3276 1.25900861288e-05
3277 1.01831189276e-05
3278 3.09547770883e-05
3279 1.66354761373e-05
3280 3.07356017713e-05
3281 0.000128002158058
3282 3.39038986997e-07
3283 0.0
3284 1.6513553444e-07
3285 0.000287960635152
3286 2.6075291197e-06
3287 6.0689871415e-06
3288 2.42478251927e-05
3289 2.19285078389e-05
3290 3.90105010479e-05
3291 3.08912880626e-07
3292 0.000162542269961
3293 1.74077354291e-06
3294 0.00187297325531
3295 9.98890713441e-06
3296 2.77451503076e-05
3297 2.56324803998e-05
3298 8.58598679953e-06
3299 2.49903718939e-05
3300 3.48633470511e-05
3301 1.77935722422e-06
3302 6.91233698674e-06
3303 0.000133013690266
3304 1.53088752572e-05
3305 4.90911372434e-05
3306 1.19767641661e-07
3307 4.63413866659e-06
3308 3.70626283431e-06
3309 7.37593402913e-08
3310 3.42740072675e-06
3311 3.06722009132e-08
3312 1.96616672521e-08
3313 2.22991000182e-06
3314 0.000567868680688
3315 2.25513705762e-07
3316 3.67420325304e-07
3317 5.63087338713e-06
3318 0.0
3319 1.36087336173e-06
3320 1.51562617877e-05
3321 0.000131076256257
3322 3.94958349274e-05
3323 1.75269719504e-08
3324 1.64690630589e-07
3325 4.28747271585e-05
3326 1.31588746706e-06
3327 4.79740087281e-06
3328 5.05621588094e-05
3329 6.75356376484e-06
3330 3.85027677007e-06
3331 0.00010934081826
3332 4.14355393101e-05
3333 2.39795647884e-05
3334 1.57450631355e-07
3335 6.73814699427e-08
3336 5.39465933721e-05
3337 0.0
3338 2.84639748236e-06
3339 1.21573450892e-07
3340 1.46124800818e-05
3341 0.000240154301751
3342 1.22811160223e-05
3343 0.00201750894061
3344 2.60278904035e-06
3345 0.00115075323554
3346 3.41575460587e-05
3347 1.08853637545e-05
3348 4.21654112257e-05
3349 2.16447772853e-05
3350 8.44605303877e-07
3351 6.38038658603e-05
3352 2.97753841436e-05
3353 2.93015018248e-08
3354 6.03203338371e-05
3355 2.89681897514e-08
3356 0.000981996504502
3357 6.15561735275e-07
3358 2.62519554871e-06
3359 7.72394994547e-07
3360 1.73498511202e-06
3361 5.27776385737e-05
3362 1.61917503387e-05
3363 3.30073043985e-05
3364 0.000114803824875
3365 4.40796078179e-06
3366 3.08544276153e-05
3367 6.87950043175e-05
3368 1.60466024305e-07
3369 5.52099616438e-08
3370 1.54056138328e-05
3371 4.52337508417e-08
3372 1.74783540096e-07
3373 0.0
3374 9.95572221837e-06
3375 2.52709723905e-06
3376 3.06722009132e-08
3377 0.0
3378 1.08438603627e-05
3379 0.000406323567983
3380 2.23166696945e-06
3381 7.30747054132e-06
3382 0.000207100799024
3383 1.28435117417e-07
3384 3.02315616712e-06
3385 6.21109357059e-06
3386 0.000157147060853
3387 4.81032600189e-05
3388 0.00333545978682
3389 4.10075194316e-07
3390 7.36132821917e-08
3391 4.81335583175e-06
3392 4.62734643572e-06
3393 1.35678284974e-06
3394 0.000592014563671
3395 1.4665985295e-05
3396 1.53467697064e-05
3397 5.9368922281e-05
3398 0.00016503127237
3399 5.5502077843e-08
3400 1.79677636113e-06
3401 9.55142953326e-06
3402 0.0
3403 1.38875115994e-06
3404 0.000415632287675
3405 1.74613312837e-05
3406 1.78517520519e-06
3407 0.00011317632895
3408 0.0
3409 0.0
3410 1.26954565227e-05
3411 5.11713665437e-06
3412 5.63484504588e-05
3413 2.6743823011e-05
3414 0.0
3415 4.86962557835e-07
3416 7.67348697816e-06
3417 8.4457811657e-06
3418 2.75047202088e-05
3419 5.18169877304e-07
3420 1.95713145663e-05
3421 9.59251380862e-06
3422 4.43404344805e-06
3423 1.03908810229e-05
3424 1.44013286193e-07
3425 1.53361004566e-08
3426 5.37104318214e-07
3427 0.000115918743184
3428 1.21573450892e-07
3429 3.93387574223e-07
3430 3.06722009132e-08
3431 3.48136350915e-06
3432 7.43316771607e-06
3433 1.71510867084e-06
3434 1.16120640627e-05
3435 6.30770511448e-05
3436 8.20149187126e-06
3437 8.48354128433e-08
3438 0.205210714904
3439 3.05645235313e-06
3440 3.14901262709e-07
3441 0.00036473601821
3442 3.05699602435e-07
3443 2.12385096853e-05
3444 3.57581606347e-06
3445 3.06722009132e-08
3446 0.0
3447 3.27754375473e-07
3448 1.7307884801e-07
3449 0.00014376300335
3450 7.92699261274e-05
3451 1.10938428398e-05
3452 0.0
3453 4.27731468764e-07
3454 0.0
3455 0.00061775596063
3456 8.93082881464e-06
3457 0.000793908545999
3458 1.18565655333e-07
3459 9.22494822624e-07
3460 2.19472654243e-06
3461 5.40645930727e-06
3462 1.7429599884e-07
3463 7.46576620237e-07
3464 2.31474025274e-06
3465 8.40872077477e-06
3466 6.85349544215e-08
3467 5.11555140692e-06
3468 0.0
3469 7.89478653229e-06
3470 4.18129213476e-06
3471 2.32128135993e-06
3472 2.41749570265e-06
3473 2.1880831119e-07
3474 3.4023127798e-07
3475 1.80910575235e-06
3476 4.56545099542e-06
3477 8.26576491277e-07
3478 2.59691301065e-07
3479 5.47979007628e-07
3480 8.40497973077e-08
3481 2.02535194194e-06
3482 7.52863113325e-08
3483 1.28234585434e-06
3484 1.57773286975e-06
3485 1.54453086765e-06
3486 1.23388254734e-06
3487 2.34623185712e-06
3488 0.000278209216246
3489 8.35472436797e-05
3490 0.0
3491 1.51506066701e-06
3492 1.39830484669e-06
3493 3.89565720618e-07
3494 5.2588057274e-07
3495 1.06330296499e-07
3496 0.00116137287339
3497 5.60337293255e-06
3498 1.44655986407e-06
3499 1.77497251936e-07
3500 3.02766268935e-06
3501 1.36317794746e-06
3502 0.000475154992233
3503 2.04481339421e-07
3504 9.43799123977e-07
3505 7.09550247793e-07
3506 4.88306885927e-06
3507 1.85943686646e-05
3508 5.91243187127e-07
3509 6.21120256598e-06
3510 8.16157324595e-07
3511 1.62429357034e-06
3512 7.88508507413e-06
3513 1.19556176854e-06
3514 9.20166027397e-08
3515 5.49887520079e-05
3516 1.01715303153e-06
3517 5.1518675127e-08
3518 7.16236115881e-07
3519 4.09568604178e-05
3520 6.24724197648e-07
3521 5.63459343713e-07
3522 5.16929772214e-05
3523 5.59061719185e-07
3524 7.52863113325e-08
3525 1.48104240782e-06
3526 0.000512068171236
3527 1.1573092604e-05
3528 6.18671210112e-07
3529 5.99873985221e-05
3530 9.28818186465e-06
3531 6.8910211385e-07
3532 2.87442339987e-07
3533 1.78809330302e-06
3534 1.20758935159e-06
3535 4.21194267296e-06
3536 2.69556555376e-06
3537 1.47854614212e-06
3538 1.02240669711e-07
3539 1.7387876294e-06
3540 1.48263576891e-06
3541 0.000339846305432
3542 5.1263328799e-08
3543 5.30596652486e-06
3544 8.7025353074e-07
3545 2.8627387519e-07
3546 0.000423662585016
3547 2.7929229803e-06
3548 2.33677604513e-06
3549 5.32235714894e-07
3550 1.59539262179e-06
3551 0.000332442204148
3552 6.82967673668e-07
3553 7.60520098545e-08
3554 7.61493558891e-06
3555 2.60021984574e-06
3556 4.58220109028e-06
3557 0.000271066230085
3558 3.03189665715e-05
3559 9.22366770032e-06
3560 4.5670431473e-06
3561 0.0
3562 0.00100114071759
3563 8.40497973077e-08
3564 1.55949474592e-06
3565 2.1813378833e-06
3566 0.0
3567 1.37002497412e-06
3568 9.91261254333e-08
3569 1.15980892434e-05
3570 1.01677183151e-06
3571 0.0
3572 6.76136648702e-07
3573 0.0
3574 3.23003378949e-06
3575 4.08227397576e-07
3576 0.0
3577 8.7669774389e-05
3578 0.000543950407076
3579 1.39549831339e-05
3580 6.85349544215e-08
3581 3.48786741813e-07
3582 1.89875529463e-08
3583 0.0
3584 1.1582863516e-06
3585 2.39019159788e-05
3586 2.40703748119e-07
3587 1.31098059505e-05
3588 3.12289920929e-07
3589 3.06722009132e-08
3590 0.0
3591 3.68757654619e-06
3592 4.80973949619e-07
3593 0.000566607330737
3594 1.6676785176e-05
3595 1.89875529463e-08
3596 1.10279653038e-07
3597 0.000213943298464
3598 0.0
3599 1.37002497412e-07
3600 3.13202048053e-06
3601 6.44116219178e-07
3602 2.66801368498e-06
3603 1.71587953901e-06
3604 1.15760406621e-07
3605 0.000367554144356
3606 6.12101828552e-05
3607 5.52099616438e-08
3608 2.30041506849e-07
3609 8.49843308563e-07
3610 0.0146829524317
3611 3.71708126242e-06
3612 0.000123798149901
3613 5.96277459144e-06
3614 8.40497973077e-08
3615 5.13403072054e-07
3616 2.94576102679e-06
3617 9.59017481887e-07
3618 1.19651526582e-05
3619 1.94147073939e-05
3620 8.17925357686e-08
3621 6.8044352752e-07
3622 1.73132845247e-06
3623 4.32762658917e-07
3624 7.3474056025e-07
3625 1.38390049358e-06
3626 6.51516336065e-06
3627 1.18862081444e-06
3628 4.68648756239e-07
3629 5.26316957243e-06
3630 7.19313078307e-06
3631 8.29281960723e-08
3632 2.0964784679e-07
3633 3.37394210045e-07
3634 0.00114754608575
3635 8.19154524814e-07
3636 1.8798265016e-06
3637 9.99765628874e-07
3638 1.63585071537e-07
3639 6.33892152207e-07
3640 8.76348597521e-09
3641 6.55166720817e-05
3642 2.76049808219e-07
3643 3.70237198132e-05
3644 1.9353352704e-06
3645 3.80335291324e-07
3646 2.93022780776e-06
3647 3.94674229322e-07
3648 7.36132821917e-08
3649 2.56410865525e-06
3650 8.40497973077e-08
3651 0.0
3652 0.000278632109407
3653 3.61931970776e-07
3654 0.0
3655 0.0136626272874
3656 1.32191432132e-07
3657 7.07798721722e-07
3658 1.3886141868e-07
3659 5.25134904016e-07
3660 9.99232145306e-07
3661 4.60083013698e-07
3662 1.55990050359e-07
3663 3.01025743248e-06
3664 3.04595244587e-07
3665 9.61062295281e-07
3666 1.22688803653e-07
3667 9.56494421282e-09
3668 1.8207042651e-06
3669 9.43760028099e-09
3670 0.0
3671 1.31467199267e-06
3672 8.72112912633e-07
3673 2.11203580168e-05
3674 1.84033205479e-07
3675 0.000573998146153
3676 1.3437345162e-07
3677 0.0
3678 0.000807748017081
3679 2.8627387519e-07
3680 1.54251958974e-06
3681 2.27165302955e-05
3682 7.84526505966e-08
3683 5.04192559774e-07
3684 1.00240682869e-06
3685 0.00111618163183
3686 2.63254233495e-07
3687 0.0
3688 2.38959740324e-05
3689 0.0
3690 0.0
3691 9.07427241696e-06
3692 0.0
3693 0.000295687201165
3694 3.77974555213e-06
3695 3.06722009132e-07
3696 8.40497973077e-08
3697 2.65290194883e-07
3698 2.73394250425e-05
3699 1.08761499957e-06
3700 0.0
3701 0.0
3702 6.93775973037e-07
3703 4.35538726671e-06
3704 2.8732625401e-05
3705 0.0
3706 2.52683296456e-05
3707 2.1252708889e-06
3708 1.61553962352e-06
3709 3.86492201983e-08
3710 0.0
3711 1.18148511746e-06
3712 2.94250884936e-06
3713 6.25655180346e-08
3714 8.16133768956e-07
3715 2.81759024632e-06
3716 5.61707948283e-08
3717 0.0
3718 0.0
3719 1.50193938931e-06
3720 4.34648611584e-06
3721 9.34479721156e-07
3722 0.000347588702039
3723 6.67254866403e-06
3724 0.000179652743188
3725 2.49467234094e-07
3726 6.34588396527e-07
3727 9.77286199872e-07
3728 2.53556860883e-07
3729 1.97049136195e-06
3730 0.0
3731 1.09125523213e-06
3732 6.69212119092e-05
3733 0.0
3734 0.0
3735 7.77742072223e-06
3736 1.02775255988e-07
3737 4.52612070742e-07
3738 6.41296541704e-05
3739 7.40545744194e-06
3740 2.20889894455e-07
3741 2.16865985923e-06
3742 0.000128985357138
3743 8.17925357686e-08
3744 6.34588396527e-07
3745 0.0
3746 1.99369305936e-07
3747 0.0
3748 4.2702696756e-06
3749 0.0
3750 2.45377607306e-08
3751 0.000382041360902
3752 6.13444018264e-08
3753 1.46287643919e-06
3754 1.36253402531e-06
3755 3.24156035019e-07
3756 7.53854331208e-06
3757 0.00143400536856
3758 2.55489321893e-07
3759 1.74224827951e-05
3760 1.61645869384e-06
3761 2.00302206836e-06
3762 1.04611293003e-06
3763 6.90426930349e-07
3764 1.20084543477e-06
3765 9.57783602368e-06
3766 0.0
3767 1.22688803653e-08
3768 1.06549383649e-06
3769 3.19765712395e-06
3770 4.01245443118e-07
3771 1.03788885566e-06
3772 6.69676386605e-07
3773 4.6056987403e-07
3774 1.98735777021e-07
3775 7.25796402562e-07
3776 1.32299426606e-06
3777 1.11833588651e-06
3778 3.4094080031e-07
3779 2.58950456252e-07
3780 0.000116647927961
3781 1.96241496003e-06
3782 1.75269719504e-08
3783 8.20099376322e-06
3784 2.23070552096e-08
3785 1.13104708346e-06
3786 3.33500549933e-05
3787 1.88291252364e-06
3788 7.15684687975e-08
3789 5.74206800561e-08
3790 4.948448414e-07
3791 7.79244661875e-05
3792 3.56480905459e-06
3793 9.81799405901e-07
3794 1.98208396929e-05
3795 6.12355540656e-06
3796 4.2300672688e-08
3797 7.85268484949e-07
3798 0.000392555305512
3799 0.0
3800 2.21657771933e-06
3801 8.99525439008e-06
3802 6.13444018264e-08
3803 9.56568431437e-07
3804 4.74822402918e-06
3805 0.00022168819756
3806 2.03020758426e-07
3807 1.13633201479e-07
3808 0.0
3809 0.0
3810 2.06053898294e-06
3811 6.54717367727e-06
3812 0.0
3813 4.0282823866e-07
3814 0.0
3815 1.08521167993e-07
3816 7.22938338294e-08
3817 6.13444018264e-08
3818 7.20816749494e-07
3819 6.50186993009e-07
3820 1.55894040139e-07
3821 0.0
3822 7.43514952351e-06
3823 2.9409761328e-06
3824 2.6425287596e-06
3825 0.000172318338862
3826 1.02754055419e-05
3827 4.27132751737e-06
3828 2.06526152816e-07
3829 3.30810119067e-05
3830 1.35167823632e-05
3831 0.00608627333882
3832 3.89592964866e-06
3833 6.47705503348e-07
3834 3.12364000631e-06
3835 6.77266981781e-08
3836 8.58529039949e-07
3837 4.5639111435e-06
3838 4.67273566293e-07
3839 0.000168873800119
3840 1.06330296499e-07
3841 7.87872797195e-08
3842 3.17780908094e-06
3843 8.60460965892e-06
3844 2.2848797979e-07
3845 0.0
3846 7.26791484764e-07
3847 0.0
3848 2.38425241765e-06
3849 2.45377607306e-08
3850 3.06722009132e-08
3851 1.22240218268e-06
3852 0.000875002111481
3853 1.79345851185e-06
3854 0.0
3855 0.0
3856 1.40978924404e-06
3857 0.0
3858 2.05911278858e-08
3859 9.40344148125e-06
3860 4.90755214612e-07
3861 0.0191458028781
3862 0.000877614439269
3863 8.84517226688e-07
3864 3.66459771863e-07
3865 0.0
3866 1.11535276048e-08
3867 1.44340946601e-06
3868 1.71929310006e-06
3869 4.44274692766e-07
3870 8.68711840683e-06
3871 4.11991143931e-06
3872 8.76348597521e-09
3873 0.000321586401737
3874 5.01086683359e-06
3875 8.42356894344e-08
3876 0.0
3877 1.02240669711e-08
3878 0.00112214137864
3879 5.03941639449e-07
3880 0.0
3881 1.03672039087e-06
3882 2.5472665348e-06
3883 1.05648692034e-07
3884 8.40497973077e-08
3885 2.79807780464e-05
3886 0.0
3887 0.000375710028641
3888 3.47618277017e-07
3889 7.63007512241e-07
3890 6.4484494994e-08
3891 1.62903467072e-07
3892 4.61595604543e-06
3893 7.21098030128e-08
3894 2.63099323389e-07
3895 4.0297429676e-07
3896 1.71076302945e-06
3897 1.41284680507e-06
3898 0.0
3899 6.36149413746e-07
3900 0.0
3901 6.71810139663e-06
3902 6.61643191128e-07
3903 0.000114398200285
3904 1.10585635518e-06
3905 6.04149411927e-07
3906 2.58961010567e-07
3907 1.42168730486e-05
3908 3.22400720396e-06
3909 3.98738611872e-07
3910 3.0314148031e-06
3911 0.0
3912 0.0
3913 1.15837350981e-07
3914 9.90724902792e-06
3915 8.20310973312e-07
3916 1.97043178994e-06
3917 4.78486334246e-07
3918 2.40318685856e-07
3919 2.06567049084e-05
3920 8.76348597521e-09
3921 1.99484382014e-07
3922 3.05234426635e-06
3923 0.0
3924 1.1655436347e-07
3925 5.80758264794e-06
3926 2.45377607306e-08
3927 6.60028234138e-06
3928 6.67282055157e-06
3929 7.66805022831e-09
3930 9.29378573304e-07
3931 0.000393263730095
3932 5.18343966509e-06
3933 6.95236554033e-08
3934 3.11149339951e-06
3935 2.35505798104e-07
3936 0.0
3937 1.22688803653e-08
3938 1.09869367565e-06
3939 0.000458068470994
3940 0.0
3941 3.2400997692e-07
3942 7.77029089802e-07
3943 0.0
3944 0.00018654690343
3945 1.08312735294e-06
3946 8.79098937826e-06
3947 1.75269719504e-08
3948 4.95956592573e-06
3949 0.000933638465766
3950 1.84573620448e-06
3951 3.71424998233e-06
3952 3.54979163725e-06
3953 2.04481339421e-08
3954 3.06722009132e-08
3955 4.08962678843e-08
3956 0.0
3957 4.76676772926e-06
3958 9.50725875926e-07
3959 6.65646901387e-07
3960 0.0
3961 9.8487861752e-07
3962 0.000129792973015
3963 0.000449826855306
3964 9.61062295281e-08
3965 2.16613898894e-06
3966 0.0
3967 0.000119617178584
3968 1.6995408988e-06
3969 9.5361571037e-05
3970 1.18146341154e-06
3971 2.34821476621e-07
3972 1.06925699809e-05
3973 3.81876101135e-07
3974 4.36226857432e-08
3975 0.0
3976 3.86492201983e-08
3977 3.05719229055e-07
3978 4.93601475014e-08
3979 1.22688803653e-07
3980 1.05765538514e-06
3981 0.0248200336362
3982 5.5502077843e-08
3983 1.58589884531e-06
3984 0.0
3985 0.0
3986 9.61062295281e-08
3987 3.69234875755e-07
3988 0.0
3989 2.52534454186e-07
3990 0.000488505919878
3991 0.0
3992 2.04481339421e-08
3993 0.0
3994 6.44116219178e-08
3995 6.54924518547e-07
3996 6.39150243792e-07
3997 1.53361004566e-07
3998 3.09351054925e-07
3999 2.20985904675e-06
4000 1.22688803653e-07
4001 6.12421611567e-07
4002 0.0
4003 4.8053114764e-07
4004 0.0
4005 8.72112912633e-07
4006 0.0
4007 0.0
4008 0.0
4009 0.0
4010 2.46838188302e-07
4011 0.0
4012 2.04481339421e-08
4013 0.0
4014 1.02240669711e-07
4015 1.46510879695e-06
4016 0.0
4017 0.0
4018 6.92315392041e-07
4019 2.97958523157e-08
4020 2.07694617612e-07
4021 5.60278870015e-07
4022 6.35060617003e-07
4023 0.0
4024 4.47741104283e-06
4025 0.0
4026 0.0
4027 3.96839856577e-07
4028 5.76637377169e-07
4029 0.0
4030 0.0
4031 4.54211478095e-06
4032 0.00171012242748
4033 0.0
4034 0.0
4035 0.0
4036 0.0
4037 0.0
4038 7.15684687975e-08
4039 6.33892152207e-07
