node,pagerank
1 0.00428342890999
2 0.000572744451041
3 0.000370475418944
4 0.000509094805637
5 0.000385281052963
6 0.000386193900334
7 0.00032027665432
8 0.000412171475064
9 0.000322420691494
10 0.000587162263919
11 0.00034067288841
12 0.000210242523412
13 0.000201737313093
14 0.000550046474217
15 0.000259709810567
16 0.000178351194209
17 0.000294004894633
18 0.00023506764497
19 0.000133877585562
20 0.00022490155386
21 0.000210452700296
22 0.000580021413273
23 0.0002221594295
24 0.000245732291838
25 0.00020136416873
26 0.000625511325453
27 0.000545751656171
28 0.000154077365393
29 0.000190471437001
30 0.000214007607647
31 0.000224966610612
32 0.000233018700117
33 0.000156366147338
34 0.000127826058445
35 0.000150111456363
36 0.000157345405376
37 0.000189520937557
38 0.000146525026057
39 0.000149393410521
40 0.000143904818415
41 0.000579122603608
42 0.000295209324122
43 8.48720007959e-05
44 8.54309234757e-05
45 0.000111694162025
46 0.000108578080465
47 0.000119739484704
48 0.00011242452278
49 0.000219583734383
50 0.000141152280372
51 0.000102410029835
52 0.000112998554261
53 0.000103830894155
54 0.0005312537859
55 9.28317550205e-05
56 0.000129830264533
57 0.000548782398489
58 0.000151144281943
59 0.000189547646125
60 0.000183461316536
61 8.95041500574e-05
62 0.000100924994091
63 0.000520723045445
64 9.47985266928e-05
65 0.000117803846711
66 0.000108762074596
67 0.000119910959832
68 0.000499649656732
69 0.000154667974633
70 9.58263018316e-05
71 9.27622805517e-05
72 0.000102176348711
73 0.000186421342918
74 0.000109145968169
75 8.20485792312e-05
76 0.000120052199784
77 9.16611434026e-05
78 0.000111298965955
79 0.000148827157705
80 0.000103748558982
81 0.000236680214292
82 0.000109513892221
83 0.000396405699891
84 0.000109848042477
85 0.000127881540204
86 0.000137033486463
87 0.000130734987403
88 0.000115953934979
89 0.000199423466034
90 0.000130229671339
91 9.22563399987e-05
92 0.000140176174146
93 0.0002155578627
94 0.000120012674127
95 0.000223867984815
96 0.000109572610973
97 9.91294073572e-05
98 0.000102305117078
99 0.00050595691065
100 0.000201705759818
101 0.000121439919588
102 0.00018356122449
103 0.000129238806051
104 0.00012554108378
105 0.000520747946402
106 0.000119039033625
107 9.53831376157e-05
108 0.00678347242813
109 0.000144017099992
110 0.000488009036573
111 0.000114458195136
112 0.000184861256812
113 9.44208898044e-05
114 0.000437857575668
115 8.72293504916e-05
116 0.000271265489716
117 0.000189625865159
118 9.81653173168e-05
119 0.000400413878961
120 0.000598191397869
121 9.35995708264e-05
122 0.000117084255529
123 0.000525867291305
124 0.000132384988105
125 9.60542244038e-05
126 8.832517236e-05
127 0.000101052275164
128 0.000175481196207
129 0.000356938862844
130 0.000101431194785
131 0.000157366934414
132 0.000136688604105
133 0.000142763239613
134 0.000135728704261
135 0.000139587897594
136 0.00012739784402
137 0.000541389425884
138 0.000200819187689
139 8.8453065857e-05
140 0.000121406105168
141 0.000137464925864
142 0.000361809125886
143 0.000347775046237
144 0.000182075659216
145 0.000173261256175
146 8.45778065931e-05
147 0.000101288268122
148 0.000113323825125
149 0.000175401420877
150 0.000161638438326
151 0.000128867592349
152 0.000111457929324
153 0.00010598520627
154 9.30431445998e-05
155 9.81087648854e-05
156 0.000101156882929
157 0.000104808186029
158 0.000102048423566
159 0.000193152723606
160 0.000145976733197
161 8.98544175898e-05
162 0.000196013475829
163 0.000120910622273
164 0.000108390767145
165 8.9242946748e-05
166 0.00010050110605
167 0.00010761464232
168 0.000119555435227
169 0.000102280024738
170 0.000336996342677
171 0.000372313687971
172 0.000342678810894
173 0.000343229920799
174 0.000166253712102
175 0.000109182317354
176 0.000241593814972
177 0.00010458190185
178 0.000167105511353
179 0.000124376422401
180 0.000107409812026
181 0.000202732557737
182 0.000152473046522
183 0.000112672563517
184 7.70446987057e-05
185 0.000189608154934
186 0.000202894651529
187 0.000350462056314
188 0.000160807431125
189 0.000388854560159
190 0.000111811668104
191 9.45435663156e-05
192 5.26076715177e-05
193 0.000100478709778
194 8.40927155467e-05
195 0.000176680653742
196 0.000142895846447
197 0.000123438327501
198 0.000173949504372
199 0.000230813618367
200 0.000370130264237
201 0.000550662844736
202 7.55031972075e-05
203 7.09121548569e-05
204 0.00050215418774
205 0.000213742378508
206 6.1347553591e-05
207 7.09970659092e-05
208 4.42288841534e-05
209 6.98814007116e-05
210 4.42288841534e-05
211 4.42288841534e-05
212 0.000337886771049
213 0.000139454029536
214 0.000355269655481
215 0.00020574798949
216 4.42288841534e-05
217 5.82384093585e-05
218 0.000107565034784
219 0.000142895846447
220 9.07576195589e-05
221 8.02840998599e-05
222 8.33187606298e-05
223 0.000102533973015
224 0.000335326708475
225 0.000325485632209
226 0.000156487337003
227 0.000160402630875
228 0.000217976379272
229 5.86293219698e-05
230 7.52221908493e-05
231 0.000133204420558
232 0.000203546992307
233 0.000189494970165
234 7.70224597383e-05
235 4.94047682575e-05
236 6.89776574669e-05
237 0.000366067865758
238 9.31443701962e-05
239 0.00018238661912
240 0.000492464886827
241 6.34444667212e-05
242 5.62487909807e-05
243 0.000228609682142
244 0.000131216165459
245 7.70224597383e-05
246 8.59918929842e-05
247 0.00011896858315
248 5.86912394271e-05
249 0.000157138358916
250 0.000231169576208
251 5.52637749981e-05
252 0.000158397208396
253 0.000463868847221
254 6.64375336302e-05
255 0.000165135722977
256 5.62487909807e-05
257 7.70224597383e-05
258 0.00014736758977
259 0.000128699988747
260 0.00013088402775
261 9.69973650369e-05
262 0.000338204350568
263 8.02840998599e-05
264 0.000120187861441
265 8.52515071285e-05
266 0.00027289239054
267 0.000172279885572
268 5.47175799301e-05
269 8.95141968516e-05
270 8.83185663305e-05
271 6.3189028167e-05
272 0.000524324240803
273 0.000409058787643
274 0.000142895846447
275 0.000119593774193
276 0.000152473046522
277 0.00012734012511
278 0.000445833619128
279 0.000153707624319
280 5.55204410842e-05
281 0.000358535800656
282 0.000173162485857
283 7.70224597383e-05
284 8.4620472052e-05
285 0.000173399232767
286 0.000368919586127
287 5.35431186769e-05
288 4.42288841534e-05
289 5.9721131653e-05
290 7.49266258412e-05
291 0.000112419450906
292 0.000312321534684
293 4.42288841534e-05
294 6.31336141482e-05
295 5.36974222915e-05
296 9.35245090606e-05
297 0.000120187861441
298 0.000208944407115
299 0.000103373253126
300 0.000205231467234
301 9.07433685907e-05
302 6.02783859856e-05
303 0.000202304648371
304 0.000168456111126
305 0.000530310326453
306 5.38802955223e-05
307 0.000142895846447
308 7.03649801711e-05
309 0.000184421102513
310 0.00012739784402
311 0.00015999370432
312 7.75068666538e-05
313 0.000327197080399
314 0.000325498125489
315 0.000113004168175
316 0.000423229678673
317 5.00986281373e-05
318 7.35215945233e-05
319 9.5640182426e-05
320 0.000118089202879
321 0.000235649530386
322 6.93943300268e-05
323 0.000519964062505
324 0.000316538050747
325 0.000220565203996
326 0.000285328709215
327 0.000209824636578
328 7.72284192645e-05
329 0.000142895846447
330 0.000341023156826
331 0.000155991345134
332 0.000165658410219
333 0.000309412137807
334 0.000107693050315
335 0.000274597871587
336 4.42288841534e-05
337 5.65763988401e-05
338 0.000126917433116
339 8.27166767953e-05
340 0.000282782536198
341 7.51441448773e-05
342 0.000101078213044
343 0.000241394726315
344 0.000203508198368
345 9.4376462019e-05
346 0.000129968880671
347 0.000274029659451
348 8.51080127608e-05
349 0.0022064735947
350 8.12583043157e-05
351 0.000218739493257
352 0.000124580496003
353 0.000183205639129
354 0.000558123403429
355 0.000226461901013
356 0.000308839990304
357 8.8126731537e-05
358 0.000188933784944
359 4.52959843927e-05
360 0.000244166166502
361 0.000294762017882
362 0.000226772909852
363 0.000172107261305
364 0.000569362970899
365 0.000198420648719
366 6.46371430796e-05
367 0.000552589868551
368 0.000239423228287
369 0.000259370610301
370 0.000266892252395
371 0.000482858146597
372 6.036253939e-05
373 0.000166186186703
374 0.000566030556288
375 0.000490168445815
376 0.000131191515704
377 0.000727858735722
378 7.89106310898e-05
379 0.000379995194795
380 6.54957612784e-05
381 0.000136328973928
382 0.000140161129153
383 0.000116760115905
384 7.89106310898e-05
385 9.07060718141e-05
386 6.93844139166e-05
387 9.65537431633e-05
388 0.000238561146212
389 0.000238831019092
390 0.000478694807843
391 6.02516560583e-05
392 0.000397838107258
393 0.000234667243058
394 0.000157056936088
395 0.000232751089138
396 0.000539620462948
397 0.000227841487706
398 0.000383071176085
399 0.000202685801745
400 0.000177009423677
401 0.00048004839617
402 7.27502177266e-05
403 0.000381882017977
404 0.000177947885632
405 0.000363505912669
406 0.000119903636508
407 8.79126978992e-05
408 0.000159641370069
409 0.000358169038138
410 0.000217546835839
411 0.000141368158752
412 9.32658418203e-05
413 0.000634827840251
414 0.000145557436843
415 0.00172904387162
416 0.0002038609811
417 0.000154378400621
418 0.000435331561684
419 0.000180856953459
420 0.00040109123771
421 0.000215316512531
422 0.000191071196112
423 0.0005154770032
424 0.000389810867045
425 0.000186129457446
426 0.000165245746575
427 0.000151667958073
428 0.000121539764364
429 0.000707426470475
430 0.000123903596571
431 0.000230484791144
432 0.000460845226541
433 0.000387227270637
434 0.000125088868202
435 0.000221370855265
436 0.000118367999209
437 0.000410211421502
438 0.000220843634057
439 0.00046850006306
440 0.000289869502548
441 0.000118568747483
442 0.000177009423677
443 0.00010197384853
444 7.01819459204e-05
445 0.000369018162968
446 0.000197381056294
447 0.000145060161771
448 4.52959843927e-05
449 5.75327424713e-05
450 0.00010837658225
451 0.000184318290777
452 0.000163689936365
453 0.000303000176249
454 0.000145281813942
455 8.59811600267e-05
456 0.000297817572242
457 0.000374882338422
458 0.00020854255061
459 0.00018641223259
460 0.000125385830456
461 0.000488059640008
462 0.0003276808112
463 0.000171418580888
464 0.000305296603194
465 0.000107298964623
466 0.000513144028562
467 0.000108291200727
468 0.000105210409892
469 7.01819459204e-05
470 0.000216879833749
471 0.000153929128619
472 0.00019713981942
473 9.52010467885e-05
474 0.000188809268345
475 0.000173831292746
476 0.000697749215595
477 0.000137715737931
478 0.00013914858008
479 0.00010303092517
480 0.000227970441969
481 0.000102429837092
482 0.000223887955482
483 0.000210726229812
484 0.00212891138635
485 0.000639705076201
486 7.48804112899e-05
487 0.000177818621081
488 0.000205576892216
489 0.000186502605944
490 0.000197606253809
491 0.000123613032332
492 0.000109250074486
493 0.000434942117737
494 0.000362479829591
495 0.000163824072406
496 0.000148428811789
497 0.000322409163982
498 0.000556185545533
499 0.000134179404729
500 8.27035103065e-05
501 0.000556390023738
502 0.000177009423677
503 0.000101139898958
504 0.000412972719151
505 0.000387755175765
506 0.000143917366931
507 0.000501416884489
508 0.000446731481086
509 0.00014181069599
510 0.000162037006852
511 0.000209547686562
512 0.000181311374912
513 0.000185893475968
514 0.000600737863845
515 0.000459235371905
516 0.000374308854753
517 0.000200675802361
518 0.000603884529478
519 0.000194834855431
520 0.000191398665025
521 0.000349909754341
522 0.000117142119165
523 0.000124256006316
524 0.000303770290136
525 0.000444718688289
526 0.000449346335578
527 0.00045040515082
528 0.000330391706607
529 0.000113163692023
530 0.000106514188022
531 6.72601530496e-05
532 0.000359822549562
533 0.000235482509061
534 8.63535304919e-05
535 0.000102065147845
536 9.76549774348e-05
537 0.000153088944563
538 0.000290931338165
539 0.000553871671618
540 0.0002017944295
541 8.47469040288e-05
542 0.000102126610178
543 0.000404209277376
544 0.000180588204409
545 0.000485778157604
546 0.000332529605268
547 0.000227353759488
548 0.000238642371546
549 0.000229076659191
550 9.63416814341e-05
551 4.52959843927e-05
552 0.00017890967161
553 9.07060718141e-05
554 0.000586784027061
555 0.000185376648117
556 0.000274509975709
557 0.000369924054752
558 0.000269845932057
559 0.000148225736913
560 0.000544111541492
561 0.000193330300252
562 0.000469400331096
563 7.3344010851e-05
564 0.000710916161794
565 0.000202827111079
566 0.000141309316976
567 0.000527722349311
568 0.000510022367439
569 0.000127959180352
570 0.000119673594027
571 0.000231291227803
572 5.66036120185e-05
573 0.000105210409892
574 0.000340609347308
575 0.000140731566926
576 0.000145656483851
577 0.000170286342067
578 0.000247038354904
579 0.000267406032985
580 0.00041006533042
581 0.000547139508182
582 8.09091446567e-05
583 0.000237212056497
584 0.000278206013465
585 0.000185712961251
586 4.64654241331e-05
587 8.8362770877e-05
588 9.40150657527e-05
589 0.000165076791192
590 0.000228070468985
591 0.000139643574141
592 0.000328918696904
593 0.00046892366346
594 6.98844461799e-05
595 0.000199088449123
596 0.000217893628852
597 0.000391824886597
598 0.000233280731888
599 0.000179629250812
600 0.000258002098112
601 0.000268390018347
602 0.000175081596599
603 4.64654241331e-05
604 0.000200519204212
605 0.000226533199845
606 0.000198780777717
607 0.000525938194303
608 4.64654241331e-05
609 4.64654241331e-05
610 0.000288926262591
611 5.66743929301e-05
612 0.000182034669479
613 0.00017250244183
614 4.64654241331e-05
615 0.000190722205065
616 0.000268543577223
617 0.000235424034309
618 0.000277306078156
619 0.000262144720711
620 0.000272538077575
621 0.000195400834108
622 0.000107031728771
623 0.000164523189153
624 0.000193304231769
625 4.64654241331e-05
626 0.000231685804153
627 0.000165498900107
628 0.000267406032985
629 0.00015201235891
630 9.78928664268e-05
631 0.000406787984471
632 0.000146934265947
633 0.000248364979426
634 0.000172103530571
635 0.000136321856636
636 0.000242650076552
637 0.000261142293226
638 0.000631994341653
639 4.64654241331e-05
640 0.000133514896512
641 0.000257428904467
642 0.00043373241982
643 8.09091446567e-05
644 0.000268390018347
645 0.000254600052399
646 0.000209282087735
647 0.000120888967914
648 0.000217927364578
649 5.59372315082e-05
650 8.00674439031e-05
651 0.000248209405521
652 0.000469166588562
653 5.6672505386e-05
654 0.000284004338591
655 0.000333147446934
656 8.82221336128e-05
657 5.12162312536e-05
658 0.000105407369459
659 0.000267406032985
660 0.000267406032985
661 6.76026561556e-05
662 0.000268390018347
663 0.000267820155842
664 0.000121462397562
665 0.000191908145853
666 0.000209930841006
667 0.000188823272466
668 7.27909912902e-05
669 4.64654241331e-05
670 0.000213979132346
671 0.000257018586816
672 6.76824236713e-05
673 0.000106492054099
674 5.6672505386e-05
675 4.64654241331e-05
676 0.000257740933024
677 0.000139887664413
678 0.000237768318223
679 0.000277226881732
680 9.7755772282e-05
681 0.000278774525794
682 0.000258558964108
683 0.000166086339657
684 0.000203593780415
685 0.000222066512243
686 0.000188849002109
687 0.00201830392715
688 0.000261227369351
689 0.000450027704211
690 0.0001527984717
691 0.000106091273657
692 0.00011999205309
693 4.75206938413e-05
694 0.000144327727757
695 0.000447523324296
696 0.000328793501764
697 0.00024018771342
698 0.000533645235384
699 0.0012634377015
700 6.24594080315e-05
701 8.39034584404e-05
702 0.00016393752732
703 0.000154465949023
704 0.000428315691096
705 8.54321386281e-05
706 0.000666177456381
707 0.000174682774133
708 0.000178905384708
709 0.000282438446714
710 0.000169621245051
711 8.67299250246e-05
712 0.000203348804768
713 0.00022377321343
714 0.000661984196834
715 0.000244907666645
716 0.000118620211413
717 0.000134760936417
718 0.000115479869658
719 0.000276927716545
720 0.000576095490105
721 0.000206247983302
722 8.44095128034e-05
723 0.000148320710169
724 0.00012546998548
725 0.000458535591618
726 0.000151822471307
727 0.000316590934204
728 0.000252209278691
729 0.000391021495459
730 0.000218829858129
731 0.000164599796383
732 0.000228490803223
733 0.000252495074105
734 0.000127304812144
735 0.000229434048664
736 8.38018589818e-05
737 0.000224020257025
738 0.000157622539584
739 0.000233653677935
740 0.0002878494121
741 0.000123935202714
742 0.000173715848296
743 0.000172799663477
744 7.64255352019e-05
745 5.67060422549e-05
746 0.000538991342102
747 0.000158107159023
748 0.000530459139271
749 0.000195694167126
750 7.26460944147e-05
751 5.66984101826e-05
752 0.000137107999369
753 0.000328012404836
754 0.000169538367617
755 0.000266509021735
756 0.000195953028796
757 0.000115341940119
758 0.00011781387022
759 0.000201743826631
760 0.000117516498879
761 0.000257345660216
762 0.000100036746622
763 0.000129801122382
764 0.000163794521666
765 0.000260308389408
766 0.000161139358139
767 0.000324030298029
768 0.000151380354071
769 0.000223758507135
770 0.000200074823007
771 0.000290732615629
772 0.000247231104853
773 0.000180286253118
774 0.000293812085395
775 0.000332939214049
776 7.26460944147e-05
777 0.000223509952284
778 0.000183644391174
779 0.000162508020619
780 0.000180405991465
781 0.000274112684277
782 0.00048674728057
783 0.000212441947974
784 0.000185117023788
785 0.000396967263224
786 7.03254117305e-05
787 0.000143406552897
788 0.000278567469465
789 9.17088661369e-05
790 0.000224936870196
791 8.19177568121e-05
792 0.000136130719576
793 0.00022199899881
794 0.000213224521077
795 0.000135272749102
796 0.000192077611922
797 0.000131391193257
798 0.000250117544306
799 0.000152484685276
800 0.000140088534324
801 0.000349061999038
802 4.75206938413e-05
803 0.000105637806297
804 0.000227045209781
805 0.00024725707868
806 0.000580455472522
807 0.00026403748129
808 0.000196711645567
809 0.000106941756114
810 0.000185782439148
811 0.00027979221469
812 0.000133167295193
813 9.9813719014e-05
814 0.000138940001674
815 0.00022933431423
816 0.000355811073919
817 0.000155341510025
818 0.000227880605985
819 0.000252420739689
820 0.000346588903012
821 0.00034614010439
822 0.000107886292813
823 0.000253161083932
824 0.000514233760271
825 0.00055901780536
826 0.000129961360785
827 0.000115926944719
828 0.000426236002798
829 0.000725085318893
830 0.000339046363785
831 0.000512675522532
832 0.000157967293115
833 8.44069879543e-05
834 0.000262112968629
835 0.00039128349057
836 0.000196068877416
837 0.000137559882883
838 0.000136898375543
839 0.000207892287879
840 0.000257164702256
841 0.000246562801317
842 6.07193319959e-05
843 0.00031440463362
844 0.000138268332646
845 0.000141631623847
846 0.000215109402112
847 9.80485931834e-05
848 0.000240213668384
849 0.000226326005204
850 0.000284119597668
851 0.000152772661011
852 6.278613261e-05
853 0.000115479869658
854 0.000419189089191
855 6.26904619954e-05
856 0.000115479869658
857 0.000521128010473
858 0.000183890338549
859 0.000146224547159
860 7.31214046947e-05
861 5.68490862821e-05
862 0.000175401522881
863 0.000283306314592
864 0.000195563208014
865 0.00012428370152
866 9.45002733261e-05
867 0.000150593378265
868 0.000211725197829
869 9.45002733261e-05
870 0.00011371485151
871 0.000198641467089
872 0.000187498520661
873 0.000186501515532
874 0.000162819947574
875 0.000186501515532
876 5.00107215777e-05
877 0.000195563208014
878 0.000117120584265
879 0.000179483946052
880 0.000174180135231
881 0.000101955908296
882 0.000197776438568
883 0.0001489845789
884 5.00107215777e-05
885 0.000112103424591
886 0.000242549035048
887 0.00015430080131
888 0.000162819947574
889 0.000162853534662
890 0.000226452882561
891 0.000114874166758
892 5.00107215777e-05
893 5.00107215777e-05
894 0.000104664901019
895 0.000125073610127
896 0.000172466340533
897 0.00176709535084
898 0.00031836342455
899 0.000203048257891
900 6.83181834847e-05
901 0.000120595320153
902 0.000272670684217
903 0.000260990296436
904 0.00027059089244
905 8.26718752188e-05
906 0.000130520303953
907 0.000315724602124
908 8.59177952873e-05
909 0.000286518330718
910 0.00017560963135
911 9.7442403246e-05
912 4.2771931518e-05
913 0.000125195105498
914 0.000288659961024
915 0.00011981211418
916 0.000220976084183
917 0.000475865586439
918 0.000650925372606
919 4.2771931518e-05
920 0.000179641120766
921 9.82851088978e-05
922 0.000341225278126
923 0.00015204804381
924 0.000101134955436
925 0.000363334096933
926 0.000513103767656
927 0.000105691061843
928 0.000317276250306
929 0.000113408334764
930 8.61843944077e-05
931 0.000373890998736
932 0.000132683567285
933 0.000409129522657
934 0.000142497291657
935 0.000305113674264
936 7.85342800465e-05
937 0.000222273984716
938 9.44784696815e-05
939 0.000234828558197
940 0.000163328368434
941 0.000134359759406
942 0.00030461311083
943 0.000360129241543
944 0.000116033867685
945 0.000290895506125
946 5.76147220257e-05
947 0.000529007152176
948 0.000367494606637
949 0.000231431936384
950 0.000163136445777
951 0.000114300079066
952 0.000166134781298
953 0.000303950314732
954 0.000355374941353
955 0.000300005488753
956 0.000161789916015
957 0.000156115645063
958 0.000345828584012
959 0.00020118683822
960 0.00022224678123
961 0.000341218552067
962 0.000142367362409
963 0.000187768442679
964 0.000262960101188
965 0.000199782740102
966 0.000127280373383
967 0.000351092301718
968 0.000351316704831
969 0.000281203320503
970 0.000182658791003
971 0.000154412078184
972 0.000183946147474
973 0.000101296535611
974 0.000144327626364
975 0.000104658914808
976 0.000287179452831
977 0.000163221675431
978 0.000195368184919
979 0.000342357230636
980 0.000160938871683
981 0.000413065024392
982 0.000273873560585
983 0.000286083253739
984 0.000422931704229
985 0.000240469395407
986 9.13591091584e-05
987 0.000102821241201
988 9.11778566524e-05
989 0.00021343632321
990 0.00019589145278
991 0.00026818198125
992 0.00016253131489
993 0.000249125063997
994 0.000471346925383
995 0.000167381575682
996 0.000490800979671
997 7.07296202479e-05
998 0.000327874782551
999 7.67184554004e-05
1000 0.000309138373614
1001 0.000174179483121
1002 0.000228189159305
1003 0.000114406925781
1004 0.00034061991427
1005 0.000366413740874
1006 0.000122633571964
1007 0.000439691291953
1008 0.000109451154263
1009 9.35585486264e-05
1010 0.000305469381009
1011 0.000262756856152
1012 0.000217370977636
1013 0.000186933331327
1014 0.000118897824684
1015 0.000518925686461
1016 0.000186042637925
1017 0.000148466753401
1018 0.000456919288244
1019 0.000255130601994
1020 0.000306910995752
1021 0.000311304231282
1022 0.000284907213873
1023 5.86239542804e-05
1024 0.000108280346479
1025 0.000336285795079
1026 0.000187921920824
1027 0.000317544728938
1028 8.92041892107e-05
1029 0.000226033947542
1030 0.000424903921794
1031 0.000175303145262
1032 6.65832361111e-05
1033 0.000412473822705
1034 0.000171708478518
1035 5.6702061526e-05
1036 0.000186504501295
1037 0.000301971226636
1038 0.000242624848549
1039 6.98746212564e-05
1040 0.000114401393837
1041 0.000436617437469
1042 0.00037685334204
1043 0.000121311599107
1044 0.000182539856293
1045 0.000154187338862
1046 0.000166501077978
1047 8.99851387023e-05
1048 0.00023725483768
1049 0.000369845193095
1050 0.000324319388361
1051 0.000130722358341
1052 0.000334925026913
1053 0.000467610355575
1054 0.00011569077958
1055 0.00024190137607
1056 0.000144895502647
1057 0.00042866114777
1058 8.99994729943e-05
1059 8.59597669447e-05
1060 0.000499160764896
1061 0.000258411107766
1062 0.000121252334788
1063 0.000170053251404
1064 0.000103887979904
1065 0.000231357834757
1066 5.10385238903e-05
1067 0.000406017825778
1068 0.000426773062165
1069 0.000230426476693
1070 0.000102180707244
1071 0.000541671562304
1072 8.08692560529e-05
1073 0.00019145687331
1074 0.000112240065378
1075 0.000244704213631
1076 0.000328761918662
1077 0.000426594794333
1078 0.000140351264685
1079 0.000539759697579
1080 0.000372471798371
1081 0.000358626383656
1082 0.000166908123293
1083 0.000296332607063
1084 0.000344632050766
1085 8.52732901434e-05
1086 0.000608932962351
1087 0.000690623155059
1088 0.000104680262635
1089 0.000152923809633
1090 0.000134058444655
1091 0.000121716070203
1092 0.000112389973032
1093 0.000235569659959
1094 9.13821045446e-05
1095 0.000109334095049
1096 0.000158642557011
1097 4.2771931518e-05
1098 0.000289028934141
1099 0.000229605338496
1100 0.00031303600232
1101 0.000384015255707
1102 0.000379549383097
1103 0.000280749471904
1104 7.3755349804e-05
1105 0.000575196371169
1106 0.000114406925781
1107 0.000207646890055
1108 0.000425675513014
1109 0.000238216336949
1110 0.000258184022237
1111 0.00048688331375
1112 0.000145740425837
1113 0.00023016193662
1114 0.00031645249037
1115 0.000242150098706
1116 0.000185178704168
1117 0.000122469659567
1118 0.000379998280689
1119 0.000279986692063
1120 4.2771931518e-05
1121 0.000267631849023
1122 0.000173240336533
1123 0.000340753273221
1124 0.000429248401802
1125 0.000425969713849
1126 0.000359425528852
1127 0.000584608189187
1128 0.000196368768989
1129 0.00033913905819
1130 0.000374816376667
1131 0.000236379962096
1132 0.000223677438351
1133 0.000426765311539
1134 8.45749919026e-05
1135 0.000120130959364
1136 0.000247885292461
1137 0.000306244513199
1138 0.00023856918855
1139 0.000211948079531
1140 0.000189371702994
1141 0.000100209078468
1142 0.000146682503547
1143 0.000204604476018
1144 0.000103071186608
1145 0.000211811545235
1146 4.2771931518e-05
1147 0.000460161135465
1148 6.26013739523e-05
1149 0.000353378440262
1150 0.000323655069749
1151 0.000122788107081
1152 7.16376986709e-05
1153 0.000129674904549
1154 0.000421085436234
1155 0.000105064971076
1156 0.000290987212124
1157 0.000318390809194
1158 7.38440881238e-05
1159 0.000360313004471
1160 0.000396971334256
1161 0.000323658302415
1162 0.000151548478488
1163 9.58624173242e-05
1164 0.000314202228867
1165 0.000116115868879
1166 0.000235674427778
1167 0.000322926874866
1168 0.000194206614651
1169 7.99558818598e-05
1170 0.00014997536774
1171 0.000219258237808
1172 0.00023556962701
1173 0.000349669404043
1174 0.000413287760493
1175 0.0001888998045
1176 0.000428993425236
1177 4.69881798471e-05
1178 0.000206500280434
1179 0.00013791912105
1180 0.000296573106412
1181 0.000213787621863
1182 0.000310599823475
1183 0.000238404811308
1184 0.000218659150599
1185 0.000472532861483
1186 0.000463663475636
1187 0.000152857074328
1188 0.000187385577187
1189 0.000212018668689
1190 0.000260412790944
1191 0.000197049198615
1192 0.000349434781194
1193 0.000481173190682
1194 0.000123319055498
1195 0.000101470821524
1196 0.000223864895218
1197 0.000129081275358
1198 0.000186882480029
1199 0.000304248514377
1200 0.00063736731155
1201 7.23648859998e-05
1202 0.000227773399352
1203 0.000159682111542
1204 0.000106723068876
1205 0.000513015132035
1206 0.000326556660566
1207 4.2771931518e-05
1208 0.000265406987779
1209 9.17064054096e-05
1210 0.000296976868256
1211 0.000293809469915
1212 0.0005191869373
1213 0.00021378919857
1214 0.000174045867283
1215 0.000383286234049
1216 0.000263297585991
1217 0.000284946860133
1218 0.000337065022393
1219 0.000169422969359
1220 0.000230178725354
1221 7.75802131716e-05
1222 0.000376345046031
1223 0.000454671117307
1224 0.000152721943836
1225 6.6241828952e-05
1226 0.000210695906538
1227 0.000235473874996
1228 0.000415126571594
1229 0.000180477091075
1230 0.000266152421077
1231 0.000383365337093
1232 0.000364967228701
1233 0.0002368572938
1234 4.88379436553e-05
1235 0.000138487095319
1236 0.000507502207847
1237 0.00038150428082
1238 0.000354659329155
1239 0.000477105733685
1240 6.59191339383e-05
1241 0.000142701328645
1242 0.000137301116546
1243 0.000327796449808
1244 0.000357031148276
1245 0.000105924812471
1246 0.000277621198306
1247 0.000232684269055
1248 0.000151432058531
1249 9.29825550532e-05
1250 0.000122174324553
1251 0.000416677162384
1252 0.000132559652749
1253 7.24626908968e-05
1254 8.08692560529e-05
1255 0.000112522248
1256 0.000391440874975
1257 0.000425047237814
1258 0.000289273351714
1259 0.000289604572998
1260 0.00037725453439
1261 0.000274993322822
1262 0.000352652847719
1263 4.54774234365e-05
1264 6.15684564171e-05
1265 8.27523538701e-05
1266 0.000126373683193
1267 0.00014475803577
1268 0.000360810215159
1269 0.000122740140693
1270 0.000388768294668
1271 5.6214954994e-05
1272 0.000315383856604
1273 0.000324683602173
1274 0.000345952426907
1275 0.000225418190174
1276 0.000363819048924
1277 4.54818679382e-05
1278 0.00175532727132
1279 0.000147896862681
1280 0.000246687004615
1281 0.000303736759699
1282 0.000226245366203
1283 0.000337541256589
1284 0.000249360841814
1285 0.000293601898637
1286 0.000214614948488
1287 0.000135403582489
1288 0.000212228209039
1289 0.0002998260546
1290 0.000294457561644
1291 0.00030446228041
1292 0.000346467618404
1293 0.000289595705401
1294 0.000204008710073
1295 0.000150882023603
1296 8.15734227917e-05
1297 0.000175582187976
1298 9.48682905502e-05
1299 0.000374067022721
1300 0.000217536122905
1301 0.000168007782044
1302 8.036528739e-05
1303 0.000328066322937
1304 0.000266584318754
1305 0.00030293250126
1306 0.000352749713287
1307 0.000184620332806
1308 0.000308158115598
1309 0.000164963544962
1310 0.000240618538102
1311 0.000187627538
1312 0.000174852104213
1313 0.000319509061236
1314 0.000205217049456
1315 0.000212958704099
1316 0.00022430059902
1317 0.000168382371285
1318 0.000209779796577
1319 0.000265200001654
1320 0.000221576124452
1321 0.000357749308923
1322 0.000165991608195
1323 0.000464683287266
1324 0.000286651614835
1325 0.000247456003903
1326 0.000182122075055
1327 5.79004272944e-05
1328 0.000276162256784
1329 0.000204726056923
1330 0.000427874764151
1331 0.00039052345295
1332 0.000447699777307
1333 0.000257739219187
1334 0.000264672305269
1335 0.000370350104705
1336 0.000386022498853
1337 0.00020894717054
1338 0.000291088658808
1339 0.000428082523533
1340 0.000317308095763
1341 0.000209702853747
1342 0.000375506352192
1343 9.90898786894e-05
1344 0.000249171987347
1345 0.000306673602246
1346 0.000450931653729
1347 6.3385008581e-05
1348 0.000370798605644
1349 0.000253643649077
1350 0.000273390240462
1351 0.000176315084811
1352 0.00021737939879
1353 0.00159595873243
1354 6.63355123467e-05
1355 6.97255938266e-05
1356 0.000318781050748
1357 0.000181273471182
1358 0.000203056489384
1359 0.000450387479054
1360 0.000303889828736
1361 0.000338302660494
1362 0.000443769084829
1363 5.39839200823e-05
1364 0.000180691797439
1365 9.802942973e-05
1366 0.000174526011279
1367 0.000391316770507
1368 0.000502586439558
1369 0.000161789916015
1370 0.000308817805208
1371 0.000347232125874
1372 0.000285203994122
1373 8.53996580096e-05
1374 0.000440056818662
1375 0.000253366505084
1376 0.000264419554743
1377 0.000572951168233
1378 0.000627259577556
1379 0.000257834298874
1380 0.000269854556921
1381 0.00029618342664
1382 0.000148165607798
1383 0.000224881368068
1384 6.69133477477e-05
1385 0.00013304428323
1386 0.000123787070484
1387 4.2771931518e-05
1388 0.000123213595023
1389 0.000313310735768
1390 0.00018914166978
1391 0.000570845297484
1392 0.00052431902588
1393 0.000189178856737
1394 0.000239938458364
1395 6.01626465176e-05
1396 4.78869423195e-05
1397 0.000282741489849
1398 0.000104454342612
1399 0.000192204207557
1400 0.00053375635872
1401 0.000146752257383
1402 7.89014851241e-05
1403 0.000257230282901
1404 0.000148466753401
1405 0.000264298807699
1406 0.000336111922415
1407 0.000167878020324
1408 0.000148735026965
1409 0.00020698565951
1410 0.000381462129588
1411 0.000208281990243
1412 7.9475122495e-05
1413 0.000147796989982
1414 0.000287123651438
1415 6.71742875349e-05
1416 0.000222268225423
1417 0.000344570469124
1418 4.68742378341e-05
1419 0.000144570719499
1420 0.000194016897445
1421 0.000449330020059
1422 0.000229325990797
1423 0.000114847258094
1424 0.000284504878379
1425 0.000178929077376
1426 0.000231989440433
1427 0.000298439234484
1428 0.000408392054191
1429 0.000210403190414
1430 0.000217219604296
1431 4.90602386972e-05
1432 0.000697818705394
1433 0.000302127776328
1434 0.000222453918269
1435 0.00014105837237
1436 0.000283687192479
1437 0.000195197892118
1438 0.000241841841571
1439 0.000186081241675
1440 9.05220114981e-05
1441 0.000168894091487
1442 0.000161572379192
1443 7.98223027827e-05
1444 9.86876243753e-05
1445 0.000199302943514
1446 0.000104441155419
1447 0.000216304389808
1448 0.000452538933572
1449 0.000259166635009
1450 0.000315808126377
1451 0.000196733335576
1452 0.000167484742871
1453 0.00027361541674
1454 0.000205805587048
1455 0.000268252893005
1456 6.81613896843e-05
1457 0.000421419471398
1458 0.000209090862839
1459 0.000145766360489
1460 0.000468482303253
1461 0.000205553203474
1462 8.95024104734e-05
1463 0.00039685662024
1464 6.91846391869e-05
1465 0.000170570468035
1466 0.000361171219203
1467 4.2771931518e-05
1468 0.000399205734598
1469 0.000251646160858
1470 0.000405028660818
1471 0.00038478935832
1472 0.000531282155272
1473 0.000548620816677
1474 0.000338081828995
1475 7.32237132954e-05
1476 0.000337630758589
1477 7.4694134518e-05
1478 0.000104917091986
1479 0.000155472320997
1480 0.000404848824999
1481 0.000344537167817
1482 0.000128032272763
1483 0.000372608687582
1484 0.000335077232526
1485 0.000109226099701
1486 0.000196375161495
1487 8.80117685943e-05
1488 0.000338001781257
1489 0.000417327076827
1490 0.000129182678003
1491 8.27688667961e-05
1492 0.00037784195049
1493 0.000115164789729
1494 0.000214896197672
1495 0.000252783402415
1496 0.000308179735128
1497 0.000360168103712
1498 0.000189096301389
1499 6.67718151873e-05
1500 0.000192282051899
1501 0.0001995443698
1502 0.000111705874216
1503 0.000357047429463
1504 0.000181882097943
1505 0.000368972698245
1506 0.000549278627173
1507 7.21972552464e-05
1508 0.000255440109129
1509 0.000164209115672
1510 0.000414161675374
1511 6.08076560585e-05
1512 0.00027442548904
1513 0.000211509530785
1514 0.000234900922636
1515 0.000211271055294
1516 0.000368199398722
1517 0.000467331840994
1518 0.000138148300577
1519 0.000131198448244
1520 0.000160322292248
1521 0.000375337738306
1522 6.84671646552e-05
1523 0.000473664706496
1524 0.000260106022622
1525 0.000175446866385
1526 0.00035038300733
1527 0.000150270642878
1528 0.000105507868337
1529 0.000359515095153
1530 0.000290165707134
1531 0.000318142441398
1532 0.000171485485836
1533 0.000146892258987
1534 0.000278347441509
1535 0.000282859232502
1536 0.00022269421247
1537 0.000510756392541
1538 0.000168910130315
1539 0.000245792646425
1540 0.000281088411906
1541 0.000306953485592
1542 0.000236842101557
1543 0.000207552596
1544 0.000210508552257
1545 0.00013798552303
1546 0.00031063721152
1547 6.91564896314e-05
1548 0.000367384287225
1549 0.000306980958129
1550 0.000344152496809
1551 0.000194005036236
1552 0.000514312410872
1553 9.50866234675e-05
1554 0.000239690449806
1555 0.000487133046644
1556 0.000320659670459
1557 0.00011043550428
1558 0.00046247815839
1559 5.07678616164e-05
1560 0.000560042974334
1561 4.2771931518e-05
1562 0.000192981791006
1563 0.000127521968536
1564 0.000355596694852
1565 0.00016149975798
1566 0.000291152804826
1567 0.000171763429136
1568 0.000298073857265
1569 0.000235015223224
1570 0.000302629210284
1571 0.000395423081937
1572 0.000225799934249
1573 0.000187395094891
1574 0.000433525739173
1575 0.000419388732688
1576 0.000137886389875
1577 0.000304940670027
1578 0.000546398940798
1579 0.000208857146446
1580 7.24858981935e-05
1581 0.000282632884339
1582 4.2771931518e-05
1583 0.000236666674044
1584 0.000448046411593
1585 0.000685572085707
1586 0.000187975979989
1587 8.99851387023e-05
1588 0.000270680840665
1589 0.000219566373234
1590 0.000606036464012
1591 0.00033637608971
1592 0.00046705068178
1593 0.000135853663645
1594 0.000295127720998
1595 0.00012189329355
1596 0.0002009746677
1597 0.000364007155473
1598 0.000348429013247
1599 0.000428050726206
1600 0.000114127253232
1601 0.000368406625483
1602 0.000257918291699
1603 9.8933159267e-05
1604 0.000433957056296
1605 0.000472840033867
1606 0.000301945728033
1607 0.000174302126897
1608 9.65972417449e-05
1609 0.00036426792299
1610 0.000310112070916
1611 0.000532653395425
1612 0.000336119232239
1613 0.000565746719986
1614 0.000544347497496
1615 0.00024573675469
1616 0.000229120424357
1617 0.000321332520647
1618 0.000362056989234
1619 0.000128116454015
1620 0.000354813074179
1621 0.000457370677813
1622 0.00056188837952
1623 0.000555839481069
1624 0.000310150291614
1625 0.000245659997043
1626 0.000165851756966
1627 0.000217547796835
1628 8.92041892107e-05
1629 0.000379532805391
1630 0.000182058635618
1631 0.0003954647919
1632 8.29866559973e-05
1633 0.000263792439397
1634 0.000166060843814
1635 0.000326694000179
1636 0.000180422588458
1637 0.000390182261081
1638 0.000332039179449
1639 0.000181920213548
1640 0.000283601690179
1641 0.000102638512064
1642 0.000145897376126
1643 0.00027723499585
1644 0.000309482530819
1645 0.000233015282606
1646 0.000327936461407
1647 0.000122136162992
1648 0.000258570790548
1649 0.000208146895543
1650 0.000194837627437
1651 0.000155238441501
1652 4.92146496326e-05
1653 0.000264254178115
1654 0.000239037197992
1655 8.78742606776e-05
1656 0.000282236572824
1657 0.000287339694057
1658 9.7442403246e-05
1659 0.000124024226653
1660 0.000268523884654
1661 0.00017747920271
1662 0.000386556179323
1663 0.000437503140819
1664 0.00160299046785
1665 9.26046305758e-05
1666 0.000387983702636
1667 0.000317893989833
1668 0.000216467607552
1669 0.000372854463166
1670 0.000422924768019
1671 0.000102880363629
1672 0.000221855683571
1673 0.000203031525599
1674 0.000276729888529
1675 0.000185999709365
1676 0.000388504713196
1677 0.000176123313653
1678 0.000216098025412
1679 0.000144895236821
1680 0.000173553274121
1681 0.000291569823704
1682 0.000179897160634
1683 0.00019221683711
1684 0.00039871176226
1685 0.00658727989399
1686 0.00031916792116
1687 0.000252784747557
1688 0.000419712024068
1689 0.000362238846618
1690 0.000378225903325
1691 4.80145802558e-05
1692 0.00028508421817
1693 0.000346880950477
1694 8.01698366061e-05
1695 0.000235226610396
1696 0.000191023542219
1697 0.000117707182198
1698 8.16445394972e-05
1699 0.000177672392705
1700 0.000274409312067
1701 9.19812926167e-05
1702 0.000102945411539
1703 0.000273021400545
1704 0.000411499429029
1705 0.000160280134688
1706 0.00025821182947
1707 0.000286438493062
1708 0.000546363409882
1709 0.00011627210012
1710 0.000408559889095
1711 8.70392216028e-05
1712 7.90603547872e-05
1713 0.000328104902138
1714 6.60902617107e-05
1715 0.000547932720838
1716 0.000300066896528
1717 0.000302421544304
1718 0.000426471059797
1719 0.000569642431699
1720 0.00018625791415
1721 0.000247660821719
1722 0.000353384233768
1723 0.000236704978898
1724 0.000177962729649
1725 0.000217359075274
1726 0.000350767443072
1727 0.000187210543336
1728 0.000200525065834
1729 0.000161889638533
1730 0.000398757224361
1731 0.000715184329249
1732 9.54118709164e-05
1733 0.000252627106192
1734 0.000300429467851
1735 0.000186424038642
1736 0.000339499499861
1737 0.000466621524051
1738 0.000252639004969
1739 0.000168430318386
1740 0.000135883459361
1741 0.000218829483089
1742 0.000333290998921
1743 0.000373904054263
1744 0.000197582641623
1745 0.000224766373627
1746 0.000139159266433
1747 0.000598253740963
1748 0.000188434354813
1749 0.000110784963661
1750 0.000133358938147
1751 0.000388357253038
1752 0.000263586821209
1753 0.00035295652674
1754 0.000273786155008
1755 0.000213743398624
1756 4.69664644865e-05
1757 0.00013415074726
1758 0.000397434610543
1759 0.000247061347358
1760 8.42870938804e-05
1761 7.04713826226e-05
1762 0.000428201000833
1763 6.39516520888e-05
1764 0.000191943364647
1765 0.000141240014314
1766 0.000242435901616
1767 0.000287461524215
1768 0.00021991743067
1769 0.000660744801428
1770 0.000117495164951
1771 0.000341008584718
1772 9.84164527932e-05
1773 0.000200640122614
1774 0.000155210575553
1775 0.000212686385778
1776 6.34115251897e-05
1777 9.7442403246e-05
1778 6.24172699546e-05
1779 0.000240361766752
1780 0.000171628627645
1781 0.000133405558006
1782 0.00018131416551
1783 0.000226872117323
1784 0.000625234712171
1785 0.000153865625574
1786 0.000231547361693
1787 0.000465039367107
1788 0.00029796764877
1789 0.000156545821854
1790 0.000321150805943
1791 0.000213501467177
1792 0.000420594840292
1793 8.28289689349e-05
1794 0.000435660008589
1795 0.000347384497891
1796 0.000296388622799
1797 0.000227439377843
1798 7.52159819231e-05
1799 0.000273713616322
1800 0.000455504883517
1801 0.00158654012473
1802 0.000155576676235
1803 0.000118590121274
1804 0.00023788146018
1805 0.000579309216331
1806 0.00012558436431
1807 0.000285555760994
1808 0.0002965581254
1809 0.00015722200206
1810 0.000355079688135
1811 0.000316577314043
1812 0.000208837516181
1813 0.000236393725156
1814 0.000505931346844
1815 0.000110449024697
1816 0.000174770295427
1817 0.000392772379887
1818 0.000114546184103
1819 0.000184397041254
1820 0.00029990368561
1821 0.000337688094688
1822 0.000112172172317
1823 0.000137867906018
1824 0.000388423886084
1825 0.000298843731176
1826 0.000271381552533
1827 0.000315864694538
1828 0.000648049614167
1829 0.00030638711051
1830 0.000141670197873
1831 0.000112703403722
1832 0.000347657044234
1833 0.000184931592844
1834 0.000564454053386
1835 4.2771931518e-05
1836 0.000586435162823
1837 0.000118689827606
1838 0.000324677575356
1839 0.00010341369632
1840 0.000497749160638
1841 0.000128252444222
1842 0.000241840174669
1843 0.000368624693669
1844 0.000187685264606
1845 0.00040005378835
1846 0.000346032445625
1847 0.000176873114788
1848 0.000215830218877
1849 0.000190567905793
1850 0.000359864289514
1851 0.000181346808428
1852 0.000198182318416
1853 0.000142324212863
1854 9.789853346e-05
1855 5.55510842757e-05
1856 7.17785407405e-05
1857 5.40750418296e-05
1858 0.000321646914778
1859 0.00020870603345
1860 0.000239550587793
1861 0.000159654668533
1862 0.00035323337955
1863 0.000331005786292
1864 0.000235709657694
1865 0.000342989989956
1866 8.28867395601e-05
1867 0.000282172375282
1868 0.000388421500693
1869 0.000378689027925
1870 0.000123044718744
1871 0.000148637082693
1872 0.000381759939536
1873 0.00025557369827
1874 0.000213601562857
1875 7.72363108044e-05
1876 0.000156491850403
1877 0.00035445384182
1878 0.000209798417173
1879 0.0002121193864
1880 0.000445702895391
1881 0.000258794125698
1882 0.00031974896388
1883 0.000290096588028
1884 0.000121881029966
1885 0.00016084403382
1886 0.000157849710387
1887 0.000337516516604
1888 8.04197077352e-05
1889 0.00159032275457
1890 0.000221261246184
1891 0.000147525907701
1892 0.000241823696519
1893 0.000118049036601
1894 0.000346155829984
1895 0.000302819039567
1896 0.000293541035333
1897 0.000136483802098
1898 0.000217284107776
1899 0.000318720546481
1900 0.000382160936754
1901 0.000119254815449
1902 0.000122296032429
1903 0.000401379840221
1904 0.000235811833972
1905 0.000214685631798
1906 0.000125087656141
1907 0.000151933679321
1908 0.000164079107902
1909 0.000112978797584
1910 0.000295031583166
1911 0.000241303046678
1912 0.000244562629366
1913 0.00453212563506
1914 0.000105287655572
1915 0.00025300292788
1916 0.000126764599425
1917 0.000263803771319
1918 0.000363235866102
1919 0.000312921116
1920 0.00029038328726
1921 0.000370617940802
1922 0.000239517998282
1923 0.000157481944701
1924 0.000265368940174
1925 7.5938853464e-05
1926 0.000254294186362
1927 0.000463795603015
1928 0.000281635828503
1929 0.000134938836149
1930 0.000294178969802
1931 0.00011884905751
1932 0.000204177398066
1933 0.000308816013433
1934 0.000122059150721
1935 0.000126307342656
1936 0.000259601574286
1937 0.000206830089916
1938 7.38236082482e-05
1939 0.000362290755984
1940 0.000262324678696
1941 0.000311054503217
1942 0.000548864555911
1943 0.000130336642321
1944 0.000371020611961
1945 0.000164796295885
1946 0.000444667631892
1947 0.000365372920006
1948 0.00037597182789
1949 0.00033051394801
1950 9.73384228792e-05
1951 9.30068628033e-05
1952 0.000313697250725
1953 9.22977055193e-05
1954 0.00024614881774
1955 0.000346888672935
1956 0.000310020869768
1957 0.000151230262538
1958 0.000208219075322
1959 0.000194892946298
1960 0.000373562258364
1961 0.00038051715844
1962 0.000113485911646
1963 0.000358302870803
1964 0.000184731064614
1965 0.000543116490584
1966 0.000159363455603
1967 0.000346862282119
1968 4.76030744379e-05
1969 0.000192684797903
1970 4.99084335255e-05
1971 0.000293118641692
1972 0.000340658654643
1973 0.000334154528261
1974 0.000309610768028
1975 8.57416332815e-05
1976 0.000293997495389
1977 0.000210885392604
1978 9.06096650354e-05
1979 0.000146285720289
1980 0.000340951757202
1981 0.000297253462596
1982 0.000203161720733
1983 0.000118162247765
1984 0.000394773676823
1985 0.000346772295779
1986 0.00141795226775
1987 0.00030350083321
1988 0.000143611721114
1989 0.000214558233816
1990 0.000189321079745
1991 0.000185939559993
1992 0.000253679234425
1993 0.000163063955544
1994 0.000394271333867
1995 0.000206609212473
1996 0.000307583077606
1997 8.01656948547e-05
1998 0.000267864298197
1999 0.00027495362908
2000 0.000176235011548
2001 0.000199187047729
2002 0.000293854999691
2003 0.000274033708347
2004 0.000191561856609
2005 0.000259456998536
2006 0.000302258089272
2007 0.0002634473698
2008 0.000504379496954
2009 8.66101654966e-05
2010 0.000235060681199
2011 0.000267204948301
2012 0.000226245500682
2013 0.000101559659027
2014 7.63313451655e-05
2015 8.29155662976e-05
2016 8.45281427841e-05
2017 0.000113838753706
2018 0.00012856163625
2019 0.000278558557363
2020 9.22431348863e-05
2021 0.000307128138833
2022 9.45152752489e-05
2023 0.000254642382511
2024 0.000213967840547
2025 0.000255065223925
2026 0.00016731126686
2027 0.000299346993307
2028 0.000240730569396
2029 0.000330280374443
2030 0.000172431409611
2031 0.000358014198948
2032 0.000261529287446
2033 0.000450172809853
2034 0.000333328972016
2035 0.000147741070441
2036 0.000252988130153
2037 0.000155281087782
2038 0.000360058263018
2039 0.000425267438545
2040 0.000342431068175
2041 0.000306628542064
2042 0.000134494517073
2043 0.000315577259779
2044 0.000335874417781
2045 9.66163284675e-05
2046 0.000337974894963
2047 0.000247264728737
2048 0.000832845194663
2049 9.79824461401e-05
2050 0.000318167490396
2051 0.000136969356926
2052 0.000121725675675
2053 0.000328142391163
2054 0.000354276900478
2055 0.000496376568458
2056 0.000164598866858
2057 0.000262592740481
2058 0.000181834289859
2059 0.000184491136022
2060 0.000366378936541
2061 0.00023278851763
2062 0.000256703008905
2063 0.000251058344715
2064 0.000281425408521
2065 0.000358257624738
2066 0.000105971117652
2067 8.23653385236e-05
2068 0.000120036631001
2069 0.000434992427634
2070 0.000337682826854
2071 0.000131686854672
2072 0.000371480221427
2073 0.000400275444646
2074 0.000373362716782
2075 0.00031233091012
2076 0.000184848227046
2077 0.000176911540215
2078 0.000251770434902
2079 0.000390825304273
2080 4.15428829786e-05
2081 9.8634785388e-05
2082 0.000542087570725
2083 0.000167710034335
2084 0.000290011923463
2085 0.000297997717642
2086 0.000192906252387
2087 0.000270836266617
2088 0.000493073481627
2089 0.000381316586398
2090 0.000206223833121
2091 0.000360599720511
2092 0.000286669348603
2093 0.000166876301003
2094 0.000346721168413
2095 0.000137745204091
2096 0.000302067175447
2097 0.000104231184898
2098 0.000201828396014
2099 0.000237570549773
2100 0.000119177122391
2101 9.63385573151e-05
2102 0.000232573759065
2103 0.000430186231845
2104 0.000357986708214
2105 0.000345905502605
2106 0.000122193585169
2107 0.000104544308777
2108 0.00031288928499
2109 0.000315710888859
2110 0.000267693737381
2111 0.000186480336841
2112 0.000572738838267
2113 0.000319958097985
2114 0.000144764391634
2115 0.000146724565463
2116 0.000270342580619
2117 0.00030306046778
2118 0.000488546520343
2119 0.000359596217337
2120 0.000152132797108
2121 0.000226370130305
2122 0.000308722094357
2123 0.000285509055638
2124 0.000388261124779
2125 0.000326399116697
2126 0.000374449049827
2127 0.000457127327645
2128 0.000357459989908
2129 0.000331609548166
2130 0.000337305222635
2131 0.000116546118064
2132 0.000380879300488
2133 0.000327009701169
2134 0.000578983124666
2135 0.000272710176982
2136 0.000278407634427
2137 0.000164609943681
2138 0.000169203817123
2139 0.000421658958458
2140 0.00034107727016
2141 0.000329590290842
2142 0.00013600789229
2143 0.000453639726213
2144 0.000341617495096
2145 0.00025555880078
2146 0.000270150459004
2147 0.000220580067801
2148 0.000167248769706
2149 0.000304905715923
2150 0.000399351548903
2151 0.000371976818566
2152 0.000271530587406
2153 0.000188691289518
2154 0.000418754088408
2155 0.000313248569034
2156 0.000204544295586
2157 0.000271350424739
2158 0.000203160824548
2159 0.000107437939807
2160 0.000253339567871
2161 0.000230404544773
2162 0.000270419763752
2163 0.00014217806135
2164 0.000121395927555
2165 0.000216885895248
2166 0.000260542611202
2167 9.43035719895e-05
2168 0.000105432393423
2169 8.28544506172e-05
2170 0.000339531443282
2171 0.000184004365667
2172 0.000322441557842
2173 0.000372379466205
2174 0.000269395134249
2175 0.000387621116978
2176 6.50290348553e-05
2177 0.000423874357825
2178 7.30013613696e-05
2179 6.64551209741e-05
2180 0.000220036037463
2181 0.000355677434245
2182 0.000173618766205
2183 7.3539282739e-05
2184 0.000410731485068
2185 0.000359913119228
2186 9.46226806675e-05
2187 0.000116586366799
2188 0.000446455777144
2189 0.000372101077792
2190 0.000339991709648
2191 0.000323426674641
2192 0.000275712595365
2193 0.000234212938065
2194 0.000142476159843
2195 0.000336540319049
2196 4.15428829786e-05
2197 0.000336519009853
2198 0.000190669029053
2199 0.00019188368364
2200 0.000562289641109
2201 0.000335296725669
2202 0.000362295024945
2203 0.000251867882938
2204 0.00032799432468
2205 9.67509088813e-05
2206 9.19839675721e-05
2207 0.000401073157393
2208 0.000198451033769
2209 9.50139091863e-05
2210 0.000179589526035
2211 0.000218725970625
2212 0.000310284878128
2213 0.000276179796694
2214 0.000214331417092
2215 0.000186105343552
2216 0.000200237937153
2217 0.000266099925908
2218 0.000176178698635
2219 0.000394690184635
2220 6.08759839535e-05
2221 0.000371158756512
2222 0.00018913701751
2223 0.000203815021738
2224 0.000364773063228
2225 0.000394876472146
2226 0.00022884300737
2227 0.000223826389223
2228 9.724668954e-05
2229 0.000269612899801
2230 0.000408141240165
2231 6.91248177243e-05
2232 0.000298723965709
2233 0.0002904982535
2234 0.00140579442636
2235 0.000113397271523
2236 0.000256616357283
2237 0.000315695291611
2238 0.000249431858604
2239 0.000142153723976
2240 0.000172750632811
2241 0.000385555281179
2242 0.00036494824049
2243 0.000214696067436
2244 0.000207621701303
2245 0.000381253928145
2246 0.00013608566348
2247 0.000324543144236
2248 0.000391892844365
2249 0.000170280093208
2250 0.000103186866208
2251 0.000352184273122
2252 0.000108320367459
2253 6.61701294007e-05
2254 0.000306514213422
2255 0.000310445846621
2256 0.000120534090114
2257 7.77428981723e-05
2258 0.000303437696515
2259 0.000130285317998
2260 0.000222910874445
2261 0.000186108221417
2262 0.000257780328227
2263 7.80953464519e-05
2264 0.000116523452512
2265 0.000243292374899
2266 0.000100623467178
2267 0.00140869381498
2268 0.000271825682777
2269 0.000442209792383
2270 4.15428829786e-05
2271 0.000101873482822
2272 0.000347508874625
2273 0.000153178503368
2274 0.000305026167599
2275 0.000141610717288
2276 0.000353621632573
2277 0.000300521028893
2278 0.000149294897858
2279 0.000344392226259
2280 0.000392282817175
2281 0.000209479046085
2282 0.000168638379164
2283 0.00048659535108
2284 0.000520047379143
2285 0.000282490451092
2286 0.00018793439795
2287 0.000211871408358
2288 0.000152512006042
2289 0.000103462695007
2290 0.000591146324954
2291 0.000350226102257
2292 0.000123694817282
2293 0.000437402280081
2294 0.000177836195765
2295 0.000385559436017
2296 0.000100253106084
2297 0.000186521324312
2298 0.000203092622056
2299 9.76052933926e-05
2300 0.000301820969267
2301 0.000273368541334
2302 0.000168419917432
2303 0.000388136032525
2304 0.000105286456498
2305 0.000236367242257
2306 8.54896445706e-05
2307 0.000230654133952
2308 0.000276588162689
2309 0.00030323982041
2310 0.000389421114405
2311 0.000123102454996
2312 0.000130849333368
2313 9.69606378977e-05
2314 0.000742484731901
2315 0.000175309086012
2316 0.000232201385462
2317 0.000119679288477
2318 0.000318518659584
2319 0.00019683457963
2320 0.00037830064151
2321 0.00017140234416
2322 0.000120295372484
2323 0.000302846996831
2324 0.000350849592618
2325 0.000387843339075
2326 0.000342005956913
2327 0.000345500541386
2328 0.000394208274679
2329 0.000525297803765
2330 0.000251268593971
2331 0.000176488724997
2332 0.000365283751902
2333 0.000320194444291
2334 0.000493261668559
2335 0.000287970010135
2336 0.000288323630066
2337 0.000457287071027
2338 0.000188106567193
2339 0.000331051065052
2340 0.00035341853346
2341 0.000377793484789
2342 0.000247173187979
2343 0.000265214888134
2344 0.000254154474501
2345 0.000383729335646
2346 0.000224488371739
2347 0.000193231493047
2348 0.00065036917746
2349 0.000296918597765
2350 0.000185271399283
2351 0.000103475462388
2352 0.000337461130952
2353 0.000323727212179
2354 0.000186065347815
2355 0.000340520564146
2356 0.000139256736555
2357 0.000329439010653
2358 0.000147291006103
2359 7.742152899e-05
2360 0.000286408092247
2361 0.000133548252708
2362 0.00038165439134
2363 0.000137846436157
2364 0.000322494173361
2365 0.000321844476263
2366 0.000274507205044
2367 0.000196209837679
2368 0.000211527768039
2369 0.000271635787237
2370 0.000377103589447
2371 0.000306598480022
2372 0.000301073959077
2373 0.000328917712556
2374 0.000129560800197
2375 0.00032296206701
2376 9.83694661158e-05
2377 0.000352908106875
2378 0.000315863338519
2379 0.000250977743495
2380 0.000162483624217
2381 5.65412272833e-05
2382 0.000337995672084
2383 5.5938622252e-05
2384 8.50954484804e-05
2385 0.000609066230928
2386 0.000204811155527
2387 0.000274749641278
2388 0.000160622056721
2389 8.36324871755e-05
2390 0.000142875399463
2391 0.000182880082418
2392 0.000191854536056
2393 0.000215398825194
2394 0.000118155228028
2395 0.000323568729418
2396 0.000348577998209
2397 0.000239133302712
2398 0.00030295436411
2399 0.000347075677709
2400 0.000267428131928
2401 0.000104230684377
2402 0.000189162220653
2403 0.000150393118072
2404 0.000160920437865
2405 0.000336905456583
2406 0.000190451365072
2407 0.000215760955346
2408 0.000192009832188
2409 0.000298095038364
2410 0.000344009566037
2411 0.000402775135874
2412 0.000281020694491
2413 0.000296114031248
2414 9.98054328156e-05
2415 0.00035085156334
2416 0.000166616679567
2417 0.000189268756574
2418 0.000251982634148
2419 0.000236637056642
2420 0.000376448824747
2421 0.000243953096244
2422 0.000176933247678
2423 8.82365458099e-05
2424 0.000319506932348
2425 0.000119900310691
2426 0.000190882889772
2427 0.000167959459045
2428 9.54576692181e-05
2429 0.000372144821659
2430 0.000202340986646
2431 0.000290429393668
2432 8.90974102064e-05
2433 0.00012816589278
2434 0.000292517486116
2435 0.000315821411985
2436 0.00015370112538
2437 0.000304957860205
2438 0.000119371679329
2439 0.000241305663343
2440 0.000152489551327
2441 0.000274658533317
2442 7.55762106054e-05
2443 4.53425342192e-05
2444 0.000142554498742
2445 0.000170124016939
2446 0.000230832717138
2447 0.000312522359159
2448 0.000249541941023
2449 0.000289596119174
2450 0.000151100518672
2451 0.000165814836549
2452 0.000341224910174
2453 8.04405701936e-05
2454 0.000126195579071
2455 7.93601561495e-05
2456 0.000164139803193
2457 0.000134874162017
2458 4.15428829786e-05
2459 0.000314223874089
2460 0.000241904873895
2461 0.000327681080345
2462 0.000385948457485
2463 0.000223985471004
2464 0.000383756656539
2465 0.000383730354681
2466 0.000199919548117
2467 0.00012281979856
2468 0.000257454316346
2469 0.000382417919593
2470 0.000267694435979
2471 4.15428829786e-05
2472 0.000400176538426
2473 0.000268843292574
2474 0.000202902619271
2475 0.000223355693521
2476 0.000316846891649
2477 0.000119629827292
2478 0.000230472539512
2479 0.000261438229179
2480 0.000181915444022
2481 0.000162303069533
2482 7.26072465778e-05
2483 0.000313986245053
2484 8.66726703043e-05
2485 0.000254013803175
2486 0.000272293225314
2487 0.000184650442219
2488 0.000168638379164
2489 0.000330987762614
2490 0.000225351649297
2491 0.000148533814374
2492 0.000375901649736
2493 0.000341600287356
2494 6.05778182212e-05
2495 0.00020844066366
2496 0.000284669847882
2497 9.6701214987e-05
2498 0.000225490297117
2499 0.000316388793144
2500 0.000227015877312
2501 0.000346073228064
2502 0.000253932311938
2503 0.000175379533807
2504 0.000152685338956
2505 0.000295588042405
2506 7.46680702238e-05
2507 0.000257457079846
2508 0.000386649436877
2509 0.000310481079461
2510 0.000421173599583
2511 0.000433233793469
2512 0.000425233230293
2513 0.000324507097496
2514 0.000157046864059
2515 8.47261624983e-05
2516 0.00014169578762
2517 0.000282785273287
2518 6.93103663615e-05
2519 0.000180422736751
2520 0.000135176055939
2521 0.000321386915371
2522 0.000280810314837
2523 7.89750760383e-05
2524 0.000155127306739
2525 6.51954345282e-05
2526 0.000175009627606
2527 0.000396968675667
2528 9.61008297251e-05
2529 0.000117573617315
2530 0.000155893481518
2531 0.000119775490449
2532 0.00012263655634
2533 0.000218600839417
2534 0.000309653988185
2535 0.000170600499445
2536 0.000190555783851
2537 0.000147098007409
2538 0.000307841222786
2539 0.000276227402123
2540 0.000276314886316
2541 0.000241377074273
2542 5.5938622252e-05
2543 0.000389051758385
2544 0.000699414800795
2545 0.000124280802957
2546 7.23490925705e-05
2547 0.000285343375845
2548 0.00018458812716
2549 0.000123418569288
2550 0.00031042903999
2551 0.000327682971628
2552 0.000310339759118
2553 0.000228979020019
2554 0.000338440085789
2555 0.000195909941642
2556 0.000438041511736
2557 0.00026360757785
2558 0.000161410395946
2559 0.00029479331401
2560 0.000318716905409
2561 0.000398632869774
2562 0.00030674635423
2563 0.000143705626194
2564 0.000227067916346
2565 0.000362611197238
2566 8.01656948547e-05
2567 0.000166055694222
2568 0.000352438702703
2569 7.31292881356e-05
2570 4.15428829786e-05
2571 0.000219710005667
2572 0.000131682026538
2573 9.11795374569e-05
2574 0.000298178028559
2575 0.000215581001451
2576 0.000283449900197
2577 0.000134217333726
2578 0.000189972186496
2579 0.00031693950396
2580 0.000235680601971
2581 7.47939938908e-05
2582 0.000164345878314
2583 0.000318268018441
2584 0.000245353223714
2585 8.24992493096e-05
2586 0.000220526891256
2587 0.000355929945933
2588 0.00019476600797
2589 0.000299503209123
2590 0.000259842372835
2591 0.000377220828752
2592 0.000202403691562
2593 0.000382266598808
2594 0.000351296459418
2595 0.000321928420837
2596 8.66726703043e-05
2597 4.15428829786e-05
2598 0.00032658208956
2599 0.000495674596077
2600 7.58628843187e-05
2601 0.000351915851342
2602 0.000363988934529
2603 0.000383663683874
2604 0.000249066472207
2605 0.000380451509725
2606 8.88271851554e-05
2607 0.000166688438885
2608 0.000372081370518
2609 0.000324612165314
2610 0.000171201162572
2611 0.000274561990533
2612 0.000413523072971
2613 0.000163075605087
2614 9.27342523793e-05
2615 0.000183636600494
2616 0.000355088970793
2617 0.000327213869364
2618 0.000356018473169
2619 0.000213458281972
2620 0.000319327616106
2621 0.000272484839343
2622 0.000102154371115
2623 0.000192462950737
2624 0.000263682855971
2625 0.000366602389517
2626 0.000355159731114
2627 0.000190461351957
2628 0.00021771936405
2629 0.000237800871973
2630 0.000389134558425
2631 0.000333808818802
2632 0.000242610889881
2633 0.000101275956548
2634 0.000221765003334
2635 9.79619418414e-05
2636 0.00010059659503
2637 0.000199089863401
2638 0.000177309518592
2639 0.0003191321395
2640 0.000205126612078
2641 0.000274147315296
2642 0.000114814636263
2643 0.000510921458396
2644 0.000311556854798
2645 0.000240538770836
2646 0.000271419867996
2647 0.00027495796387
2648 0.000250019152156
2649 0.000252668226554
2650 0.000377133892138
2651 0.000190062086945
2652 8.50262007164e-05
2653 0.000181524389508
2654 0.000223147125262
2655 0.00029357715619
2656 0.000322962119896
2657 0.000155006129697
2658 0.00026263162362
2659 0.000191464220623
2660 0.000342745174826
2661 0.000198178685213
2662 0.000568022506562
2663 0.000262232618012
2664 0.000208656186034
2665 0.00036874934998
2666 0.000320023246941
2667 0.000268721147535
2668 0.000177932965354
2669 0.000283262987424
2670 0.000443312426835
2671 0.000255406519654
2672 0.000105750768135
2673 0.000232858946901
2674 0.000170689370562
2675 0.000369208728945
2676 0.00026693008804
2677 0.000381250427003
2678 0.000174506526494
2679 0.000113494719648
2680 0.000432840519162
2681 0.000256327559923
2682 0.000229049562656
2683 0.000154197548406
2684 0.000479136495452
2685 0.000186911704349
2686 0.000124916153671
2687 0.000185373559448
2688 0.000137487489183
2689 0.000127113202128
2690 0.000309510774356
2691 0.00023676994933
2692 0.000102133734981
2693 7.04857452033e-05
2694 0.000193141369421
2695 0.000435044905434
2696 8.98263847032e-05
2697 0.000171832707534
2698 0.000156144704523
2699 0.000321147884531
2700 0.000182183279613
2701 0.000155702145119
2702 0.000174931466951
2703 0.000189532938999
2704 0.000241074381239
2705 5.56773637764e-05
2706 0.000152950106174
2707 0.000327693170409
2708 0.000128370907874
2709 0.000206376619404
2710 0.000119947663556
2711 0.000122074521742
2712 0.00024132444733
2713 0.000255483602809
2714 0.00021936144595
2715 5.90553255309e-05
2716 0.000239713064586
2717 0.000573761755139
2718 0.000252516023656
2719 0.000280254869902
2720 0.000597575805367
2721 0.000301096071389
2722 0.000105750768135
2723 5.43365272818e-05
2724 0.000109774052131
2725 0.000521608158915
2726 0.000103276070722
2727 0.000157027393379
2728 0.000124683630304
2729 0.000292381099934
2730 0.000326120104727
2731 0.000625090527348
2732 0.000178961143166
2733 0.000176543311314
2734 0.000165542744943
2735 0.000263013200922
2736 0.00016769488087
2737 7.56913444513e-05
2738 0.000154757845516
2739 0.000473041255707
2740 0.000232472343462
2741 5.56773637764e-05
2742 0.000307984758553
2743 0.00126879938434
2744 0.000252357366867
2745 0.000127975654526
2746 0.000268940129121
2747 0.000101079132316
2748 0.000122947927759
2749 0.000416082038091
2750 0.000253844394313
2751 0.000453319966723
2752 0.000232740820419
2753 7.77581601399e-05
2754 0.000276446539219
2755 0.000581923372841
2756 0.000441168887132
2757 0.000231611332815
2758 0.000377557890284
2759 0.00035161487011
2760 0.000169106056255
2761 0.000127094810395
2762 0.000171874891768
2763 0.000176284593766
2764 0.000313907432426
2765 0.000238716213226
2766 0.000262746528951
2767 0.000113606615487
2768 0.000101055828215
2769 0.000208053356071
2770 0.00011421178581
2771 0.000197913985806
2772 0.00016051509887
2773 0.000264596701201
2774 0.000279832009582
2775 0.000157584375908
2776 0.000208228446791
2777 0.000133963971331
2778 0.000388899583557
2779 0.000567895012734
2780 0.000164975201067
2781 0.000381363127125
2782 0.000405487250695
2783 0.00045192556848
2784 0.000225082495134
2785 0.000229977625529
2786 0.000310061677033
2787 0.000478990968408
2788 0.000328195424011
2789 6.54938999169e-05
2790 0.000176882484683
2791 0.000102768837354
2792 0.00012705476224
2793 0.000102133734981
2794 0.000543215286815
2795 0.000128309023132
2796 0.000205253912075
2797 0.00033077084123
2798 0.00018303578058
2799 5.39734894655e-05
2800 0.000164450956427
2801 0.000347336998308
2802 0.000105200534297
2803 8.8180197562e-05
2804 0.000192223697144
2805 9.0988578788e-05
2806 0.000133573209702
2807 0.000279059352552
2808 0.0001839776226
2809 7.11338936765e-05
2810 0.00016753330384
2811 0.000297040742293
2812 8.16767310879e-05
2813 0.000210449599032
2814 0.000244059252815
2815 5.74561825826e-05
2816 0.000291430072936
2817 0.000101344441338
2818 0.000134112288922
2819 0.000160282757546
2820 0.000187743294911
2821 0.000153145882851
2822 0.00011487129158
2823 0.000154843356903
2824 0.000235385940332
2825 0.000105750768135
2826 0.000170277567765
2827 0.00011812134537
2828 0.000352384420691
2829 0.000468799623094
2830 0.000228545733891
2831 0.000167606248375
2832 0.00016031888643
2833 0.000229769468353
2834 0.000456378587473
2835 0.000131283340958
2836 0.000219878537524
2837 0.000274877294743
2838 0.000137192473841
2839 8.79010097473e-05
2840 0.00135990950942
2841 0.000217121378069
2842 0.000260994456781
2843 4.39762701266e-05
2844 0.000233421054907
2845 0.000221885462252
2846 0.000186499055133
2847 0.000191638977052
2848 0.000121433064944
2849 0.000183825834989
2850 0.000406365768323
2851 0.000170864331269
2852 0.000185927072995
2853 8.42951458616e-05
2854 0.000321348529095
2855 0.000215896552714
2856 5.97539526966e-05
2857 0.000164594234169
2858 6.155934362e-05
2859 0.00016755519688
2860 0.000160663427522
2861 5.05364617418e-05
2862 0.000223807991193
2863 0.000316169015182
2864 0.000641160069629
2865 0.000367290058828
2866 0.000338335076144
2867 0.000366359065227
2868 0.000389975352437
2869 0.000177891281913
2870 0.000388486555173
2871 0.000189692311926
2872 0.000293360341692
2873 0.000357121248623
2874 0.000328112141467
2875 0.000255074693538
2876 0.000296984464944
2877 0.000123711789818
2878 0.000480451793107
2879 0.00010308098692
2880 0.00021652696986
2881 0.000317641414864
2882 0.00034023454015
2883 0.000103233981309
2884 0.00013880501455
2885 8.36670800594e-05
2886 8.54960775016e-05
2887 0.000164066928379
2888 0.000230550057935
2889 0.000134261003319
2890 0.000246759875805
2891 0.000428506322415
2892 0.000136120251935
2893 0.00021725555638
2894 0.000112469624138
2895 0.000319375767763
2896 9.95405411505e-05
2897 0.00025265339811
2898 0.000261730392561
2899 9.93409440264e-05
2900 8.30816145509e-05
2901 9.81770423729e-05
2902 0.000493135702508
2903 0.000157009605552
2904 0.000104951031064
2905 0.000441122374004
2906 0.000357131786408
2907 0.000412606990855
2908 0.000175082688131
2909 0.000148518674561
2910 0.000375466656846
2911 0.000381778457467
2912 0.000324519572162
2913 0.000282141897034
2914 0.000370011121817
2915 0.000260595705584
2916 0.000433850577572
2917 0.000409389365328
2918 0.000113854301284
2919 0.000170956743148
2920 0.00032799667718
2921 0.000354085818128
2922 0.000290692180477
2923 7.05237652265e-05
2924 0.00015318746172
2925 0.000217437056228
2926 0.000372890362169
2927 0.000141615819895
2928 0.000428255724736
2929 0.000413016017387
2930 0.000246431653989
2931 0.000176543311314
2932 0.000271171756427
2933 0.000307414591107
2934 0.000176758623512
2935 0.000188906470613
2936 0.000153697080593
2937 0.00036329342214
2938 0.000341814735227
2939 0.000168770694309
2940 0.000366665432316
2941 0.000296461119158
2942 0.000122974081693
2943 9.91738690809e-05
2944 0.000371854904159
2945 0.000502411043557
2946 0.000269404801295
2947 0.000345561966168
2948 0.000148832771869
2949 0.000141392860737
2950 0.000274340947316
2951 0.00030655461094
2952 0.000673993313628
2953 6.14680674037e-05
2954 0.000175393406788
2955 0.000135559699349
2956 0.000331195656605
2957 0.000445387962709
2958 0.000145414765187
2959 0.000312232598455
2960 0.000230569606596
2961 0.000425646507091
2962 0.000106650053713
2963 0.000210960673444
2964 5.98156825395e-05
2965 0.000167752910125
2966 0.000140663722844
2967 0.000493452067265
2968 0.000144800095302
2969 0.000136729882856
2970 0.00030241881789
2971 0.000237265862894
2972 6.84877571243e-05
2973 0.000229335519817
2974 0.000402788508236
2975 0.000316218062405
2976 7.00471156276e-05
2977 0.000259279225678
2978 0.000177350053801
2979 0.000217877333521
2980 0.000173814938126
2981 7.00345769165e-05
2982 0.00014755465567
2983 0.000204601059362
2984 0.000224888158588
2985 0.000179488743625
2986 0.000281598248251
2987 0.000454793821637
2988 0.000157766642973
2989 0.000309605662933
2990 0.000341860090068
2991 0.000114346072645
2992 0.00031064125888
2993 0.000410385975834
2994 0.000279163299873
2995 0.000350016799099
2996 0.000130505748603
2997 0.000276534990773
2998 0.000176984093033
2999 5.73817764008e-05
3000 0.000311164151772
3001 0.000414836183752
3002 0.000284099627255
3003 0.000506316582408
3004 8.79010097473e-05
3005 0.000261506752012
3006 0.000301105982297
3007 4.92135163962e-05
3008 0.000173677112797
3009 0.000216236372334
3010 0.000148090516738
3011 0.000234233259572
3012 0.000298638214277
3013 0.000152441892498
3014 0.000175971179634
3015 0.000211559294485
3016 0.000102365344523
3017 0.000205309225913
3018 0.00044563092934
3019 0.000228279108623
3020 0.000505291514248
3021 0.000358092289215
3022 0.000268513590064
3023 0.0003618404965
3024 0.000198441392206
3025 0.000120967384092
3026 0.000297094909067
3027 0.000462625262506
3028 0.000422238268875
3029 0.000172573294473
3030 0.000255321463148
3031 9.03814969071e-05
3032 4.39762701266e-05
3033 0.000182780972353
3034 0.00040904409853
3035 0.000292214597521
3036 0.000494835107341
3037 0.000227756083697
3038 0.000102133734981
3039 0.000510307428343
3040 0.000150752729769
3041 0.000222014337086
3042 0.000192170194055
3043 0.000147732647959
3044 0.000148275971344
3045 7.20649543523e-05
3046 0.000117527900709
3047 0.000248928769189
3048 0.000241753546727
3049 0.000142613234267
3050 0.000423114776542
3051 0.000145116369718
3052 0.000602318507938
3053 0.000289863172536
3054 0.000199727143562
3055 0.000381718295118
3056 0.000157584375908
3057 0.000367352909026
3058 0.000183231992605
3059 0.000117496150502
3060 8.03432562062e-05
3061 0.000490362344648
3062 0.000156274406556
3063 0.000254157649192
3064 0.000150266976541
3065 0.000292798522628
3066 0.00025777014625
3067 0.000202444944874
3068 0.000137080399814
3069 0.000146506884663
3070 0.00014672068894
3071 0.000316538988183
3072 4.39762701266e-05
3073 0.000378585741925
3074 0.000297705534966
3075 0.000157584375908
3076 0.00018411217919
3077 0.000509388807074
3078 0.000465964021792
3079 0.000445722144809
3080 0.000246573819028
3081 0.000212981974716
3082 0.000232883267441
3083 0.00139968573387
3084 0.000153568577676
3085 0.000431924052573
3086 0.000252235961078
3087 0.000288304687206
3088 0.000364659377436
3089 0.000100365168566
3090 0.00035514102411
3091 0.000527203802913
3092 0.000105750768135
3093 8.6213897377e-05
3094 0.000135600449257
3095 7.36827554698e-05
3096 0.000139771236814
3097 0.000353021859899
3098 0.000299321136714
3099 0.00030101803386
3100 0.000111603195343
3101 0.000240504954841
3102 0.00123490462111
3103 0.000244656569893
3104 0.000168411960266
3105 0.000423411555346
3106 0.000227236906732
3107 0.000332782237215
3108 0.000347296966379
3109 0.000287215880455
3110 0.000139683380942
3111 0.000147808989895
3112 0.000319386138309
3113 0.00010083144598
3114 0.000379694459852
3115 0.000269499963442
3116 0.000320347141785
3117 0.000569475935649
3118 0.000334048255433
3119 0.000308098714433
3120 0.00034359276482
3121 0.000356109422537
3122 8.70388264528e-05
3123 0.000182075924589
3124 0.000190820739777
3125 0.0002272098024
3126 5.11996510218e-05
3127 0.000139337452995
3128 0.000157584375908
3129 0.000160681180692
3130 0.000195231905949
3131 0.000128361215987
3132 0.000176543311314
3133 0.000467520386405
3134 9.84535034194e-05
3135 5.10677483195e-05
3136 0.000193402473724
3137 0.000481424868487
3138 0.000299159293949
3139 0.000175169933541
3140 0.000187875672269
3141 0.000437023579262
3142 0.000222516243764
3143 0.000269421082757
3144 6.63569116154e-05
3145 0.000147426171361
3146 0.000402260807345
3147 0.000330293162841
3148 0.000134112288922
3149 0.000209621796213
3150 0.000320673117727
3151 0.000495814915499
3152 0.000113961129779
3153 0.000484346106723
3154 0.000118057408086
3155 0.000559808617781
3156 0.000160696213884
3157 0.000129085874707
3158 0.000145620687952
3159 0.000269472069182
3160 9.164939046e-05
3161 0.000199095722773
3162 8.05765629651e-05
3163 0.00042474839892
3164 0.00013586164155
3165 0.000118410439194
3166 9.18373944277e-05
3167 0.000208970157373
3168 0.00015154740542
3169 0.000369556653502
3170 0.00031971766144
3171 0.000167270300344
3172 0.000166999914085
3173 0.000411179950671
3174 0.000162320977738
3175 0.00033249185674
3176 6.90602594e-05
3177 0.000227760425226
3178 0.000303520546929
3179 0.000217663383017
3180 0.000387775520762
3181 0.000176543311314
3182 0.000176543311314
3183 0.000369368633597
3184 4.39762701266e-05
3185 0.000296230080274
3186 0.000463882160754
3187 0.000187281361956
3188 0.000301179353296
3189 0.000304701205877
3190 0.000155278620797
3191 0.000126538628311
3192 0.000273391840896
3193 0.000130807463607
3194 0.00016674340682
3195 0.000138576073444
3196 0.000375480419705
3197 0.000305812740333
3198 9.25427759543e-05
3199 0.000537880666485
3200 0.000151502586268
3201 0.000225541078569
3202 0.000471336311181
3203 7.92992173481e-05
3204 0.0002249101945
3205 0.000282780409403
3206 0.000151318936363
3207 0.000300142491986
3208 0.000303288405106
3209 0.00014258828039
3210 0.000167736460892
3211 0.000126783444396
3212 0.000207565160631
3213 0.00021833248005
3214 0.000210826152349
3215 0.000452135974601
3216 0.000183439289014
3217 0.000142465836635
3218 7.79411564729e-05
3219 0.000182075924589
3220 0.000277594088372
3221 0.00026850189244
3222 0.000227819077279
3223 0.000164066068828
3224 0.000189385974138
3225 0.000317433497727
3226 0.000199560516177
3227 0.000387033298071
3228 7.47783549121e-05
3229 0.000191107718264
3230 0.000131781909174
3231 4.39762701266e-05
3232 0.00023027729622
3233 0.000486320024293
3234 0.000467593072457
3235 0.000194641243855
3236 7.66037563117e-05
3237 0.000174354799824
3238 0.000176050563705
3239 0.000195233818149
3240 0.000325190392301
3241 0.000374311358934
3242 0.000168497100627
3243 0.000142526347184
3244 0.000153031758224
3245 0.000143093941797
3246 0.000145043685375
3247 0.000137309997103
3248 0.000344710149691
3249 0.000277086044538
3250 0.000128076757697
3251 0.000172448965606
3252 0.000193284282695
3253 0.000477919344798
3254 0.000347292648097
3255 0.000118930355197
3256 0.000252155102613
3257 0.000483343332771
3258 0.000225663682532
3259 0.000297641748819
3260 0.000235429307918
3261 0.000191276728089
3262 0.000323430044313
3263 0.000166092854888
3264 0.000464142324521
3265 0.000249087680465
3266 0.000271613085687
3267 0.000107004329714
3268 0.000427998282349
3269 7.65648394813e-05
3270 0.000113206837118
3271 7.70439032393e-05
3272 0.000125812917489
3273 0.000297142227577
3274 0.000224562419785
3275 0.000420911633052
3276 0.000260311192153
3277 0.000167507261902
3278 0.000386101265557
3279 0.000185439445471
3280 0.000213204293282
3281 0.000638747800397
3282 0.000104450693657
3283 4.39762701266e-05
3284 0.000217524071619
3285 0.000317134148097
3286 0.00022206037133
3287 0.000148602777748
3288 0.000309560623445
3289 0.000301659603362
3290 0.000158144369954
3291 9.57604173256e-05
3292 0.000671387533254
3293 0.000119966119454
3294 0.000297233855149
3295 0.000154941562999
3296 0.000355777169423
3297 0.000238497780683
3298 0.000332702934835
3299 0.000279079812348
3300 0.000375848749136
3301 0.000179408550013
3302 0.000211990626237
3303 0.00046620381223
3304 0.000232469087976
3305 0.000191972333586
3306 7.42600079665e-05
3307 0.000163613433328
3308 0.000167395140352
3309 0.000116245468604
3310 0.000233708609408
3311 8.77966750337e-05
3312 0.000158126011109
3313 0.000153663218965
3314 0.000220119673124
3315 0.000218515779189
3316 0.000107575843967
3317 0.000229409030565
3318 8.59088915578e-05
3319 0.000262821431156
3320 0.000190816266552
3321 0.000659191146517
3322 0.000391364465982
3323 0.000139337452995
3324 7.94689171838e-05
3325 0.000442456072506
3326 0.00024968665394
3327 0.000140546783232
3328 0.000397662431238
3329 0.000163259754364
3330 0.000170773975086
3331 0.000502230809762
3332 0.000276797309552
3333 0.000338396162899
3334 8.45894917911e-05
3335 9.2579805323e-05
3336 0.000369679012642
3337 0.000125729423022
3338 0.000184637412635
3339 0.000128492355529
3340 0.000325402364648
3341 0.000149772518105
3342 0.000239108214144
3343 0.000429298788645
3344 0.000142040324534
3345 0.000437267667235
3346 0.000377456353787
3347 0.000270518735631
3348 0.000435506934531
3349 0.000387117406767
3350 0.00012048434649
3351 0.00046783607145
3352 0.000450252779922
3353 0.000106364318283
3354 0.000387500286193
3355 0.000182075924589
3356 0.000307912194637
3357 0.000171767007565
3358 0.000122233305154
3359 0.00010300967129
3360 0.00015354422347
3361 0.000450710704378
3362 0.000150689530692
3363 0.000368569091867
3364 0.00134219976473
3365 0.000242565104883
3366 0.000358644119532
3367 0.000410392303617
3368 9.82166073144e-05
3369 0.000127169399434
3370 0.000331545042426
3371 7.10353477713e-05
3372 0.000139358555952
3373 0.000157009605552
3374 0.000150866261798
3375 0.000164380984185
3376 5.38964347212e-05
3377 0.000121386014163
3378 0.000200253261336
3379 0.000349409555651
3380 0.000190810321865
3381 0.000161952626207
3382 0.000301824234924
3383 0.00022857488669
3384 0.000167523399051
3385 0.000227896808286
3386 0.000387418710014
3387 0.000313063728081
3388 0.000447631080213
3389 9.77001250752e-05
3390 9.49935022361e-05
3391 0.000161250990046
3392 0.000295228863888
3393 0.000162605883184
3394 0.000158495431555
3395 0.000210713602275
3396 0.000271827298154
3397 0.000443571631331
3398 0.000653339436828
3399 0.000106785039504
3400 0.000190663841267
3401 0.000208413626417
3402 0.000121386014163
3403 0.000171343101658
3404 0.000336582664503
3405 0.000152089102514
3406 0.000149379300275
3407 0.000421951806938
3408 7.65648394813e-05
3409 5.09132642425e-05
3410 0.000141825938962
3411 0.000147207761533
3412 0.000390985574007
3413 0.00033894049707
3414 5.89052431524e-05
3415 0.000122336613987
3416 0.000219318949211
3417 0.000296727554463
3418 0.000413875005224
3419 0.000102404546685
3420 0.000394501249022
3421 0.000197420746814
3422 0.000157028818565
3423 0.000253200240968
3424 0.000216693272815
3425 9.36791425261e-05
3426 0.000134977267355
3427 0.000548514336361
3428 0.000128492355529
3429 9.70412206057e-05
3430 7.46946528172e-05
3431 0.000152641868768
3432 0.000191879256068
3433 9.10594397338e-05
3434 0.000306557460046
3435 0.000592815637602
3436 0.000248673898241
3437 7.23848996192e-05
3438 0.006607607106
3439 0.00023486756515
3440 0.000220608231711
3441 0.000245292361959
3442 0.000138404298483
3443 0.000544375248216
3444 0.00027821522113
3445 0.00012032445934
3446 0.000125514034822
3447 0.000219874041892
3448 0.000140746051919
3449 0.000385118974582
3450 0.000393789100001
3451 0.000172575258214
3452 4.63722731918e-05
3453 0.000163450515603
3454 4.63722731918e-05
3455 0.000179501486772
3456 0.000429775506981
3457 0.000398043698812
3458 8.41024925277e-05
3459 0.000224424092619
3460 0.000202029920374
3461 0.000324305951447
3462 0.000104074947242
3463 0.000192945151542
3464 0.000265775159761
3465 0.000356410288486
3466 0.000246545861635
3467 0.000312869340588
3468 5.71671581641e-05
3469 0.000332761320831
3470 0.000328450107309
3471 0.000206473997641
3472 0.000235053407967
3473 0.000201889927351
3474 0.000263358152897
3475 0.000220994850043
3476 0.000264216753632
3477 0.000230235415062
3478 0.000118623095799
3479 0.000248541433768
3480 0.000234036906467
3481 0.000242546041325
3482 0.000210477846705
3483 0.000175461419744
3484 0.000172186571501
3485 0.000163171535684
3486 0.000186210375182
3487 0.000319009161508
3488 0.000177210753665
3489 0.000387556237655
3490 0.000110691861654
3491 0.000304951969846
3492 0.000218189914493
3493 0.000117960089802
3494 0.000215150787146
3495 8.02827850302e-05
3496 0.000520450264411
3497 0.000241798662551
3498 0.000223525880452
3499 0.000217927283924
3500 0.000261499095993
3501 0.000285055424062
3502 0.000433976106535
3503 0.000155623831438
3504 0.000162674485284
3505 0.000152995725015
3506 0.000317654825204
3507 0.000521254453455
3508 0.000135111276881
3509 0.000318950287492
3510 0.000240259541982
3511 0.000241932772656
3512 0.000288749028874
3513 0.000140606684117
3514 0.000148855809742
3515 0.000335061365157
3516 0.000143835834775
3517 0.000210192468458
3518 0.000178982910069
3519 0.000279493524184
3520 0.0002563768254
3521 0.000125680564276
3522 0.000645836511883
3523 0.000136547369196
3524 0.000210477846705
3525 0.000199468652399
3526 0.000359880695196
3527 0.000342470349618
3528 0.000208426805443
3529 0.000312030662148
3530 0.00038482494728
3531 0.00015747817775
3532 0.000192997842789
3533 0.000202307933627
3534 0.000185430047765
3535 0.000272597869657
3536 0.000240216227452
3537 0.0002612286433
3538 0.000101705008807
3539 0.000312391752518
3540 0.000167795895872
3541 0.000304060902076
3542 0.000183771712626
3543 0.000282358670674
3544 0.000126103090168
3545 0.000133524623881
3546 0.000667499448234
3547 0.000346039159175
3548 0.000169143238984
3549 0.000130731631225
3550 0.000305949156753
3551 0.00020913629885
3552 0.000163740032407
3553 9.66182816848e-05
3554 0.000387483657615
3555 0.000254687870243
3556 0.000246491973858
3557 0.000169666408173
3558 0.000254013344537
3559 0.000402399310689
3560 0.000259660513672
3561 8.12107681739e-05
3562 0.000211838060562
3563 0.000234036906467
3564 0.000179129619526
3565 0.000224486540918
3566 8.15895870111e-05
3567 0.000161260753888
3568 0.000220230063147
3569 0.000387150855415
3570 0.000277004146693
3571 4.63722731918e-05
3572 0.000266836429895
3573 0.000111001717705
3574 0.00021005704775
3575 0.000155218628267
3576 4.99950045493e-05
3577 0.00039602572092
3578 0.000418778678918
3579 0.000226021284616
3580 0.000246545861635
3581 0.000197564235633
3582 0.000186018499926
3583 5.89873388056e-05
3584 0.000153133870132
3585 0.000535199676456
3586 0.00017757578038
3587 0.000386961589278
3588 0.000248129896377
3589 7.07316646579e-05
3590 5.25585968994e-05
3591 0.000310053527969
3592 0.000212664190946
3593 0.000216871692414
3594 0.000482334502044
3595 0.000182036876254
3596 0.000220998942239
3597 0.000710376098287
3598 5.73232543005e-05
3599 0.000150879693475
3600 0.000370125386322
3601 0.000116127932411
3602 0.000246705228616
3603 0.000210171630923
3604 9.91312999433e-05
3605 0.000658579711624
3606 0.000377283820728
3607 0.000128421994816
3608 0.000128779943311
3609 0.000234991055955
3610 0.000257836502102
3611 0.000262404789608
3612 0.000494104863049
3613 0.000261427597775
3614 0.000234036906467
3615 0.000143119289983
3616 0.00024862080643
3617 0.000269597012652
3618 0.000383892760398
3619 0.000192801514035
3620 8.26312937792e-05
3621 0.000187776850825
3622 0.000151853107799
3623 0.000156047630165
3624 0.000221211260807
3625 0.000295097751038
3626 0.000338270283683
3627 0.000156834580371
3628 0.000183363801295
3629 0.000330675787301
3630 0.000429060887802
3631 0.000158330376649
3632 0.00013198647721
3633 0.000126971160679
3634 0.000572921612295
3635 0.000261332162659
3636 0.000252239708936
3637 0.000293904456768
3638 0.000107815202037
3639 0.000237791528229
3640 0.000181403051264
3641 0.000346399915519
3642 0.000155793188873
3643 0.000225395449828
3644 0.000266006964916
3645 0.000175216173481
3646 0.000222465405212
3647 0.000198018179566
3648 0.000183191370553
3649 0.000253072257014
3650 0.000234036906467
3651 4.63722731918e-05
3652 0.000269608663492
3653 0.000135494090644
3654 0.000105083674665
3655 0.00012679349144
3656 0.000221254573296
3657 0.000206405884589
3658 0.000199269800012
3659 0.000162464107936
3660 0.000162119254941
3661 0.000111830409059
3662 0.000109463302954
3663 0.000349320964654
3664 0.000182798621732
3665 0.000172444956692
3666 0.000122956610287
3667 0.000126472185115
3668 0.000224873596123
3669 0.000137479262373
3670 0.000141589963554
3671 0.000207023596121
3672 0.000138677042274
3673 0.000491122127685
3674 8.66686068815e-05
3675 0.000361304807613
3676 0.000218478859054
3677 0.000110691861654
3678 0.000466933258406
3679 9.49166444323e-05
3680 0.000274265784642
3681 0.000468205386475
3682 0.000115059877626
3683 0.000199119995157
3684 0.000175295091567
3685 0.000597850422021
3686 0.000201658530788
3687 6.98757259701e-05
3688 0.000274993542248
3689 4.91631752338e-05
3690 5.82881968369e-05
3691 0.000345762786454
3692 8.12107681739e-05
3693 0.00033604107455
3694 0.000292561085352
3695 9.85446604162e-05
3696 0.000234036906467
3697 0.000223375149606
3698 0.000183295681837
3699 0.000237669881959
3700 7.91262006319e-05
3701 0.000141589963554
3702 0.000239969908908
3703 0.000329621714737
3704 0.000167369394743
3705 4.67570462053e-05
3706 0.000426292274958
3707 0.000276313868088
3708 0.000223771665981
3709 0.000232800423821
3710 4.63722731918e-05
3711 0.000305228446638
3712 0.000314170397156
3713 9.20270206334e-05
3714 0.000301125403905
3715 0.00028352647261
3716 0.000178089847323
3717 0.000166229323949
3718 8.12107681739e-05
3719 0.000288060045835
3720 0.000268030547232
3721 0.00022250939689
3722 0.000299317118228
3723 0.000375319329858
3724 0.000147029668938
3725 0.000104387240088
3726 0.000292865450283
3727 0.000192463048996
3728 0.00014942061703
3729 0.000326998815593
3730 4.63722731918e-05
3731 0.000251229282623
3732 0.000373921403224
3733 5.20649506535e-05
3734 7.68278881595e-05
3735 0.000426647775913
3736 0.000198665056511
3737 0.000123885759444
3738 0.000343518695378
3739 0.000354817684928
3740 0.000235240464341
3741 0.000321734721407
3742 0.000178562932345
3743 0.000127149852819
3744 0.000292865450283
3745 8.12107681739e-05
3746 0.000146358628497
3747 0.000247586036148
3748 0.000306961583663
3749 4.63722731918e-05
3750 0.000147465794425
3751 0.000289405182721
3752 0.000152094369566
3753 0.000247383824674
3754 0.000295911816682
3755 0.000122195316418
3756 0.000105236532486
3757 0.000500298130092
3758 0.000261804042651
3759 0.000468635579061
3760 0.00028648809474
3761 0.000191497552462
3762 0.000250490648566
3763 0.000169323589003
3764 0.000153308976949
3765 0.000343289067406
3766 6.36919357009e-05
3767 0.000157974790759
3768 0.000142553808149
3769 0.000269213438014
3770 0.0001630518234
3771 0.000140698651095
3772 0.0001447279956
3773 0.000128871229996
3774 0.000181536579117
3775 0.00028001123647
3776 0.000172569092185
3777 0.00027172837757
3778 0.000137518735273
3779 0.000166679907282
3780 0.000241471746445
3781 0.000177865893112
3782 8.90019122337e-05
3783 0.000355010660087
3784 0.000186462990295
3785 0.00014137842372
3786 0.000193718935987
3787 0.000238140635599
3788 0.000125867527685
3789 0.000113127363275
3790 0.000219150037655
3791 0.000366904398744
3792 0.000306866966633
3793 0.00018620859472
3794 0.000520002685453
3795 0.000361878303164
3796 8.4058166911e-05
3797 0.000113447549381
3798 0.000388079094179
3799 4.63722731918e-05
3800 0.000290955040479
3801 0.000416129974185
3802 0.000125622002205
3803 0.0002068100621
3804 0.000258702900653
3805 0.000422609365189
3806 8.2499599598e-05
3807 0.000142654356953
3808 6.05742136751e-05
3809 6.56465348999e-05
3810 0.000248919062168
3811 0.000366570259693
3812 7.59122396003e-05
3813 0.000155004775602
3814 0.000141589963554
3815 0.000174875922497
3816 0.000187632752805
3817 7.33917085139e-05
3818 0.000131160494387
3819 0.000171471161344
3820 0.000198338898142
3821 4.63722731918e-05
3822 0.000318600096843
3823 0.000319808053653
3824 0.000203379593004
3825 0.000433279536811
3826 0.000364375877993
3827 0.000323674819423
3828 0.000128656417472
3829 0.000250570047268
3830 0.000420782773934
3831 0.00119478465684
3832 0.00025630995791
3833 0.000118652289687
3834 0.000321976965721
3835 0.000107741472125
3836 0.000301490012554
3837 0.000329411718601
3838 0.000258446081426
3839 0.000507304821832
3840 8.72784376327e-05
3841 0.000156192014826
3842 0.000313275760979
3843 0.000368206632019
3844 0.000118853165303
3845 0.000125970319492
3846 0.00018939407457
3847 0.000247586036148
3848 0.000213697393827
3849 0.000143322222956
3850 0.00012032445934
3851 0.000252739402566
3852 0.000532250871215
3853 0.000207605013478
3854 4.63722731918e-05
3855 5.33741320926e-05
3856 0.000187020389757
3857 4.63722731918e-05
3858 0.000169822850755
3859 0.000271228332089
3860 0.000102421753147
3861 0.000345272899161
3862 0.0002808152651
3863 0.000238127526062
3864 0.000220934440912
3865 0.000141589963554
3866 7.6772006249e-05
3867 0.000226082816983
3868 0.000307406938056
3869 0.000278106847705
3870 0.000337460640558
3871 0.000290848286907
3872 0.000138220916822
3873 0.000211137191281
3874 0.000336554080856
3875 0.000220473437347
3876 6.18275458827e-05
3877 0.000128938320828
3878 0.000457480342165
3879 0.000142999592648
3880 5.33741320926e-05
3881 0.000144708601165
3882 0.000218858581243
3883 7.95216836254e-05
3884 0.000234036906467
3885 0.000277690554668
3886 9.12259743438e-05
3887 0.000272680855567
3888 0.000144747225289
3889 0.000174944145913
3890 0.000149327172643
3891 9.13282155222e-05
3892 0.000271502967481
3893 0.000197300748824
3894 0.000105378778862
3895 0.000200763698849
3896 0.000171319589094
3897 0.000235501046884
3898 9.0759103173e-05
3899 0.000250597524439
3900 0.000125170206006
3901 0.000345819057453
3902 0.000149365673682
3903 0.000372210897121
3904 0.000208995728339
3905 0.000137201773208
3906 0.000175527803533
3907 0.000453538486939
3908 0.000305814577837
3909 0.000122908486457
3910 0.000246877833829
3911 8.60801011095e-05
3912 0.000141589963554
3913 0.000234056701818
3914 0.000173147279606
3915 0.000130665720871
3916 0.000260862306535
3917 0.00013335835571
3918 0.000235560202819
3919 0.000569710310025
3920 0.000181403051264
3921 0.000234598190662
3922 0.000387874717475
3923 5.9482306572e-05
3924 0.000169320812989
3925 0.000413456574907
3926 0.000109973288152
3927 0.000362125421845
3928 0.000310176908467
3929 6.07243306684e-05
3930 0.000166531454802
3931 0.000468287804863
3932 0.000280762073537
3933 0.000187699188507
3934 0.000314510256513
3935 0.000119636220609
3936 4.63722731918e-05
3937 0.000100537612649
3938 0.000180102603042
3939 0.000676737453657
3940 0.000105278200625
3941 0.000117287260412
3942 0.000112750840351
3943 5.00220835655e-05
3944 0.000226119995877
3945 0.000129492258919
3946 0.00038678399768
3947 8.90019122337e-05
3948 0.00033496547629
3949 0.000524149277456
3950 0.00026051324413
3951 0.000233173886915
3952 0.000369506002529
3953 0.000105767024321
3954 9.2854545503e-05
3955 0.000115818114733
3956 6.71764097345e-05
3957 0.000294844019547
3958 0.000271582879602
3959 0.00012929532368
3960 4.86598136748e-05
3961 0.000246972714852
3962 0.000132236139793
3963 0.000347681436741
3964 0.00014631967256
3965 0.000219326186347
3966 8.62897817436e-05
3967 0.000427123924947
3968 0.000232539231108
3969 0.000396800035671
3970 0.000269363443863
3971 0.00010121534547
3972 0.000412256344947
3973 0.000220073677564
3974 0.000103468273951
3975 4.63722731918e-05
3976 0.000233115615154
3977 0.000175758535456
3978 9.96118973405e-05
3979 6.02720044073e-05
3980 0.000185330675568
3981 0.00216433669931
3982 0.000251064242804
3983 0.000416342970522
3984 9.7131832277e-05
3985 6.83968649018e-05
3986 0.000205439974246
3987 0.000289182362923
3988 0.000119064604856
3989 0.000229546951487
3990 0.000214066436539
3991 0.000189892391394
3992 0.000126495095153
3993 0.000125427388696
3994 0.000204331225916
3995 0.00033758758452
3996 0.000287802805423
3997 0.000168508330959
3998 0.000328303427957
3999 0.000433617793052
4000 0.000177339224389
4001 0.000299543632661
4002 0.000119064604856
4003 0.000245134340225
4004 0.000169747270692
4005 0.000317525929812
4006 0.000132478379525
4007 0.000101068296985
4008 0.000189892391394
4009 6.83968649018e-05
4010 0.000303742094994
4011 6.83968649018e-05
4012 0.000147671628189
4013 0.000119064604856
4014 0.000206923827929
4015 0.000367930523972
4016 6.83968649018e-05
4017 0.000189892391394
4018 0.000304127250536
4019 0.000223084484995
4020 0.000250053376605
4021 0.000269779313623
4022 0.000335049345246
4023 6.83968649018e-05
4024 0.00053939106664
4025 6.83968649018e-05
4026 0.000189892391394
4027 0.000282390269346
4028 0.000268326188628
4029 0.000104267465579
4030 0.000119064604856
4031 0.000554248674454
4032 0.000357671902675
4033 0.000101068296985
4034 0.000123994468686
4035 9.38839259896e-05
4036 6.83968649018e-05
4037 0.000106146922303
4038 0.000148411393053
4039 0.000295723959713
