node,pagerank
1 0.0058100095829
2 0.00025866425155
3 0.000189819501923
4 0.00029723286491
5 0.000233982597502
6 0.000197801684026
7 0.000178330270595
8 0.000272797693035
9 0.000224918451355
10 0.00058296647562
11 0.000143133925427
12 5.42566004201e-05
13 5.14401626723e-05
14 0.000378563169706
15 0.000280237781762
16 5.14401626723e-05
17 0.000130942594874
18 0.000240806466488
19 5.14401626723e-05
20 0.000358221958157
21 0.000266107910341
22 0.00070122911089
23 0.000166505183087
24 0.000367667255741
25 0.00022277560368
26 0.000752857727557
27 0.000647382389869
28 0.000103051980441
29 0.000237970950131
30 0.000208551176109
31 0.000214404702583
32 0.000272678709874
33 0.000163307583232
34 7.10225472001e-05
35 9.41447661082e-05
36 7.13660297016e-05
37 0.00018071527515
38 5.14401626723e-05
39 0.000157117366386
40 0.000183634642374
41 0.00055253725363
42 0.000419714543353
43 9.19643763896e-05
44 5.14401626723e-05
45 0.000164522620288
46 0.000172366016247
47 0.000127445474899
48 7.84561853062e-05
49 0.000273980486317
50 0.00016222149156
51 0.000159059087114
52 0.000133489699545
53 7.70925754722e-05
54 0.000407392026902
55 0.000124429016902
56 0.000184339800654
57 0.000803768123701
58 0.000203111515872
59 0.000220056009026
60 0.00021443230202
61 0.000121045249648
62 0.000123982754043
63 0.000275187220705
64 9.26745181519e-05
65 0.000139104005412
66 0.000152327134436
67 0.000166210027748
68 0.000736414606826
69 0.000207948284204
70 0.00013301147234
71 7.4781312773e-05
72 9.84126166993e-05
73 0.000250735366826
74 0.000147641521455
75 5.14401626723e-05
76 0.000164638523537
77 8.00250082601e-05
78 0.000114186553383
79 0.000212943346523
80 0.000168663395865
81 0.000298653276769
82 0.000104802831318
83 0.000371605349245
84 0.000133489699545
85 0.000180936347546
86 0.000169509951127
87 0.000153358471598
88 0.00015869082177
89 0.000265819525577
90 0.000200996734511
91 8.7305696624e-05
92 0.000211576762924
93 0.000271262402434
94 0.000158767879678
95 0.00028286045785
96 0.000157390132024
97 0.000139377079765
98 0.00010678874346
99 0.000486937105856
100 0.000279906915775
101 0.000169618121371
102 0.000252162573681
103 0.000154507919124
104 0.000173555111729
105 0.000345206428265
106 0.000170563624713
107 0.000120694044145
108 0.0069725600007
109 0.000190536162067
110 0.000364721195231
111 0.000140279479435
112 0.000266706258754
113 9.76350437881e-05
114 0.000432017892138
115 5.14401626723e-05
116 0.000381876109816
117 0.000297442482447
118 0.000104597410853
119 0.000368607412404
120 0.000688065698137
121 8.7050862094e-05
122 0.00016224497202
123 0.000602476087796
124 0.000194417628694
125 0.000107877843443
126 6.95713586646e-05
127 0.000119780760479
128 0.000232184934557
129 0.000286481866542
130 0.000113696952418
131 0.000217508353964
132 0.00016520747886
133 0.000194968997357
134 0.000219129308357
135 0.000203949769249
136 0.000164414290381
137 0.000597597069469
138 0.000294162380094
139 7.06276081273e-05
140 0.000149416786791
141 0.00020330628611
142 0.000286881223379
143 0.000412747296213
144 0.000279007769203
145 0.000265050682875
146 8.7305696624e-05
147 0.000136532738562
148 0.000155947979852
149 0.000237569616441
150 0.000248582119734
151 0.000187555247991
152 0.000138176954587
153 0.000121674779026
154 6.0259853201e-05
155 7.49282911892e-05
156 9.91667688627e-05
157 0.000163776507456
158 0.000102845885486
159 0.00027537293381
160 0.000195292893768
161 6.75582824476e-05
162 0.000260814447558
163 0.00015916223415
164 0.000117288161025
165 7.13287105023e-05
166 0.000140196459974
167 0.000101228921197
168 0.000145681674238
169 0.00016416243997
170 0.000387784533393
171 0.000471335711478
172 0.000370287702128
173 0.000400468154759
174 0.000208801000672
175 0.000126344797383
176 0.000354249631193
177 0.000165814597641
178 0.000242829343097
179 0.000174974950427
180 0.000126416281161
181 0.000261519413017
182 0.000233982597502
183 0.000112603297221
184 6.17950249819e-05
185 0.000254516204044
186 0.000275848269889
187 0.000447561405374
188 0.000217993381043
189 0.00047027313295
190 0.000139104005412
191 9.86210784149e-05
192 7.2940305438e-05
193 0.000150186858017
194 0.000126742849183
195 0.000248074169476
196 0.000212943346523
197 0.000177693523838
198 0.000231840378997
199 0.000258028023954
200 0.000460529848325
201 0.000566091459153
202 0.000116162559261
203 0.000115545649705
204 0.000612081900398
205 0.000280612809953
206 7.70925754722e-05
207 9.05190788219e-05
208 6.75650877398e-05
209 0.000103977698526
210 5.14401626723e-05
211 5.14401626723e-05
212 0.000306029555634
213 0.00019960879272
214 0.000411469572939
215 0.000314652169944
216 5.14401626723e-05
217 7.04663052229e-05
218 0.000150194900974
219 0.000212943346523
220 0.000164307667111
221 0.000104824512164
222 0.000112483958645
223 0.00015082572373
224 0.000267626645635
225 0.000293118026637
226 0.000220969584329
227 0.000246667961694
228 0.000318135589501
229 7.61398443778e-05
230 0.000109165376428
231 0.000245698177631
232 0.000247093335943
233 0.000251972862452
234 8.97600227098e-05
235 5.98907382234e-05
236 9.02973508193e-05
237 0.00037976115317
238 0.000133489699545
239 0.000245460202616
240 0.000596523142885
241 8.16063453903e-05
242 6.87391020002e-05
243 0.00029938391272
244 0.000177995841972
245 8.97600227098e-05
246 0.000134664828569
247 0.000174565388274
248 8.10697140152e-05
249 0.000230646869413
250 0.000304600912992
251 8.59139625603e-05
252 0.000208526726936
253 0.000620456600571
254 0.00010678874346
255 0.000228462220159
256 6.87391020002e-05
257 8.97600227098e-05
258 0.00021118650363
259 0.000179629916474
260 0.000211576762924
261 0.000151370069619
262 0.000382916143756
263 0.000104824512164
264 0.000162653866801
265 0.000140279479435
266 0.000279738356121
267 0.000238999942302
268 6.99424319801e-05
269 0.000137265950288
270 0.000130727476732
271 9.18662399037e-05
272 0.000725254062806
273 0.000468910625735
274 0.000212943346523
275 0.000169570562058
276 0.000233982597502
277 0.000199078454471
278 0.000667281336392
279 0.000224664052411
280 6.77420648365e-05
281 0.000445946604661
282 0.000229750409365
283 8.97600227098e-05
284 9.86763454316e-05
285 0.000231265742875
286 0.00047384939323
287 8.12426882682e-05
288 5.14401626723e-05
289 7.72406802661e-05
290 0.000102234403485
291 0.000162958549194
292 0.000373802115481
293 5.14401626723e-05
294 9.76350437881e-05
295 7.63777192381e-05
296 0.000124822397733
297 0.000162653866801
298 0.000256113065619
299 0.000135245039866
300 0.000263346312131
301 0.000119065993372
302 9.5049824902e-05
303 0.00025841707305
304 0.00023350898668
305 0.000529419962279
306 6.68576063191e-05
307 0.000212943346523
308 0.000110450940504
309 0.000255847911886
310 0.000164414290381
311 0.00023745319578
312 0.000100659869558
313 0.000468192423939
314 0.000379228515005
315 0.000162836252708
316 0.00055642324396
317 6.34696003991e-05
318 0.000111617981024
319 0.000138837360972
320 0.000200996734511
321 0.000293947805664
322 8.924434312e-05
323 0.000722838066
324 0.000387964847986
325 0.000309688174086
326 0.000366583770937
327 0.000326439932174
328 0.000117155423542
329 0.000212943346523
330 0.00036840168409
331 0.00021618448615
332 0.000224810605442
333 0.000435750441647
334 0.000161039000761
335 0.000295373137232
336 5.14401626723e-05
337 7.17773517145e-05
338 0.000177862247007
339 0.000114139637387
340 0.000332034921022
341 9.83005844622e-05
342 0.000145408500264
343 0.000338783057749
344 0.000315585496378
345 0.000126641126481
346 0.00018523798172
347 0.000342808321334
348 0.000113840515733
349 0.00235715970136
350 8.41088878938e-05
351 0.000218561139125
352 0.000129655913992
353 0.000176492879803
354 0.000629021931705
355 0.00022443863225
356 0.000312759127845
357 8.84574408645e-05
358 0.000200496739704
359 4.59218960648e-05
360 0.000241935044421
361 0.000313483197967
362 0.000220865275173
363 0.000168836529373
364 0.000588109898337
365 0.000207305185399
366 7.55033573582e-05
367 0.000598948721605
368 0.000256960484369
369 0.000247078273695
370 0.000267489913731
371 0.000470494840489
372 7.14786991254e-05
373 0.000167799710396
374 0.000652847057991
375 0.00045149226293
376 0.000144116914313
377 0.000911315179235
378 6.92066104812e-05
379 0.000386781126474
380 6.64900169052e-05
381 0.000140543067576
382 0.000145287210325
383 0.000126015520508
384 8.20341448098e-05
385 9.42749282222e-05
386 8.50896809024e-05
387 9.80033100747e-05
388 0.00028129595712
389 0.000273187321315
390 0.000399478072508
391 7.88492148736e-05
392 0.000394399799532
393 0.000272691015197
394 0.000164099923193
395 0.00026536566421
396 0.000516635233323
397 0.000235351113354
398 0.000388594456245
399 0.000244197532115
400 0.000184981401245
401 0.000499294256443
402 7.39362998478e-05
403 0.000406301139733
404 0.000173479736036
405 0.000358303582814
406 0.000122107981981
407 9.17574283446e-05
408 0.000163110456127
409 0.0003556607905
410 0.000248692185134
411 0.000146522673021
412 9.1466154532e-05
413 0.000682403184179
414 0.000157772672145
415 0.00183251506676
416 0.000206416214227
417 0.000161512798119
418 0.000403043276004
419 0.000215126336155
420 0.000420394441536
421 0.000232615364325
422 0.00020368487596
423 0.000523341569851
424 0.00039458009422
425 0.000196555737097
426 0.000170639107576
427 0.000161296756426
428 0.00013000489902
429 0.000785182678573
430 0.000125211988098
431 0.00026631228062
432 0.000496340928714
433 0.000390877242507
434 0.000124859886361
435 0.000260069842331
436 0.000121638405001
437 0.000422613107411
438 0.000216956755845
439 0.000470056715659
440 0.000297981723721
441 0.000126678425786
442 0.000184981401245
443 0.000116509297173
444 7.08082879338e-05
445 0.000329659890187
446 0.000219369528329
447 0.000150589609944
448 4.59218960648e-05
449 5.98718828882e-05
450 0.000122987152257
451 0.000193623843706
452 0.000191280859663
453 0.000305459177599
454 0.000145500553704
455 8.83788785499e-05
456 0.000326305098261
457 0.000404582303323
458 0.000222428706101
459 0.000213084068353
460 0.000128459833804
461 0.000471400895266
462 0.000358846367297
463 0.000179310591859
464 0.000332775565196
465 0.000113347833041
466 0.000516238750595
467 0.000115974664777
468 0.000108403465546
469 7.08082879338e-05
470 0.000220779871849
471 0.000161351516568
472 0.000218961501258
473 9.69927835248e-05
474 0.000237737231669
475 0.000183862719337
476 0.000792705503327
477 0.000143891551277
478 0.000143879895171
479 0.000108491565037
480 0.000266203561527
481 0.000103807448118
482 0.000240112924175
483 0.00023327411038
484 0.00131237814155
485 0.000625447796966
486 7.98394215905e-05
487 0.000187355582576
488 0.000233600797024
489 0.000197770701881
490 0.000210723685108
491 0.000130476189914
492 0.000114835414591
493 0.000419534717696
494 0.000366432069582
495 0.000174382290298
496 0.000173575999193
497 0.000290863351032
498 0.0005492234651
499 0.00014185558263
500 8.511754726e-05
501 0.000549410389034
502 0.000184981401245
503 0.000113766960158
504 0.00037988359237
505 0.000377994292565
506 0.000156941265896
507 0.000481244396087
508 0.000455001790872
509 0.000159913698058
510 0.000178108445984
511 0.000229811536549
512 0.000212361029422
513 0.000209845167697
514 0.000580838860176
515 0.000440930576449
516 0.000408678497812
517 0.000221803674895
518 0.00062828474262
519 0.000214935671384
520 0.000213399277583
521 0.000343681948134
522 0.000125173496081
523 0.000133538255318
524 0.00031017022261
525 0.000422197648309
526 0.00049104088286
527 0.000474947839322
528 0.000307311363224
529 0.000136513120567
530 0.000114354553447
531 7.09429995907e-05
532 0.000349781077376
533 0.000240037489537
534 9.56647273691e-05
535 0.000107707010689
536 0.000111637739978
537 0.00016559430323
538 0.000271301211564
539 0.000539615025513
540 0.000212377397117
541 9.60576597105e-05
542 0.000110895730163
543 0.000394627720175
544 0.000199259392744
545 0.00046997057209
546 0.000319567131229
547 0.000251046663166
548 0.000269005155943
549 0.000245373572653
550 0.000110170724082
551 4.59218960648e-05
552 0.000196605974072
553 9.42749282222e-05
554 0.000579863130028
555 0.000204330526694
556 0.000304231184835
557 0.000350052964869
558 0.000283229519822
559 0.000172126562322
560 0.000529232494579
561 0.000221867421744
562 0.000529924868692
563 7.80822581597e-05
564 0.000745374848106
565 0.00021152546988
566 0.000159238325542
567 0.000529667177802
568 0.000487263256294
569 0.000138185041289
570 0.000126226004911
571 0.000257806183943
572 5.94413588215e-05
573 0.000108403465546
574 0.000352229985429
575 0.000141419462282
576 0.000152477596497
577 0.000171898755024
578 0.000249385898929
579 0.000269939630818
580 0.000426294655782
581 0.000531552914048
582 8.18164200636e-05
583 0.000239460082742
584 0.000280839840568
585 0.000193392638927
586 4.69540601862e-05
587 8.28701829457e-05
588 0.000110620051468
589 0.000172482672056
590 0.000239136010654
591 0.000153675281188
592 0.000316583968704
593 0.000448651112022
594 7.80995673285e-05
595 0.000201845639948
596 0.000219965316657
597 0.000368909195295
598 0.000245096736711
599 0.000188187421693
600 0.000260450973817
601 0.000270924419885
602 0.000194605671861
603 4.69540601862e-05
604 0.000209761911166
605 0.000255149948021
606 0.000208296455312
607 0.000545939298395
608 4.69540601862e-05
609 4.69540601862e-05
610 0.000305620921829
611 7.06976554477e-05
612 0.00019036719575
613 0.000180285977336
614 4.69540601862e-05
615 0.000226848018621
616 0.000271089228913
617 0.000246444529111
618 0.000290470641209
619 0.000273595623447
620 0.000286183663548
621 0.000208239269786
622 0.00011216987212
623 0.000171856391675
624 0.000201936216862
625 4.69540601862e-05
626 0.000242555256676
627 0.000173279605904
628 0.000269939630818
629 0.000153469548258
630 0.000106412077183
631 0.000417115715423
632 0.000151826512122
633 0.00025072601279
634 0.000179801882609
635 0.000151863150528
636 0.000245643490517
637 0.000274487314739
638 0.000695786520951
639 4.69540601862e-05
640 0.000138921800558
641 0.000259871606863
642 0.000420229748979
643 8.18164200636e-05
644 0.000270924419885
645 0.000268050533987
646 0.000230686729261
647 0.000118101223335
648 0.000220236227817
649 5.68710381378e-05
650 8.42407471193e-05
651 0.000250568252615
652 0.000461274402392
653 6.49461740903e-05
654 0.000299535778671
655 0.000350710470084
656 9.30491180397e-05
657 4.69540601862e-05
658 0.000109665325117
659 0.000269939630818
660 0.000269939630818
661 6.90266670248e-05
662 0.000270924419885
663 0.000270358895604
664 0.000127774870996
665 0.000201104571343
666 0.000211916134279
667 0.00019931354478
668 7.42822210463e-05
669 4.69540601862e-05
670 0.000241798236992
671 0.000259457070352
672 7.07607955236e-05
673 0.000111458483615
674 6.49461740903e-05
675 4.69540601862e-05
676 0.00026018632001
677 0.000145065231797
678 0.000249094520276
679 0.000290602324754
680 0.00010531146437
681 0.000293199079703
682 0.000261013600098
683 0.000172060190948
684 0.000237419194721
685 0.000232440854595
686 0.000198506025706
687 0.00222295787153
688 0.000298011612141
689 0.00046031578613
690 0.000156208397234
691 0.000118828604223
692 0.000123296841075
693 4.82609437067e-05
694 0.000156400423227
695 0.000532730770069
696 0.000409306650408
697 0.000321313767343
698 0.000532592972397
699 0.00131788157276
700 6.36994398453e-05
701 0.000102934946598
702 0.00022759059572
703 0.000157818833565
704 0.000447315999314
705 8.98316254517e-05
706 0.000682363198575
707 0.000193588308219
708 0.000183458165944
709 0.000333558557996
710 0.000193401918668
711 0.00011114358579
712 0.000220014720659
713 0.000229479442105
714 0.000751374771729
715 0.000250856301966
716 0.000117290790721
717 0.000153987600832
718 0.000118921535742
719 0.000314895839162
720 0.000637586538462
721 0.00022641939379
722 9.07871255235e-05
723 0.000168529229015
724 0.000148569713894
725 0.000476114880525
726 0.00015549506449
727 0.000339610715458
728 0.000288895694391
729 0.000392683575122
730 0.000238771987346
731 0.000180623230745
732 0.000265580059491
733 0.000258608754505
734 0.000134337190665
735 0.000267829263459
736 9.08040636015e-05
737 0.000234176569049
738 0.000189001181897
739 0.000271082086209
740 0.000322839201086
741 0.000132110914441
742 0.000195962936919
743 0.000190447581457
744 7.82959242012e-05
745 5.86699871516e-05
746 0.000580108324173
747 0.000163587128678
748 0.000591180674484
749 0.000218556942822
750 7.39043990008e-05
751 5.83312828576e-05
752 0.000136789599013
753 0.000373416446169
754 0.000197920618136
755 0.000308506075329
756 0.000217988022894
757 0.000129533277587
758 0.000120743910704
759 0.000225905791226
760 0.000130647132784
761 0.000303027067966
762 0.00011171264836
763 0.000154595427676
764 0.000178402578503
765 0.000295385460052
766 0.000169039846271
767 0.000355863781114
768 0.000155007008466
769 0.000232200860097
770 0.000223731251273
771 0.000320657360538
772 0.000256538559507
773 0.000211147853168
774 0.000359576142939
775 0.00039449529912
776 7.39043990008e-05
777 0.000240216682082
778 0.000207296248748
779 0.00018475315451
780 0.000202598751234
781 0.00034226386023
782 0.000511304020815
783 0.000222471084151
784 0.000205389055688
785 0.000416934955419
786 7.30132285018e-05
787 0.000150967682437
788 0.000312736708192
789 9.37939426334e-05
790 0.000230430050014
791 8.62126607585e-05
792 0.000139646952203
793 0.000252202299231
794 0.000233767041456
795 0.000166759365582
796 0.0002159298711
797 0.000135635854355
798 0.000286526878013
799 0.000162314735554
800 0.000160233034493
801 0.000400696627012
802 4.82609437067e-05
803 0.000108229945698
804 0.000249422163826
805 0.000270393963258
806 0.000656817477198
807 0.000271035702659
808 0.000223684838075
809 0.000124747626345
810 0.000206770449098
811 0.000323330302631
812 0.000148036926536
813 0.000110740524661
814 0.000149723574707
815 0.000275696770402
816 0.000390602570536
817 0.000161072588456
818 0.000264756309536
819 0.000263829102403
820 0.000394362785414
821 0.000387665056713
822 0.000119603791785
823 0.000260853384177
824 0.000557490366989
825 0.00056595088482
826 0.000141947919893
827 0.000138832496747
828 0.000447665058553
829 0.000790600334737
830 0.000374185761
831 0.000548877959981
832 0.000178329430701
833 8.78281170212e-05
834 0.00027131225633
835 0.000398174846173
836 0.000222506671809
837 0.000152040964054
838 0.000160635115022
839 0.000237691976957
840 0.00026393129155
841 0.00029361857256
842 6.22781236164e-05
843 0.00036770207302
844 0.000156145781618
845 0.000163663359397
846 0.000246274017479
847 0.000105168516238
848 0.000279829778831
849 0.000257719620382
850 0.000322829730887
851 0.000160303603759
852 7.49141820009e-05
853 0.000118921535742
854 0.000426100905842
855 6.65106409743e-05
856 0.000118921535742
857 0.000531202656709
858 0.000205315513287
859 0.000157122055261
860 7.85538642384e-05
861 6.05931776271e-05
862 0.000191650674357
863 0.000296300866167
864 0.000213754857507
865 0.000136003960305
866 0.000100177393306
867 0.000161917183046
868 0.000227580390151
869 0.000100177393306
870 0.000126356114062
871 0.000213508794109
872 0.000200843628925
873 0.000200453313385
874 0.000174985377432
875 0.000200453313385
876 5.37128091246e-05
877 0.000213754857507
878 0.000125849034352
879 0.000196189626126
880 0.000187210294303
881 0.000116317701395
882 0.000212574835351
883 0.000162880962456
884 5.37128091246e-05
885 0.000121651068748
886 0.000260725667646
887 0.000167547352755
888 0.000174985377432
889 0.000178133273514
890 0.000247303257984
891 0.000127411815541
892 5.37128091246e-05
893 5.37128091246e-05
894 0.00011455672441
895 0.000134463641683
896 0.000185351343529
897 0.000591451460503
898 0.000247272913072
899 0.000209030226911
900 6.82659673662e-05
901 0.000122974377638
902 0.000274064960817
903 0.00022782317039
904 0.000272176210668
905 8.59178663829e-05
906 0.000135929324022
907 0.000247795734459
908 8.63585872916e-05
909 0.000291847661694
910 0.000176500735424
911 0.000100265967553
912 4.28268704855e-05
913 0.000123442148303
914 0.0002588632909
915 0.000125218832208
916 0.000230026327586
917 0.000425265497847
918 0.000739986703965
919 4.28268704855e-05
920 0.000170185413948
921 0.000100244881164
922 0.00032609717081
923 0.000149075531878
924 0.000102754976859
925 0.000314278919233
926 0.000488807410557
927 0.000102843316499
928 0.000250411863792
929 0.000115196689425
930 8.71767279838e-05
931 0.000329309216578
932 0.000137976542625
933 0.00021586163497
934 0.000159266002584
935 0.000250596685455
936 7.55139697865e-05
937 0.000239248132103
938 9.64481963312e-05
939 0.000236299892989
940 0.000168630543521
941 0.000141595986097
942 0.000289172122767
943 0.000331038525384
944 0.00011529788393
945 0.000273669746321
946 5.80090035665e-05
947 0.000518928347155
948 0.000349961418451
949 0.000247369527749
950 0.000181154349391
951 0.000116104608377
952 0.000168649568114
953 0.000250180264774
954 0.000337878415916
955 0.000280440309847
956 0.00016292238192
957 0.000156714659894
958 0.000312871704545
959 0.000202271544333
960 0.000165516590775
961 0.000322399588046
962 0.000143698106569
963 0.000199046173037
964 0.000264754037067
965 0.000209717370342
966 0.000135081165858
967 0.000332057253547
968 0.000340156580731
969 0.000245298014575
970 0.000178996419279
971 0.000157636709022
972 0.00019752908991
973 9.72387789128e-05
974 0.000145801867654
975 0.000119046296753
976 0.000272410643788
977 0.000169176221827
978 0.000207413973905
979 0.000327773512702
980 0.000160592041623
981 0.000399917842208
982 0.000233014243554
983 0.000240601828922
984 0.000198955770205
985 0.000231333045998
986 9.35558090133e-05
987 0.000108303977458
988 9.18584463906e-05
989 0.000204176749705
990 0.000184864149992
991 0.000270576723316
992 0.000162981569939
993 0.000250616535456
994 0.00045881040318
995 0.000179308680933
996 0.000262245668356
997 7.14699381037e-05
998 0.000294043913239
999 7.88620341212e-05
1000 0.000237813299889
1001 0.000177696877652
1002 0.00024115097896
1003 0.000115198430989
1004 0.000301099945552
1005 0.000348642393186
1006 0.000128813023359
1007 0.000426260378519
1008 0.000112551475561
1009 9.4810000611e-05
1010 0.000284710263346
1011 0.000275284458848
1012 0.000232213077844
1013 0.000192710940149
1014 0.000123283365414
1015 0.0004999291658
1016 0.000184229588404
1017 0.000149010419738
1018 0.000433713226578
1019 0.000254191042777
1020 0.000291919612829
1021 0.000295381828837
1022 0.000302543251416
1023 5.94639089608e-05
1024 0.000110383444967
1025 0.000281361043871
1026 0.00019852309231
1027 0.000263794579511
1028 8.96799425508e-05
1029 0.000214074383665
1030 0.000312509998186
1031 0.000176912626777
1032 6.69620621933e-05
1033 0.000395538677825
1034 0.000174950596286
1035 5.68405186272e-05
1036 0.000196529318468
1037 0.000280499081089
1038 0.000265006805935
1039 7.00829536628e-05
1040 0.000109733238718
1041 0.000218107441996
1042 0.000347048857683
1043 0.000128730715018
1044 0.000183251982077
1045 0.000155124886447
1046 0.000167527160858
1047 9.04490367676e-05
1048 0.000216639576866
1049 0.000333970449079
1050 0.000270248714109
1051 0.000129627151789
1052 0.000301449752838
1053 0.000419280062115
1054 0.000116961784076
1055 0.000192703510635
1056 0.000143434205432
1057 0.000223674351768
1058 9.07019423541e-05
1059 8.58064281306e-05
1060 0.000474162260869
1061 0.000267586402353
1062 0.000123857844254
1063 0.000180936817963
1064 9.9624129001e-05
1065 0.000239952355392
1066 5.14163414791e-05
1067 0.000344263483051
1068 0.000353791363246
1069 0.000177507394066
1070 9.82408361523e-05
1071 0.000519406548788
1072 8.1373227381e-05
1073 0.000203266898116
1074 0.000112920100499
1075 0.000225099271008
1076 0.000264514666427
1077 0.000412801977591
1078 0.000141790163223
1079 0.000511862064068
1080 0.000354212815274
1081 0.000359827896231
1082 0.000170980265666
1083 0.00027620996639
1084 0.000318135744383
1085 8.61575594304e-05
1086 0.000598417035648
1087 0.000665441125202
1088 0.00010583918143
1089 0.000155672001532
1090 0.00013984979493
1091 0.000132442062406
1092 0.000112697504196
1093 0.00017903518899
1094 9.41595273384e-05
1095 0.000113432432784
1096 0.000167360865626
1097 4.28268704855e-05
1098 0.000290627121784
1099 0.000233689067694
1100 0.000288755682003
1101 0.000320535116476
1102 0.000361378722481
1103 0.000265118760274
1104 8.14695997978e-05
1105 0.000510908708013
1106 0.000115198430989
1107 0.0002172016504
1108 0.000403186422952
1109 0.000224229086417
1110 0.000277159305579
1111 0.000267476876889
1112 0.000146724623632
1113 0.000183921791546
1114 0.000296869324559
1115 0.000255962920285
1116 0.000187637958668
1117 0.000118190739004
1118 0.000360384738844
1119 0.000281429909244
1120 4.28268704855e-05
1121 0.000255876183836
1122 0.000185171477386
1123 0.000304835243729
1124 0.000247989502487
1125 0.000439223893173
1126 0.000339993951397
1127 0.000571408620237
1128 0.000201689991342
1129 0.000323323645951
1130 0.000291725262013
1131 0.000218567489512
1132 0.000244346200566
1133 0.000404936542034
1134 8.40586295443e-05
1135 0.000127889151962
1136 0.000236837227955
1137 0.000314382084407
1138 0.000239724155252
1139 0.000211893990297
1140 0.000187568594028
1141 0.00010116470981
1142 0.000154828403361
1143 0.00021950012019
1144 0.000101940087881
1145 0.000216646807346
1146 4.28268704855e-05
1147 0.000435173340712
1148 6.38147143149e-05
1149 0.000334718651099
1150 0.000316752299033
1151 0.000128880813236
1152 6.72293912899e-05
1153 0.000126753810412
1154 0.000396982553043
1155 0.000107677165512
1156 0.000273565110296
1157 0.000297998021401
1158 7.42332981741e-05
1159 0.000330818116606
1160 0.00039043526875
1161 0.000279243378622
1162 0.000152919298319
1163 9.78799434084e-05
1164 0.000296062766105
1165 0.000112037475491
1166 0.000238144316519
1167 0.000303372535114
1168 0.000205617494633
1169 8.2061833216e-05
1170 0.000159216671019
1171 0.0002226362564
1172 0.000241430522184
1173 0.000332956070908
1174 0.0003951537844
1175 0.00019322766171
1176 0.000398707516341
1177 4.71679574708e-05
1178 0.000207584406406
1179 0.000140016539322
1180 0.000284525212581
1181 0.000158985862146
1182 0.000264265825706
1183 0.000229209259144
1184 0.00023674800841
1185 0.000450080652885
1186 0.000440251911251
1187 0.000153608065336
1188 0.000190927011638
1189 0.000241403255393
1190 0.000277840137889
1191 0.000200767812103
1192 0.00033135256126
1193 0.000452090392434
1194 0.000128384433037
1195 0.000102169233617
1196 0.00017622433861
1197 0.00012564216853
1198 0.000186954755817
1199 0.000247290897898
1200 0.000610395773706
1201 7.39694504325e-05
1202 0.000192298051902
1203 0.000161979766363
1204 0.00010808122341
1205 0.000502177609396
1206 0.000308658037016
1207 4.28268704855e-05
1208 0.00022944172839
1209 9.23070980843e-05
1210 0.000242117315487
1211 0.000268441347597
1212 0.000493924959684
1213 0.000222036307756
1214 0.000173365940163
1215 0.000367395098581
1216 0.000239703861521
1217 0.000286631261185
1218 0.000290315281064
1219 0.000169251491556
1220 0.000183900496156
1221 7.59560990082e-05
1222 0.000379180137757
1223 0.000436331239726
1224 0.000154194991034
1225 6.72860659517e-05
1226 0.000224632001824
1227 0.000250999048329
1228 0.000396295447475
1229 0.000189551240453
1230 0.000239522448549
1231 0.000365963755499
1232 0.000386004770814
1233 0.000238183384226
1234 4.96550651183e-05
1235 0.00014321858375
1236 0.000522390856265
1237 0.000322757998909
1238 0.0003556807076
1239 0.000453018609188
1240 6.18054397006e-05
1241 0.000143607891836
1242 0.000141894784152
1243 0.000282077623197
1244 0.000339984375893
1245 0.000115279602204
1246 0.000214078751379
1247 0.000238118840764
1248 0.000161524269065
1249 9.49477628011e-05
1250 0.000134790277737
1251 0.000396065310781
1252 0.00013554082333
1253 7.28393909133e-05
1254 8.1373227381e-05
1255 0.000113289187167
1256 0.000374373296953
1257 0.000404124300744
1258 0.000268645690993
1259 0.000280032097023
1260 0.000345491818622
1261 0.000267926212338
1262 0.000345948381658
1263 4.53824844718e-05
1264 6.68499604172e-05
1265 8.40797763897e-05
1266 0.000128461275521
1267 0.000144128641833
1268 0.000342512253584
1269 0.000121533712086
1270 0.000368814141731
1271 5.62792169442e-05
1272 0.000289374599262
1273 0.000277833640046
1274 0.000342303103085
1275 0.000229744393649
1276 0.000383060562036
1277 4.54040749776e-05
1278 0.000581611132633
1279 0.000142753821551
1280 0.000220419920808
1281 0.000251092550429
1282 0.000216374594524
1283 0.000385647280335
1284 0.000250216794228
1285 0.000294775851122
1286 0.000182280637961
1287 0.00013817212972
1288 0.000204396283219
1289 0.000277847232606
1290 0.000254115902597
1291 0.000272345407367
1292 0.00032952763739
1293 0.000269367831762
1294 0.000160399477505
1295 0.000160044036438
1296 8.27577556883e-05
1297 0.000187183648951
1298 9.99903798625e-05
1299 0.000330119828307
1300 0.00022722777262
1301 0.000206594070788
1302 8.10048696315e-05
1303 0.00031118691572
1304 0.000254187150907
1305 0.00030521817847
1306 0.00033787693818
1307 0.000191286153263
1308 0.000295981170708
1309 0.000174475174125
1310 0.000226060288833
1311 0.000200915526865
1312 0.000185536293047
1313 0.000270193593368
1314 0.000222000493044
1315 0.00021476114007
1316 0.00022208536662
1317 0.000178372874112
1318 0.000220351571048
1319 0.000258953978677
1320 0.000222775200606
1321 0.000388627010859
1322 0.000166552943079
1323 0.000427455011497
1324 0.000243339622936
1325 0.000219790691623
1326 0.000185953130831
1327 5.820764803e-05
1328 0.000259100430145
1329 0.000209489749953
1330 0.000416290514427
1331 0.000374935049382
1332 0.000423358767278
1333 0.000273847631867
1334 0.000266038543735
1335 0.000372595210741
1336 0.000367806198254
1337 0.000178743720467
1338 0.000276538078773
1339 0.000446093039609
1340 0.000302010705351
1341 0.000201469788326
1342 0.000357652809432
1343 0.000101686029371
1344 0.000261668087682
1345 0.000281016729444
1346 0.000452485990223
1347 6.4022227121e-05
1348 0.000375038476551
1349 0.000271931199094
1350 0.000268772978867
1351 0.00017903495029
1352 0.000210354160944
1353 0.000675169627803
1354 6.66119141491e-05
1355 7.14800864606e-05
1356 0.000263847442202
1357 0.000187392306959
1358 0.000229474535388
1359 0.00046200048307
1360 0.000266264824887
1361 0.000345811742694
1362 0.000422043407455
1363 5.55026509777e-05
1364 0.000181557063495
1365 0.000101150544052
1366 0.000145826283541
1367 0.00043218244962
1368 0.000478226862867
1369 0.00016292238192
1370 0.00027725037822
1371 0.000328477375881
1372 0.000288564874681
1373 8.77936890678e-05
1374 0.000379973569461
1375 0.000267160912687
1376 0.000232381726189
1377 0.000530458272532
1378 0.000556923736651
1379 0.000259150278223
1380 0.000245147904969
1381 0.000254915609778
1382 0.000149810477411
1383 0.000219426400334
1384 6.73051980593e-05
1385 0.000139075567528
1386 0.000130873944916
1387 4.28268704855e-05
1388 0.000129089989715
1389 0.000260500980323
1390 0.000161298820529
1391 0.00054517662675
1392 0.000507271626114
1393 0.000192204504896
1394 0.000198754386105
1395 6.03107176164e-05
1396 4.82101482034e-05
1397 0.000279742414544
1398 0.00010941771722
1399 0.000161413632253
1400 0.000508311565225
1401 0.000157384368265
1402 7.73760624077e-05
1403 0.000226900029519
1404 0.000149010419738
1405 0.000244109814474
1406 0.0002766196107
1407 0.000185554439174
1408 0.000148592412311
1409 0.000221270585326
1410 0.00033942688995
1411 0.000213491657622
1412 7.89476334641e-05
1413 0.000165993976356
1414 0.000291400305961
1415 7.16791187815e-05
1416 0.000235961422258
1417 0.000327424756324
1418 5.72915445397e-05
1419 0.000150766711043
1420 0.000194313816917
1421 0.000441925238852
1422 0.000234887509858
1423 0.000118844272971
1424 0.000290319731935
1425 0.000179732119835
1426 0.000247054930938
1427 0.00032650844659
1428 0.000388670558187
1429 0.000224793489107
1430 0.000224946122006
1431 4.94297496988e-05
1432 0.000663998374805
1433 0.000269540398456
1434 0.000227369623672
1435 0.00013938145229
1436 0.000275608075588
1437 0.000202116313901
1438 0.000218018212864
1439 0.000178697338955
1440 8.96956516116e-05
1441 0.000166910558697
1442 0.000160242083658
1443 7.94476005146e-05
1444 0.000101553963803
1445 0.000214894261252
1446 0.000106881356749
1447 0.000234366463479
1448 0.000429893193541
1449 0.000251141825739
1450 0.000290506123598
1451 0.000205770349169
1452 0.000171864868346
1453 0.000275152764348
1454 0.000214032460172
1455 0.000268660189294
1456 7.03813016295e-05
1457 0.000383119932587
1458 0.000196735420212
1459 0.000147846296274
1460 0.000478301661764
1461 0.000182339714771
1462 9.02378273331e-05
1463 0.000393107853952
1464 6.81267362865e-05
1465 0.000180877085379
1466 0.000358547485409
1467 4.28268704855e-05
1468 0.000381744425076
1469 0.000253015497823
1470 0.000427067785435
1471 0.000244490090416
1472 0.000506622860793
1473 0.000598312114336
1474 0.000343968647938
1475 7.33995750934e-05
1476 0.000358896488797
1477 7.45097303065e-05
1478 0.000105523900013
1479 0.000161211078348
1480 0.000394795446048
1481 0.000314921171104
1482 0.000132809528925
1483 0.000341660575692
1484 0.000303521570914
1485 0.000105033464631
1486 0.000174230673916
1487 9.23840964977e-05
1488 0.00035746231406
1489 0.000402624702462
1490 0.000139768834209
1491 8.73283322313e-05
1492 0.000358919826766
1493 0.000118676802054
1494 0.000216026611598
1495 0.000258964660085
1496 0.000335357126464
1497 0.000332796294163
1498 0.000192682007017
1499 6.55965753249e-05
1500 0.0001921203923
1501 0.000212116244706
1502 0.000111078648097
1503 0.000358604630311
1504 0.000173146269635
1505 0.000388942310758
1506 0.000534018350437
1507 7.99738213896e-05
1508 0.000272911842307
1509 0.00018157204641
1510 0.000396014576849
1511 6.17595784103e-05
1512 0.000280729686993
1513 0.000226814068608
1514 0.000206012182218
1515 0.000227187127637
1516 0.000346857565235
1517 0.000444062056422
1518 0.000134711108756
1519 0.00013234717149
1520 0.000154639414966
1521 0.000358668313904
1522 6.91161462574e-05
1523 0.000450712295535
1524 0.000260802992554
1525 0.000144619626172
1526 0.000365437641839
1527 0.000153617873955
1528 0.000104336646812
1529 0.000245274742494
1530 0.000293619644612
1531 0.000302199039975
1532 0.000185296838051
1533 0.0001406189735
1534 0.000279994035618
1535 0.000286199685104
1536 0.000217668327911
1537 0.00054715783025
1538 0.000164987840169
1539 0.000231490437817
1540 0.000243960389311
1541 0.000312221015181
1542 0.000242920933546
1543 0.000182231896687
1544 0.000224492791486
1545 0.000144229655121
1546 0.000315970013708
1547 6.93164654437e-05
1548 0.00034819980313
1549 0.000309149380379
1550 0.000348033622892
1551 0.000196253472509
1552 0.000488134964138
1553 9.58175213914e-05
1554 0.000239893043512
1555 0.000473769131472
1556 0.000327889253283
1557 0.00010685009881
1558 0.000439708314911
1559 5.07989992838e-05
1560 0.000540810410458
1561 4.28268704855e-05
1562 0.000184959114535
1563 0.000129967197612
1564 0.00034026343353
1565 0.000159932903799
1566 0.000279928999402
1567 0.000176547679138
1568 0.000304318806448
1569 0.000236320478447
1570 0.00030420547283
1571 0.000375555487625
1572 0.000215670349559
1573 0.000153088697159
1574 0.000422881545388
1575 0.000424210541921
1576 0.000141907374831
1577 0.000316637800664
1578 0.000532222127867
1579 0.00018964145619
1580 7.31032748893e-05
1581 0.00025690829629
1582 4.28268704855e-05
1583 0.000221081700126
1584 0.000452688545562
1585 0.000640507031827
1586 0.000186450892141
1587 9.04490367676e-05
1588 0.000258599222479
1589 0.000224805466533
1590 0.000581386175267
1591 0.000312550049057
1592 0.0004864166011
1593 0.000137985019204
1594 0.000301598086554
1595 0.000121359520143
1596 0.000206344054304
1597 0.000364611491025
1598 0.000332144622766
1599 0.000406298432395
1600 0.000116595743447
1601 0.000350863732892
1602 0.000259252334791
1603 0.000103755398375
1604 0.000412691008378
1605 0.000450367510057
1606 0.000274961397702
1607 0.000198909614423
1608 9.72191675713e-05
1609 0.000346774504401
1610 0.00028651556614
1611 0.000507833327802
1612 0.000344584361929
1613 0.000537948810949
1614 0.000523739225724
1615 0.000231368760155
1616 0.000233951014748
1617 0.000314479803265
1618 0.000344608846362
1619 0.000126502541343
1620 0.000335112849105
1621 0.000429517497316
1622 0.000545292264827
1623 0.000514452679747
1624 0.000295380486834
1625 0.000262317362526
1626 0.00017727073288
1627 0.000217334247308
1628 8.96799425508e-05
1629 0.000390037258244
1630 0.000188693728693
1631 0.00042765512356
1632 8.75778246507e-05
1633 0.000245093832281
1634 0.000176694451691
1635 0.000281433894792
1636 0.000183455710009
1637 0.000362657537687
1638 0.000318967264744
1639 0.000185943689247
1640 0.000265905307979
1641 0.000103297994349
1642 0.000147089399921
1643 0.00027805349451
1644 0.000295149928277
1645 0.000229541919323
1646 0.000346432227872
1647 0.000124241215492
1648 0.000244074548681
1649 0.000209242266225
1650 0.000199579370142
1651 0.000174108485115
1652 5.12065152346e-05
1653 0.000247887034775
1654 0.000227813216697
1655 9.08910261924e-05
1656 0.000274295986976
1657 0.00029124952989
1658 0.000100265967553
1659 0.000128671774386
1660 0.000253743484164
1661 0.000186414648505
1662 0.000394530281632
1663 0.000423391885729
1664 0.000670529596982
1665 9.41525415029e-05
1666 0.000366391062562
1667 0.000319339469145
1668 0.000227393233973
1669 0.000350042431852
1670 0.000396340899783
1671 0.000102227874241
1672 0.000234776865849
1673 0.000208963028167
1674 0.000259436643855
1675 0.000186110976891
1676 0.000371895059954
1677 0.000179969539081
1678 0.000231655793674
1679 0.000145842559719
1680 0.000185452777165
1681 0.000304066453169
1682 0.000191544670721
1683 0.000196722580725
1684 0.000395586606571
1685 0.00638814656133
1686 0.000290143036089
1687 0.000242916429409
1688 0.000396420642539
1689 0.000337369876425
1690 0.000360181189522
1691 4.85176153817e-05
1692 0.000285743721905
1693 0.000323574282723
1694 8.05855396001e-05
1695 0.000249767388387
1696 0.000204580448145
1697 0.000120862364091
1698 8.18206311e-05
1699 0.000181201658152
1700 0.0002774471544
1701 9.03283812393e-05
1702 0.000104112467608
1703 0.000263858846478
1704 0.000486136132338
1705 0.000163825709995
1706 0.000264608311124
1707 0.000233281482211
1708 0.000514345240104
1709 0.000118661774069
1710 0.000421067811176
1711 8.48769794494e-05
1712 7.9070462641e-05
1713 0.000309920440447
1714 6.69303785849e-05
1715 0.000519805414521
1716 0.000310059762369
1717 0.000292575987844
1718 0.000405256256553
1719 0.000527713103203
1720 0.000190886975145
1721 0.000255312860444
1722 0.000336124365835
1723 0.000212003774106
1724 0.000165395456884
1725 0.000205599895376
1726 0.000382528392007
1727 0.000196075592814
1728 0.000215180141233
1729 0.000172908671613
1730 0.000404733349339
1731 0.000667689633176
1732 9.66221437897e-05
1733 0.000252911993449
1734 0.000302189938598
1735 0.000174102352597
1736 0.000324100334628
1737 0.000442055823886
1738 0.000240328945496
1739 0.000183966770931
1740 0.000141040369963
1741 0.000237424646908
1742 0.000315901895102
1743 0.000390485077439
1744 0.000207675192791
1745 0.000242477460825
1746 0.000148227409663
1747 0.000569419672089
1748 0.000189658108387
1749 0.000121974203778
1750 0.000137128364268
1751 0.000369461769642
1752 0.000262102461986
1753 0.000334965967808
1754 0.000256661036765
1755 0.000192524278
1756 4.7063206797e-05
1757 0.000141391476748
1758 0.000374520135644
1759 0.000248348741157
1760 8.59844113876e-05
1761 7.14563732784e-05
1762 0.000416269744832
1763 6.55575613464e-05
1764 0.000212215302093
1765 0.000139161222207
1766 0.000236974008656
1767 0.000258221548894
1768 0.000238521935453
1769 0.000621711053357
1770 0.000115264543122
1771 0.000336166951345
1772 9.51779074947e-05
1773 0.000202427291122
1774 0.000165624916852
1775 0.000174628423846
1776 6.21208748219e-05
1777 0.000100265967553
1778 7.01776423189e-05
1779 0.000257475753149
1780 0.00017463906883
1781 0.000132433854192
1782 0.00019100723403
1783 0.000228361391943
1784 0.000662924496971
1785 0.000154738941796
1786 0.000243314023519
1787 0.00046881196948
1788 0.000300693100345
1789 0.000157170281326
1790 0.000305299043021
1791 0.000221150042623
1792 0.000399498112178
1793 8.26189165321e-05
1794 0.000412522767615
1795 0.00034456385188
1796 0.000268045759737
1797 0.00021894979115
1798 7.49779456429e-05
1799 0.00027523466342
1800 0.000433177660321
1801 0.000704730515992
1802 0.000166116008789
1803 0.000119068345738
1804 0.000243450029524
1805 0.000549611487377
1806 0.000123426788257
1807 0.000295982548784
1808 0.000315837582778
1809 0.000163032680856
1810 0.000335083652035
1811 0.000301216661658
1812 0.000209739740908
1813 0.000228935851885
1814 0.000496776399894
1815 0.000112888577909
1816 0.000187236326647
1817 0.000372049148545
1818 0.0001147339086
1819 0.000184640858724
1820 0.000279646357532
1821 0.000340716564183
1822 0.000108218384489
1823 0.000136544718258
1824 0.000369903830769
1825 0.000303587260707
1826 0.0002776903104
1827 0.000299148873668
1828 0.00059082893413
1829 0.000308373343343
1830 0.000146400157651
1831 0.000116200154143
1832 0.000337246191365
1833 0.000160968230585
1834 0.000536093081426
1835 4.28268704855e-05
1836 0.000550175987835
1837 0.000118608772146
1838 0.000305177812663
1839 0.000104567495691
1840 0.000472363747937
1841 0.00013079315095
1842 0.000243449747598
1843 0.000350430223295
1844 0.000153437991488
1845 0.000433132983204
1846 0.000331904538349
1847 0.000173064459351
1848 0.000223796375578
1849 0.000196693473874
1850 0.000341043206874
1851 0.000185235103165
1852 0.000180716791497
1853 0.000146362375494
1854 0.000102518678698
1855 5.55739720849e-05
1856 7.46141658778e-05
1857 5.65760753737e-05
1858 0.000346914037426
1859 0.000209305685599
1860 0.000231527766776
1861 0.000158824064794
1862 0.000334446636566
1863 0.000269959759357
1864 0.000227563946155
1865 0.000325832945571
1866 8.32463439305e-05
1867 0.000289001827874
1868 0.000371414145623
1869 0.000357258369798
1870 0.000131060062804
1871 0.000159070434623
1872 0.000405867777388
1873 0.000255665459827
1874 0.000202870146199
1875 7.27591310373e-05
1876 0.000159153005068
1877 0.000388657723753
1878 0.000209364915479
1879 0.000228735195468
1880 0.00042280945111
1881 0.000260244523517
1882 0.000294721373356
1883 0.000309540734993
1884 0.000121462845529
1885 0.000171296151016
1886 0.000161243382309
1887 0.000320629364974
1888 8.09962721522e-05
1889 0.000718540332437
1890 0.000221744704814
1891 0.000148338606591
1892 0.000233856375795
1893 0.000118558741448
1894 0.000408129705543
1895 0.000326930890919
1896 0.00029557312512
1897 0.000136268801165
1898 0.000227402081301
1899 0.000303104409195
1900 0.00037580315654
1901 0.000114982519536
1902 0.000126989419336
1903 0.00038094397458
1904 0.000207498155103
1905 0.000227933283591
1906 0.000123675058924
1907 0.000172914274974
1908 0.000168462353777
1909 0.000113794339817
1910 0.000259116896757
1911 0.000257895941159
1912 0.000238367781814
1913 0.00388195488682
1914 0.000105479368563
1915 0.000250521391101
1916 0.000128431894549
1917 0.00026224588991
1918 0.000346243121924
1919 0.000297393702445
1920 0.000289064434466
1921 0.00036822659593
1922 0.000214279207067
1923 0.000159823397254
1924 0.000260253680112
1925 7.62513022653e-05
1926 0.000241612571621
1927 0.000464349255674
1928 0.000286153062271
1929 0.000138917775544
1930 0.000279197406589
1931 0.000123982887371
1932 0.000211758473315
1933 0.000290445366345
1934 0.000123786491771
1935 0.000128804930895
1936 0.000263216304014
1937 0.000209963964829
1938 7.42580309715e-05
1939 0.000344226583247
1940 0.000262040667903
1941 0.000288654551549
1942 0.000544113336686
1943 0.000126068007317
1944 0.000352842360179
1945 0.000166248934075
1946 0.000442448976864
1947 0.000347074205749
1948 0.000374559824502
1949 0.000327898115288
1950 9.85450604815e-05
1951 9.52472332881e-05
1952 0.000327231908521
1953 9.25798626605e-05
1954 0.00023459548843
1955 0.00033105961204
1956 0.000289410516809
1957 0.00015272099341
1958 0.000216008093635
1959 0.000192138129948
1960 0.000378458927242
1961 0.000366154024464
1962 0.000114545426558
1963 0.000340602054025
1964 0.000176957876659
1965 0.000543356351087
1966 0.000162347341048
1967 0.000330255536566
1968 4.85074086095e-05
1969 0.000190144381684
1970 4.98270822801e-05
1971 0.000274965341989
1972 0.000323690454003
1973 0.000347201420395
1974 0.000321841586543
1975 8.61650629674e-05
1976 0.000307698905364
1977 0.000214090252612
1978 9.12964089964e-05
1979 0.000148251512254
1980 0.000324001353508
1981 0.00030171678741
1982 0.000196253887328
1983 0.000118042069982
1984 0.000376064949575
1985 0.000329808678819
1986 0.000437300827685
1987 0.00028844001124
1988 0.000154042629563
1989 0.00021620113383
1990 0.000179650793631
1991 0.000189222993432
1992 0.000259862935048
1993 0.00016444276994
1994 0.000375131347922
1995 0.000206862315875
1996 0.000324463023158
1997 8.04413617804e-05
1998 0.000254356242262
1999 0.000282506284756
2000 0.000187382081705
2001 0.000185637942436
2002 0.000306319543866
2003 0.000272424150199
2004 0.000192617310561
2005 0.000262582804129
2006 0.000287099749462
2007 0.00027589799522
2008 0.00049490153451
2009 8.74443398785e-05
2010 0.000234149072351
2011 0.000265392534323
2012 0.000215997956231
2013 0.000103874038558
2014 7.81517405285e-05
2015 8.49256480158e-05
2016 8.51305692153e-05
2017 0.000117229868252
2018 0.000129293133425
2019 0.00028594646105
2020 9.05449101038e-05
2021 0.000291881655406
2022 9.00588927282e-05
2023 0.000261862194259
2024 0.000219022844586
2025 0.000274113618669
2026 0.000173906003183
2027 0.000280484371945
2028 0.000233846467011
2029 0.000327826864931
2030 0.000182934634215
2031 0.000340259889323
2032 0.00026372791725
2033 0.000448039679503
2034 0.000316824394111
2035 0.000149138978206
2036 0.000258652403241
2037 0.000140641632442
2038 0.000342973758808
2039 0.000431559042815
2040 0.000340658369849
2041 0.000291772383401
2042 0.000135646406046
2043 0.00030192951725
2044 0.000319280322964
2045 9.35985924438e-05
2046 0.00032104040443
2047 0.000234834745375
2048 0.000843572171419
2049 9.6902826593e-05
2050 0.000318277095085
2051 0.000136657839378
2052 0.000123030080983
2053 0.000325875779547
2054 0.000351396301712
2055 0.000494538057024
2056 0.000158099424462
2057 0.000250355783305
2058 0.000153868409778
2059 0.000175620601634
2060 0.000348115506943
2061 0.000222261412752
2062 0.000258485950881
2063 0.000249696808292
2064 0.000267502850152
2065 0.000340762155608
2066 0.00010399057938
2067 8.2568262343e-05
2068 0.000117192791421
2069 0.00043617615127
2070 0.000321444024724
2071 0.000134889335177
2072 0.00036890175988
2073 0.000399085613938
2074 0.000354816388531
2075 0.000296593987322
2076 0.000176737200893
2077 0.000178431318027
2078 0.000239031612621
2079 0.0003716381692
2080 4.15321170289e-05
2081 9.99780324656e-05
2082 0.000532109655189
2083 0.00017058266433
2084 0.00027533777571
2085 0.000284007860592
2086 0.000195390433609
2087 0.000257091104882
2088 0.000478295806541
2089 0.000362961276616
2090 0.000211313277848
2091 0.000342754191233
2092 0.000293375605057
2093 0.000141048879881
2094 0.00033015715282
2095 0.000139112163683
2096 0.000287066822009
2097 0.000104283241562
2098 0.000209806866515
2099 0.000226367892438
2100 0.000119769598052
2101 9.71431859701e-05
2102 0.000243390735623
2103 0.000430274010889
2104 0.000340194012751
2105 0.000328790398357
2106 0.000124594032306
2107 0.000105249935516
2108 0.000318886037766
2109 0.0002999563828
2110 0.000254051069075
2111 0.000178151030499
2112 0.000560500653922
2113 0.00029768771693
2114 0.0001462143386
2115 0.000149437193901
2116 0.000256755194039
2117 0.00031520312639
2118 0.000488738640927
2119 0.000341596491619
2120 0.000155001236989
2121 0.000230817537078
2122 0.000293468973038
2123 0.000271048348797
2124 0.000369175294016
2125 0.000309996709233
2126 0.000372051705147
2127 0.000466756049802
2128 0.000356516329364
2129 0.000310575975576
2130 0.000344009287117
2131 0.000118319660883
2132 0.000362169098357
2133 0.000306444781008
2134 0.000580602029281
2135 0.000271188054903
2136 0.00027711024944
2137 0.000157798244686
2138 0.000162541361191
2139 0.000420123917197
2140 0.000324023300888
2141 0.000313090980196
2142 0.000136971921943
2143 0.000436650462945
2144 0.000342701072845
2145 0.00025383881251
2146 0.000251487035731
2147 0.000225809703535
2148 0.000132036549044
2149 0.000283329344503
2150 0.000397446767509
2151 0.00035377115009
2152 0.000269386650567
2153 0.000192036337822
2154 0.000415176965145
2155 0.000297703456798
2156 0.000179077614404
2157 0.000275939350116
2158 0.000210970502305
2159 0.000109037394596
2160 0.000255091421273
2161 0.00023476806472
2162 0.00027004274421
2163 0.000145011868346
2164 0.000123807238864
2165 0.000188312976889
2166 0.00024751009082
2167 9.65300902474e-05
2168 0.000106349120094
2169 8.33287634184e-05
2170 0.000337629759234
2171 0.000185574255997
2172 0.000335724401481
2173 0.000353952808658
2174 0.000274392777944
2175 0.000387264136972
2176 7.2331833103e-05
2177 0.000424451493948
2178 7.33610411432e-05
2179 6.67227355953e-05
2180 0.000190261128652
2181 0.000347145714756
2182 0.000176409252158
2183 7.41775817184e-05
2184 0.000401778177674
2185 0.000342156140735
2186 9.46365199505e-05
2187 0.000117683437303
2188 0.000444027640226
2189 0.000353629519944
2190 0.000334592208747
2191 0.000307349823139
2192 0.000272734394325
2193 0.000221613849049
2194 0.000144452969617
2195 0.000334612155849
2196 4.15321170289e-05
2197 0.000334165973912
2198 0.000195057282241
2199 0.000190737866489
2200 0.00055093634409
2201 0.000318371582761
2202 0.000344220408089
2203 0.000257975145542
2204 0.000321897469285
2205 9.7453252063e-05
2206 9.23798875666e-05
2207 0.00038134493056
2208 0.00019956100417
2209 9.31676335111e-05
2210 0.00018090114125
2211 0.000202545874144
2212 0.000276359122498
2213 0.000262203614644
2214 0.000203476329195
2215 0.000187380108929
2216 0.000198416351545
2217 0.000252648128224
2218 0.000178067302614
2219 0.000375465149407
2220 6.11024700909e-05
2221 0.000352510610892
2222 0.000167870072221
2223 0.000191298501127
2224 0.000362247138073
2225 0.00039271701688
2226 0.000227596896692
2227 0.000228422321604
2228 9.81848911257e-05
2229 0.000275761502169
2230 0.000388807696361
2231 6.93534966346e-05
2232 0.000305792418048
2233 0.000293261832319
2234 0.000421737985503
2235 0.000107333130501
2236 0.000257722396522
2237 0.000323512308746
2238 0.00023770985817
2239 0.000144632649242
2240 0.000160661805676
2241 0.000366580433626
2242 0.000362635193816
2243 0.000214033712783
2244 0.000206328011882
2245 0.00036250384504
2246 0.000137443881912
2247 0.000303326638299
2248 0.000386782309296
2249 0.000172793506462
2250 0.000103236648526
2251 0.000350937728318
2252 0.000109661075966
2253 6.34433753919e-05
2254 0.000291240805084
2255 0.000290640037202
2256 0.000121432553735
2257 7.81704552061e-05
2258 0.00028900061521
2259 0.000120086689418
2260 0.000222554397011
2261 0.000188853134723
2262 0.000244697213298
2263 7.96123058087e-05
2264 0.000117433463696
2265 0.000245437649932
2266 0.000101452107386
2267 0.000465794885675
2268 0.000270612820265
2269 0.000445794054755
2270 4.15321170289e-05
2271 0.000102299203958
2272 0.00033036329653
2273 0.000154318280247
2274 0.000287439497399
2275 0.000141391564089
2276 0.000336183661215
2277 0.000286420772833
2278 0.000151625643364
2279 0.000328441091751
2280 0.000389423200632
2281 0.000208905531355
2282 0.000170398068926
2283 0.000471097499403
2284 0.000520053097209
2285 0.000294209874169
2286 0.000187093505576
2287 0.000215632668387
2288 0.00015258890719
2289 0.000101876723206
2290 0.000569771718424
2291 0.000332602966394
2292 0.000124450201114
2293 0.000433115008141
2294 0.000179234857724
2295 0.000384302931018
2296 0.000102349192829
2297 0.000190876379507
2298 0.000211339705005
2299 9.83091493467e-05
2300 0.000286634436826
2301 0.000260541603615
2302 0.00017034668072
2303 0.000386114486825
2304 0.000102039234367
2305 0.000236075776039
2306 8.29839119373e-05
2307 0.000218851600349
2308 0.000262561563312
2309 0.000287849553803
2310 0.000370730977725
2311 0.000123642313322
2312 0.000124625228915
2313 9.42681217014e-05
2314 0.000754705911491
2315 0.000177812333327
2316 0.000233275773389
2317 0.000120996101833
2318 0.000325455718856
2319 0.000198709971438
2320 0.000375781492205
2321 0.000172875059459
2322 0.000121159408792
2323 0.000295147213494
2324 0.000333497448227
2325 0.00036954630497
2326 0.000339858892979
2327 0.000328243634613
2328 0.000393291129916
2329 0.000512871093739
2330 0.000238679569797
2331 0.000168115867456
2332 0.000347481679458
2333 0.000318331156721
2334 0.000487416207674
2335 0.000274056984632
2336 0.000294425365127
2337 0.000453286171607
2338 0.000195001428089
2339 0.000328833614671
2340 0.000336170124528
2341 0.000359088024074
2342 0.000251982283281
2343 0.000270268630591
2344 0.000251592156913
2345 0.000382708417115
2346 0.000229827712737
2347 0.000200500913767
2348 0.000630731361971
2349 0.000282065787801
2350 0.000186847957554
2351 0.000104825697413
2352 0.000333935489814
2353 0.000307301792243
2354 0.000177389810296
2355 0.00032342237557
2356 0.00013958350331
2357 0.000312903221332
2358 0.00014939171693
2359 7.77963756465e-05
2360 0.000271777351521
2361 0.000135450247382
2362 0.000375845935076
2363 0.000139045595781
2364 0.00030634823943
2365 0.000335378264584
2366 0.000285594590187
2367 0.000198276602759
2368 0.000212261629276
2369 0.000270330464438
2370 0.000358456614563
2371 0.000291380709398
2372 0.000308413339407
2373 0.000327567773028
2374 0.000132459330192
2375 0.000306755339879
2376 9.91750005059e-05
2377 0.000335893054257
2378 0.000298470509967
2379 0.000261119509972
2380 0.000162696357187
2381 5.68655851505e-05
2382 0.000321245560208
2383 5.60648684665e-05
2384 8.57921335719e-05
2385 0.000581312893237
2386 0.000204023492654
2387 0.000260884428755
2388 0.000154630841382
2389 8.44492584947e-05
2390 0.000144200655556
2391 0.000179844079149
2392 0.000200147156875
2393 0.000188975669465
2394 0.000116318455579
2395 0.00030653198191
2396 0.00033214832645
2397 0.00023942273361
2398 0.00030868102205
2399 0.00034561506173
2400 0.000269555088645
2401 0.000104327772864
2402 0.000190605838531
2403 0.000153300649958
2404 0.00016328463517
2405 0.000320241847274
2406 0.000194393793894
2407 0.000212698070798
2408 0.000182108189938
2409 0.00028307857525
2410 0.000326954282074
2411 0.000383137404095
2412 0.000286362863092
2413 0.000301341312803
2414 0.000100283514611
2415 0.00033436483697
2416 0.000159998745112
2417 0.000190668618111
2418 0.000254081297662
2419 0.000224435407539
2420 0.000375970611114
2421 0.000248109093545
2422 0.000178422606352
2423 8.88342797875e-05
2424 0.000303554588955
2425 0.000121599808476
2426 0.000192249762051
2427 0.000169164467885
2428 9.26030887549e-05
2429 0.000354096384638
2430 0.00019719458537
2431 0.000275820834734
2432 8.97100359485e-05
2433 0.00012861036937
2434 0.000279241024915
2435 0.000302073732945
2436 0.000159385034242
2437 0.000293599993674
2438 0.000120301283956
2439 0.000241595950432
2440 0.00015393604253
2441 0.000281422216656
2442 7.60185894748e-05
2443 4.5153677177e-05
2444 0.000140925980192
2445 0.000171591789768
2446 0.000230331399298
2447 0.000296834324835
2448 0.00025622682631
2449 0.000296017470964
2450 0.000139694878967
2451 0.000167597269082
2452 0.000338750010464
2453 8.11551284866e-05
2454 0.000127126459163
2455 7.706499012e-05
2456 0.000166927638217
2457 0.000135906890056
2458 4.15321170289e-05
2459 0.000309895657954
2460 0.000238356257669
2461 0.000311312785847
2462 0.000383820051082
2463 0.000204764040307
2464 0.000381733147028
2465 0.000364584164135
2466 0.000198557315933
2467 0.000123700523236
2468 0.000246429133318
2469 0.00036735486498
2470 0.000254159795922
2471 4.15321170289e-05
2472 0.000397983707477
2473 0.000270673133536
2474 0.000200604519267
2475 0.00022763786512
2476 0.000305312742118
2477 0.000115777639598
2478 0.000218539385246
2479 0.000230555621436
2480 0.000170719225951
2481 0.000150787267649
2482 7.30350064907e-05
2483 0.000298306906956
2484 8.6914002579e-05
2485 0.000241028219201
2486 0.000258509292493
2487 0.000186248838311
2488 0.000170398068926
2489 0.000338851324733
2490 0.000214086073408
2491 0.000149588344371
2492 0.000374518278656
2493 0.000324631299009
2494 6.05891197495e-05
2495 0.000216335779871
2496 0.000271201795142
2497 9.35591021197e-05
2498 0.000229072488195
2499 0.000317890447527
2500 0.000213474597824
2501 0.000328768922753
2502 0.000252568570265
2503 0.000168534777811
2504 0.00015526029688
2505 0.000280598952507
2506 7.50370178376e-05
2507 0.00024455787525
2508 0.000367554976312
2509 0.000306241299936
2510 0.000419458436507
2511 0.000424078401723
2512 0.000424077946526
2513 0.000320022953562
2514 0.000158314844953
2515 8.51130611388e-05
2516 0.000142718421487
2517 0.000279706753094
2518 6.95936953411e-05
2519 0.00017289251814
2520 0.000134533136089
2521 0.000305273131291
2522 0.00026682386212
2523 7.8670457115e-05
2524 0.000158745096564
2525 6.33300306927e-05
2526 0.000176090418987
2527 0.000378987626621
2528 9.63268412865e-05
2529 0.000118503106315
2530 0.000156295607944
2531 0.00011810221231
2532 0.000122134866841
2533 0.000207398933356
2534 0.000305303657771
2535 0.000173041952364
2536 0.000192673689294
2537 0.000145864527505
2538 0.00030733645187
2539 0.00028743088447
2540 0.000262369410323
2541 0.000251226842526
2542 5.60648684665e-05
2543 0.000370913776454
2544 0.000675166331982
2545 0.000124108844866
2546 7.17483831771e-05
2547 0.000270985732617
2548 0.000183720716048
2549 0.000124553051194
2550 0.00029471064281
2551 0.000312342778733
2552 0.000294780645291
2553 0.000218403908674
2554 0.000321977796192
2555 0.000186802479457
2556 0.000409474074712
2557 0.000250305194068
2558 0.000165452069172
2559 0.000297982190195
2560 0.000302777960817
2561 0.00037992950189
2562 0.000291519812572
2563 0.000146059628181
2564 0.000215401808153
2565 0.000344592260668
2566 8.04413617804e-05
2567 0.000160887489447
2568 0.000348658677311
2569 7.32674362654e-05
2570 4.15321170289e-05
2571 0.000224082741669
2572 0.000132704025483
2573 9.10577754304e-05
2574 0.000283421794356
2575 0.00020446507053
2576 0.000269353860844
2577 0.000125452433446
2578 0.000194041940245
2579 0.000301223023352
2580 0.000223591001517
2581 7.55042829676e-05
2582 0.0001650017556
2583 0.000316238445912
2584 0.000243229414013
2585 8.13017452859e-05
2586 0.000217299804873
2587 0.000338148885961
2588 0.000197825045851
2589 0.0002928678635
2590 0.000259003665615
2591 0.000358603348615
2592 0.000191901178004
2593 0.000378801514131
2594 0.000334730776635
2595 0.00033032130991
2596 8.6914002579e-05
2597 4.15321170289e-05
2598 0.000326501048491
2599 0.000493021565146
2600 7.55118006027e-05
2601 0.00033456534022
2602 0.000345742156752
2603 0.000364911921859
2604 0.00024945660495
2605 0.000362077931397
2606 8.90347553606e-05
2607 0.000158983305173
2608 0.000354769902128
2609 0.000323459181405
2610 0.00016686521453
2611 0.000254956886184
2612 0.000394043488079
2613 0.000159848966739
2614 8.91554920483e-05
2615 0.000186208474768
2616 0.000337527411336
2617 0.000326001940892
2618 0.00035466604003
2619 0.000218171129578
2620 0.000303329101491
2621 0.000283938289921
2622 0.000102937961133
2623 0.000193755509714
2624 0.000250707710905
2625 0.000348904828417
2626 0.000337589048681
2627 0.000197593039274
2628 0.000219157447656
2629 0.000243612895819
2630 0.000386857325533
2631 0.000317258908097
2632 0.000230503017508
2633 0.000102244888479
2634 0.000223074523759
2635 9.86543865257e-05
2636 0.000100733901802
2637 0.000207197744542
2638 0.000178932525742
2639 0.000303014525074
2640 0.000202078865814
2641 0.00028582571392
2642 0.00011517572357
2643 0.000453704294808
2644 0.000309498369015
2645 0.000245311093874
2646 0.000282718432748
2647 0.000261204575941
2648 0.000249664345874
2649 0.000257283175848
2650 0.0003751668049
2651 0.000191737882906
2652 8.55251217979e-05
2653 0.000178895471521
2654 0.000234108921959
2655 0.000278730528788
2656 0.000306785773499
2657 0.00015766491176
2658 0.000274124384544
2659 0.000199105310734
2660 0.000355099253004
2661 0.000205796227659
2662 0.000533311673983
2663 0.000256336986094
2664 0.000207273076703
2665 0.000377843149044
2666 0.000343693777101
2667 0.00028625255341
2668 0.000177522642733
2669 0.000282354453179
2670 0.000442651525032
2671 0.000256975352061
2672 0.00010584150414
2673 0.000231022301022
2674 0.000169742657663
2675 0.000377709539087
2676 0.000273862562127
2677 0.000381493702641
2678 0.000168946713329
2679 0.00011416232568
2680 0.000425051206692
2681 0.000255401131812
2682 0.000225452630483
2683 0.000152473919152
2684 0.00039175688592
2685 0.000185192168029
2686 0.00012572639951
2687 0.000191820573384
2688 0.000151449538914
2689 0.000126986373689
2690 0.000306454095037
2691 0.000254438739498
2692 0.000102668082905
2693 7.04025592876e-05
2694 0.000193430459512
2695 0.000426553853829
2696 8.92348764933e-05
2697 0.000172290376302
2698 0.000156662446958
2699 0.000327731711952
2700 0.000183249257504
2701 0.000155395520255
2702 0.000173391516816
2703 0.000194769874133
2704 0.000242560422433
2705 5.84367028727e-05
2706 0.000150969046124
2707 0.000330521044749
2708 0.000132905710456
2709 0.000213767611357
2710 0.000125265256176
2711 0.000125926097263
2712 0.000248559310151
2713 0.000258846881909
2714 0.000223202397652
2715 5.91568362291e-05
2716 0.000245069323433
2717 0.00056447465976
2718 0.000251176188534
2719 0.000277966675568
2720 0.000539293489282
2721 0.000297255592874
2722 0.00010584150414
2723 5.41642827488e-05
2724 0.00011431521566
2725 0.000528134795226
2726 0.000103751311994
2727 0.000156052992952
2728 0.000130018749023
2729 0.000291725834334
2730 0.000346024146341
2731 0.000627847938975
2732 0.000177186168429
2733 0.00017815127254
2734 0.000164212105185
2735 0.000261170006669
2736 0.000167453018019
2737 7.57352877312e-05
2738 0.000160192324782
2739 0.000452908119077
2740 0.000244157722782
2741 5.84367028727e-05
2742 0.000282894214207
2743 0.000623158879662
2744 0.000253223030811
2745 0.000128601449795
2746 0.000207268475081
2747 9.59109941931e-05
2748 0.000123263931041
2749 0.000441090560157
2750 0.000256526719129
2751 0.000383019760672
2752 0.000240560009366
2753 8.72542973423e-05
2754 0.00030017406457
2755 0.000570882667086
2756 0.000392619222616
2757 0.000232666430025
2758 0.000378798513924
2759 0.000345387851047
2760 0.00016283127474
2761 0.000135203951413
2762 0.000170046164005
2763 0.000176168934718
2764 0.000317192968057
2765 0.000240639788494
2766 0.000264835936151
2767 0.000113065018267
2768 0.000101536463789
2769 0.000216232949143
2770 0.000118119322136
2771 0.000232057439882
2772 0.000160431607398
2773 0.000263094019618
2774 0.000275149058133
2775 0.000159118281411
2776 0.000213011548722
2777 0.000134945652274
2778 0.000381409415777
2779 0.000522807732914
2780 0.000164878696041
2781 0.000384318788827
2782 0.000400159118652
2783 0.000443366738186
2784 0.00023505247438
2785 0.000230227742108
2786 0.000293955957737
2787 0.000486207326933
2788 0.000327194656459
2789 6.57095671709e-05
2790 0.0001764387648
2791 0.000102522562343
2792 0.000132753911219
2793 0.000102668082905
2794 0.000537283350104
2795 0.000127049142947
2796 0.00020497311672
2797 0.000337781188299
2798 0.000181560393153
2799 5.39596412353e-05
2800 0.000165941533437
2801 0.000376606329601
2802 0.000106056097541
2803 9.22752883078e-05
2804 0.000191964598491
2805 9.0752072702e-05
2806 0.000134395665815
2807 0.000292274116295
2808 0.000177847238523
2809 7.11752259163e-05
2810 0.000165830337607
2811 0.000292307021751
2812 8.14684898847e-05
2813 0.000207103594616
2814 0.000245205930105
2815 5.74648328814e-05
2816 0.000268132696198
2817 0.000109069361641
2818 0.000135358792567
2819 0.000157146927713
2820 0.000187004780208
2821 0.000153799789831
2822 0.000114349653642
2823 0.000155916668499
2824 0.000233309027147
2825 0.00010584150414
2826 0.000170863889181
2827 0.000119660087541
2828 0.000343526517209
2829 0.000433305903149
2830 0.000227655322202
2831 0.000171492009687
2832 0.000160543809183
2833 0.000229762781524
2834 0.000443677336181
2835 0.000131914492084
2836 0.000218974357427
2837 0.000274203585187
2838 0.000136308692913
2839 9.14362660978e-05
2840 0.00062283880063
2841 0.000227108080398
2842 0.000265576460468
2843 4.40182739246e-05
2844 0.000235353762613
2845 0.000221281176199
2846 0.000185655500675
2847 0.000193430916624
2848 0.000121497003845
2849 0.00017851866917
2850 0.000426780678804
2851 0.000168026734451
2852 0.000184486982984
2853 8.32812288751e-05
2854 0.000335725437682
2855 0.000213175045783
2856 5.96617955138e-05
2857 0.000164620959812
2858 6.18087448957e-05
2859 0.000167824344837
2860 0.000160409239114
2861 5.65907964354e-05
2862 0.000225864009204
2863 0.00034951625132
2864 0.000635550344947
2865 0.000341876492365
2866 0.000322826951699
2867 0.000360763967993
2868 0.000370548940823
2869 0.000172149299212
2870 0.000403511998873
2871 0.000189948482915
2872 0.000294713772402
2873 0.000346736007904
2874 0.000347097794672
2875 0.00024091962305
2876 0.000310310416237
2877 0.000122801375411
2878 0.000475671978382
2879 0.000108391632959
2880 0.000217854934318
2881 0.000312957995799
2882 0.000305877794366
2883 0.000107955787559
2884 0.000140132736182
2885 8.34205264349e-05
2886 8.89117817802e-05
2887 0.000165426829707
2888 0.000214809423025
2889 0.000134221821923
2890 0.000248469927239
2891 0.000421106839925
2892 0.000134536255839
2893 0.000221714911298
2894 0.000112531776587
2895 0.0003572316227
2896 9.90973693954e-05
2897 0.000252034439542
2898 0.000256707450489
2899 9.92391702821e-05
2900 8.26100224864e-05
2901 0.000109782176947
2902 0.000450579167358
2903 0.000158398596084
2904 0.000105248577235
2905 0.000447356389148
2906 0.000339472381044
2907 0.000412302489719
2908 0.000176828792523
2909 0.000146003402235
2910 0.00036883218082
2911 0.000374144284374
2912 0.000308002415543
2913 0.000286811965556
2914 0.000347853270851
2915 0.000292986834813
2916 0.00043145983074
2917 0.000393195076446
2918 0.000108153294116
2919 0.000172650928892
2920 0.000330271657289
2921 0.000347467611102
2922 0.000283925208118
2923 7.0783746953e-05
2924 0.000152909260367
2925 0.000209370936766
2926 0.000366299171438
2927 0.000142382864039
2928 0.000424315401915
2929 0.000405887585436
2930 0.000241864021154
2931 0.00017815127254
2932 0.00026708678372
2933 0.000292956352446
2934 0.000178307931208
2935 0.000188334990496
2936 0.000155238214852
2937 0.000360846313772
2938 0.000356610254644
2939 0.000168522910076
2940 0.000371200813032
2941 0.000298373047966
2942 0.00012375524782
2943 9.96409091191e-05
2944 0.000381134044561
2945 0.000493790324228
2946 0.000265180321308
2947 0.000342272318748
2948 0.000148865464357
2949 0.000136890374501
2950 0.000277099827978
2951 0.000306534563334
2952 0.000674373386632
2953 6.14773682785e-05
2954 0.000180932277589
2955 0.00013517741898
2956 0.000330904302746
2957 0.000437276134192
2958 0.000145607390285
2959 0.000290171800878
2960 0.000231980315566
2961 0.000418025315882
2962 0.000106142665996
2963 0.000209077589729
2964 5.96271299669e-05
2965 0.00016864830115
2966 0.000140166711491
2967 0.00048386900444
2968 0.000143028512696
2969 0.000131228508739
2970 0.000329034543854
2971 0.000244761893336
2972 6.82986959974e-05
2973 0.000230736285641
2974 0.000401837082574
2975 0.000277032367183
2976 6.98499774374e-05
2977 0.000269410283768
2978 0.000179549741512
2979 0.000216681563444
2980 0.000175361160978
2981 6.97396678469e-05
2982 0.000146617282226
2983 0.000205844111939
2984 0.000227081592744
2985 0.000179178099859
2986 0.000276147738593
2987 0.00044608958775
2988 0.000155646472978
2989 0.000304598584561
2990 0.000340691203312
2991 0.000119088014116
2992 0.000329608617631
2993 0.000404578816119
2994 0.000274463639537
2995 0.000311202876246
2996 0.000129965343416
2997 0.000275970896446
2998 0.000178495403451
2999 5.76562988579e-05
3000 0.000313615776128
3001 0.000437537080695
3002 0.000290916542305
3003 0.000491715933006
3004 9.14362660978e-05
3005 0.000257368019629
3006 0.000306223100906
3007 4.91992486708e-05
3008 0.000173669564428
3009 0.000217564261953
3010 0.00014800866811
3011 0.000236430708338
3012 0.000307918666467
3013 0.000153809681945
3014 0.000178084179864
3015 0.000218710816302
3016 0.000102106345407
3017 0.000203994707793
3018 0.000439458764333
3019 0.000227831182331
3020 0.000501219893357
3021 0.000345057299555
3022 0.000275417668894
3023 0.000354786720952
3024 0.000195902762444
3025 0.000126640786658
3026 0.000293809037345
3027 0.000454429855266
3028 0.00043496389731
3029 0.000173631669553
3030 0.000265890258645
3031 8.9782034278e-05
3032 4.40182739246e-05
3033 0.000184257919245
3034 0.000400855356737
3035 0.000299332515517
3036 0.000479329305528
3037 0.000224822625485
3038 0.000102668082905
3039 0.000510129936891
3040 0.000154934930996
3041 0.000241205820921
3042 0.000191147329468
3043 0.000146358118694
3044 0.000147621098536
3045 7.16810915079e-05
3046 0.000117493486783
3047 0.000246321650611
3048 0.000236893757652
3049 0.000136912201074
3050 0.000408521470503
3051 0.00014494644927
3052 0.000570281024883
3053 0.000265135447438
3054 0.00020159488994
3055 0.000387442528632
3056 0.000159118281411
3057 0.000360355400808
3058 0.000183033095687
3059 0.000121599627361
3060 8.0336657406e-05
3061 0.000442465547706
3062 0.000156973439912
3063 0.000254243118642
3064 0.000151651996264
3065 0.000294510839729
3066 0.000252892306036
3067 0.00020420619339
3068 0.000127430264795
3069 0.000146377027436
3070 0.000145578304625
3071 0.000338002479757
3072 4.40182739246e-05
3073 0.00038457086241
3074 0.000300853490334
3075 0.000159118281411
3076 0.000183350993096
3077 0.000494313462916
3078 0.000465351314092
3079 0.000436460321373
3080 0.000245868510784
3081 0.000211224948433
3082 0.000234191467505
3083 0.000623853013553
3084 0.000155120625449
3085 0.000380579434984
3086 0.000252311956562
3087 0.000288252665657
3088 0.00037770228156
3089 9.95835286356e-05
3090 0.000320779937418
3091 0.000543313426534
3092 0.00010584150414
3093 8.9908841303e-05
3094 0.000135000361207
3095 7.34324039488e-05
3096 0.000138790665827
3097 0.000344131893754
3098 0.000283119469858
3099 0.000302822790223
3100 0.00011156085234
3101 0.000244069763285
3102 0.000670066769812
3103 0.00026925928549
3104 0.000172802138304
3105 0.000417292771316
3106 0.000229062975387
3107 0.000347278927508
3108 0.000365867337658
3109 0.000296238535963
3110 0.000138553347539
3111 0.000148081960155
3112 0.000328985544901
3113 0.000100193459003
3114 0.000385224856711
3115 0.000266530737076
3116 0.000345952586723
3117 0.000562987373234
3118 0.000347741762772
3119 0.000297723015334
3120 0.000342273302428
3121 0.000383102564255
3122 8.71730125533e-05
3123 0.000183774766059
3124 0.000193423902741
3125 0.000226299640471
3126 5.12394014463e-05
3127 0.000140487334793
3128 0.000159118281411
3129 0.000162070502027
3130 0.000193717924979
3131 0.000122955425747
3132 0.00017815127254
3133 0.000459614520973
3134 0.000104613808626
3135 5.10871973486e-05
3136 0.000200383050932
3137 0.000458244393838
3138 0.00029543076813
3139 0.000175015109399
3140 0.000186336961748
3141 0.000451679693286
3142 0.000224538346109
3143 0.000264197651856
3144 6.63301612626e-05
3145 0.000146046711894
3146 0.000393861346177
3147 0.000340008049283
3148 0.000135358792567
3149 0.000208943673442
3150 0.000330730934708
3151 0.000504046810695
3152 0.000125395393772
3153 0.000480339252343
3154 0.000117400085882
3155 0.000583015244015
3156 0.000162246082322
3157 0.000130070138714
3158 0.00014049127352
3159 0.000265076825318
3160 9.16387641533e-05
3161 0.000198593601166
3162 8.09706647876e-05
3163 0.000423376270991
3164 0.000129925667831
3165 0.000120036858877
3166 9.26093568262e-05
3167 0.000206230773382
3168 0.000152719993716
3169 0.000364384204357
3170 0.000328664209418
3171 0.000165779599976
3172 0.00016705105348
3173 0.000412858773242
3174 0.00016218365446
3175 0.000336959183555
3176 7.3434381946e-05
3177 0.000227431874278
3178 0.000305126124602
3179 0.000217110504617
3180 0.000392526768025
3181 0.00017815127254
3182 0.00017815127254
3183 0.000389861097031
3184 4.40182739246e-05
3185 0.000303863224673
3186 0.000460327523851
3187 0.0001876586694
3188 0.000286893451185
3189 0.000316699838849
3190 0.000156126536845
3191 0.000126709958055
3192 0.00027201038603
3193 0.00013034124254
3194 0.000165017143455
3195 0.00013616823442
3196 0.000321111931745
3197 0.000309531258635
3198 9.21750543064e-05
3199 0.000509433972563
3200 0.000155642295211
3201 0.000227553970265
3202 0.00049541391107
3203 8.63816397093e-05
3204 0.000225516466425
3205 0.000295138299633
3206 0.000152175151287
3207 0.000279739704147
3208 0.000308765955679
3209 0.000142422831967
3210 0.000170729743043
3211 0.000126667817902
3212 0.000207046845378
3213 0.000230305101949
3214 0.000202218991999
3215 0.000455484437821
3216 0.000187553553107
3217 0.000143502151158
3218 7.76141528733e-05
3219 0.000183774766059
3220 0.000284660689838
3221 0.00026429903692
3222 0.000228305594917
3223 0.000164961618667
3224 0.000188691504913
3225 0.000325661847073
3226 0.000198525841453
3227 0.000360131965622
3228 7.47367643474e-05
3229 0.000188312164959
3230 0.000135742203806
3231 4.40182739246e-05
3232 0.000228703876505
3233 0.000476273355691
3234 0.000465867250927
3235 0.000192314099717
3236 8.10109259689e-05
3237 0.000175500730955
3238 0.000174131015325
3239 0.000209446239184
3240 0.000334005215561
3241 0.000385423827888
3242 0.000167785055654
3243 0.000142405135397
3244 0.000150988112379
3245 0.000143445472873
3246 0.000146290824878
3247 0.000132525897049
3248 0.000353639364696
3249 0.000276948448227
3250 0.000128207287717
3251 0.000173082745671
3252 0.000195068963176
3253 0.000458238141184
3254 0.000355385385795
3255 0.000118704344963
3256 0.000253263548439
3257 0.00050457050243
3258 0.000227464908384
3259 0.000301170483843
3260 0.000236273467323
3261 0.000189918345702
3262 0.000321680136868
3263 0.000164725177365
3264 0.000477866366451
3265 0.000250757455175
3266 0.000281561778168
3267 0.000107402166844
3268 0.000408436944866
3269 7.67069259825e-05
3270 0.000112883914227
3271 7.67010918447e-05
3272 0.000126600510846
3273 0.000289088799797
3274 0.00021426203394
3275 0.000413876670279
3276 0.000251259813118
3277 0.000167674547624
3278 0.000387677750324
3279 0.000187003419521
3280 0.000213788079465
3281 0.000606510918654
3282 0.000104025341388
3283 5.03181800192e-05
3284 0.000218834514521
3285 0.000318396994264
3286 0.000221820293792
3287 0.000147232340058
3288 0.000307557852629
3289 0.000287851659635
3290 0.000158333265379
3291 9.9503338724e-05
3292 0.000666045084493
3293 0.000119894898859
3294 0.000300166406131
3295 0.00015344393828
3296 0.000355644844548
3297 0.000256982574988
3298 0.000341769901773
3299 0.000281023571001
3300 0.000368281989396
3301 0.000178312870541
3302 0.000209739471939
3303 0.000464547044569
3304 0.000229695873645
3305 0.000198262586851
3306 7.42730590107e-05
3307 0.000163432393613
3308 0.000167040094202
3309 0.000116666666419
3310 0.000235246636282
3311 8.82679023323e-05
3312 0.000159028218543
3313 0.000153406382311
3314 0.000237225231193
3315 0.000219842063348
3316 0.000106692988905
3317 0.000223122011774
3318 8.54178248503e-05
3319 0.000264617315453
3320 0.000189830401223
3321 0.000628881300803
3322 0.00039998075623
3323 0.000140487334793
3324 7.91958141067e-05
3325 0.000411907603976
3326 0.000251145544572
3327 0.000139617213918
3328 0.000398052076624
3329 0.000162970976435
3330 0.000170705747504
3331 0.000519837434987
3332 0.000281074933018
3333 0.000349431863676
3334 8.40578611689e-05
3335 9.77531231922e-05
3336 0.000379115112853
3337 0.000126712229831
3338 0.000185062782539
3339 0.000129150781867
3340 0.00033455696708
3341 0.000165201781875
3342 0.000239302775932
3343 0.000422508569734
3344 0.000142288735434
3345 0.000421527455829
3346 0.000388430790497
3347 0.000270195592659
3348 0.000422732890309
3349 0.000378724755639
3350 0.000120142871057
3351 0.000474611150423
3352 0.000450577882718
3353 0.000111234313598
3354 0.000389948326547
3355 0.000183774766059
3356 0.000306131732439
3357 0.000170976635549
3358 0.000127072981955
3359 0.000109861907301
3360 0.000153735855681
3361 0.00045884225324
3362 0.000151680260233
3363 0.000362301927489
3364 0.000599095285922
3365 0.000242963630799
3366 0.000360595155345
3367 0.000445221175224
3368 9.77350849505e-05
3369 0.000128269170755
3370 0.000333467712988
3371 7.63553476481e-05
3372 0.000138977168601
3373 0.000158398596084
3374 0.000151203298692
3375 0.000164451196079
3376 5.92162296537e-05
3377 0.000122061095993
3378 0.000204311756923
3379 0.000346692583805
3380 0.000190714489541
3381 0.000161821802691
3382 0.000309087493072
3383 0.000229987283376
3384 0.000166754448016
3385 0.000242046797814
3386 0.000384657105783
3387 0.000311968711007
3388 0.000463853857232
3389 9.69074001608e-05
3390 9.49830835677e-05
3391 0.000158987111474
3392 0.000292764033694
3393 0.000161659955699
3394 0.000158154794606
3395 0.000217640979196
3396 0.000273695150391
3397 0.000440004500141
3398 0.000646560723334
3399 0.000107227002963
3400 0.0001867644289
3401 0.000206146263869
3402 0.000122061095993
3403 0.000172763264944
3404 0.000344211038779
3405 0.000152943495002
3406 0.000149842318085
3407 0.000414210486663
3408 7.67069259825e-05
3409 5.12150160172e-05
3410 0.000142659344763
3411 0.000146712734423
3412 0.000375346495768
3413 0.000338309256742
3414 5.88770697784e-05
3415 0.000121444430112
3416 0.000218919652993
3417 0.000292645798957
3418 0.00041011128372
3419 0.000102543634542
3420 0.000351204211791
3421 0.000196646950122
3422 0.000156502319974
3423 0.000251173753219
3424 0.000218010435831
3425 9.36108969295e-05
3426 0.000135836826947
3427 0.000538451503764
3428 0.000129150781867
3429 9.69664247335e-05
3430 7.48879153915e-05
3431 0.000151613679343
3432 0.000191676438763
3433 9.08720332453e-05
3434 0.000309173122084
3435 0.000569470584938
3436 0.000245262218605
3437 6.81917095448e-05
3438 0.00761450858774
3439 0.000246945981321
3440 0.000210081168737
3441 0.000270351301198
3442 0.000135962574262
3443 0.000560574343995
3444 0.000281674641074
3445 0.000125080184217
3446 0.000129093670907
3447 0.000228983519646
3448 0.000142016966075
3449 0.000426054928629
3450 0.000419010494637
3451 0.000183839261213
3452 4.89923373664e-05
3453 0.000171719628437
3454 4.89923373664e-05
3455 0.000196449224539
3456 0.000452276250455
3457 0.00046874507471
3458 9.4597818673e-05
3459 0.000233679381429
3460 0.00020893889317
3461 0.000334537819007
3462 0.000109903252282
3463 0.000204479450421
3464 0.000275127577766
3465 0.000377504754412
3466 0.000252790648941
3467 0.000323376682556
3468 6.8980455315e-05
3469 0.000344717583036
3470 0.000337836534272
3471 0.000212208817513
3472 0.000249069567159
3473 0.000206125479296
3474 0.00026835549234
3475 0.000228899041398
3476 0.000305598987449
3477 0.000237534506398
3478 0.000117939350498
3479 0.000257518774176
3480 0.000232387873457
3481 0.000255228368567
3482 0.000218922494234
3483 0.00018887273041
3484 0.000188236760608
3485 0.000170520153088
3486 0.000196466369787
3487 0.000331333536088
3488 0.000187294102194
3489 0.00041872159308
3490 0.000116407730699
3491 0.000304071806758
3492 0.000230116524083
3493 0.000122574313089
3494 0.000224020789591
3495 8.40814954036e-05
3496 0.000551193825603
3497 0.000250992146698
3498 0.000236910939798
3499 0.000223435294558
3500 0.000271156335146
3501 0.000294943726538
3502 0.000457923182788
3503 0.000161811845771
3504 0.000164409613353
3505 0.000157862729592
3506 0.000325030622533
3507 0.000530589754557
3508 0.000140892291076
3509 0.000326340693301
3510 0.000249723774149
3511 0.000249598723141
3512 0.000299999321328
3513 0.000156817520585
3514 0.000148337457154
3515 0.000370442604579
3516 0.00015945360212
3517 0.000218664772319
3518 0.00018801779403
3519 0.000303242261565
3520 0.000262867371403
3521 0.000132780401385
3522 0.000662841298221
3523 0.000137394440306
3524 0.000218922494234
3525 0.000206998558408
3526 0.000362819868565
3527 0.000352977949058
3528 0.000221508882281
3529 0.000329049044609
3530 0.000406683977799
3531 0.000165699462322
3532 0.000191208273627
3533 0.00020831392927
3534 0.000188613233786
3535 0.000282696824757
3536 0.000249685148278
3537 0.000248993369977
3538 0.00010154299718
3539 0.000317292114078
3540 0.000174876671957
3541 0.000329985782984
3542 0.000197340369823
3543 0.000314931044449
3544 0.000133064210057
3545 0.000117034204274
3546 0.000726867590203
3547 0.000335561304199
3548 0.000184680373225
3549 0.000137885299237
3550 0.000302483872267
3551 0.000218964050229
3552 0.000172971037238
3553 0.000102192442944
3554 0.000404417061102
3555 0.000262276971843
3556 0.000255835810123
3557 0.00017016907578
3558 0.000284894645553
3559 0.0004172448441
3560 0.000272516584629
3561 8.13886201082e-05
3562 0.000202035091268
3563 0.000232387873457
3564 0.000187714418343
3565 0.000232685568039
3566 9.21946226106e-05
3567 0.000167328901162
3568 0.000225035752287
3569 0.000409090304858
3570 0.000287680589744
3571 4.89923373664e-05
3572 0.000274004783155
3573 0.000115734229794
3574 0.000229731802469
3575 0.000163354053707
3576 6.91905091675e-05
3577 0.000387789711584
3578 0.000474783675364
3579 0.000229731004185
3580 0.000252790648941
3581 0.000197820579917
3582 0.000195254039925
3583 7.10206758133e-05
3584 0.000159531136534
3585 0.000554215187878
3586 0.000175422092563
3587 0.00043774410695
3588 0.000257160535489
3589 8.37327665587e-05
3590 6.27506852598e-05
3591 0.000317727046985
3592 0.000221293329485
3593 0.000209851857216
3594 0.000508838679879
3595 0.00019151275967
3596 0.000225335804045
3597 0.000765602623016
3598 6.929539933e-05
3599 0.000164640236598
3600 0.000388382225932
3601 0.00012126394065
3602 0.000256032995342
3603 0.000217744639051
3604 0.000113153665168
3605 0.000698248329151
3606 0.000362751398848
3607 0.000127726202657
3608 0.000133299841449
3609 0.000241096668471
3610 0.000275686194704
3611 0.000248037994559
3612 0.000506211863179
3613 0.000270050361566
3614 0.000232387873457
3615 0.000149261014658
3616 0.00025488895291
3617 0.000267459480304
3618 0.000405876695349
3619 0.000203527192445
3620 8.7074759099e-05
3621 0.000195460727188
3622 0.000161844910645
3623 0.000171590125821
3624 0.000229580554128
3625 0.000289709359942
3626 0.000367082002281
3627 0.000155588198959
3628 0.000192740151985
3629 0.000337117923859
3630 0.000438687560149
3631 0.000173623199632
3632 0.000137890386411
3633 0.000129603689724
3634 0.000595271084884
3635 0.000269758482791
3636 0.000265304094541
3637 0.000300882343605
3638 0.000107469423053
3639 0.000244098956409
3640 0.000190954562292
3641 0.000381048688235
3642 0.000162115815571
3643 0.000237252970781
3644 0.000276209834964
3645 0.000189367178289
3646 0.000230855093994
3647 0.000205759757648
3648 0.000179568731922
3649 0.000263159040592
3650 0.000232387873457
3651 4.89923373664e-05
3652 0.00031040791206
3653 0.000142213526671
3654 0.000104338554363
3655 0.000150386178711
3656 0.000229516686474
3657 0.000226117908712
3658 0.000212241679614
3659 0.000171328363242
3660 0.00016382580095
3661 0.000113360871948
3662 0.000115700478791
3663 0.000345705835134
3664 0.000187593782201
3665 0.000176427830339
3666 0.000129003803577
3667 0.000129794049866
3668 0.000237091764414
3669 0.000152301692475
3670 0.000147745939488
3671 0.000226380951288
3672 0.000144864457249
3673 0.000466744804796
3674 9.07277823554e-05
3675 0.000390128905239
3676 0.000225656800619
3677 0.000116407730699
3678 0.000504834055955
3679 9.89892300143e-05
3680 0.000282264618179
3681 0.000494609821449
3682 0.00012114061245
3683 0.000196856303579
3684 0.000183966306955
3685 0.000629102914229
3686 0.000206160915228
3687 7.35586835828e-05
3688 0.000299785502143
3689 6.01050837727e-05
3690 7.00715448575e-05
3691 0.000358579574957
3692 8.13886201082e-05
3693 0.000355579775023
3694 0.000292553007993
3695 0.000103121547029
3696 0.000232387873457
3697 0.000231558247087
3698 0.000207669034112
3699 0.00024294472208
3700 8.80970189246e-05
3701 0.000147745939488
3702 0.00024816859957
3703 0.000347189270191
3704 0.00017345073497
3705 5.84354162759e-05
3706 0.000437860853671
3707 0.000286669290479
3708 0.000237477275637
3709 0.000238595986419
3710 4.89923373664e-05
3711 0.000312244255415
3712 0.000326245425925
3713 0.000105149120287
3714 0.000308387843898
3715 0.000294645219238
3716 0.000182895482182
3717 0.000163765709752
3718 8.13886201082e-05
3719 0.000299416911323
3720 0.00027770886939
3721 0.000222878971028
3722 0.000302865566453
3723 0.00039198725098
3724 0.000155569988188
3725 0.000108604460021
3726 0.000298067036543
3727 0.00019875026811
3728 0.000147643304
3729 0.000334448399797
3730 4.89923373664e-05
3731 0.000264383520433
3732 0.000367008326814
3733 6.30876176564e-05
3734 8.77287192099e-05
3735 0.000448132105532
3736 0.000203730116772
3737 0.000140091642873
3738 0.000364430590789
3739 0.000365123126777
3740 0.000240172814786
3741 0.000329899639448
3742 0.000188474083226
3743 0.00013047826181
3744 0.000298067036543
3745 8.13886201082e-05
3746 0.000146865671965
3747 8.53577400125e-05
3748 0.000316771148495
3749 4.89923373664e-05
3750 0.000146901621932
3751 0.000297816160086
3752 0.000153107819921
3753 0.000249128234337
3754 0.000302832811065
3755 0.000126998129568
3756 0.000109825828889
3757 0.000587906180166
3758 0.000268603169788
3759 0.000495419964164
3760 0.000294123284185
3761 0.00020055081599
3762 0.000258766099193
3763 0.00017872599848
3764 0.000168147045179
3765 0.000353559042681
3766 7.51258507409e-05
3767 0.000164127511575
3768 0.000148141855561
3769 0.000278449340365
3770 0.00017758934491
3771 0.000146776393662
3772 0.000146044569771
3773 0.000131333157736
3774 0.000186606067212
3775 0.000287585512578
3776 0.000167081639044
3777 0.000281089689761
3778 0.000142816916799
3779 0.000180892959257
3780 0.000245906502954
3781 0.000187746181746
3782 9.34915098217e-05
3783 0.000376602987718
3784 0.000203224506176
3785 0.000156385271888
3786 0.000196011582721
3787 0.000247212652476
3788 0.000129094214556
3789 0.000137524225562
3790 0.000198877394859
3791 0.000406138004108
3792 0.000317055379612
3793 0.0001943900976
3794 0.000537243476115
3795 0.000384247507976
3796 8.76319818094e-05
3797 0.000137316655992
3798 0.000415860197959
3799 4.89923373664e-05
3800 0.000287290212747
3801 0.000437531070526
3802 9.12987210456e-05
3803 0.000211498860793
3804 0.000267262806188
3805 0.000439045446805
3806 9.42094052995e-05
3807 0.000144488480376
3808 7.0266926668e-05
3809 6.89310046364e-05
3810 0.000253419163371
3811 0.000389605165398
3812 8.56635006393e-05
3813 0.000154541951489
3814 0.000147745939488
3815 0.000174039018253
3816 0.000192661292648
3817 7.71649779412e-05
3818 0.000146198281496
3819 0.000178033368786
3820 0.000212805786317
3821 4.89923373664e-05
3822 0.000329578043089
3823 0.000332331027128
3824 0.00021195395009
3825 0.000441915340623
3826 0.000378015929663
3827 0.00035516281641
3828 0.000130020280243
3829 0.000266763708317
3830 0.000434247074574
3831 0.00118423300727
3832 0.000257217790245
3833 0.000140696674657
3834 0.000350723240282
3835 0.000112235381103
3836 0.000308551865341
3837 0.000338673915713
3838 0.0002650644232
3839 0.000546640904571
3840 9.94588497568e-05
3841 0.000170072892727
3842 0.000319193579689
3843 0.000396950338358
3844 0.000123783602037
3845 0.000124816036566
3846 0.000200798465272
3847 8.53577400125e-05
3848 0.000223115326205
3849 0.000141048523048
3850 0.000125080184217
3851 0.00025833567204
3852 0.000532451399854
3853 0.00021962892705
3854 4.89923373664e-05
3855 6.39828549893e-05
3856 0.000193730559934
3857 4.89923373664e-05
3858 0.000183595292462
3859 0.000294881601189
3860 0.000106347737773
3861 0.000341667037502
3862 0.000281059906133
3863 0.000241652784162
3864 0.000229273364366
3865 0.000147745939488
3866 7.99608015391e-05
3867 0.00023474944955
3868 0.000315147883846
3869 0.000282863864522
3870 0.000359371153393
3871 0.000301738273036
3872 0.000142513817584
3873 0.000193888095849
3874 0.00035475530653
3875 0.000224989200789
3876 7.03015215056e-05
3877 0.000132980631319
3878 0.000495670438155
3879 0.000148206696863
3880 6.39828549893e-05
3881 0.000152159923759
3882 0.000227237676788
3883 8.34371367435e-05
3884 0.000232387873457
3885 0.000310992810938
3886 7.48863595383e-05
3887 0.00028798114964
3888 0.00012514598678
3889 0.000165989488004
3890 0.000158869831787
3891 9.54310862002e-05
3892 0.000267361871113
3893 0.000211108201146
3894 0.000110025160003
3895 0.000201496846299
3896 0.000186184127
3897 0.000244877657833
3898 9.58462323375e-05
3899 0.000249579581515
3900 0.000129885001155
3901 0.000372831565649
3902 0.000152006357011
3903 0.000390912148517
3904 0.000217700322304
3905 0.000142825565238
3906 0.000176765978294
3907 0.000478306437533
3908 0.000313592258747
3909 0.000129935413034
3910 0.000256075866545
3911 8.98458658144e-05
3912 0.000147745939488
3913 0.00023883411365
3914 0.000182150884899
3915 0.000126313990984
3916 0.000268571795821
3917 0.000131908986575
3918 0.0002404828867
3919 0.000543550087724
3920 0.000190954562292
3921 0.000243113161449
3922 0.000368358948698
3923 6.83519145252e-05
3924 0.000169244195741
3925 0.000438349421745
3926 0.000116252864817
3927 0.000391708979631
3928 0.000319383697375
3929 6.51640693084e-05
3930 0.000175688351929
3931 0.000464824096464
3932 0.000286470843813
3933 0.000185148290851
3934 0.000325244357894
3935 0.000126646525797
3936 4.89923373664e-05
3937 0.000103505300864
3938 0.000186100101767
3939 0.000726422769783
3940 0.000106638074789
3941 0.000134420604712
3942 0.000117578186314
3943 6.12698981933e-05
3944 0.000239195366315
3945 0.000153100940226
3946 0.000402474973769
3947 9.34915098217e-05
3948 0.000356041639522
3949 0.000553446662509
3950 0.000262537146179
3951 0.000233743004953
3952 0.000379782900878
3953 0.000106760567291
3954 9.35503628972e-05
3955 0.000111243762969
3956 7.04865127851e-05
3957 0.000304322307692
3958 0.000278214304977
3959 0.000134678247346
3960 5.97163118497e-05
3961 0.000255657288873
3962 0.000140370733174
3963 0.000367199465611
3964 0.000148070628179
3965 0.000226732443141
3966 9.00401030192e-05
3967 0.000426321703238
3968 0.000240645134748
3969 0.000435540740921
3970 0.000280246521714
3971 0.00010685439541
3972 0.000441817469987
3973 0.000227459144873
3974 0.00011685753873
3975 4.89923373664e-05
3976 0.000238938126998
3977 0.00018291860916
3978 0.000103041627146
3979 7.91703454366e-05
3980 0.000193146319289
3981 0.00217042849379
3982 0.000250943778348
3983 0.000416274348964
3984 9.70734252934e-05
3985 6.83743591391e-05
3986 0.000205451454874
3987 0.000289107907973
3988 0.000119232417097
3989 0.000229499491059
3990 0.000215033082457
3991 0.000190600443579
3992 0.000126579528011
3993 0.00012534164875
3994 0.000204318823044
3995 0.000337373967335
3996 0.000287761748333
3997 0.000168826055063
3998 0.000328136085256
3999 0.000433742082853
4000 0.000177666733648
4001 0.000299628503377
4002 0.000119232417097
4003 0.000245121857487
4004 0.000169621710324
4005 0.00031779522776
4006 0.000132426354324
4007 0.000101028182561
4008 0.000190600443579
4009 6.83743591391e-05
4010 0.000303601458218
4011 6.83743591391e-05
4012 0.000148104771792
4013 0.000119232417097
4014 0.000207097479908
4015 0.000367922288695
4016 6.83743591391e-05
4017 0.000190600443579
4018 0.000304281984687
4019 0.00022296080432
4020 0.000249944547401
4021 0.000270062217108
4022 0.000334855195227
4023 6.83743591391e-05
4024 0.000539838403529
4025 6.83743591391e-05
4026 0.000190600443579
4027 0.000282229233815
4028 0.000269138970908
4029 0.000104219697948
4030 0.000119232417097
4031 0.000554160890305
4032 0.000358790984931
4033 0.000101028182561
4034 0.000123938107004
4035 9.38300057134e-05
4036 6.83743591391e-05
4037 0.000106116643169
4038 0.000148410530782
4039 0.000295940733419
