node,betweenness
1 0.090221480815
2 0.0102945119667
3 0.000537963103999
4 0.00326040320675
5 0.000738418710148
6 0.00059837267557
7 0.0014476934331
8 0.00210575011012
9 0.000951399608554
10 0.00798680011373
11 0.00161760032562
12 0.00113198770402
13 0.000199177891698
14 0.0046089682059
15 0.00036711054749
16 0.000383754702151
17 0.00254090918782
18 0.00025489826524
19 0.000115882893126
20 0.000446613044684
21 0.000276049669782
22 0.00410942603152
23 7.48178081318e-05
24 0.000464475680322
25 0.000236232590143
26 0.00260804401647
27 0.00193190245541
28 0.000468345259564
29 0.000189163733181
30 0.000734508385373
31 0.000396630347881
32 0.0021231879101
33 0.000732083345047
34 0.000646801628741
35 0.00238283598449
36 0.00039485795612
37 0.000314839838877
38 0.000242810174732
39 0.00214360957332
40 5.80212082824e-05
41 0.011337949922
42 0.00157447988259
43 0.00198163473303
44 0.00101353536885
45 0.000750171872421
46 4.40268941859e-05
47 2.7688039007e-05
48 0.000250993809909
49 0.000149283738098
50 0.000321603580261
51 4.7661855426e-05
52 5.26770644897e-05
53 0.000164561693152
54 0.00297844489728
55 2.67517428406e-06
56 2.79900472791e-05
57 0.0182652668674
58 0.000161894555411
59 0.00329702720536
60 0.0007083471502
61 6.23909969906e-06
62 7.26753246661e-05
63 0.000173689158591
64 0.000110561990464
65 1.33062956128e-06
66 3.18060000326e-05
67 3.03995135795e-05
68 0.00374488070304
69 1.82280508284e-07
70 3.00380352847e-05
71 0.0
72 0.0
73 0.000472164345353
74 7.59439988985e-05
75 0.0
76 2.9241930428e-05
77 0.0
78 2.10598481341e-06
79 0.0
80 2.29434533296e-05
81 0.000197013724683
82 6.13444018264e-08
83 0.000781650212714
84 1.04247223345e-06
85 9.59257249569e-05
86 4.77719947824e-05
87 0.0
88 3.57771678835e-05
89 0.000220889124033
90 4.90137740991e-06
91 0.0
92 2.76049808219e-07
93 0.000114378656244
94 9.33649185177e-07
95 0.000131135395567
96 2.56690029254e-06
97 2.17524301764e-06
98 4.08962678843e-08
99 0.0020565151833
100 0.000458341384455
101 1.34464498691e-06
102 1.34366417947e-06
103 0.0
104 1.65688208339e-06
105 0.00122700392746
106 6.03888631204e-07
107 4.09001311387e-07
108 0.185324238231
109 1.25762991183e-06
110 0.000977721098491
111 0.0
112 1.02511255075e-05
113 0.0
114 0.00551040735986
115 0.0
116 0.000515824246048
117 3.82145761579e-06
118 8.25255527448e-07
119 0.000891912769543
120 0.00162935421399
121 2.98488432794e-06
122 8.50598209763e-06
123 0.00144492419045
124 3.12250341298e-06
125 6.19146091497e-07
126 2.31121973342e-07
127 7.42034430488e-07
128 4.05547143929e-06
129 0.000136870371065
130 1.60274514621e-07
131 7.67464344101e-06
132 0.0
133 1.06098844549e-05
134 2.40499066307e-05
135 2.24833977531e-06
136 0.0
137 0.00567678156409
138 1.79774901479e-05
139 0.0
140 1.22688803653e-08
141 9.61062295281e-08
142 0.000143697653149
143 0.00268975185496
144 3.6521206825e-05
145 2.10441408695e-06
146 0.0
147 3.98465520247e-06
148 2.45377607306e-08
149 0.000173465657741
150 1.72607128509e-06
151 4.76570800277e-06
152 3.40802232369e-08
153 9.9046552956e-07
154 0.0
155 0.0
156 2.24864027505e-07
157 6.06056766213e-06
158 4.08962678843e-08
159 0.000165700067912
160 3.09271884603e-06
161 0.0
162 0.000136077891688
163 4.28070184614e-07
164 1.69794304424e-06
165 2.04481339421e-08
166 4.50860292043e-07
167 4.36713717764e-07
168 1.67202976785e-06
169 2.35012532691e-06
170 0.00057447252835
171 0.000476607352735
172 0.0116029819346
173 0.00195878820333
174 0.000213838281426
175 4.08962678843e-08
176 1.17583860736e-05
177 4.50754706339e-07
178 6.31117355865e-07
179 8.06333788063e-06
180 6.13444018264e-08
181 0.00011609601051
182 1.84033205479e-07
183 4.08962678843e-08
184 0.0
185 5.60691674263e-06
186 0.00015077863669
187 0.00162461088454
188 1.47497732651e-06
189 0.000463209357296
190 1.33062956128e-06
191 1.84033205479e-07
192 0.0
193 2.22903657667e-06
194 1.63960744124e-06
195 6.820847347e-06
196 0.0
197 2.62996740849e-06
198 4.38871174017e-06
199 0.000389707413787
200 0.000633224302969
201 0.00450416008885
202 0.0
203 4.11551235673e-07
204 0.00460967170589
205 0.000130651461466
206 0.0
207 1.63585071537e-07
208 3.54193819688e-09
209 2.1296717024e-08
210 0.0
211 0.0
212 0.000361428371703
213 1.65256584038e-06
214 0.000500150175148
215 4.95313282516e-06
216 0.0
217 0.0
218 1.91801163779e-06
219 0.0
220 2.98163532643e-06
221 0.0
222 9.53949784064e-08
223 6.97645714713e-06
224 0.000381662652351
225 0.000147398106178
226 3.37599640088e-07
227 2.26997523775e-06
228 2.20667782629e-06
229 0.0
230 2.07216116775e-06
231 5.47135968992e-06
232 0.000168211935314
233 8.30739515881e-05
234 0.0
235 0.0
236 1.25143578398e-07
237 0.000190804890094
238 1.04247223345e-06
239 0.000126713083245
240 0.00210531519441
241 6.13444018264e-08
242 0.0
243 0.000116149788754
244 2.3891321078e-06
245 0.0
246 2.11127124902e-06
247 5.36285175668e-06
248 2.66573659533e-07
249 0.000110260325
250 0.000217050809861
251 2.18715703327e-08
252 3.99205203558e-06
253 0.000799269755318
254 4.08962678843e-08
255 6.00106017897e-07
256 0.0
257 0.0
258 3.93810452728e-06
259 2.04040535954e-06
260 2.76049808219e-07
261 6.26421683652e-06
262 0.000319479283599
263 0.0
264 2.04481339421e-08
265 0.0
266 0.000135234534478
267 7.17409095472e-07
268 0.0
269 3.11565532103e-08
270 5.28512176877e-06
271 1.54769066998e-06
272 0.00207170865591
273 0.00156671745586
274 0.0
275 4.35019374164e-06
276 1.84033205479e-07
277 8.2940592111e-07
278 0.00155549307778
279 5.14090391088e-07
280 0.0
281 0.00113846519909
282 4.52477251159e-06
283 0.0
284 7.41514483943e-07
285 4.8176908765e-06
286 0.000616441472742
287 0.0
288 0.0
289 2.45377607306e-09
290 1.75269719504e-08
291 2.5244243997e-07
292 0.000498535006738
293 0.0
294 0.0
295 4.59213298148e-08
296 7.95728920641e-07
297 2.04481339421e-08
298 7.5062880995e-05
299 4.72976578306e-08
300 0.000120446734948
301 1.00487972516e-07
302 1.58548179799e-05
303 0.000118459153633
304 0.000120568360598
305 0.00434478847038
306 0.0
307 0.0
308 4.54592755193e-06
309 0.000240742810918
310 0.0
311 1.16942442926e-05
312 2.72615119202e-07
313 0.00074009772566
314 0.000885972505406
315 2.06142696499e-06
316 0.00487643187948
317 0.0
318 2.18280918429e-06
319 3.25222295541e-07
320 4.90137740991e-06
321 0.000462128026714
322 0.0
323 0.00374971262143
324 0.000804716165211
325 0.000440741809608
326 8.56286370591e-05
327 2.77089610573e-06
328 0.0
329 0.0
330 0.000440279591343
331 4.75523494497e-07
332 0.000128742802363
333 0.00105961026638
334 4.26022117233e-07
335 0.000180458616739
336 0.0
337 0.0
338 2.62612708697e-06
339 3.38914172787e-07
340 0.000478488569304
341 9.56231030505e-08
342 2.76681044e-07
343 8.33014946421e-05
344 2.10575936679e-05
345 2.02822392366e-06
346 1.92761029496e-06
347 0.00018298272383
348 1.78403394483e-06
349 0.0201840921025
350 1.53361004566e-08
351 0.000695034351921
352 3.14822900672e-07
353 0.000265298361779
354 0.000497929271992
355 0.000387403147972
356 4.02532443869e-05
357 6.13444018264e-08
358 4.25642625038e-05
359 0.0
360 0.000443901051425
361 0.00119621113447
362 0.000405822687511
363 0.000215577796177
364 0.000419869873292
365 2.04481339421e-07
366 1.16463656384e-08
367 0.000562553949206
368 0.000406781126318
369 0.000112236711574
370 5.87040323227e-05
371 0.00292771081707
372 1.25875525826e-08
373 5.29221562839e-05
374 0.00055221534551
375 0.00124961201244
376 6.51760065599e-06
377 0.00137971246686
378 0.0
379 0.000388482206336
380 0.0
381 2.56613823836e-05
382 2.53555477265e-05
383 5.08380148082e-06
384 4.27995292372e-07
385 1.56402627576e-06
386 6.16914160417e-09
387 6.13444018264e-08
388 0.000334767191012
389 1.92125801305e-05
390 0.00291085685136
391 6.41220289606e-08
392 0.000616857662428
393 1.26078666753e-05
394 0.0
395 0.000121160530076
396 0.00296802270522
397 2.48224839121e-05
398 0.00100171758872
399 0.000110313723865
400 4.08962678843e-08
401 0.00258152740911
402 0.0
403 0.004938767723
404 5.50660627113e-05
405 0.00323588511708
406 3.43829738238e-05
407 2.44815803522e-07
408 4.48487013876e-05
409 0.00391662520259
410 6.43101304259e-05
411 1.56974078382e-05
412 6.13444018264e-08
413 0.00106171808273
414 3.65022722416e-05
415 0.0300547069825
416 2.10290348858e-05
417 1.43905517746e-05
418 0.000168092363203
419 2.39585429961e-05
420 0.00531719796315
421 0.000177461402097
422 1.99328269926e-05
423 0.00294542403862
424 0.00112930074954
425 3.65409197969e-05
426 3.7267570773e-05
427 1.77953606098e-05
428 1.77792415022e-05
429 0.0123410262315
430 4.33983774862e-05
431 4.93630983155e-05
432 0.00528343390689
433 0.000711487853477
434 3.3733732508e-05
435 0.000573208408168
436 1.43866389164e-05
437 0.00169907588394
438 0.000311848242658
439 0.00435177786726
440 0.00113236949498
441 1.34028147032e-05
442 4.08962678843e-08
443 6.65609011006e-06
444 0.0
445 0.000386336858335
446 1.66925191318e-05
447 1.30076911107e-05
448 0.0
449 0.0
450 2.99534385694e-05
451 7.33675636751e-05
452 1.1970766915e-05
453 0.00140622120462
454 7.14438765702e-07
455 0.0
456 0.000296372408624
457 0.000220167585831
458 3.79480951561e-05
459 1.56680923194e-05
460 1.61634871565e-05
461 0.00290640474994
462 0.000846955234998
463 7.09499799917e-05
464 0.00166113167533
465 5.92995884322e-07
466 0.00253823535384
467 2.40995864318e-08
468 0.0
469 0.0
470 6.67590528962e-05
471 2.0726374201e-05
472 0.000121750670046
473 4.77493013369e-06
474 0.000180737332665
475 7.31603842811e-06
476 0.00152890997094
477 0.0
478 3.74737884549e-05
479 3.47604223861e-06
480 6.52276616616e-05
481 1.00415441568e-05
482 4.49775551947e-05
483 0.000136964643698
484 0.0114377447258
485 0.000635336753203
486 0.0
487 3.37614408164e-05
488 0.000119423782928
489 9.03235164854e-06
490 2.14912762689e-05
491 1.19849243911e-05
492 1.07453643885e-05
493 0.00119956965786
494 0.000519048528267
495 1.19690631511e-05
496 8.2571337879e-06
497 0.00209871094865
498 0.00500110682409
499 4.28787851648e-07
500 0.0
501 0.00669161862633
502 4.08962678843e-08
503 4.29129870635e-07
504 0.000437797769327
505 0.00252718713639
506 5.57751074081e-06
507 0.00335720754016
508 0.00110533003188
509 3.06395298001e-05
510 1.93094693501e-07
511 4.6946187945e-05
512 0.0001426678121
513 1.67020850241e-05
514 0.00480894388965
515 0.00125627318092
516 0.000407506776079
517 1.41849759381e-05
518 0.00106014794756
519 1.61206364182e-05
520 3.45906961382e-06
521 0.000562102117926
522 5.51111277056e-07
523 4.16224323961e-07
524 0.00151343824862
525 0.00124008460927
526 0.00113526465161
527 0.000415840038942
528 0.001244399976
529 8.93271873827e-07
530 7.12661566232e-07
531 3.79751058926e-08
532 0.0025331481708
533 2.33793253923e-06
534 7.80534788184e-07
535 4.79090261798e-06
536 2.31945121436e-06
537 7.39692720432e-07
538 0.00123439762189
539 0.00140468951567
540 2.07297331671e-05
541 5.86228681105e-06
542 1.73381522358e-06
543 0.000869919876771
544 1.98257294873e-05
545 0.00134514486513
546 0.000415075365274
547 0.0003002527867
548 0.000220158417847
549 0.000190509481797
550 4.35872718936e-06
551 0.0
552 5.81411847956e-06
553 1.56402627576e-06
554 0.00122341809143
555 6.208112342e-06
556 7.76012486024e-05
557 0.000991865404728
558 8.70780009654e-05
559 1.43828911102e-05
560 0.000769666755177
561 0.000184569510255
562 0.00262446219419
563 4.91286334974e-08
564 0.0162361167916
565 6.82889311631e-07
566 5.04093287335e-07
567 0.00140644078653
568 0.00307280722997
569 1.0502595341e-06
570 6.17534147758e-07
571 0.00014724881454
572 0.0
573 0.0
574 0.00174096987195
575 1.13988283082e-05
576 8.11423899715e-08
577 1.11535276048e-08
578 7.4816922065e-08
579 2.12727070531e-07
580 0.000687242500774
581 0.00243214126683
582 0.0
583 3.02692016911e-08
584 3.64932888309e-07
585 2.54802069962e-05
586 0.0
587 0.0
588 2.06549257134e-06
589 5.08728252534e-07
590 7.37587526629e-06
591 1.7550442556e-05
592 0.00182331017168
593 0.00439892613516
594 3.41963880506e-07
595 0.028797283768
596 1.11535276048e-08
597 0.00309491312316
598 3.83513565087e-06
599 5.05390026354e-07
600 2.09109897166e-07
601 3.0923164033e-07
602 8.21227305634e-05
603 0.0
604 9.22189991185e-07
605 0.000282282548316
606 4.1768482177e-07
607 0.0007325605071
608 0.0
609 0.0
610 0.00139608379962
611 4.30487030361e-09
612 2.24041719297e-07
613 6.44040521688e-07
614 0.0
615 0.000157086614303
616 3.426258331e-07
617 2.06457840425e-05
618 1.73173008492e-05
619 1.93445584182e-05
620 4.84092568633e-06
621 1.56063689438e-05
622 5.5502077843e-08
623 9.45972328637e-07
624 1.36255539964e-06
625 0.0
626 1.12927556025e-06
627 2.62735249546e-06
628 2.12727070531e-07
629 3.35074463758e-08
630 2.829549523e-05
631 0.000432569374103
632 1.90667333071e-06
633 1.96050584732e-07
634 3.61505808974e-07
635 6.76372579905e-05
636 8.01564823001e-05
637 4.1413685026e-06
638 0.000870496773428
639 0.0
640 2.78516646485e-05
641 1.56752451777e-07
642 0.00221052542986
643 0.0
644 3.0923164033e-07
645 9.00116983944e-05
646 3.76657159814e-05
647 8.15588104474e-06
648 1.17630663263e-06
649 0.0
650 2.41321739626e-05
651 2.01573542926e-07
652 0.00460039442174
653 0.0
654 3.10730284764e-05
655 0.00102752095303
656 3.24712773296e-06
657 0.0
658 4.3344411818e-07
659 2.12727070531e-07
660 2.12727070531e-07
661 0.0
662 3.0923164033e-07
663 2.55246319675e-07
664 3.51088926164e-06
665 8.46698303038e-07
666 1.04099590978e-07
667 1.36885360629e-05
668 0.0
669 0.0
670 0.000143070690115
671 1.20567473847e-07
672 2.90104933176e-07
673 2.37827527081e-08
674 0.0
675 0.0
676 2.01573542926e-07
677 1.37314226709e-07
678 6.05081250594e-06
679 5.46234500732e-05
680 1.99946845222e-06
681 1.16280469334e-05
682 2.86862300644e-07
683 7.41311834393e-06
684 0.000112760346646
685 7.77896717968e-07
686 1.49330175768e-06
687 0.0128344930528
688 1.02631090834e-05
689 0.00255762587802
690 8.29610005653e-08
691 3.23682199753e-07
692 2.89681897514e-07
693 0.0
694 3.23930467794e-06
695 0.00195712148089
696 0.00142691751744
697 0.000504856527358
698 0.00270386068533
699 0.0218291339921
700 0.0
701 1.38498747458e-07
702 2.0159337194e-05
703 8.73914295861e-08
704 0.0021652240187
705 1.14655608176e-07
706 0.00453862742154
707 2.84644250512e-06
708 5.73473125519e-07
709 4.03681456958e-05
710 3.44915434531e-06
711 4.80762852494e-07
712 5.05930862167e-06
713 1.36916768119e-06
714 0.00915418357195
715 1.06616348562e-06
716 3.92822233837e-07
717 4.78201557113e-07
718 0.0
719 0.000975253539515
720 0.00366048448117
721 0.000107731619673
722 2.07121986694e-07
723 5.91834609993e-06
724 2.56009278237e-06
725 0.00134158917093
726 6.39643565257e-08
727 0.000306551341061
728 3.04886221898e-05
729 0.000324572677025
730 1.77835853787e-05
731 7.24645932992e-07
732 4.20884630291e-06
733 1.12664919068e-06
734 3.38087270528e-05
735 0.000144042978544
736 5.82765870125e-08
737 0.000141156920902
738 4.08334539688e-06
739 3.93611267773e-06
740 0.000235156231678
741 1.92489714106e-05
742 1.31441208923e-05
743 0.000134391763386
744 0.0
745 0.0
746 0.00318305334719
747 6.56859146996e-05
748 0.00330747950752
749 1.3068890203e-05
750 0.0
751 0.0
752 3.52167779411e-06
753 0.000266114847445
754 2.13883165081e-05
755 0.00061648912751
756 5.11237041355e-06
757 5.09526770384e-07
758 3.87244456358e-07
759 4.99098047203e-06
760 4.08192126872e-06
761 0.000495049627613
762 3.55325073289e-07
763 7.01896884606e-07
764 4.8071275244e-06
765 1.3777621934e-05
766 5.97010334357e-07
767 0.000474984739997
768 2.62261287322e-07
769 0.000149912749202
770 3.59208918036e-05
771 0.000305318892075
772 0.000191517995447
773 1.01600533884e-05
774 0.000264518673024
775 0.000336659108586
776 0.0
777 3.15284533424e-05
778 7.24471284543e-05
779 3.92711498668e-06
780 4.50940136665e-06
781 0.000310360619632
782 0.00233608043395
783 0.00013436176917
784 7.19847032791e-07
785 0.00216563868223
786 0.0
787 4.61610682514e-07
788 6.33843715931e-05
789 6.54340286149e-08
790 1.17876277353e-06
791 1.63485025283e-05
792 6.88420509386e-08
793 8.18425913194e-06
794 3.87025988263e-06
795 2.51848732831e-06
796 7.38953742751e-06
797 1.4158213792e-05
798 2.02123136421e-05
799 0.000203518156234
800 4.16954689976e-05
801 0.000416025265065
802 0.0
803 0.0
804 9.52224883772e-05
805 4.61330857039e-05
806 0.00287270605323
807 1.79818511455e-06
808 5.45909892344e-06
809 6.18068791503e-07
810 3.43341798956e-06
811 0.000438626368073
812 2.62442013156e-06
813 2.43948607579e-06
814 9.0763348186e-06
815 7.03848060779e-06
816 0.000352921776616
817 6.14760974547e-05
818 3.01422195186e-05
819 0.000743476327622
820 0.00050196339408
821 0.000148496665978
822 4.48931528897e-07
823 4.39376655738e-05
824 0.00189474110996
825 0.0017331135561
826 9.14703760121e-06
827 3.34910782721e-06
828 0.00176345843146
829 0.0101785019627
830 0.00142928692094
831 0.00206687038181
832 1.17603520825e-05
833 5.03338681653e-08
834 0.000234797460604
835 0.000590371623816
836 6.36405219638e-06
837 1.86605488152e-06
838 3.27875841576e-06
839 3.2800385981e-06
840 1.57325565986e-06
841 9.63769276985e-06
842 0.0
843 0.00016699047592
844 1.58696901314e-06
845 2.78354613551e-06
846 6.13215785433e-06
847 8.26995473517e-05
848 3.69045977328e-05
849 0.000339098462728
850 0.000674606106233
851 4.85417152026e-05
852 1.18151378641e-07
853 0.0
854 0.0013213016974
855 0.0
856 0.0
857 0.000388218711831
858 0.000117834061117
859 0.0
860 0.0
861 0.000543211186144
862 1.15678014873e-07
863 0.000190877778743
864 1.75343715133e-07
865 1.61251577256e-07
866 0.0
867 9.61062295281e-08
868 1.43136937595e-07
869 0.0
870 1.00582434095e-07
871 2.29019100152e-07
872 1.8198275338e-06
873 2.04481339421e-08
874 0.0
875 2.04481339421e-08
876 0.0
877 1.75343715133e-07
878 0.0
879 1.24953670775e-07
880 1.26778430441e-07
881 5.56949395507e-07
882 1.51316191172e-07
883 8.98997268744e-08
884 0.0
885 3.06722009132e-08
886 5.7254775038e-07
887 1.53361004566e-08
888 0.0
889 0.0
890 7.61328810675e-07
891 1.89241043354e-06
892 0.0
893 0.0
894 1.30579376343e-07
895 2.45377607306e-08
896 9.61062295281e-08
897 0.00489677467092
898 0.00168132573426
899 2.56009035817e-05
900 0.0
901 1.89030668901e-06
902 0.000402886327062
903 0.000898090139171
904 0.000381843122333
905 1.3850732786e-06
906 6.42059229679e-06
907 0.00332072768622
908 1.32302498557e-06
909 0.000812322541673
910 1.09564798518e-06
911 0.0
912 0.0
913 2.27184263058e-06
914 0.00147776638142
915 1.60975339316e-06
916 0.000134664074612
917 8.75973882598e-05
918 0.000396958677784
919 0.0
920 5.65134186272e-05
921 1.83063669055e-06
922 4.21961586502e-05
923 0.000174261855105
924 9.35247376365e-07
925 0.00172369006027
926 9.48751672694e-05
927 7.2376625463e-06
928 0.00346129557745
929 2.72641785895e-08
930 4.30666238965e-07
931 0.00144166464307
932 6.8586255215e-06
933 0.00089363570432
934 5.89409877043e-06
935 0.00290191067925
936 7.70454310347e-06
937 5.03445099303e-05
938 8.79974867579e-08
939 8.67000251444e-07
940 3.52817709787e-06
941 2.38660501767e-06
942 0.00137666192534
943 0.00136123587915
944 5.5128728312e-06
945 9.01562583931e-05
946 0.0
947 7.83036268394e-05
948 4.42783026562e-05
949 2.61432771372e-05
950 5.84549137703e-06
951 5.85491398322e-07
952 4.14273837125e-05
953 0.002882747286
954 2.72742898983e-05
955 0.00108279403026
956 2.12203772985e-07
957 4.49858946727e-07
958 0.00132231830697
959 1.30057272426e-07
960 0.00114061035872
961 3.69716980934e-05
962 6.46964339046e-06
963 3.57897324676e-05
964 0.000387692401419
965 4.88496300735e-06
966 1.00449262926e-06
967 1.05886936891e-05
968 5.64990126884e-05
969 0.00149422685945
970 5.69643836876e-05
971 5.35084529433e-07
972 9.70580013948e-05
973 1.92309768596e-07
974 1.35789278628e-05
975 3.26038273415e-06
976 0.0012030065304
977 3.87979178059e-05
978 4.09390957305e-05
979 3.51085196353e-05
980 7.88713737769e-08
981 8.9680708294e-05
982 0.000143932802809
983 0.00169233734729
984 0.000619438825256
985 0.000650878781233
986 1.97054375736e-07
987 6.5688687039e-07
988 1.2503346017e-06
989 0.000639149586749
990 6.06519203977e-05
991 0.000653636397551
992 2.29281660626e-05
993 0.000359722043353
994 3.0139568735e-05
995 8.48119531676e-06
996 0.00212851109288
997 4.27300669367e-07
998 0.000125792183345
999 3.30325956712e-07
1000 0.00361210139032
1001 7.72857052736e-06
1002 6.57730056037e-05
1003 4.08962678843e-08
1004 0.000237401717714
1005 1.26677682617e-05
1006 1.07125839731e-07
1007 9.13967936338e-05
1008 4.14476094281e-06
1009 3.53467584106e-06
1010 0.000217646439422
1011 0.00021259281631
1012 0.00019799642741
1013 6.44423413396e-05
1014 3.34522336568e-05
1015 6.52148426407e-05
1016 6.05733077115e-05
1017 0.0
1018 5.0357583796e-05
1019 0.00018261442272
1020 9.76297298916e-05
1021 9.23540182031e-05
1022 0.000223052455877
1023 0.0
1024 1.19885724292e-06
1025 0.00198047232921
1026 6.12885079947e-05
1027 0.00309090230548
1028 0.0
1029 0.000231847494544
1030 0.00642748278871
1031 2.37665226705e-06
1032 9.93896455797e-08
1033 0.00346168518371
1034 1.54554345009e-06
1035 0.0
1036 9.62436604746e-06
1037 8.18300292271e-05
1038 0.000129379157051
1039 2.04481339421e-07
1040 3.88527437571e-07
1041 0.0021134297495
1042 0.000666362793755
1043 3.32954011792e-06
1044 1.04951884764e-06
1045 1.04362258203e-06
1046 1.84287187074e-06
1047 0.0
1048 0.0007700859265
1049 5.5992819462e-05
1050 0.00307921359215
1051 5.04362518289e-07
1052 0.00157319394779
1053 0.00323588473546
1054 1.90399439345e-06
1055 0.000266750641813
1056 2.21749664278e-06
1057 0.000792322091456
1058 2.95471235203e-07
1059 6.15609649595e-06
1060 4.55105053614e-05
1061 0.0001977276975
1062 4.52367155965e-07
1063 3.29717642849e-05
1064 1.86719660737e-07
1065 1.87875354494e-05
1066 0.0
1067 0.00132166083473
1068 0.00358333620651
1069 0.000272507789107
1070 1.97120151554e-07
1071 0.00629975852877
1072 0.0
1073 1.91288258596e-06
1074 1.29939765591e-06
1075 0.000297981517404
1076 0.00256376700339
1077 2.91657323575e-05
1078 5.78592240278e-05
1079 3.53313551939e-05
1080 1.20860145479e-05
1081 0.000365913445514
1082 4.36805274954e-05
1083 8.23271053586e-05
1084 1.42757460746e-05
1085 5.10996273145e-07
1086 0.00938001753211
1087 0.000366508234546
1088 9.35562696737e-07
1089 1.31349944165e-05
1090 1.34513773572e-06
1091 2.44389858667e-06
1092 6.69531623943e-06
1093 0.000285229252837
1094 2.99036522448e-06
1095 3.08143871937e-06
1096 8.19589539582e-06
1097 0.0
1098 0.000352303876236
1099 4.89499551873e-05
1100 0.000194284108349
1101 0.00041038474129
1102 2.4255930191e-05
1103 0.000167656059237
1104 1.69677649238e-06
1105 6.03031984206e-05
1106 4.08962678843e-08
1107 1.54545126829e-05
1108 2.26323322349e-05
1109 0.000603655720275
1110 0.000148851567093
1111 0.00142613601749
1112 1.53361004566e-08
1113 0.000340381542222
1114 0.00156318862622
1115 0.000156066375404
1116 4.6625765373e-05
1117 9.75074209367e-07
1118 3.13022587211e-05
1119 0.000371148056894
1120 0.0
1121 0.000228480492931
1122 5.80842583479e-06
1123 0.000298000309868
1124 0.00169016982444
1125 6.24371349609e-05
1126 1.59681218223e-05
1127 0.000156236111959
1128 8.40049689315e-06
1129 0.000234103957118
1130 0.000165542429039
1131 0.000174341511628
1132 0.000158012442964
1133 2.30231527252e-05
1134 1.42430923214e-06
1135 9.86095678539e-07
1136 0.00113810941779
1137 0.000652088083852
1138 6.45995555612e-07
1139 2.19525323679e-06
1140 1.36695678022e-06
1141 8.56400722413e-07
1142 1.70702006738e-06
1143 8.19698583394e-05
1144 2.47323644679e-05
1145 1.69093935204e-06
1146 0.0
1147 7.39973217754e-05
1148 1.41035979842e-07
1149 0.000188473990132
1150 1.56751136099e-05
1151 3.93967456591e-06
1152 6.22426344335e-07
1153 1.43005753494e-06
1154 1.83289035004e-05
1155 2.14857368112e-06
1156 0.00105291249167
1157 1.41085823803e-05
1158 1.13288266743e-06
1159 0.000185958596884
1160 0.000466717636809
1161 0.00132170268247
1162 6.6433946183e-06
1163 1.7671061493e-06
1164 7.07402006218e-06
1165 2.79926315978e-07
1166 0.000165292582373
1167 0.000197339810286
1168 2.43398260282e-06
1169 2.56650498608e-07
1170 6.7953581014e-06
1171 0.0001088580221
1172 0.000924590780145
1173 1.54910779856e-05
1174 0.000231918088175
1175 9.04148399916e-07
1176 8.70960912864e-05
1177 0.0
1178 3.22920317174e-06
1179 2.01002605059e-05
1180 0.000958618833394
1181 0.00095541484811
1182 0.00108374470268
1183 0.000265636287355
1184 0.000182280278148
1185 3.39198711736e-05
1186 2.12518131065e-05
1187 4.47846691176e-08
1188 5.49114411981e-06
1189 0.000113673158769
1190 0.00013815022301
1191 2.28430466974e-05
1192 1.34781495502e-05
1193 4.39542034478e-05
1194 2.26456294124e-05
1195 1.28265567455e-07
1196 0.000276229211523
1197 1.17346491892e-05
1198 7.00095177023e-05
1199 0.00275674437023
1200 7.84350157205e-05
1201 9.13349982749e-08
1202 0.000106271143709
1203 1.53078589324e-06
1204 7.02790594453e-07
1205 5.64731207965e-05
1206 1.09408411571e-05
1207 0.0
1208 0.00118882659215
1209 0.0
1210 0.00154821853485
1211 0.00153238690594
1212 4.89083120175e-05
1213 2.08216312219e-05
1214 1.30960111989e-05
1215 5.75629500068e-05
1216 0.000919408204593
1217 0.00032771268863
1218 0.000553335150941
1219 6.30970990215e-07
1220 0.000281777703899
1221 2.74033326037e-06
1222 0.00137962100714
1223 0.000135026468784
1224 1.14404580205e-05
1225 0.0
1226 0.000159623451332
1227 0.000134878141891
1228 0.0011304024658
1229 7.43870664949e-06
1230 0.000207025813718
1231 1.55006045181e-05
1232 0.00110461357785
1233 9.81331766415e-07
1234 0.0
1235 1.86662929064e-06
1236 0.000181083304726
1237 0.00171700985196
1238 0.000368607903142
1239 8.78077871784e-05
1240 7.94224654192e-08
1241 2.97899519182e-06
1242 2.35690355977e-06
1243 0.000122326538852
1244 2.65601833335e-05
1245 1.28343815397e-06
1246 0.000936850929958
1247 0.000204620520274
1248 7.97066687127e-06
1249 6.69778460947e-07
1250 3.42963067112e-06
1251 2.04442878199e-05
1252 1.67825396013e-07
1253 0.0
1254 0.0
1255 3.27170143074e-07
1256 4.13903368965e-05
1257 3.27369794781e-05
1258 0.000186216543285
1259 0.00101479124205
1260 0.000615955951468
1261 6.10947746841e-05
1262 0.000233910528328
1263 0.0
1264 3.89937914766e-07
1265 2.66725968447e-07
1266 3.43918550607e-05
1267 1.87725554928e-06
1268 9.12738078455e-06
1269 9.1505412605e-06
1270 1.64558397565e-05
1271 0.0
1272 0.00012653963426
1273 0.0015663276007
1274 0.000355150839427
1275 3.62004432197e-05
1276 0.000188816702051
1277 0.0
1278 0.000122101899721
1279 4.97281157122e-05
1280 7.5974433757e-05
1281 0.0015788658253
1282 0.000136844210252
1283 0.000194152885727
1284 0.000391406919837
1285 0.000163317169933
1286 0.000233084606019
1287 4.10096551013e-06
1288 0.000139688427605
1289 0.000168932625298
1290 0.00142402083394
1291 0.000130470964484
1292 1.10204788874e-05
1293 0.000190950551371
1294 0.000188137981871
1295 4.3301466235e-06
1296 1.96973406811e-07
1297 1.11275623076e-05
1298 2.45074037256e-07
1299 0.00100314893371
1300 8.7023236056e-05
1301 3.69360896678e-05
1302 2.00532872828e-07
1303 1.23431484924e-05
1304 5.66027257162e-05
1305 0.000290698527475
1306 6.26429327324e-05
1307 1.1088313394e-05
1308 0.000329198452748
1309 3.70317488379e-06
1310 7.82208683092e-05
1311 5.79063699338e-06
1312 2.69898062263e-05
1313 0.00170461592707
1314 3.83363611145e-05
1315 2.64248143955e-06
1316 0.000144488409497
1317 2.24072880507e-05
1318 7.3505867088e-05
1319 0.000141079680541
1320 1.65172407333e-07
1321 0.000345948350931
1322 8.69994613883e-06
1323 0.000261814949536
1324 0.00118254015462
1325 0.000132886340043
1326 1.3863465383e-06
1327 0.0
1328 0.00054386647696
1329 1.78182543721e-05
1330 4.37981842648e-05
1331 3.58276336626e-05
1332 3.12617759191e-05
1333 0.000167871742494
1334 0.000206399402376
1335 0.000122658841522
1336 2.25029459561e-05
1337 0.000131866913404
1338 0.00034417011623
1339 0.000408282289095
1340 2.46663599216e-05
1341 2.11906440183e-06
1342 1.29158980991e-05
1343 2.25163141274e-06
1344 6.0259843486e-05
1345 0.000136479607136
1346 3.90091437575e-05
1347 0.0
1348 0.000944455132984
1349 2.61301018011e-05
1350 0.000278984752429
1351 7.89995402513e-06
1352 2.19392989952e-06
1353 0.0160723809379
1354 6.13444018264e-08
1355 2.22463888005e-07
1356 1.69699676122e-05
1357 3.4250580095e-06
1358 4.16250292402e-05
1359 0.00310299133558
1360 0.00121804501572
1361 9.37266269272e-05
1362 0.000199003583554
1363 0.0
1364 1.80826997283e-07
1365 1.61805480563e-06
1366 0.00016007161703
1367 8.02265840995e-05
1368 5.26174527466e-05
1369 2.12203772985e-07
1370 0.000864047132232
1371 1.23110188969e-05
1372 1.98293944497e-05
1373 1.27654120387e-06
1374 0.00117539033522
1375 0.000178709198128
1376 0.00104948500459
1377 0.000112611740064
1378 8.13550541654e-05
1379 5.34834841831e-07
1380 0.000164783395088
1381 0.000183803317151
1382 6.8886154361e-07
1383 6.83178728054e-05
1384 1.06131419863e-06
1385 8.72742489116e-06
1386 1.67845567256e-05
1387 0.0
1388 3.29813387449e-06
1389 0.000237134435435
1390 8.83352309411e-05
1391 5.62003109178e-05
1392 6.19444549269e-05
1393 2.4052682668e-06
1394 0.000207452665948
1395 0.0
1396 1.06131419863e-06
1397 9.66802573306e-05
1398 9.98683147608e-07
1399 8.53172484613e-05
1400 5.31328169688e-05
1401 3.63566728302e-06
1402 2.97886977771e-06
1403 0.000861568838465
1404 0.0
1405 0.000161527866832
1406 0.00560626491795
1407 7.13270555191e-06
1408 1.20804270161e-05
1409 4.20478563991e-05
1410 0.000192324616002
1411 1.15383415748e-05
1412 1.54503131493e-06
1413 1.939672676e-05
1414 6.63268872668e-06
1415 3.14586676033e-09
1416 4.48567079779e-05
1417 1.10063409553e-05
1418 2.11642734571e-07
1419 2.95328206642e-06
1420 0.000867749844562
1421 0.000127656326728
1422 1.16886685439e-05
1423 1.99777984831e-06
1424 2.80979293398e-05
1425 4.82118723738e-06
1426 0.000112706942073
1427 9.9468868602e-06
1428 4.95139082331e-05
1429 2.11410533874e-05
1430 1.68148421531e-05
1431 0.0
1432 0.000386878876898
1433 0.000132498829227
1434 1.34134844987e-06
1435 2.8709900159e-06
1436 0.000253256680213
1437 2.58354383452e-05
1438 0.000119499046644
1439 1.9563637574e-06
1440 2.95888781541e-08
1441 5.77448780693e-05
1442 3.48199487351e-06
1443 1.09496346049e-06
1444 1.38753318804e-06
1445 1.64016635608e-05
1446 3.29708336055e-06
1447 1.32200678746e-05
1448 8.07492327762e-05
1449 0.00011974311314
1450 0.000204618924619
1451 0.000426277624142
1452 4.0930653443e-06
1453 1.7326247895e-06
1454 2.62216490358e-05
1455 0.000114100522643
1456 1.14571516331e-08
1457 2.40261564814e-05
1458 2.25765264364e-06
1459 1.80101478697e-05
1460 4.12923433657e-05
1461 5.13261989833e-05
1462 1.94241755967e-06
1463 0.000275148991865
1464 2.74761482743e-07
1465 6.37255632263e-06
1466 0.00348022286258
1467 0.0
1468 6.33043729154e-05
1469 6.40019661047e-07
1470 0.000182644248586
1471 0.000874703634601
1472 8.72899158325e-05
1473 0.000817892538377
1474 0.000224535584167
1475 2.04481339421e-08
1476 0.000137988364553
1477 4.54754870498e-07
1478 6.2583489693e-06
1479 1.95951113207e-06
1480 0.000320994904432
1481 0.000318582429398
1482 1.87088138911e-06
1483 0.000209047333993
1484 0.000246588165
1485 4.33152012635e-06
1486 2.1822779684e-05
1487 0.0
1488 7.10609664639e-05
1489 3.0853642087e-05
1490 1.18692916023e-06
1491 4.07470911137e-08
1492 2.5592681039e-05
1493 7.45384807209e-06
1494 1.37140788358e-07
1495 1.99080219053e-05
1496 4.75987405964e-05
1497 4.07891488974e-05
1498 1.86368471577e-05
1499 8.47867268101e-08
1500 1.01948553512e-06
1501 4.02412849529e-05
1502 8.3159444329e-06
1503 0.000188255285008
1504 3.28855488586e-05
1505 0.00010798411334
1506 0.00281740163228
1507 1.63332464681e-08
1508 6.51125312927e-05
1509 2.73298641896e-06
1510 0.000108774777569
1511 7.97297854148e-08
1512 2.65441522024e-05
1513 1.50838375885e-05
1514 0.000212987868369
1515 9.35562086806e-06
1516 2.85098920342e-05
1517 2.05204262219e-05
1518 5.87615646527e-07
1519 1.92787890731e-05
1520 3.1688461185e-05
1521 8.97505830731e-05
1522 1.06131419863e-06
1523 7.40951636785e-05
1524 5.60541094704e-05
1525 6.30140126313e-05
1526 5.15009713755e-05
1527 4.65733951278e-06
1528 2.51794125983e-06
1529 0.000192808039021
1530 0.00026729772569
1531 5.97113288055e-06
1532 2.58102115566e-05
1533 2.63959137036e-06
1534 6.72218325398e-06
1535 0.00131572895793
1536 6.78164618749e-06
1537 0.00111647654467
1538 3.21566630619e-05
1539 0.000145690795692
1540 0.00024712608129
1541 0.000135294070202
1542 6.27732692737e-06
1543 0.000113816225335
1544 4.52873565937e-05
1545 1.39230118778e-05
1546 0.000446030450226
1547 0.0
1548 1.11126022322e-05
1549 8.05262425482e-06
1550 0.000292528754693
1551 1.6995024425e-06
1552 4.32455580837e-05
1553 2.67335636195e-06
1554 7.61751914991e-05
1555 7.88142551934e-05
1556 4.53272953208e-05
1557 1.54695385693e-06
1558 3.79273817473e-05
1559 0.0
1560 7.29973332629e-05
1561 0.0
1562 1.81447189166e-05
1563 1.26680994882e-06
1564 2.23595051619e-05
1565 2.9468548194e-06
1566 0.000106999593032
1567 5.88472592479e-06
1568 1.60185018632e-05
1569 1.76590975545e-07
1570 5.10757418478e-05
1571 2.35036270244e-05
1572 1.80215437376e-05
1573 7.59105151267e-05
1574 0.000202928288919
1575 0.000101999898037
1576 4.46681570358e-06
1577 1.11139830161e-05
1578 0.0072625858214
1579 2.36357253686e-06
1580 9.43760028099e-09
1581 0.000275398544479
1582 0.0
1583 3.732431271e-05
1584 3.96277256985e-05
1585 0.000235014701173
1586 2.14516143063e-05
1587 0.0
1588 6.67950871196e-05
1589 1.01593873319e-05
1590 7.09200042739e-05
1591 0.000457775983481
1592 0.000198729556491
1593 2.76111604431e-07
1594 7.37038784422e-05
1595 5.37322715256e-06
1596 4.79522287001e-06
1597 0.00015386913321
1598 2.04499901836e-05
1599 5.54736858503e-05
1600 2.32547343571e-06
1601 1.68301264168e-05
1602 6.67791501918e-07
1603 1.0462147869e-06
1604 1.88637723874e-05
1605 7.40084364833e-05
1606 0.000123485945493
1607 3.66644357165e-06
1608 2.04481339421e-07
1609 1.79553851751e-05
1610 0.000113045884964
1611 4.55417383355e-05
1612 0.000119000452808
1613 7.38724283375e-05
1614 4.75609674293e-05
1615 0.000104727796054
1616 1.97351347589e-06
1617 0.000153028455762
1618 4.33187083951e-05
1619 2.72443915483e-05
1620 1.21752861248e-05
1621 0.000102385616591
1622 0.000137124325432
1623 0.000108090289802
1624 1.15237285111e-05
1625 1.5900095951e-05
1626 2.82336178581e-06
1627 5.19112271247e-05
1628 0.0
1629 0.000345025349032
1630 2.681912606e-06
1631 6.56147705278e-05
1632 8.68668846905e-08
1633 0.000292915987511
1634 5.46862660367e-06
1635 7.22549273152e-05
1636 2.33296854125e-06
1637 0.000132586943607
1638 6.59368486689e-05
1639 3.37609289272e-06
1640 0.000175477536884
1641 9.96494374365e-08
1642 2.81424501004e-06
1643 0.000992472701591
1644 6.53487577519e-06
1645 1.39604908322e-05
1646 9.58759051382e-05
1647 3.12201858973e-06
1648 7.52663003679e-05
1649 1.54266685435e-07
1650 5.34540256118e-06
1651 1.06941291657e-05
1652 0.0
1653 0.000155928584545
1654 9.37556661916e-05
1655 1.75702642331e-06
1656 7.77572510087e-05
1657 0.000657157626855
1658 0.0
1659 3.0610836026e-06
1660 0.000134641857614
1661 2.18858917166e-05
1662 0.000206003529159
1663 1.91678576331e-05
1664 0.0126064345226
1665 4.39192430175e-07
1666 1.53364400537e-05
1667 0.00193220803228
1668 9.82167133532e-06
1669 1.26371191065e-05
1670 1.77149154646e-05
1671 8.1524729171e-06
1672 3.52805502457e-05
1673 1.93980958459e-05
1674 0.000114075969536
1675 6.0120977718e-05
1676 6.81441190723e-05
1677 1.68451830598e-06
1678 7.91229343923e-06
1679 1.18693101648e-05
1680 5.81799616551e-06
1681 3.23583284582e-05
1682 6.17634981504e-06
1683 3.76277336871e-06
1684 4.46918995996e-05
1685 0.203857210492
1686 0.000155399465247
1687 1.46949324128e-05
1688 0.000994666609793
1689 0.000386501959634
1690 1.47316506087e-05
1691 0.0
1692 7.30194139575e-06
1693 0.000183266813806
1694 6.13444018264e-08
1695 6.26007820965e-05
1696 5.82298300397e-06
1697 4.40842114981e-06
1698 1.11923655838e-05
1699 1.18901712714e-06
1700 0.000140476616726
1701 1.82908151192e-06
1702 1.06101649425e-06
1703 0.000448670865321
1704 0.000132095058579
1705 3.96032846863e-06
1706 1.33482890478e-05
1707 0.00012019613724
1708 4.54507903609e-05
1709 4.4845487196e-07
1710 8.9299886297e-05
1711 5.36105150198e-07
1712 2.23496881845e-06
1713 9.1843917125e-06
1714 1.90752645131e-07
1715 3.78740074899e-05
1716 1.09748184058e-05
1717 6.6671616056e-05
1718 3.94844544296e-05
1719 0.00612091495963
1720 3.22133325362e-06
1721 2.50678142947e-05
1722 1.4732107547e-05
1723 0.0001888926836
1724 1.40325025054e-06
1725 6.03412216248e-05
1726 0.000526972789378
1727 0.00050647288643
1728 2.23590184265e-05
1729 3.3647363733e-06
1730 0.000266401011233
1731 0.000169386134249
1732 8.99717893455e-08
1733 7.76887816956e-05
1734 2.14260547932e-06
1735 6.64373886701e-05
1736 1.19139280815e-05
1737 3.87471194612e-05
1738 3.81527968041e-05
1739 4.74008295374e-06
1740 1.37734823929e-06
1741 1.02056049086e-05
1742 2.22583173551e-05
1743 2.35335072548e-05
1744 1.9069820966e-05
1745 3.12533013784e-05
1746 2.03386257093e-05
1747 0.000193082477537
1748 1.48658201296e-06
1749 1.93974336751e-07
1750 7.82581896147e-06
1751 2.36844704512e-05
1752 6.31694772732e-05
1753 1.32852123186e-05
1754 4.01546840961e-05
1755 6.01932922161e-05
1756 0.0
1757 1.65025714642e-06
1758 2.02103361535e-05
1759 0.000820744500604
1760 6.35352733202e-08
1761 0.0
1762 0.000193464114391
1763 0.0
1764 4.68031178356e-06
1765 1.05580835179e-06
1766 2.76263628707e-05
1767 0.000105954425959
1768 1.15674091921e-05
1769 0.000134195699897
1770 4.04788507717e-06
1771 0.000260404741817
1772 9.69616496415e-07
1773 9.7759044514e-06
1774 2.40516575453e-06
1775 0.000152099415283
1776 2.55601674277e-09
1777 0.0
1778 2.3982378609e-07
1779 3.81787506488e-05
1780 1.39040986863e-05
1781 3.02381619248e-05
1782 1.7022797253e-05
1783 2.94824251228e-05
1784 0.000267857831465
1785 4.42864431758e-07
1786 2.16841031104e-05
1787 4.97502772991e-05
1788 1.54158727722e-05
1789 1.44159344292e-07
1790 1.13197125717e-05
1791 1.89062111811e-05
1792 5.9755000246e-05
1793 8.71975258169e-07
1794 1.8657105284e-05
1795 0.000246469026349
1796 2.92814657823e-05
1797 4.55388962544e-06
1798 3.41612349346e-07
1799 1.11128219965e-06
1800 2.40360022942e-05
1801 0.0147436457404
1802 1.76789934938e-06
1803 4.37052960261e-08
1804 8.12978573581e-06
1805 4.68176254957e-05
1806 5.41823793482e-06
1807 4.30686643402e-05
1808 3.93444322966e-05
1809 3.14705558889e-05
1810 2.07839091186e-05
1811 1.25583579598e-05
1812 1.35384521799e-05
1813 4.64031717889e-05
1814 9.21359222018e-05
1815 3.83473585946e-06
1816 5.87750653337e-06
1817 1.31975358963e-05
1818 2.1115552257e-06
1819 8.02414498635e-06
1820 6.7572974124e-05
1821 1.48316905923e-05
1822 1.99665354523e-07
1823 7.60525557697e-07
1824 2.6297087167e-05
1825 1.29282905618e-05
1826 2.98820401195e-05
1827 7.40227419075e-06
1828 0.000132823102698
1829 4.13405193634e-05
1830 2.88800336472e-06
1831 3.61809314034e-06
1832 0.00074782100302
1833 9.39018818952e-05
1834 4.49770385696e-05
1835 0.0
1836 0.000224776048079
1837 6.36095616814e-06
1838 7.4138384504e-06
1839 2.0857096621e-07
1840 3.82775275828e-05
1841 6.97676984996e-07
1842 3.8138934053e-05
1843 1.56856727866e-05
1844 0.000104292234805
1845 5.63387236811e-05
1846 3.99326009494e-05
1847 4.9917035102e-05
1848 3.94306736936e-05
1849 3.08463924685e-06
1850 8.65301100506e-06
1851 1.63929777631e-05
1852 0.000126074491987
1853 2.5216347081e-05
1854 1.2606331514e-07
1855 0.0
1856 1.09958661027e-06
1857 0.0
1858 1.12094123066e-05
1859 1.52639366754e-05
1860 6.14657756787e-05
1861 3.38009537612e-05
1862 0.000109527000006
1863 0.000295996278962
1864 5.43042454734e-05
1865 1.65065894095e-05
1866 4.38796794669e-08
1867 6.66383567154e-05
1868 3.23029190028e-05
1869 2.37713684444e-05
1870 4.15993455643e-07
1871 2.83218747661e-06
1872 7.74301255399e-05
1873 1.73602279026e-05
1874 3.52347477466e-05
1875 1.51554657327e-07
1876 3.20228613511e-06
1877 0.000133371267403
1878 4.88107296391e-06
1879 6.57030354612e-06
1880 1.73871412384e-05
1881 7.23703276778e-07
1882 8.46493008251e-05
1883 1.68474763872e-05
1884 2.29602750712e-05
1885 3.68526136568e-07
1886 6.44757235438e-06
1887 3.44166592627e-05
1888 6.69066181338e-08
1889 0.0136837404359
1890 2.02144409828e-06
1891 4.90755214612e-07
1892 1.24622256309e-05
1893 9.62635228661e-09
1894 0.000122826831932
1895 0.000175660619248
1896 1.86347892822e-05
1897 1.10058301311e-06
1898 2.49789478818e-05
1899 1.008945035e-05
1900 3.08919888143e-05
1901 1.71529504548e-06
1902 5.56443087891e-06
1903 1.88354915351e-05
1904 6.58056423461e-05
1905 1.52046269088e-05
1906 5.70220126742e-08
1907 2.99804766114e-06
1908 1.85568042874e-06
1909 3.4560425407e-06
1910 0.000394961531662
1911 1.98293553823e-05
1912 0.000101446408441
1913 0.176227357352
1914 4.3375928093e-06
1915 0.00044177920022
1916 9.66774807197e-06
1917 2.24619879341e-05
1918 1.15573473547e-05
1919 6.42184921664e-06
1920 6.04280898298e-05
1921 2.32138291658e-05
1922 0.000266439242411
1923 1.0092054818e-05
1924 3.78723973025e-05
1925 2.65751365745e-08
1926 8.08779357026e-06
1927 0.000161549603745
1928 4.83726944061e-05
1929 1.06191888394e-05
1930 4.17401725819e-06
1931 4.279772255e-05
1932 3.93469363741e-05
1933 0.000640407448017
1934 3.87971508377e-07
1935 2.48510703287e-05
1936 4.97306259913e-05
1937 2.08206443335e-05
1938 9.30049059817e-06
1939 9.0989587257e-06
1940 1.78816325295e-05
1941 0.000787827666811
1942 0.000586422112092
1943 1.75394085876e-05
1944 1.57412477507e-05
1945 1.43099461287e-05
1946 4.26034397954e-05
1947 8.42621718276e-06
1948 0.000417975881069
1949 2.20253604491e-05
1950 2.06452681166e-07
1951 8.43337638257e-06
1952 1.9416686998e-05
1953 8.55873597001e-06
1954 1.49046322165e-06
1955 0.00211451821939
1956 0.000787738372623
1957 7.53373772021e-07
1958 3.66124159584e-05
1959 0.000694118278763
1960 5.18020383501e-05
1961 0.000851101122726
1962 1.02947140009e-06
1963 1.08710787038e-05
1964 0.000120573206466
1965 0.00327761739958
1966 4.05501079123e-05
1967 3.40986773763e-05
1968 0.0
1969 4.36048071633e-06
1970 0.0
1971 0.000365939929486
1972 1.03644058831e-05
1973 7.92703846987e-05
1974 3.62432689561e-05
1975 3.02517518128e-07
1976 1.2407713487e-05
1977 4.73330802371e-05
1978 1.46500699889e-07
1979 1.23466191952e-05
1980 1.06401878104e-05
1981 5.15615645573e-05
1982 1.3062330885e-05
1983 9.67697060815e-06
1984 3.31312902036e-05
1985 1.35433496909e-05
1986 0.000197180696484
1987 9.47684734421e-06
1988 2.87292163768e-06
1989 4.1204392413e-06
1990 0.000117280320257
1991 3.81255403717e-05
1992 0.000240007717483
1993 2.03013320875e-07
1994 2.97741312476e-05
1995 2.29339683871e-06
1996 1.57637272808e-05
1997 3.0642056244e-08
1998 2.30647245389e-06
1999 4.73156326377e-05
2000 3.76506075581e-06
2001 1.0937444269e-06
2002 5.43518675655e-05
2003 0.00040391973354
2004 6.90707947689e-05
2005 4.67077850398e-05
2006 4.33260675461e-06
2007 4.47887366415e-05
2008 0.000378711446692
2009 9.65465666472e-06
2010 0.000150129098559
2011 8.52856882579e-05
2012 0.000171295564297
2013 1.50937530678e-05
2014 9.06636209188e-07
2015 1.12859565209e-05
2016 1.50909280145e-07
2017 9.92863180897e-06
2018 3.28083449012e-06
2019 5.06703216161e-05
2020 6.54492579275e-06
2021 3.25679184209e-06
2022 1.22059279884e-07
2023 3.77668738429e-05
2024 4.46747442132e-05
2025 3.74160979816e-05
2026 2.67033858885e-05
2027 0.000434751501085
2028 0.000183165677484
2029 0.000190069543425
2030 9.73682442649e-06
2031 1.00324894711e-05
2032 5.66887544378e-05
2033 5.41513743384e-05
2034 6.88670467355e-06
2035 9.90789156437e-07
2036 6.89965240198e-05
2037 1.58186940377e-06
2038 5.98213135242e-05
2039 0.000123194925317
2040 1.23339170394e-05
2041 2.87541416486e-05
2042 1.00730584553e-06
2043 0.000436475718079
2044 7.68675940112e-06
2045 7.25183049112e-07
2046 5.8088476781e-06
2047 1.27052337049e-06
2048 0.0010401183846
2049 3.22730002765e-05
2050 6.71431233488e-05
2051 1.51217629491e-05
2052 2.93078626385e-07
2053 1.26854641867e-05
2054 2.29648838359e-05
2055 9.64303669111e-05
2056 2.32577605005e-06
2057 5.2450271778e-05
2058 3.59758137951e-05
2059 1.62960265559e-05
2060 6.39939701259e-06
2061 5.73623482887e-05
2062 0.000208725857035
2063 5.05948236489e-05
2064 9.8863099853e-06
2065 1.18336995247e-05
2066 5.38797099333e-06
2067 3.4952906852e-07
2068 2.29918511676e-06
2069 5.12623744005e-05
2070 2.66940147421e-05
2071 2.47160505623e-05
2072 2.58862347886e-05
2073 6.22562856091e-05
2074 1.34197017853e-05
2075 3.96386613308e-06
2076 5.93085179712e-05
2077 1.45177828292e-06
2078 1.70941967625e-06
2079 1.59966126379e-05
2080 0.0
2081 7.38040902389e-07
2082 0.000124912121177
2083 4.64428577296e-05
2084 6.78934299119e-06
2085 4.79260555912e-05
2086 2.23469818748e-05
2087 2.78724685228e-06
2088 7.23688389752e-05
2089 1.5292144005e-05
2090 4.60951079332e-05
2091 8.34733638823e-06
2092 1.04737958639e-05
2093 2.14013769194e-05
2094 3.13580812181e-05
2095 4.90755214612e-08
2096 1.24530893991e-05
2097 2.38904368962e-06
2098 2.77755755965e-05
2099 1.59680030054e-06
2100 1.61433446917e-05
2101 0.0
2102 2.71503143305e-05
2103 5.24918145332e-05
2104 1.7332656329e-05
2105 5.88872589488e-06
2106 1.02005283414e-05
2107 4.08962678843e-08
2108 5.31019737349e-05
2109 3.15415315043e-06
2110 1.925678144e-06
2111 4.47096229078e-05
2112 0.000135521242183
2113 9.51799479609e-06
2114 2.30187564949e-07
2115 4.40529112528e-05
2116 3.06079669409e-06
2117 0.000272841193668
2118 0.000299177118166
2119 8.33470079178e-06
2120 3.88485231094e-05
2121 0.000410734788156
2122 9.85051605204e-06
2123 2.6058041627e-06
2124 1.59234294889e-05
2125 5.7020955474e-06
2126 3.2019217984e-05
2127 0.000113154802063
2128 3.64310781409e-05
2129 0.0011483316153
2130 6.34242650169e-05
2131 2.69986686589e-05
2132 2.44841272508e-05
2133 0.00107109425763
2134 0.000739022742473
2135 0.000121746372999
2136 9.5353148043e-06
2137 2.31285635901e-06
2138 2.84388167564e-05
2139 0.000663578800332
2140 7.40701114629e-06
2141 6.30029459726e-06
2142 4.47870370567e-06
2143 0.000385403901249
2144 0.000190603034787
2145 1.31146376913e-05
2146 0.000188298788662
2147 3.39400076537e-05
2148 2.26946451339e-05
2149 0.000901698438669
2150 4.16948719132e-05
2151 1.94991426938e-05
2152 6.87835389851e-06
2153 1.23374480708e-05
2154 9.73686581122e-05
2155 2.33773726e-05
2156 9.0049949994e-05
2157 4.57721449776e-05
2158 3.1059560602e-05
2159 4.59320357089e-05
2160 0.000218698489988
2161 2.94384401333e-05
2162 1.66615100703e-05
2163 1.53124459228e-05
2164 4.43271850977e-06
2165 0.00108633813066
2166 8.47909614854e-06
2167 1.67172647439e-05
2168 0.0
2169 0.0
2170 2.20124227827e-05
2171 9.54431196962e-07
2172 1.64858126765e-05
2173 1.51066192044e-05
2174 6.32621892334e-05
2175 0.000340285548673
2176 1.10773210401e-05
2177 0.000130686434476
2178 1.03719148289e-06
2179 6.55750502283e-08
2180 0.0011245828248
2181 1.5567869843e-05
2182 1.54734200107e-05
2183 2.76523706064e-06
2184 2.39661003538e-05
2185 1.58716176254e-05
2186 4.39220760027e-07
2187 3.32424264606e-06
2188 3.45652887905e-05
2189 1.19772975506e-05
2190 0.000216782541715
2191 4.90597041603e-06
2192 0.000181033580276
2193 0.000152624943852
2194 4.32938180053e-05
2195 2.08954285297e-05
2196 0.0
2197 1.04153875374e-05
2198 3.84616458523e-05
2199 8.70089302882e-06
2200 0.000262486970696
2201 2.25393868508e-05
2202 7.40287210331e-06
2203 0.000239153075675
2204 3.15863057655e-05
2205 0.0
2206 1.51659360986e-06
2207 1.8208945941e-05
2208 8.10721935086e-06
2209 1.63161433458e-06
2210 0.000186248380282
2211 0.000265657800402
2212 2.76442115472e-05
2213 2.30318393226e-06
2214 1.22902023731e-06
2215 1.70023011118e-05
2216 1.02901914027e-05
2217 5.64188505505e-06
2218 1.03644177701e-05
2219 1.7165841444e-05
2220 0.0
2221 1.06528576662e-05
2222 0.000311093624614
2223 7.82637008504e-05
2224 0.000121292176613
2225 3.00631264518e-05
2226 4.87517690256e-06
2227 3.65162877908e-05
2228 2.84419962294e-07
2229 1.10970825942e-05
2230 5.71583286692e-05
2231 1.08405936226e-08
2232 1.05216856569e-05
2233 3.69953134606e-05
2234 0.0458178183685
2235 1.69687430638e-05
2236 3.62168571456e-05
2237 7.45739577656e-05
2238 3.78136885298e-06
2239 2.81128459228e-05
2240 8.10526485325e-06
2241 1.66599298253e-05
2242 1.50948424091e-05
2243 0.000440474706228
2244 6.66764313124e-05
2245 1.33721114315e-05
2246 4.2064732681e-08
2247 0.000799773243625
2248 6.28411989317e-05
2249 3.0600567356e-05
2250 1.74019977966e-06
2251 3.81296080252e-05
2252 5.6445304322e-07
2253 9.86363005786e-07
2254 5.25573985571e-06
2255 0.000900122052475
2256 5.26700881647e-07
2257 6.69221665795e-08
2258 7.24698824381e-06
2259 2.20642002549e-06
2260 1.7940922273e-05
2261 4.79928626026e-05
2262 2.05314327228e-06
2263 1.78599211066e-05
2264 1.1655436347e-07
2265 1.13013369812e-05
2266 5.25293946884e-07
2267 0.0417857918303
2268 1.8413647067e-05
2269 0.000545366787547
2270 0.0
2271 8.06141266922e-06
2272 9.76321592951e-06
2273 2.14626325769e-05
2274 0.000757180897954
2275 8.50605044054e-07
2276 8.53543364102e-06
2277 6.41317501337e-06
2278 3.06544952413e-05
2279 7.42784023613e-05
2280 2.13262920863e-05
2281 4.72096336407e-06
2282 2.42456445314e-07
2283 8.43136802933e-05
2284 0.000148051359801
2285 5.30282433976e-05
2286 4.55922537369e-06
2287 4.35387163489e-05
2288 4.17118137774e-06
2289 2.4391335595e-05
2290 0.00156989236747
2291 5.23329933873e-06
2292 1.50999168367e-06
2293 0.000141211527892
2294 3.25845457129e-06
2295 0.000163662354998
2296 8.74151378412e-06
2297 6.93644580372e-06
2298 4.0493269486e-05
2299 1.29127307057e-05
2300 4.15639923065e-06
2301 4.47451795689e-05
2302 7.85599912261e-07
2303 5.53633488805e-05
2304 1.32306376895e-05
2305 1.08595469391e-05
2306 2.42600582732e-06
2307 1.08224462859e-06
2308 2.34034803608e-06
2309 3.35050809911e-06
2310 3.73514930212e-05
2311 1.47417088655e-05
2312 2.74038599999e-06
2313 7.8788513389e-07
2314 0.00025853603221
2315 3.50544688537e-05
2316 4.00204406877e-06
2317 1.80003550937e-05
2318 8.5130265409e-05
2319 2.26322133906e-05
2320 4.17095640185e-05
2321 2.25270023581e-07
2322 7.24315556397e-07
2323 0.000160449832451
2324 7.87177325345e-06
2325 7.47436863724e-05
2326 0.000102270783717
2327 9.84541141916e-06
2328 5.63456164635e-05
2329 0.000294727116322
2330 1.01833228964e-05
2331 4.32525532882e-06
2332 1.59302870711e-05
2333 1.84838364563e-05
2334 0.000130166188512
2335 3.50109967118e-05
2336 9.58460115353e-06
2337 0.00015619617595
2338 4.31762852911e-06
2339 1.01087097114e-05
2340 1.64486175334e-05
2341 1.58084820939e-05
2342 4.31304648223e-05
2343 6.27191983901e-05
2344 4.26647266056e-05
2345 8.15984709453e-05
2346 2.31085057699e-05
2347 2.79142046993e-05
2348 0.000884575855454
2349 1.15061489258e-05
2350 7.34647403154e-07
2351 0.000126809836948
2352 7.46213157698e-05
2353 5.15474174304e-06
2354 1.45157371314e-06
2355 5.58884438642e-06
2356 9.58000750927e-06
2357 3.89880449072e-06
2358 1.57961382563e-05
2359 1.21520694049e-05
2360 2.16823466432e-06
2361 1.02661240696e-05
2362 2.15021924412e-05
2363 9.98776853867e-06
2364 5.63420010656e-06
2365 1.43361608875e-05
2366 5.83957398202e-05
2367 9.26159003755e-06
2368 1.18266685889e-05
2369 9.30526159045e-05
2370 1.48324292881e-05
2371 3.94539852069e-06
2372 6.18725439762e-05
2373 1.92788040032e-05
2374 2.97688219832e-05
2375 3.77052846649e-06
2376 0.0
2377 3.32310423985e-05
2378 0.000908982540641
2379 4.82399151387e-05
2380 6.72782473125e-06
2381 4.62558341666e-06
2382 6.21983794789e-06
2383 0.0
2384 2.45514801814e-06
2385 0.000178831449391
2386 1.85170160683e-05
2387 4.08405942684e-06
2388 2.50788213741e-05
2389 2.14118655751e-07
2390 5.76581073797e-05
2391 1.05333447399e-05
2392 4.26657419806e-05
2393 0.000996948037054
2394 1.46461218912e-05
2395 0.00105958336779
2396 3.65030267984e-05
2397 2.22412701557e-05
2398 1.01882870829e-05
2399 3.98070711669e-05
2400 3.72349329294e-05
2401 6.06926881545e-07
2402 3.69997970839e-06
2403 2.08055485598e-05
2404 3.06922028167e-05
2405 1.66895105055e-05
2406 2.13741597432e-05
2407 9.92180214747e-06
2408 4.52331985508e-06
2409 3.06039957432e-06
2410 1.12595300103e-05
2411 2.78494990128e-05
2412 9.91042152731e-06
2413 9.75642078772e-06
2414 3.31831680597e-06
2415 8.67471504559e-06
2416 1.39651134546e-06
2417 1.74014939227e-05
2418 7.26138940106e-05
2419 2.00040859897e-06
2420 9.19889052689e-05
2421 4.33519702944e-06
2422 9.01106183068e-07
2423 3.06722009132e-08
2424 5.9851657214e-06
2425 9.95871658682e-06
2426 2.42565602509e-05
2427 3.02764959925e-06
2428 1.9977658073e-06
2429 3.70584834412e-05
2430 3.47444416105e-05
2431 1.85903312383e-05
2432 0.0
2433 1.00221863633e-05
2434 1.96425564466e-05
2435 0.00109373504583
2436 2.48029667239e-05
2437 0.000638789056429
2438 8.17925357686e-08
2439 2.76872413564e-05
2440 3.47618277017e-07
2441 1.036262901e-05
2442 0.0
2443 1.46058099587e-09
2444 4.88653954132e-05
2445 1.11592562072e-07
2446 7.98577429397e-06
2447 4.84414788114e-06
2448 2.76384329961e-05
2449 1.3270444922e-05
2450 2.07340825351e-05
2451 5.89220078961e-07
2452 3.02997825662e-05
2453 5.90201836491e-06
2454 2.23460209715e-06
2455 3.38273818364e-06
2456 1.76959302854e-05
2457 1.08274010481e-06
2458 0.0
2459 0.000138660312483
2460 4.55810214767e-05
2461 7.12967400001e-06
2462 2.84748444121e-05
2463 0.000913576298775
2464 2.10974567532e-05
2465 1.21241099933e-05
2466 2.17372049386e-06
2467 3.55768166781e-07
2468 2.01887908226e-06
2469 0.000235230971086
2470 1.82441238778e-06
2471 0.0
2472 2.73536762885e-05
2473 0.000149235553538
2474 1.09496558399e-05
2475 5.93333799918e-05
2476 0.000544158540089
2477 1.64567021909e-05
2478 1.57093987042e-06
2479 0.00104033770743
2480 9.12905820844e-06
2481 1.59725465773e-05
2482 1.75269719504e-08
2483 1.11545591289e-05
2484 0.0
2485 6.51407542774e-06
2486 4.8860109215e-06
2487 1.42745024238e-06
2488 2.42456445314e-07
2489 9.44885927418e-05
2490 1.55713882317e-05
2491 8.77860502136e-07
2492 4.54596188821e-05
2493 6.90743932262e-06
2494 6.35059267459e-08
2495 3.84344468404e-05
2496 4.11150466478e-06
2497 4.15392671555e-08
2498 4.74296361353e-05
2499 0.00065020419006
2500 0.000864717710065
2501 7.18715485189e-06
2502 0.000143449941628
2503 5.93713652255e-06
2504 2.42544458032e-05
2505 6.48529551518e-06
2506 0.0
2507 9.96769969085e-06
2508 3.14485793998e-05
2509 0.000122022113742
2510 8.00127996893e-05
2511 0.000420873743887
2512 6.04881982592e-05
2513 0.000163318394406
2514 4.22535839854e-07
2515 2.42117393501e-07
2516 7.32667179484e-07
2517 6.61236760374e-05
2518 0.0
2519 4.937710677e-05
2520 8.46736389235e-07
2521 7.86746680482e-06
2522 8.10491271209e-06
2523 4.98330123246e-07
2524 5.05911541818e-05
2525 3.70593007438e-07
2526 4.25234527619e-06
2527 0.000100665485902
2528 1.28980537174e-07
2529 7.97477223744e-08
2530 1.74660641378e-05
2531 5.96159413532e-06
2532 5.22935200329e-05
2533 1.3071969215e-06
2534 0.000116846508276
2535 2.03104109951e-05
2536 1.4194674081e-06
2537 9.80473516605e-06
2538 0.000158786376453
2539 6.75383784945e-05
2540 2.58447427538e-06
2541 2.28435480711e-05
2542 0.0
2543 6.09040939242e-05
2544 0.00131116366392
2545 4.28672948071e-06
2546 1.58850129237e-06
2547 9.55967613934e-06
2548 8.13981646189e-06
2549 4.08962678843e-08
2550 3.06064961295e-06
2551 3.16057514908e-05
2552 1.39416717817e-05
2553 1.80087924262e-06
2554 2.27548683054e-05
2555 8.95721868453e-05
2556 0.000874184710938
2557 3.29225326044e-06
2558 5.04399277784e-06
2559 5.62378627947e-06
2560 4.00576399756e-06
2561 7.54218727685e-05
2562 9.09463460221e-06
2563 1.83405070923e-05
2564 3.10694098668e-06
2565 1.6234811526e-05
2566 3.0642056244e-08
2567 3.57041753778e-05
2568 7.85383348131e-05
2569 5.78804849851e-06
2570 0.0
2571 3.6955199906e-05
2572 8.56151251048e-06
2573 1.56909270675e-06
2574 6.36766774461e-06
2575 3.76970047687e-06
2576 1.30474917417e-05
2577 7.57782296448e-06
2578 3.66412775463e-05
2579 5.03031005352e-06
2580 1.07345587647e-06
2581 1.19346588115e-05
2582 1.84336472602e-05
2583 1.78414521348e-05
2584 3.81695568342e-05
2585 6.30280659105e-06
2586 2.44961718571e-05
2587 5.48796365356e-06
2588 1.10155283867e-05
2589 0.000102891160879
2590 7.89347265696e-06
2591 1.69895141423e-05
2592 1.57433583478e-06
2593 3.12327695794e-05
2594 6.19439171435e-06
2595 0.000147217321226
2596 0.0
2597 0.0
2598 2.57470643681e-05
2599 5.76864373805e-05
2600 3.84713507089e-08
2601 1.24083438265e-05
2602 1.05327010107e-05
2603 3.63624717727e-05
2604 6.35947199291e-05
2605 2.68372893009e-05
2606 7.48851520616e-06
2607 3.85552429522e-07
2608 1.2226842517e-05
2609 3.18472940335e-05
2610 1.05343706194e-06
2611 3.35927511048e-05
2612 5.28880683408e-05
2613 5.57733814244e-06
2614 1.70530702351e-07
2615 1.64043849238e-05
2616 8.66624145853e-06
2617 3.95733441773e-05
2618 3.70141733532e-05
2619 2.99496376199e-05
2620 5.56941043874e-06
2621 5.48891033623e-05
2622 2.45377607306e-08
2623 3.52566039079e-06
2624 7.38938407003e-06
2625 4.48985198759e-05
2626 6.80513572912e-06
2627 2.47202090138e-06
2628 4.3039233715e-06
2629 5.86166390785e-05
2630 3.4901988614e-05
2631 1.03191986923e-05
2632 5.21729225074e-06
2633 3.27170143074e-08
2634 1.37689478882e-06
2635 4.83423131596e-06
2636 1.597903204e-06
2637 3.62710568159e-05
2638 5.63690653632e-06
2639 3.64513266587e-06
2640 3.99734499079e-05
2641 5.35194914625e-05
2642 1.16012488936e-05
2643 0.0024191299142
2644 1.88926623776e-05
2645 4.19368479553e-05
2646 5.19073016184e-05
2647 2.3979515648e-05
2648 5.11545599397e-05
2649 2.94660724169e-05
2650 2.76326722279e-05
2651 3.83844859702e-07
2652 2.07454426897e-06
2653 9.09603613742e-06
2654 3.49475717136e-06
2655 2.49391102658e-06
2656 4.22633284688e-06
2657 1.22740323039e-05
2658 3.99971578198e-05
2659 0.000369585828567
2660 0.00012780742709
2661 2.9782972069e-05
2662 4.20614682861e-05
2663 1.52466627024e-05
2664 4.7180600586e-06
2665 4.41371032394e-05
2666 4.04052720617e-05
2667 4.90771628437e-05
2668 2.122871641e-05
2669 0.000110867080937
2670 3.4398881221e-05
2671 6.04292405871e-07
2672 0.0
2673 1.51275805555e-05
2674 1.90641799609e-05
2675 6.57382526232e-05
2676 2.57367407621e-05
2677 0.00135060413061
2678 1.52555713462e-05
2679 5.34864642534e-07
2680 3.14583368058e-05
2681 2.63013456839e-05
2682 3.192429358e-06
2683 1.07370502711e-06
2684 0.0027375846687
2685 7.09359440894e-06
2686 9.46018345993e-07
2687 1.48410842991e-05
2688 3.98328609333e-07
2689 1.55206093484e-06
2690 3.72922326622e-05
2691 1.31582919489e-05
2692 0.0
2693 2.57895537246e-08
2694 1.82477501497e-05
2695 0.000608107508787
2696 5.36883020639e-06
2697 7.19383463629e-06
2698 2.88144804339e-06
2699 4.81205168126e-05
2700 5.50240695171e-08
2701 6.89219030238e-06
2702 5.24233516491e-06
2703 2.00757502786e-05
2704 2.9348076995e-07
2705 0.0
2706 1.37009795718e-05
2707 3.83151518799e-05
2708 1.18581344823e-05
2709 2.25863214871e-06
2710 5.07656697446e-06
2711 9.82116448704e-07
2712 1.40240066315e-05
2713 5.82749782627e-06
2714 9.55994722547e-06
2715 3.62549142942e-06
2716 1.63442809186e-05
2717 8.59164728305e-05
2718 1.49477824108e-05
2719 2.50785881067e-05
2720 5.46105607009e-05
2721 1.62327432168e-05
2722 0.0
2723 0.0
2724 1.79750227778e-05
2725 0.000633943010031
2726 3.93171121165e-06
2727 2.21128008251e-06
2728 8.91776336999e-06
2729 1.33921813669e-05
2730 5.76279325595e-05
2731 0.000154547971133
2732 6.42988031606e-06
2733 1.75269719504e-08
2734 3.2993834201e-06
2735 4.44688299252e-05
2736 1.49574263234e-05
2737 6.18152128199e-06
2738 2.89664166859e-06
2739 0.00279216671741
2740 1.12417980952e-05
2741 0.0
2742 8.06816928595e-05
2743 6.29983816721e-05
2744 5.29677913921e-05
2745 1.51289032458e-05
2746 0.000114062558434
2747 4.41013346795e-06
2748 4.99389588528e-06
2749 0.00179584009742
2750 4.28978467691e-05
2751 4.4964471502e-05
2752 2.58865357462e-05
2753 6.92200740257e-06
2754 5.97729996036e-05
2755 7.63314212302e-05
2756 6.27750308985e-05
2757 8.02045194841e-06
2758 5.16438306782e-05
2759 0.000858123040151
2760 2.44425303052e-05
2761 2.98117365045e-06
2762 2.52800130061e-05
2763 2.27633872284e-05
2764 5.89564615488e-05
2765 3.7229097661e-05
2766 0.000145413110048
2767 3.54734133768e-06
2768 0.0
2769 1.02580154366e-05
2770 4.92068167954e-06
2771 5.02470698415e-07
2772 1.12503359481e-05
2773 2.30363875739e-05
2774 1.17284389306e-05
2775 2.45377607306e-08
2776 2.39970396488e-05
2777 1.09738318823e-07
2778 6.08559005396e-05
2779 5.07644429335e-05
2780 4.03291144646e-06
2781 0.000243901666674
2782 0.000185433864224
2783 3.44547642914e-05
2784 1.36531675562e-05
2785 2.04666967425e-05
2786 2.643248292e-05
2787 4.35041136244e-05
2788 4.66441364787e-05
2789 0.0
2790 5.69409735364e-06
2791 4.31387366596e-06
2792 2.57307175333e-06
2793 0.0
2794 4.13670661343e-05
2795 3.19677443276e-06
2796 1.00887335278e-05
2797 9.96889719712e-05
2798 7.21025569013e-06
2799 5.81664563227e-08
2800 1.36320892948e-08
2801 5.31028218334e-05
2802 4.25105217573e-06
2803 4.96061932099e-07
2804 1.53136241574e-05
2805 8.78976850524e-06
2806 8.42325399999e-07
2807 1.66384656389e-05
2808 1.85782355825e-05
2809 0.0
2810 1.38930248472e-05
2811 7.94763626087e-05
2812 4.43024218184e-07
2813 1.21376213571e-05
2814 2.83123654544e-05
2815 0.0
2816 2.41426495625e-05
2817 5.37426663518e-06
2818 0.0
2819 6.19290479142e-06
2820 0.0003080888311
2821 1.9590846011e-06
2822 8.4759202361e-07
2823 7.094679393e-06
2824 7.65125211972e-06
2825 0.0
2826 2.11984623195e-05
2827 1.16842812273e-05
2828 5.08166910481e-05
2829 8.91585981899e-05
2830 1.18522991576e-05
2831 5.79439920196e-06
2832 1.04265805887e-05
2833 2.47704768022e-05
2834 0.000714830504561
2835 4.56991057961e-07
2836 3.27689801984e-06
2837 1.98081961499e-05
2838 9.92458105203e-06
2839 0.0
2840 0.0416561467819
2841 8.80781435318e-06
2842 2.12085739988e-05
2843 0.0
2844 3.47026154681e-05
2845 0.000180603183278
2846 7.86906717281e-06
2847 2.04782087256e-06
2848 1.04914891815e-05
2849 1.08574974829e-05
2850 6.66410101543e-05
2851 1.11792793556e-06
2852 9.25084699171e-06
2853 7.41420053539e-07
2854 4.58483867981e-05
2855 1.96957268964e-05
2856 0.0
2857 9.77753254437e-06
2858 0.0
2859 1.51337927122e-05
2860 1.22878250248e-05
2861 0.0
2862 5.98107917808e-07
2863 6.33800482132e-05
2864 0.00012075155331
2865 5.60902437077e-05
2866 2.75092669342e-05
2867 5.54705628029e-05
2868 6.19672305157e-05
2869 1.05278184648e-05
2870 0.000251689050707
2871 6.53247042626e-06
2872 0.000100586754027
2873 0.000274297384693
2874 2.05939298239e-05
2875 1.16772192416e-05
2876 0.000125277022919
2877 1.21173125071e-06
2878 3.70188904965e-05
2879 1.09352655945e-06
2880 8.83253162228e-08
2881 0.000109941280639
2882 5.63223743073e-05
2883 7.48057342776e-06
2884 5.90370538487e-05
2885 4.05757255383e-07
2886 0.0
2887 2.97666406958e-07
2888 7.22744903967e-06
2889 5.37237408876e-06
2890 3.06005720337e-06
2891 0.00026244126844
2892 3.30295844262e-06
2893 2.99754305153e-05
2894 5.23484192766e-06
2895 2.02644590394e-05
2896 4.41989355785e-06
2897 1.20674822004e-05
2898 1.01787064255e-05
2899 1.03474302232e-05
2900 8.76348597521e-09
2901 7.20116325125e-08
2902 0.00101311146165
2903 0.0
2904 7.56373012164e-07
2905 0.000234604454699
2906 6.59183159381e-05
2907 2.78053171339e-05
2908 2.58757794586e-05
2909 7.52803449644e-06
2910 0.000450430196097
2911 5.8999230764e-05
2912 4.00123253258e-05
2913 0.00046944148825
2914 6.38218455511e-05
2915 1.84358391872e-05
2916 0.000423957914861
2917 6.52093973053e-05
2918 1.65127831673e-06
2919 1.03448509079e-05
2920 0.000269319321009
2921 5.19366072706e-05
2922 0.00057390869715
2923 0.0
2924 8.59395641846e-06
2925 5.42235785083e-05
2926 6.47853165871e-05
2927 4.64060794194e-07
2928 2.93330876052e-05
2929 0.000146881918493
2930 9.48618205125e-06
2931 1.75269719504e-08
2932 1.72035004388e-05
2933 2.42497618167e-05
2934 1.21051066474e-06
2935 4.15481774641e-06
2936 7.56472221378e-07
2937 0.000131311814644
2938 0.000509603164205
2939 1.96288865145e-05
2940 5.13169103433e-05
2941 3.27739495774e-05
2942 2.09490349233e-06
2943 4.43517181812e-06
2944 7.41058207657e-05
2945 4.88940497642e-05
2946 4.93317067364e-05
2947 0.000638616299088
2948 2.76942183866e-06
2949 2.1880727604e-05
2950 4.18532396658e-06
2951 0.000654354051659
2952 0.000176701378547
2953 1.65990438988e-07
2954 1.81724364183e-06
2955 1.64493922872e-05
2956 3.01031446378e-05
2957 3.1629762916e-05
2958 3.31948681833e-06
2959 4.40857266543e-05
2960 2.96295707869e-07
2961 1.91345990371e-05
2962 1.08078265669e-06
2963 2.67177533036e-05
2964 3.27170143074e-08
2965 2.75742837169e-05
2966 2.76663047989e-06
2967 4.04545218866e-05
2968 2.3133746887e-05
2969 1.06382349751e-05
2970 5.35749668098e-05
2971 1.08568373455e-06
2972 1.70687104072e-07
2973 2.55505664058e-07
2974 9.21482031888e-05
2975 2.11688548596e-05
2976 6.13444018264e-08
2977 5.3157659887e-05
2978 1.52407989628e-06
2979 9.97034061819e-06
2980 0.000119394232189
2981 0.0
2982 5.78050106536e-05
2983 4.88732871694e-08
2984 1.53941268187e-06
2985 1.2773511778e-05
2986 3.01787890962e-05
2987 2.30012841005e-05
2988 5.37884787917e-06
2989 1.9968468849e-05
2990 0.000119213215985
2991 3.55596731023e-06
2992 4.42518835582e-05
2993 0.0010509036001
2994 0.000614151862669
2995 1.21938013524e-05
2996 8.64153342246e-06
2997 3.50069454329e-05
2998 2.55244693604e-06
2999 4.27274440582e-08
3000 2.17802830432e-05
3001 3.14650507772e-05
3002 0.000489539786948
3003 0.000949174902802
3004 0.0
3005 3.0929259965e-05
3006 0.000585958745489
3007 0.0
3008 9.68723522561e-05
3009 5.70525407463e-08
3010 8.08854085751e-06
3011 1.36320217667e-05
3012 5.71977620456e-05
3013 2.785145449e-07
3014 1.62268258585e-06
3015 8.83217826866e-06
3016 1.10498985986e-06
3017 1.35312203308e-05
3018 0.00166953943606
3019 2.37071043052e-05
3020 0.000485626227482
3021 8.92737791306e-05
3022 1.99199250881e-06
3023 5.22288153614e-05
3024 1.6062856665e-05
3025 1.93150304723e-06
3026 0.000164816787029
3027 0.000190160246349
3028 0.00209798603641
3029 5.10502902763e-06
3030 6.64243523363e-05
3031 9.257262329e-06
3032 0.0
3033 1.52679606586e-05
3034 7.8072063632e-05
3035 0.000491297648202
3036 0.000127814215157
3037 2.23018528326e-05
3038 0.0
3039 0.00065171632597
3040 7.824344236e-06
3041 2.10031772707e-05
3042 7.62113487196e-05
3043 3.00825317335e-06
3044 1.13086871995e-05
3045 1.69558053641e-07
3046 6.68586568478e-07
3047 1.65989424e-05
3048 3.09091559379e-06
3049 5.36884499724e-06
3050 7.52130571372e-05
3051 1.06310136176e-05
3052 7.64104626633e-05
3053 1.16387634689e-05
3054 1.57791433587e-07
3055 8.51681600598e-05
3056 2.45377607306e-08
3057 3.99525747433e-05
3058 1.30603860401e-05
3059 2.4962047009e-07
3060 0.0
3061 0.000176999400733
3062 1.4821733895e-06
3063 3.15418562448e-05
3064 1.43702918981e-07
3065 2.58886211328e-05
3066 2.14901965441e-05
3067 1.17560479621e-06
3068 2.60401225932e-06
3069 5.40091700224e-06
3070 9.01410591708e-06
3071 3.5448674945e-05
3072 0.0
3073 4.31604117968e-05
3074 0.000206754126922
3075 2.45377607306e-08
3076 1.29253015137e-05
3077 0.00283127051232
3078 5.85634896122e-05
3079 2.29907311779e-05
3080 3.16531089759e-05
3081 1.8713948935e-05
3082 2.48029575396e-05
3083 7.46501920745e-05
3084 2.82240199146e-07
3085 4.15418447051e-05
3086 2.60643817472e-05
3087 1.24508107713e-05
3088 4.9868801961e-05
3089 1.01711216618e-06
3090 0.000156882967475
3091 8.37383604055e-05
3092 0.0
3093 3.71297044005e-07
3094 8.20888412504e-06
3095 1.46754661809e-08
3096 2.03492055134e-06
3097 3.40876604089e-05
3098 6.76019419636e-05
3099 3.74745049057e-05
3100 5.08491824163e-06
3101 0.000106124769804
3102 0.0380964918575
3103 1.28218330764e-06
3104 5.50206648365e-06
3105 0.000216645179233
3106 1.92914201835e-06
3107 0.000522784886704
3108 5.3803852131e-05
3109 2.23119582425e-05
3110 1.12010924827e-06
3111 9.29119805613e-05
3112 0.000389129933559
3113 5.25424920061e-06
3114 0.000103253041967
3115 2.07552024317e-05
3116 0.000133032617552
3117 5.24118108318e-05
3118 0.00102925387626
3119 3.55423766886e-05
3120 0.000125039235402
3121 5.88700560427e-05
3122 1.31322460206e-07
3123 2.89681897514e-08
3124 3.10558062619e-06
3125 1.77547994297e-05
3126 0.0
3127 1.75269719504e-08
3128 2.45377607306e-08
3129 1.83156856882e-07
3130 9.3865903189e-06
3131 6.23359304329e-07
3132 1.75269719504e-08
3133 6.30105332656e-05
3134 5.12311157811e-07
3135 2.63011125008e-06
3136 4.97270628751e-05
3137 7.99571795746e-05
3138 3.03990093204e-05
3139 5.75379543799e-06
3140 5.50496920807e-06
3141 0.00200302380914
3142 5.28925064637e-07
3143 2.61800364001e-05
3144 2.55817386845e-06
3145 8.55855836068e-06
3146 0.000352995187354
3147 8.07112698221e-05
3148 0.0
3149 6.55371906784e-06
3150 4.60464178846e-05
3151 0.000149371485899
3152 1.49619743035e-06
3153 0.000180089288448
3154 3.64289397689e-06
3155 0.00464510193364
3156 0.000129907939106
3157 1.01370742407e-05
3158 7.59466480073e-06
3159 7.75399204764e-05
3160 4.24327049525e-07
3161 5.18253014754e-06
3162 5.27771788686e-07
3163 0.0001341430615
3164 1.57522022562e-05
3165 7.01549725668e-06
3166 5.95268957147e-06
3167 1.14686372641e-05
3168 5.91936184451e-06
3169 0.00010117958426
3170 2.83174916249e-05
3171 5.75422232428e-06
3172 1.32163937159e-05
3173 3.88292349988e-05
3174 4.72953425362e-05
3175 4.42424286357e-05
3176 1.6595591555e-08
3177 9.15021589094e-06
3178 3.16008821956e-05
3179 2.3396292886e-05
3180 0.00016645690642
3181 1.75269719504e-08
3182 1.75269719504e-08
3183 0.000576253162615
3184 0.0
3185 5.32715776855e-05
3186 0.00195317905419
3187 1.85436211623e-05
3188 0.00051825890496
3189 0.000309190868668
3190 6.37248668044e-06
3191 1.55585284378e-05
3192 2.65032857358e-05
3193 7.56643817525e-06
3194 3.91241810205e-05
3195 9.84780858717e-07
3196 6.51249451353e-05
3197 3.00290972632e-05
3198 5.01263754432e-07
3199 0.000801962534555
3200 8.09527404675e-06
3201 7.09891050025e-07
3202 5.11697842798e-05
3203 9.26088418738e-06
3204 9.88131979641e-06
3205 1.36320217938e-05
3206 1.32837911888e-05
3207 0.000184739618844
3208 1.44972162534e-05
3209 1.54347483515e-05
3210 9.01831583962e-07
3211 7.8003011265e-06
3212 1.02610167185e-05
3213 5.98653178295e-06
3214 0.000371069549414
3215 0.00153785332222
3216 1.14941251569e-05
3217 3.55797530593e-07
3218 2.96979247945e-07
3219 2.89681897514e-08
3220 2.76050099605e-05
3221 2.60903944966e-05
3222 2.44887609628e-05
3223 9.75943606011e-06
3224 0.000125344763394
3225 0.000205641155853
3226 9.81070856635e-05
3227 0.000411502087754
3228 2.93039377134e-07
3229 3.60686386337e-05
3230 1.39478475783e-06
3231 0.0
3232 1.99672472017e-05
3233 3.01706951659e-05
3234 0.000132838917688
3235 3.32784315775e-05
3236 2.06695178937e-07
3237 8.67801966999e-06
3238 4.79710213019e-05
3239 6.0006422179e-06
3240 0.000676232552429
3241 0.000187474332205
3242 3.65134881612e-06
3243 1.12353078049e-05
3244 4.82100426766e-06
3245 1.3435059546e-06
3246 1.08108639259e-05
3247 1.87196768657e-06
3248 2.94830408918e-05
3249 5.91199620662e-05
3250 1.50249925612e-06
3251 1.02860638733e-05
3252 4.46937784736e-07
3253 7.49005290216e-05
3254 0.000298953959379
3255 1.85252190299e-06
3256 1.31087388583e-05
3257 9.09671951931e-05
3258 1.42671877964e-05
3259 7.41868729356e-05
3260 1.21159741432e-05
3261 4.17443976434e-06
3262 0.000119951996098
3263 5.28029008938e-06
3264 0.000220604624057
3265 3.79282837231e-06
3266 0.000324749157394
3267 3.72331204013e-08
3268 0.00011583639927
3269 0.0
3270 5.01525085765e-06
3271 2.77664134583e-08
3272 1.84033205479e-07
3273 0.000153583628417
3274 7.89267891947e-06
3275 8.03404882761e-05
3276 2.52049643522e-05
3277 1.70353952084e-05
3278 7.63329625755e-05
3279 1.90064002866e-05
3280 1.55056342422e-05
3281 7.60568245731e-05
3282 7.41924798222e-06
3283 0.0
3284 1.6513553444e-07
3285 2.62675872248e-05
3286 9.88551147368e-06
3287 2.2567876641e-05
3288 2.46858904465e-05
3289 0.000449229339534
3290 2.82630072738e-05
3291 2.96996175671e-07
3292 0.000141934794413
3293 1.00025840883e-05
3294 0.000104014326206
3295 6.95556781945e-06
3296 5.98520736819e-05
3297 2.16881312102e-05
3298 3.15450634978e-05
3299 1.5981729127e-05
3300 2.96551600239e-05
3301 1.85144511143e-06
3302 4.23753889656e-06
3303 0.000359638842812
3304 9.82676066071e-06
3305 7.02412178781e-05
3306 2.85985426967e-06
3307 8.24391442319e-06
3308 1.10076279463e-05
3309 9.5656360236e-08
3310 1.17128994847e-06
3311 3.47618277017e-08
3312 1.96616672521e-08
3313 5.77197327589e-06
3314 0.000136285910016
3315 2.25513705762e-07
3316 2.90196335826e-06
3317 3.38427944348e-05
3318 9.18234422708e-06
3319 1.4937744908e-06
3320 1.85339682856e-05
3321 9.49093758035e-05
3322 4.13096721625e-05
3323 1.75269719504e-08
3324 2.05927441745e-07
3325 0.000136996823189
3326 1.65333973247e-06
3327 9.56788946494e-06
3328 5.96033905145e-05
3329 1.24721944594e-05
3330 5.04001414472e-06
3331 0.000297306648189
3332 7.64520410439e-05
3333 0.000101352444589
3334 9.36717157432e-06
3335 1.64495684581e-07
3336 0.000135095556311
3337 0.0
3338 1.26001925398e-05
3339 1.47943125384e-07
3340 6.41682553958e-05
3341 3.79746708452e-06
3342 1.43647804591e-05
3343 0.000291628886413
3344 5.28260348374e-06
3345 8.98077237528e-05
3346 3.35220003204e-05
3347 1.73258476348e-05
3348 0.000114819232843
3349 7.9187277455e-05
3350 9.04549786219e-06
3351 0.000202038435319
3352 9.05789602753e-05
3353 2.93015018248e-08
3354 0.000235495631075
3355 2.89681897514e-08
3356 0.000218225357276
3357 7.46585527925e-07
3358 7.89047065897e-06
3359 5.95065342523e-06
3360 6.17063573677e-06
3361 0.000254767607877
3362 9.61686097747e-06
3363 0.000284843257096
3364 8.13952947635e-05
3365 5.87508127596e-06
3366 4.58433470299e-05
3367 0.000540208113523
3368 7.34607540879e-06
3369 6.48315452044e-08
3370 3.93045029459e-05
3371 1.47237501067e-07
3372 3.64282464932e-06
3373 0.0
3374 9.15467734519e-05
3375 9.02657607083e-06
3376 3.82488647712e-08
3377 0.0
3378 4.74458138264e-06
3379 2.17416566935e-05
3380 7.03170823013e-06
3381 1.26724687208e-05
3382 4.13593677303e-05
3383 1.28435117417e-07
3384 2.29583730877e-05
3385 9.38126279833e-06
3386 0.00043313150758
3387 4.82998222946e-05
3388 2.50109367883e-05
3389 9.75297621097e-06
3390 6.38146715236e-06
3391 1.53243673115e-05
3392 3.75008947662e-05
3393 4.03646335816e-06
3394 8.86497234769e-06
3395 8.18551374347e-06
3396 0.000276451136196
3397 4.33178345683e-05
3398 0.000103551098388
3399 6.75769653457e-08
3400 1.34680827549e-06
3401 1.28028665406e-05
3402 0.0
3403 6.62116987755e-06
3404 0.000156825587523
3405 7.7061952894e-05
3406 1.87859383334e-06
3407 0.000643793681641
3408 0.0
3409 0.0
3410 1.07207264247e-05
3411 1.61657133577e-05
3412 0.000191127656609
3413 7.38693231167e-05
3414 0.0
3415 6.13191844095e-06
3416 1.34368415182e-05
3417 3.5654259213e-05
3418 8.64918982912e-05
3419 5.52932989781e-07
3420 6.89733214122e-05
3421 2.0845143297e-05
3422 1.05160882932e-05
3423 2.18964091416e-05
3424 1.44013286193e-07
3425 1.02846522222e-05
3426 7.4216830841e-07
3427 7.55526582228e-05
3428 1.47943125384e-07
3429 3.94902250812e-07
3430 3.06722009132e-08
3431 9.32366802575e-06
3432 1.55038165226e-05
3433 1.77045282964e-06
3434 6.03562561854e-05
3435 4.64217003244e-05
3436 8.10414817012e-06
3437 1.20433166284e-07
3438 0.222267725507
3439 1.2888037196e-05
3440 0.000246356630952
3441 3.4985674547e-05
3442 5.1798841118e-07
3443 3.29053656373e-05
3444 0.000273948390807
3445 3.06722009132e-08
3446 0.0
3447 3.27754375473e-07
3448 1.7307884801e-07
3449 0.000251352612111
3450 1.1817711182e-05
3451 4.34327335798e-06
3452 0.0
3453 6.87173843311e-06
3454 0.0
3455 2.25438504414e-05
3456 2.10160841636e-05
3457 0.000419369765686
3458 5.25093184678e-06
3459 1.2191877499e-05
3460 1.41557338792e-05
3461 5.70210365388e-06
3462 1.99204828304e-06
3463 9.3074463339e-06
3464 4.9926425814e-05
3465 1.95486563293e-05
3466 1.36376423436e-07
3467 1.51401840901e-05
3468 0.0
3469 2.94021497069e-05
3470 5.71768809464e-06
3471 1.36416979538e-05
3472 1.05321263518e-05
3473 1.10952637518e-05
3474 3.4023127798e-07
3475 2.32255377562e-06
3476 2.15923744301e-05
3477 8.33392535924e-07
3478 3.20270422299e-07
3479 5.47979007628e-07
3480 3.99823099462e-06
3481 1.39206474668e-05
3482 3.98946750864e-06
3483 1.55849104187e-06
3484 1.6223289361e-06
3485 6.77912515098e-06
3486 9.1988171308e-06
3487 4.82315066035e-05
3488 1.13345561628e-05
3489 1.17143498089e-05
3490 0.0
3491 1.52869275631e-06
3492 1.17383010098e-05
3493 5.96825150325e-07
3494 3.44089795765e-05
3495 1.11607844482e-07
3496 0.00020719582036
3497 9.9778505213e-06
3498 1.21558103585e-05
3499 2.25747406602e-07
3500 2.44916934485e-05
3501 1.36317794746e-06
3502 0.000194521118918
3503 4.02947461096e-06
3504 0.000501729907691
3505 7.81432110471e-07
3506 1.61458443971e-05
3507 6.4914781392e-05
3508 5.91243187127e-07
3509 1.75718386835e-05
3510 3.70087458734e-05
3511 1.70392866197e-06
3512 8.1020978723e-06
3513 6.02836305231e-06
3514 1.22688803653e-07
3515 9.32614957853e-06
3516 1.24074849549e-05
3517 3.96569987243e-06
3518 8.27314074977e-06
3519 1.9037872573e-05
3520 8.50339208752e-07
3521 2.6427875792e-06
3522 0.000584383912663
3523 7.87901957948e-07
3524 3.98946750864e-06
3525 1.33058685827e-05
3526 3.77611247357e-05
3527 2.52123412324e-05
3528 1.13415124094e-05
3529 1.80991241176e-05
3530 3.37435255992e-05
3531 6.8910211385e-07
3532 2.87442339987e-07
3533 2.39760725463e-06
3534 0.000271336153267
3535 3.95434345518e-05
3536 1.46580627634e-05
3537 0.000495975769265
3538 2.04481339421e-07
3539 1.7387876294e-06
3540 1.53692587825e-06
3541 3.64475773393e-05
3542 5.1263328799e-08
3543 1.91488500295e-05
3544 3.33287309378e-06
3545 0.000495163380278
3546 0.00050640596035
3547 0.000249828373058
3548 2.54253780982e-06
3549 6.58776571888e-07
3550 1.95441228258e-06
3551 2.65809117907e-05
3552 7.29397179192e-07
3553 6.01197534395e-06
3554 1.98075665876e-05
3555 1.29288897908e-05
3556 2.97345214862e-05
3557 0.000505521534787
3558 1.05403162881e-05
3559 5.74560238243e-05
3560 1.41189726272e-05
3561 0.0
3562 0.000527550775808
3563 3.99823099462e-06
3564 8.66919979603e-06
3565 1.18678765646e-05
3566 0.0
3567 1.40978646397e-06
3568 9.91261254333e-08
3569 5.76107860515e-05
3570 4.6846742693e-05
3571 0.0
3572 8.62518972354e-07
3573 0.0
3574 1.55310998155e-05
3575 9.40414151003e-06
3576 0.0
3577 1.44027651947e-05
3578 6.39885660594e-05
3579 0.00018604533628
3580 1.36376423436e-07
3581 3.77754931565e-07
3582 1.89875529463e-08
3583 0.0
3584 1.30588142086e-05
3585 7.31661733004e-05
3586 2.40703748119e-07
3587 0.000509701268843
3588 3.12289920929e-07
3589 3.06722009132e-08
3590 0.0
3591 1.59178510535e-05
3592 3.43307057914e-05
3593 0.000518603802832
3594 1.83477465241e-05
3595 3.93316875025e-06
3596 1.10279653038e-07
3597 9.861441995e-05
3598 0.0
3599 1.37002497412e-07
3600 1.42096239685e-05
3601 9.1097152343e-07
3602 2.77170821629e-05
3603 1.72945239105e-06
3604 6.49806567014e-06
3605 0.000144861924261
3606 3.05448185511e-05
3607 7.97477223744e-08
3608 2.30041506849e-07
3609 1.19279040743e-05
3610 8.32659917679e-05
3611 0.000498125052602
3612 5.17190324189e-05
3613 1.9251746942e-05
3614 3.99823099462e-06
3615 1.2373768249e-05
3616 1.44685656678e-05
3617 0.00024949352178
3618 5.63827818129e-05
3619 7.92514279689e-06
3620 8.17925357686e-08
3621 1.24851358977e-05
3622 0.00015491058134
3623 4.34206056607e-07
3624 3.56285863219e-05
3625 1.76688253471e-06
3626 8.33235457877e-05
3627 1.34331094771e-06
3628 9.22837283654e-06
3629 6.21339584466e-06
3630 1.86988822761e-05
3631 9.68302715512e-08
3632 1.14768036254e-05
3633 5.48494964199e-07
3634 0.000584165070258
3635 1.21958637508e-05
3636 1.80942785972e-05
3637 1.19424200667e-05
3638 1.67306331207e-07
3639 9.88952824918e-07
3640 3.83375675751e-06
3641 8.58313569564e-06
3642 2.76049808219e-07
3643 1.07091411322e-05
3644 2.45904922462e-05
3645 1.12889892926e-05
3646 1.36057782315e-05
3647 3.66082205923e-05
3648 2.48459563527e-07
3649 3.90451800238e-05
3650 3.99823099462e-06
3651 0.0
3652 0.000265509498399
3653 3.67152770931e-07
3654 0.0
3655 5.44739433711e-06
3656 1.32191432132e-07
3657 8.42374877556e-06
3658 1.3886141868e-07
3659 4.87485445649e-06
3660 1.24301112397e-06
3661 6.64174164579e-07
3662 2.38506508142e-07
3663 3.37745634685e-06
3664 1.12207030176e-05
3665 1.74980325557e-06
3666 1.42159837842e-07
3667 2.08152377281e-08
3668 8.12117094603e-06
3669 9.43760028099e-09
3670 3.82499327153e-06
3671 1.63908436713e-05
3672 8.87722872026e-07
3673 0.000152430058121
3674 1.95461577076e-07
3675 6.83403380764e-05
3676 1.3437345162e-07
3677 0.0
3678 8.00229486646e-05
3679 1.14639984801e-05
3680 2.03868780604e-06
3681 5.03407636344e-05
3682 2.20922241835e-06
3683 6.66569332487e-07
3684 1.10719971095e-05
3685 0.000264085644789
3686 1.11397096741e-05
3687 0.0
3688 1.86473581763e-05
3689 0.0
3690 0.0
3691 3.11321313162e-05
3692 0.0
3693 0.00013180426899
3694 1.15094411372e-05
3695 3.22729940817e-07
3696 3.99823099462e-06
3697 2.65290194883e-07
3698 1.27541870026e-05
3699 1.20525133426e-05
3700 0.0
3701 3.82499327153e-06
3702 7.06968317516e-07
3703 0.00037640805646
3704 1.41065041e-05
3705 0.0
3706 7.31998914856e-05
3707 4.80760908311e-05
3708 1.2705468818e-05
3709 8.38516837774e-08
3710 0.0
3711 1.21424637522e-05
3712 4.87623798021e-05
3713 1.37881333536e-06
3714 1.17854307502e-05
3715 4.88290257538e-05
3716 1.09198295754e-05
3717 0.0
3718 0.0
3719 5.90618181302e-05
3720 4.09507941711e-05
3721 1.26882010966e-06
3722 0.00037359372808
3723 2.26967492172e-05
3724 7.31771991567e-06
3725 2.62058979732e-07
3726 6.34588396527e-07
3727 1.5355618165e-06
3728 4.1082160011e-07
3729 1.29737720541e-05
3730 0.0
3731 1.21263884828e-05
3732 2.26836266247e-05
3733 0.0
3734 0.0
3735 0.000197740366655
3736 1.098438036e-05
3737 9.57361269608e-06
3738 2.57027173057e-05
3739 2.0244224964e-05
3740 2.20889894455e-07
3741 1.32736081698e-05
3742 1.32606399308e-05
3743 8.17925357686e-08
3744 6.34588396527e-07
3745 0.0
3746 2.44355200609e-07
3747 0.0
3748 4.2814232032e-06
3749 0.0
3750 8.28371686982e-08
3751 0.00014488535122
3752 9.20166027397e-08
3753 0.000247890012507
3754 1.24350468207e-05
3755 3.30480200156e-07
3756 6.23677428908e-06
3757 0.000119096678001
3758 3.66783075535e-07
3759 1.82695615897e-05
3760 2.06569143413e-06
3761 1.09447235837e-05
3762 1.29846616566e-05
3763 5.283850701e-06
3764 1.453263192e-05
3765 3.52114404942e-05
3766 3.82499327153e-06
3767 1.22688803653e-08
3768 1.11946358779e-06
3769 3.82294357699e-05
3770 4.21518027312e-07
3771 1.35018930677e-06
3772 7.77809548001e-07
3773 2.62154964343e-06
3774 1.10665618993e-05
3775 9.3480145431e-07
3776 1.77609363245e-06
3777 1.11833588651e-06
3778 1.21789256993e-05
3779 1.11252815714e-05
3780 1.42621544624e-05
3781 4.53781257222e-06
3782 1.75269719504e-08
3783 4.36195111381e-05
3784 2.23070552096e-08
3785 1.33958504618e-05
3786 7.66414225572e-06
3787 3.67846352591e-05
3788 7.15684687975e-08
3789 3.16891475359e-06
3790 0.000495234400578
3791 1.18670568005e-05
3792 1.5881220595e-05
3793 1.41506560171e-05
3794 6.86942395995e-05
3795 5.22548177438e-05
3796 3.91393002923e-06
3797 5.69351055935e-06
3798 0.000171033667948
3799 0.0
3800 3.20165303758e-06
3801 3.84369348075e-05
3802 0.000495049322739
3803 1.2098059372e-05
3804 2.74714263204e-05
3805 3.48272702537e-05
3806 2.09526651278e-06
3807 1.13633201479e-07
3808 0.0
3809 0.0
3810 2.9140487944e-06
3811 5.47235104427e-05
3812 0.0
3813 5.06664860288e-07
3814 3.82499327153e-06
3815 1.08521167993e-07
3816 9.09633972935e-08
3817 6.68406648074e-08
3818 2.88130533745e-06
3819 2.39075947932e-05
3820 1.55894040139e-07
3821 0.0
3822 1.9706362506e-05
3823 3.75066815292e-05
3824 2.71402793233e-06
3825 3.29777713239e-05
3826 2.3728857283e-05
3827 3.8993504291e-05
3828 2.46581296093e-07
3829 1.44148591021e-05
3830 3.75595818837e-05
3831 0.00270223667181
3832 1.76146518791e-05
3833 1.23728945673e-05
3834 6.07392277356e-05
3835 7.92746415198e-08
3836 1.18221703963e-05
3837 5.45867134579e-06
3838 6.49112855131e-07
3839 4.94633224094e-05
3840 1.52099801134e-06
3841 8.66484723429e-08
3842 0.000262309804311
3843 1.5868736881e-05
3844 9.69212595084e-06
3845 0.0
3846 1.06585253658e-05
3847 0.0
3848 3.15592257511e-06
3849 8.28198545089e-08
3850 3.06722009132e-08
3851 1.21040602592e-05
3852 8.35336407361e-05
3853 8.22227848748e-06
3854 0.0
3855 0.0
3856 2.47311636107e-05
3857 0.0
3858 2.05911278858e-08
3859 2.13650341681e-05
3860 7.95183220412e-07
3861 2.36843854839e-05
3862 0.00037740462361
3863 9.86757896398e-07
3864 3.66459771863e-07
3865 3.82499327153e-06
3866 1.0873777014e-05
3867 1.32586788668e-05
3868 1.28268118107e-05
3869 4.44274692766e-07
3870 5.83336056081e-05
3871 3.90089575718e-05
3872 8.76348597521e-09
3873 0.000391075278572
3874 2.09144785709e-05
3875 8.42356894344e-08
3876 0.0
3877 1.08728475534e-05
3878 9.44630480439e-05
3879 9.9641020471e-06
3880 0.0
3881 5.70493720005e-06
3882 2.55711381121e-06
3883 9.568380482e-06
3884 3.99823099462e-06
3885 2.00210950321e-05
3886 0.0
3887 3.07246886458e-05
3888 0.000495230662279
3889 1.88047027392e-06
3890 4.76996297246e-06
3891 1.62903467072e-07
3892 0.000511368039255
3893 7.21098030128e-08
3894 2.77763142025e-07
3895 4.35837369167e-07
3896 1.13743236635e-05
3897 1.45473345322e-05
3898 0.0
3899 4.55033061105e-06
3900 0.0
3901 4.13744549107e-05
3902 1.16428544736e-06
3903 1.67364870711e-05
3904 1.42465237531e-05
3905 7.54018180605e-07
3906 2.58961010567e-07
3907 1.56139709452e-05
3908 1.46373538968e-05
3909 2.49333450494e-06
3910 3.80569950605e-05
3911 0.0
3912 3.82499327153e-06
3913 1.15837350981e-07
3914 1.06856713082e-05
3915 1.0460276926e-06
3916 2.72784097133e-06
3917 8.16425138864e-07
3918 2.40318685856e-07
3919 0.00104318012219
3920 3.83375675751e-06
3921 1.99484382014e-07
3922 0.00100214436595
3923 0.0
3924 2.76115370371e-07
3925 6.3637668885e-06
3926 2.45377607306e-08
3927 1.25798495161e-05
3928 8.63223838634e-06
3929 1.84969921295e-06
3930 3.02708673984e-06
3931 5.08712015655e-05
3932 3.99780364714e-05
3933 6.95236554033e-08
3934 3.17526837972e-06
3935 4.74633782251e-06
3936 0.0
3937 1.08762555757e-05
3938 2.49205300837e-05
3939 0.0112578323494
3940 0.0
3941 4.37632989847e-06
3942 1.26375599006e-05
3943 0.0
3944 2.30580141129e-05
3945 2.776593829e-06
3946 2.18634252453e-05
3947 1.75269719504e-08
3948 4.12997895114e-05
3949 0.000304065640067
3950 0.000248510032026
3951 4.71649180726e-06
3952 4.93210255742e-05
3953 2.04481339421e-08
3954 6.13444018264e-08
3955 0.000145787953116
3956 9.43648863119e-06
3957 5.00270425928e-06
3958 1.14278547908e-05
3959 1.01790611122e-05
3960 0.0
3961 9.8487861752e-07
3962 5.42497093662e-06
3963 4.5479972671e-05
3964 1.13633201479e-07
3965 2.91051302847e-06
3966 0.0
3967 3.76076910078e-05
3968 1.70505569856e-06
3969 1.66999295423e-05
3970 4.74550939099e-05
3971 4.37321481909e-06
3972 3.31123804799e-05
3973 3.941449815e-07
3974 1.18260015975e-05
3975 0.0
3976 8.38516837774e-08
3977 2.52158275483e-05
3978 1.09127701006e-05
3979 1.8036552338e-07
3980 1.65736208733e-06
3981 0.0248076420671
3982 5.5502077843e-08
3983 1.58589884531e-06
3984 0.0
3985 0.0
3986 9.61062295281e-08
3987 3.69234875755e-07
3988 0.0
3989 2.52534454186e-07
3990 0.000488260542271
3991 0.0
3992 2.04481339421e-08
3993 0.0
3994 6.44116219178e-08
3995 6.54924518547e-07
3996 6.39150243792e-07
3997 1.53361004566e-07
3998 3.09351054925e-07
3999 2.20985904675e-06
4000 1.22688803653e-07
4001 6.12421611567e-07
4002 0.0
4003 4.8053114764e-07
4004 0.0
4005 8.72112912633e-07
4006 0.0
4007 0.0
4008 0.0
4009 0.0
4010 2.46838188302e-07
4011 0.0
4012 2.04481339421e-08
4013 0.0
4014 1.02240669711e-07
4015 1.46510879695e-06
4016 0.0
4017 0.0
4018 6.92315392041e-07
4019 2.97958523157e-08
4020 2.07694617612e-07
4021 5.60278870015e-07
4022 6.35060617003e-07
4023 0.0
4024 4.47741104283e-06
4025 0.0
4026 0.0
4027 3.96839856577e-07
4028 5.76637377169e-07
4029 0.0
4030 0.0
4031 4.54211478095e-06
4032 0.00170926360585
4033 0.0
4034 0.0
4035 0.0
4036 0.0
4037 0.0
4038 7.15684687975e-08
4039 6.33892152207e-07
