node,closeness
1 0.411243507485
2 0.392610597958
3 0.338786810974
4 0.35577092511
5 0.366824127907
6 0.338275948731
7 0.372646733112
8 0.338275948731
9 0.36228243316
10 0.406810396937
11 0.341595465697
12 0.36316215487
13 0.358805757953
14 0.387970791699
15 0.317128720647
16 0.359925127017
17 0.358582719119
18 0.316209866875
19 0.356336039534
20 0.316308945637
21 0.337710127959
22 0.362445022888
23 0.317253299811
24 0.353590192644
25 0.320628870891
26 0.357029177719
27 0.35009537021
28 0.361406963215
29 0.316234630746
30 0.350247202706
31 0.337371543153
32 0.331391054575
33 0.359796845763
34 0.355020221558
35 0.355520338088
36 0.358869534305
37 0.315247091889
38 0.357756711261
39 0.358423575359
40 0.335437780362
41 0.411411105451
42 0.316308945637
43 0.333856965688
44 0.293544635068
45 0.335048124793
46 0.335382059801
47 0.291594454073
48 0.225750545089
49 0.328854141217
50 0.291489208114
51 0.335409917767
52 0.316358508305
53 0.291447131
54 0.380620228108
55 0.328239310681
56 0.336191824161
57 0.40726172466
58 0.315641366372
59 0.410574478902
60 0.336415896026
61 0.315001170138
62 0.308314881271
63 0.315987166445
64 0.31482925308
65 0.308526894866
66 0.335521395929
67 0.336752564423
68 0.380405087141
69 0.297195848973
70 0.335772492932
71 0.291447131
72 0.291468168038
73 0.330252719392
74 0.336836836837
75 0.291426096998
76 0.336275816123
77 0.297392841361
78 0.315666041276
79 0.297283368917
80 0.336023966048
81 0.316805272242
82 0.291489208114
83 0.377206912658
84 0.316358508305
85 0.335354206461
86 0.3358004158
87 0.29155234657
88 0.33502032689
89 0.32941752325
90 0.314241245136
91 0.291447131
92 0.308079652094
93 0.316830129463
94 0.320171265461
95 0.315370196813
96 0.308456191276
97 0.297436652917
98 0.291468168038
99 0.383949795569
100 0.327972709552
101 0.29309719097
102 0.302177654718
103 0.297064665637
104 0.318579881657
105 0.380620228108
106 0.316110850164
107 0.298823355288
108 0.47691035786
109 0.302789442112
110 0.369408105388
111 0.308009153318
112 0.314290161893
113 0.296977274399
114 0.385968266106
115 0.291426096998
116 0.300044583148
117 0.311477938908
118 0.314388041109
119 0.367191052105
120 0.345689581371
121 0.299732779097
122 0.315789473684
123 0.343718079673
124 0.316556914393
125 0.310233558697
126 0.301028775906
127 0.315937720053
128 0.302857571439
129 0.317054020101
130 0.302381308971
131 0.304662743323
132 0.297130242826
133 0.329068535572
134 0.331119311193
135 0.316879855607
136 0.297173977039
137 0.340185341196
138 0.327043006398
139 0.296955434623
140 0.291657638137
141 0.298007380074
142 0.330171708913
143 0.373335798817
144 0.326197592697
145 0.309543886547
146 0.291447131
147 0.305978631507
148 0.308456191276
149 0.317054020101
150 0.299022511848
151 0.308621216753
152 0.297941415185
153 0.297239602503
154 0.298668639053
155 0.291447131
156 0.308314881271
157 0.318705603788
158 0.291468168038
159 0.3297133992
160 0.302880288029
161 0.291447131
162 0.316805272242
163 0.297130242826
164 0.294766041317
165 0.300871768125
166 0.315592028136
167 0.293416654556
168 0.320095124851
169 0.314902908836
170 0.368329836724
171 0.373439378526
172 0.381771768933
173 0.375977653631
174 0.32922951488
175 0.296999117387
176 0.309022729012
177 0.316110850164
178 0.297239602503
179 0.314657523572
180 0.291468168038
181 0.303768900925
182 0.297305256958
183 0.291468168038
184 0.291468168038
185 0.302903008026
186 0.316532100024
187 0.373992775771
188 0.299710532175
189 0.377030812325
190 0.308526894866
191 0.308361970218
192 0.301816279244
193 0.291510251227
194 0.308009153318
195 0.316780418922
196 0.297283368917
197 0.303016659163
198 0.302857571439
199 0.306512828298
200 0.376222864064
201 0.399209095403
202 0.307985660895
203 0.29328878559
204 0.398893608614
205 0.304043370228
206 0.291447131
207 0.291510251227
208 0.314682044888
209 0.30204203755
210 0.291426096998
211 0.291426096998
212 0.371925946394
213 0.32976725194
214 0.369070468879
215 0.298205450114
216 0.291426096998
217 0.291447131
218 0.308550469932
219 0.297283368917
220 0.308456191276
221 0.291489208114
222 0.315148677125
223 0.315542705322
224 0.317128720647
225 0.329955875143
226 0.297217724128
227 0.299888600074
228 0.308644806237
229 0.29844789357
230 0.300647755193
231 0.309377873123
232 0.329982838931
233 0.330198707989
234 0.291447131
235 0.308173700679
236 0.303380916604
237 0.364046159394
238 0.316358508305
239 0.316755569501
240 0.370867009552
241 0.308314881271
242 0.291447131
243 0.303107641495
244 0.292396813903
245 0.291447131
246 0.326725463225
247 0.317752596789
248 0.29702096359
249 0.316036628317
250 0.315271705184
251 0.301051218967
252 0.302177654718
253 0.342464591638
254 0.291468168038
255 0.302132435466
256 0.291447131
257 0.291447131
258 0.328666775191
259 0.329283209655
260 0.308079652094
261 0.302812148481
262 0.366158868335
263 0.291489208114
264 0.297086521483
265 0.308009153318
266 0.330063756744
267 0.3021550434
268 0.30829134219
269 0.315542705322
270 0.314510475894
271 0.31485380117
272 0.380691995852
273 0.372784342688
274 0.297283368917
275 0.329122177847
276 0.297305256958
277 0.316507289544
278 0.344040214706
279 0.297217724128
280 0.291447131
281 0.375348577803
282 0.302903008026
283 0.291447131
284 0.304341272234
285 0.302222887508
286 0.374547815602
287 0.291447131
288 0.291426096998
289 0.314657523572
290 0.296999117387
291 0.315419465708
292 0.364736699485
293 0.291426096998
294 0.296977274399
295 0.291784088446
296 0.316086105675
297 0.297086521483
298 0.316954474097
299 0.328693528694
300 0.316805272242
301 0.291594454073
302 0.29155234657
303 0.315074906367
304 0.316011895445
305 0.399762399762
306 0.291447131
307 0.297283368917
308 0.315148677125
309 0.318982542065
310 0.297173977039
311 0.326990039679
312 0.291889547492
313 0.314682044888
314 0.363031556235
315 0.305423190379
316 0.4
317 0.299377224199
318 0.317377976892
319 0.306048203729
320 0.314241245136
321 0.299044656743
322 0.29155234657
323 0.379582628314
324 0.344245524297
325 0.330929355843
326 0.345393892738
327 0.3
328 0.291489208114
329 0.297283368917
330 0.342174392001
331 0.302132435466
332 0.316681044624
333 0.373646710465
334 0.298867589372
335 0.330333769634
336 0.291426096998
337 0.297392841361
338 0.320196653715
339 0.328239310681
340 0.318103040807
341 0.298911836553
342 0.315789473684
343 0.340960905176
344 0.314485981308
345 0.315370196813
346 0.315493397922
347 0.317602642756
348 0.314412520439
349 0.383184665022
350 0.277239958805
351 0.335465647587
352 0.282951439983
353 0.334022665233
354 0.381880083223
355 0.335437780362
356 0.335298513659
357 0.277087765045
358 0.334437634587
359 0.27704974271
360 0.318957345972
361 0.388530741845
362 0.333305819232
363 0.317427875167
364 0.371788969708
365 0.283030770309
366 0.317552689525
367 0.36460496614
368 0.319816252178
369 0.333113347632
370 0.334853636288
371 0.408291203236
372 0.302222887508
373 0.317552689525
374 0.373958140396
375 0.367759562842
376 0.334409937888
377 0.380154396535
378 0.277068752573
379 0.338587959081
380 0.277068752573
381 0.317328094303
382 0.332345679012
383 0.331854043393
384 0.277106780126
385 0.282971268395
386 0.315715402658
387 0.277087765045
388 0.349096567822
389 0.347175651277
390 0.388904940769
391 0.284928027096
392 0.354179457942
393 0.349126750821
394 0.282991099587
395 0.33647196067
396 0.410699755899
397 0.334077934971
398 0.369441903019
399 0.333085869834
400 0.283010933558
401 0.406360068431
402 0.277068752573
403 0.41697645601
404 0.333278309673
405 0.391506689936
406 0.334798109609
407 0.28293161435
408 0.333967413779
409 0.396387552763
410 0.333030927835
411 0.333085869834
412 0.277087765045
413 0.368296242247
414 0.333113347632
415 0.382603752132
416 0.335187183531
417 0.357915263251
418 0.350916833232
419 0.333305819232
420 0.415645908389
421 0.373266777593
422 0.33460391117
423 0.34660944206
424 0.389918887601
425 0.332482503088
426 0.33510373444
427 0.33449304175
428 0.307305936073
429 0.390635580923
430 0.316681044624
431 0.335605053191
432 0.385894495413
433 0.372887616585
434 0.318504495977
435 0.336612204068
436 0.33449304175
437 0.350216825672
438 0.316705882353
439 0.387004025302
440 0.386707527294
441 0.333470972004
442 0.283010933558
443 0.319664344522
444 0.277068752573
445 0.371242070424
446 0.332592043489
447 0.325697693176
448 0.27704974271
449 0.286728679969
450 0.319184254209
451 0.333636288524
452 0.351344296528
453 0.372303153236
454 0.28293161435
455 0.277087765045
456 0.323739276838
457 0.354334854335
458 0.319360961721
459 0.333967413779
460 0.319083366258
461 0.365363735071
462 0.3943359375
463 0.333663857214
464 0.370119156737
465 0.283070452156
466 0.405788362979
467 0.302177654718
468 0.282911791494
469 0.277068752573
470 0.335048124793
471 0.316879855607
472 0.334520752216
473 0.315320943308
474 0.33349851338
475 0.333470972004
476 0.365000451957
477 0.282971268395
478 0.318554749132
479 0.303449312392
480 0.334160873883
481 0.304823733676
482 0.319411485524
483 0.33449304175
484 0.410532736885
485 0.377877596856
486 0.30388320289
487 0.332455129261
488 0.332181638697
489 0.33460391117
490 0.318906965724
491 0.317977793527
492 0.307821314225
493 0.363685490408
494 0.370017410428
495 0.341711094186
496 0.332619439868
497 0.375278810409
498 0.434894991922
499 0.283706878381
500 0.282891971417
501 0.410657988406
502 0.283010933558
503 0.285169491525
504 0.383257403189
505 0.372131600774
506 0.317128720647
507 0.38600516203
508 0.344892381278
509 0.319487301211
510 0.303039399625
511 0.327733138544
512 0.323505848422
513 0.324363402683
514 0.408167391085
515 0.340730740022
516 0.34266802444
517 0.319108582266
518 0.365099457505
519 0.319083366258
520 0.318454258675
521 0.39162059936
522 0.319234722112
523 0.302222887508
524 0.372922053934
525 0.360085607277
526 0.36579400308
527 0.364374661613
528 0.384315218426
529 0.305376994631
530 0.303723204212
531 0.282911791494
532 0.371481140754
533 0.283050609842
534 0.284887822774
535 0.304043370228
536 0.315641366372
537 0.320120501031
538 0.38793351907
539 0.396387552763
540 0.304203706494
541 0.318278552849
542 0.304134970249
543 0.393260615504
544 0.319360961721
545 0.350429575631
546 0.372337482711
547 0.323557692308
548 0.320247442303
549 0.320807182013
550 0.304639758582
551 0.27704974271
552 0.317228376149
553 0.282971268395
554 0.405543838506
555 0.304777719073
556 0.322885015193
557 0.374965177825
558 0.332072368421
559 0.32304
560 0.406728444803
561 0.332455129261
562 0.404690318701
563 0.302064631957
564 0.424382553862
565 0.283030770309
566 0.321471220444
567 0.42265019887
568 0.385673352436
569 0.302245508982
570 0.305885917734
571 0.323583620482
572 0.296650014693
573 0.282911791494
574 0.282259191947
575 0.305238491194
576 0.281276121482
577 0.276992728769
578 0.277144818119
579 0.277182866557
580 0.288017118402
581 0.42532125553
582 0.276764907471
583 0.277125797818
584 0.277201894693
585 0.28973236708
586 0.276745939278
587 0.296388725778
588 0.304800724638
589 0.281904495951
590 0.281432952328
591 0.316408086507
592 0.388979867065
593 0.339014356477
594 0.285754723657
595 0.305608113222
596 0.277087765045
597 0.362184949323
598 0.287668305193
599 0.28135451505
600 0.277163841032
601 0.277182866557
602 0.355645587458
603 0.276745939278
604 0.281983240223
605 0.351313728902
606 0.281983240223
607 0.373335798817
608 0.276745939278
609 0.276745939278
610 0.30704889362
611 0.333305819232
612 0.28135451505
613 0.281334912562
614 0.276745939278
615 0.335048124793
616 0.277182866557
617 0.282200013977
618 0.287729799059
619 0.288263849229
620 0.287750302858
621 0.306536096561
622 0.281178190934
623 0.281295715778
624 0.28137412027
625 0.276745939278
626 0.282042327303
627 0.281904495951
628 0.277182866557
629 0.27695473251
630 0.328988104937
631 0.307727480567
632 0.28348778433
633 0.277144818119
634 0.281924177896
635 0.322292281906
636 0.28450644684
637 0.287729799059
638 0.359284633864
639 0.276745939278
640 0.299710532175
641 0.277163841032
642 0.36569462054
643 0.276764907471
644 0.277182866557
645 0.32304
646 0.339956221586
647 0.335772492932
648 0.277087765045
649 0.276764907471
650 0.328640026044
651 0.277144818119
652 0.423270440252
653 0.303494926719
654 0.303997590906
655 0.288428571429
656 0.287893911308
657 0.303586196527
658 0.283408197642
659 0.277182866557
660 0.277182866557
661 0.276783878264
662 0.277182866557
663 0.277182866557
664 0.287873387039
665 0.281963550031
666 0.277068752573
667 0.304616777308
668 0.277888651848
669 0.276745939278
670 0.335409917767
671 0.277163841032
672 0.294723012919
673 0.281197771588
674 0.304846746188
675 0.276745939278
676 0.277163841032
677 0.307844781581
678 0.282259191947
679 0.307797850446
680 0.27867494824
681 0.288428571429
682 0.277163841032
683 0.287422592355
684 0.338275948731
685 0.281432952328
686 0.287504449982
687 0.314927468414
688 0.291089965398
689 0.34657969273
690 0.239615475908
691 0.290086206897
692 0.239587041652
693 0.239515985527
694 0.290440912033
695 0.373025404157
696 0.346728490469
697 0.290859324354
698 0.391468734852
699 0.383293782629
700 0.23953019338
701 0.283866432337
702 0.305215419501
703 0.239615475908
704 0.364769647696
705 0.239587041652
706 0.358232789212
707 0.290796485669
708 0.239643916914
709 0.30388320289
710 0.29062904851
711 0.270136473107
712 0.290482699086
713 0.239686591084
714 0.4035982009
715 0.239700819186
716 0.290378253991
717 0.282259191947
718 0.239558614143
719 0.291194923199
720 0.364967462039
721 0.290566309275
722 0.284226085732
723 0.290566309275
724 0.290211297973
725 0.345541673798
726 0.239615475908
727 0.291531297379
728 0.290943151524
729 0.297919433378
730 0.28059203669
731 0.285109087058
732 0.291257934218
733 0.239700819186
734 0.269901744536
735 0.29064996761
736 0.241362821279
737 0.290086206897
738 0.290733674131
739 0.291027027027
740 0.290838375108
741 0.269271805815
742 0.290608132422
743 0.290044533831
744 0.239544402919
745 0.239544402919
746 0.390144927536
747 0.289982046679
748 0.387523992322
749 0.290420023015
750 0.23953019338
751 0.23953019338
752 0.290294751977
753 0.291468168038
754 0.296715408921
755 0.290838375108
756 0.290587219344
757 0.285109087058
758 0.239558614143
759 0.290440912033
760 0.290524498165
761 0.309971597451
762 0.270299216815
763 0.290670889721
764 0.290023701788
765 0.291110950905
766 0.285552648328
767 0.291236927515
768 0.239615475908
769 0.27001003009
770 0.302948458249
771 0.290712742981
772 0.269397558209
773 0.303631852019
774 0.291426096998
775 0.303974706414
776 0.23953019338
777 0.280514067385
778 0.290357373984
779 0.290399137001
780 0.290399137001
781 0.291110950905
782 0.375069663756
783 0.290232156975
784 0.285694071034
785 0.346698720701
786 0.239544402919
787 0.268769968051
788 0.291131939438
789 0.239558614143
790 0.239686591084
791 0.283447985399
792 0.239601257936
793 0.290691814844
794 0.285896346644
795 0.290775545474
796 0.284968242766
797 0.239615475908
798 0.290608132422
799 0.280455618836
800 0.290190441969
801 0.310376633359
802 0.239515985527
803 0.239572827054
804 0.302653275371
805 0.296214788732
806 0.365165491047
807 0.239715048976
808 0.29081742888
809 0.275650215032
810 0.29033649698
811 0.30374605085
812 0.28070907195
813 0.290127891938
814 0.29010704792
815 0.291257934218
816 0.291741926161
817 0.289982046679
818 0.291152930997
819 0.290420023015
820 0.30388320289
821 0.291384038101
822 0.284707043644
823 0.239729280456
824 0.387078220859
825 0.370254905557
826 0.280455618836
827 0.290086206897
828 0.346312178388
829 0.404123298639
830 0.291405066032
831 0.390560015475
832 0.290420023015
833 0.239572827054
834 0.29010704792
835 0.348554164868
836 0.290566309275
837 0.290044533831
838 0.29033649698
839 0.290691814844
840 0.239715048976
841 0.303586196527
842 0.23953019338
843 0.29155234657
844 0.290232156975
845 0.290608132422
846 0.290964115867
847 0.289961223611
848 0.290985083231
849 0.290859324354
850 0.291278943952
851 0.290002872738
852 0.289919586445
853 0.239558614143
854 0.346817830456
855 0.269523428114
856 0.239558614143
857 0.303586196527
858 0.289503871523
859 0.277182866557
860 0.277125797818
861 0.324493731919
862 0.277487630566
863 0.332126994571
864 0.27750670057
865 0.277335164835
866 0.278655717342
867 0.277182866557
868 0.277239958805
869 0.278655717342
870 0.277850409413
871 0.277220925443
872 0.277335164835
873 0.277220925443
874 0.277201894693
875 0.277220925443
876 0.277106780126
877 0.27750670057
878 0.277163841032
879 0.277487630566
880 0.277201894693
881 0.301478273854
882 0.277220925443
883 0.27744949842
884 0.277106780126
885 0.277163841032
886 0.277258994782
887 0.277297074578
888 0.277201894693
889 0.277468563183
890 0.277544848443
891 0.293672727273
892 0.277106780126
893 0.277106780126
894 0.277316118398
895 0.277163841032
896 0.277201894693
897 0.35352827876
898 0.355145118734
899 0.324754704842
900 0.322988321869
901 0.3236354893
902 0.323791195574
903 0.356556291391
904 0.323973042362
905 0.323272756385
906 0.342000508173
907 0.394991685415
908 0.323428113736
909 0.341971544715
910 0.323272756385
911 0.32304
912 0.322936660269
913 0.323454021147
914 0.349489354336
915 0.324571979744
916 0.34310476676
917 0.355489039528
918 0.352910330362
919 0.322936660269
920 0.349066390041
921 0.323428113736
922 0.353931107021
923 0.341104916371
924 0.32399903715
925 0.359444543351
926 0.356210303458
927 0.347474399793
928 0.395610855295
929 0.32314340589
930 0.323713323713
931 0.38611589214
932 0.340443470196
933 0.354926606311
934 0.349036217478
935 0.395184967704
936 0.324337349398
937 0.350520833333
938 0.323117548212
939 0.323843130965
940 0.324389460154
941 0.323947051745
942 0.384681337525
943 0.355332629356
944 0.323739276838
945 0.346252786829
946 0.32304
947 0.354210526316
948 0.353683104143
949 0.349519605297
950 0.339584559751
951 0.323195133664
952 0.342232392576
953 0.394837195659
954 0.352140926136
955 0.382603752132
956 0.323195133664
957 0.323169267707
958 0.355426458938
959 0.323531768288
960 0.356713780919
961 0.351497214485
962 0.324989939638
963 0.351344296528
964 0.324389460154
965 0.32410305803
966 0.338843668709
967 0.351344296528
968 0.352140926136
969 0.35718708536
970 0.340673247279
971 0.323402210476
972 0.339641685592
973 0.323583620482
974 0.324441587659
975 0.323661429945
976 0.382712539096
977 0.349761801646
978 0.347235359876
979 0.351099904356
980 0.323169267707
981 0.351895424837
982 0.356966053748
983 0.356241729157
984 0.347444501807
985 0.339898989899
986 0.323169267707
987 0.324806949807
988 0.323298638911
989 0.343630329334
990 0.340587044534
991 0.346460746461
992 0.324363402683
993 0.323895083019
994 0.353126366419
995 0.339356248424
996 0.357820115197
997 0.323687374749
998 0.363423634236
999 0.339956221586
1000 0.395030326746
1001 0.323583620482
1002 0.34997399896
1003 0.323014158867
1004 0.366990820685
1005 0.351558418945
1006 0.323531768288
1007 0.352694558477
1008 0.338900545531
1009 0.323817161187
1010 0.355238849301
1011 0.340214002865
1012 0.341162554917
1013 0.349913344887
1014 0.346788045345
1015 0.356871409633
1016 0.324676368899
1017 0.32314340589
1018 0.352972027972
1019 0.357281897009
1020 0.352294538475
1021 0.352725366876
1022 0.351742160279
1023 0.323505848422
1024 0.323272756385
1025 0.394682826703
1026 0.354739523851
1027 0.390975987607
1028 0.322988321869
1029 0.353714085494
1030 0.393413873733
1031 0.323324525583
1032 0.323402210476
1033 0.391658583899
1034 0.323479932708
1035 0.322988321869
1036 0.33938477055
1037 0.351895424837
1038 0.340386074349
1039 0.323065845268
1040 0.338729972318
1041 0.349913344887
1042 0.358742004264
1043 0.323843130965
1044 0.323246878002
1045 0.325356538555
1046 0.323272756385
1047 0.322988321869
1048 0.351130434783
1049 0.354708362614
1050 0.395610855295
1051 0.323221003762
1052 0.356745295521
1053 0.351864761241
1054 0.323246878002
1055 0.357092324018
1056 0.323713323713
1057 0.351252609603
1058 0.323221003762
1059 0.323531768288
1060 0.353311750809
1061 0.357313512079
1062 0.323169267707
1063 0.323869104909
1064 0.323661429945
1065 0.324833078594
1066 0.322962489003
1067 0.354148395018
1068 0.391089588378
1069 0.356934500133
1070 0.323557692308
1071 0.394105016592
1072 0.322988321869
1073 0.325094597858
1074 0.32314340589
1075 0.356336039534
1076 0.388343912291
1077 0.352294538475
1078 0.34389371487
1079 0.354024197791
1080 0.351680891831
1081 0.354957805907
1082 0.340615773935
1083 0.351436031332
1084 0.351099904356
1085 0.340128032345
1086 0.377312651841
1087 0.357029177719
1088 0.323765234124
1089 0.33813431586
1090 0.323531768288
1091 0.323609552813
1092 0.339784584315
1093 0.356997612943
1094 0.323454021147
1095 0.323402210476
1096 0.350307972586
1097 0.322936660269
1098 0.323843130965
1099 0.339527453124
1100 0.357218683652
1101 0.353095487933
1102 0.35165026561
1103 0.357250287534
1104 0.323713323713
1105 0.352110219742
1106 0.323014158867
1107 0.324259214647
1108 0.345275758871
1109 0.339870381281
1110 0.34389371487
1111 0.366225285688
1112 0.323169267707
1113 0.357029177719
1114 0.357851825594
1115 0.352263805287
1116 0.340644508183
1117 0.347863542385
1118 0.351589029168
1119 0.323817161187
1120 0.322936660269
1121 0.357123905545
1122 0.34001347255
1123 0.358264572797
1124 0.368363437329
1125 0.351956768064
1126 0.351956768064
1127 0.35718708536
1128 0.324129073688
1129 0.363882130305
1130 0.351803450078
1131 0.361665920287
1132 0.325304116652
1133 0.352202354993
1134 0.338106003517
1135 0.323324525583
1136 0.364374661613
1137 0.359252669039
1138 0.323661429945
1139 0.323272756385
1140 0.324207145725
1141 0.324311300297
1142 0.323973042362
1143 0.349459108611
1144 0.324311300297
1145 0.323454021147
1146 0.322936660269
1147 0.353064614847
1148 0.324441587659
1149 0.36251009965
1150 0.351069379238
1151 0.323609552813
1152 0.323221003762
1153 0.338928991103
1154 0.352879489644
1155 0.323324525583
1156 0.357629970773
1157 0.351405447742
1158 0.323091694671
1159 0.354521510097
1160 0.357915263251
1161 0.392000776624
1162 0.323765234124
1163 0.323221003762
1164 0.351405447742
1165 0.347713769052
1166 0.361990138951
1167 0.353807062122
1168 0.32462416593
1169 0.323298638911
1170 0.340644508183
1171 0.340845783743
1172 0.368699780862
1173 0.351344296528
1174 0.357440028326
1175 0.323376311364
1176 0.353280839895
1177 0.322936660269
1178 0.323324525583
1179 0.338502808282
1180 0.360503526471
1181 0.356776815692
1182 0.392000776624
1183 0.36082566348
1184 0.340156684357
1185 0.352725366876
1186 0.353249934389
1187 0.3233504164
1188 0.33836098542
1189 0.339584559751
1190 0.344010904754
1191 0.32459807074
1192 0.351742160279
1193 0.353157250306
1194 0.338985896575
1195 0.32314340589
1196 0.356902952095
1197 0.351252609603
1198 0.341768937791
1199 0.388194577966
1200 0.355082659163
1201 0.323091694671
1202 0.351374869474
1203 0.323195133664
1204 0.323117548212
1205 0.351926093777
1206 0.350855851942
1207 0.322936660269
1208 0.364802601861
1209 0.322988321869
1210 0.36513247129
1211 0.359188756449
1212 0.353714085494
1213 0.324806949807
1214 0.338843668709
1215 0.351252609603
1216 0.357851825594
1217 0.32402503611
1218 0.360632312226
1219 0.323195133664
1220 0.349459108611
1221 0.340070742799
1222 0.355301363836
1223 0.35263295782
1224 0.340874556812
1225 0.322962489003
1226 0.340644508183
1227 0.344186839414
1228 0.367124284026
1229 0.33912824389
1230 0.357408390866
1231 0.351191511567
1232 0.362770640553
1233 0.323661429945
1234 0.322936660269
1235 0.324389460154
1236 0.344010904754
1237 0.359636622729
1238 0.364967462039
1239 0.353497329948
1240 0.323221003762
1241 0.323454021147
1242 0.324155093522
1243 0.366957470011
1244 0.351711523386
1245 0.323739276838
1246 0.356839872747
1247 0.346431022649
1248 0.339898989899
1249 0.32314340589
1250 0.32459807074
1251 0.352571378678
1252 0.323221003762
1253 0.322988321869
1254 0.322988321869
1255 0.323065845268
1256 0.35263295782
1257 0.352694558477
1258 0.357345132743
1259 0.345896864828
1260 0.355614266843
1261 0.345452989991
1262 0.361957690929
1263 0.322988321869
1264 0.323298638911
1265 0.32304
1266 0.340386074349
1267 0.323687374749
1268 0.351558418945
1269 0.326171243942
1270 0.352110219742
1271 0.322962489003
1272 0.366957470011
1273 0.367759562842
1274 0.361892812332
1275 0.338843668709
1276 0.352079518703
1277 0.322988321869
1278 0.352448284891
1279 0.348524080787
1280 0.355426458938
1281 0.362705470224
1282 0.339527453124
1283 0.361957690929
1284 0.324571979744
1285 0.36163353036
1286 0.357092324018
1287 0.339299218553
1288 0.356556291391
1289 0.366824127907
1290 0.371994472593
1291 0.366757493188
1292 0.351344296528
1293 0.357345132743
1294 0.345482546201
1295 0.348915579366
1296 0.323117548212
1297 0.339927603334
1298 0.323454021147
1299 0.362607758621
1300 0.346341881808
1301 0.334798109609
1302 0.32314340589
1303 0.351160970519
1304 0.354614911741
1305 0.344804030399
1306 0.351926093777
1307 0.340300016855
1308 0.338644750084
1309 0.32402503611
1310 0.353064614847
1311 0.339356248424
1312 0.325408977355
1313 0.367090909091
1314 0.353342667133
1315 0.324363402683
1316 0.345482546201
1317 0.340759493671
1318 0.35595909732
1319 0.338985896575
1320 0.323609552813
1321 0.364967462039
1322 0.324650265316
1323 0.367525257122
1324 0.362705470224
1325 0.354739523851
1326 0.323479932708
1327 0.322962489003
1328 0.356178883302
1329 0.338247612665
1330 0.35321903429
1331 0.352879489644
1332 0.352417524873
1333 0.338957441451
1334 0.323765234124
1335 0.354801862754
1336 0.351803450078
1337 0.357060748077
1338 0.323947051745
1339 0.36043916808
1340 0.350947331827
1341 0.34081701553
1342 0.352202354993
1343 0.323246878002
1344 0.327202009562
1345 0.366857454347
1346 0.351956768064
1347 0.33981317849
1348 0.362640323305
1349 0.341162554917
1350 0.337879675341
1351 0.32580280781
1352 0.339927603334
1353 0.3586464162
1354 0.322988321869
1355 0.323065845268
1356 0.346431022649
1357 0.324545892943
1358 0.350459989585
1359 0.365827142598
1360 0.363129496403
1361 0.339099764864
1362 0.35769332979
1363 0.32304
1364 0.323454021147
1365 0.323454021147
1366 0.3341055767
1367 0.342116411082
1368 0.353466386555
1369 0.323195133664
1370 0.360149839458
1371 0.351313728902
1372 0.325016097875
1373 0.323117548212
1374 0.362575199785
1375 0.341162554917
1376 0.362477558348
1377 0.357598299681
1378 0.354365949978
1379 0.323739276838
1380 0.35586498634
1381 0.367024177422
1382 0.324311300297
1383 0.335048124793
1384 0.323065845268
1385 0.32410305803
1386 0.340185341196
1387 0.322936660269
1388 0.323765234124
1389 0.363194819212
1390 0.345452989991
1391 0.353869073701
1392 0.353993162093
1393 0.33369143046
1394 0.355833627071
1395 0.322962489003
1396 0.322988321869
1397 0.358296362023
1398 0.333388375165
1399 0.34918713248
1400 0.353466386555
1401 0.34942886812
1402 0.339327731092
1403 0.362607758621
1404 0.32314340589
1405 0.355645587458
1406 0.375558035714
1407 0.349247535029
1408 0.348734778478
1409 0.351956768064
1410 0.351222057928
1411 0.338275948731
1412 0.323505848422
1413 0.339641685592
1414 0.34150879567
1415 0.323531768288
1416 0.34009938516
1417 0.351834102989
1418 0.323402210476
1419 0.324181117534
1420 0.346282480062
1421 0.369949610628
1422 0.338446064873
1423 0.32459807074
1424 0.341133733209
1425 0.323402210476
1426 0.352725366876
1427 0.341422169612
1428 0.351711523386
1429 0.341624365482
1430 0.349670938691
1431 0.322988321869
1432 0.354739523851
1433 0.356021865632
1434 0.323479932708
1435 0.323739276838
1436 0.357566634198
1437 0.325408977355
1438 0.35223307746
1439 0.339356248424
1440 0.347115963208
1441 0.347983453981
1442 0.323817161187
1443 0.338049393051
1444 0.324155093522
1445 0.325829097071
1446 0.323843130965
1447 0.352018132682
1448 0.352571378678
1449 0.352509821039
1450 0.366757493188
1451 0.346312178388
1452 0.325618901701
1453 0.323791195574
1454 0.346341881808
1455 0.353900087642
1456 0.332345679012
1457 0.352448284891
1458 0.324728588661
1459 0.344304229195
1460 0.343279775567
1461 0.34997399896
1462 0.32399903715
1463 0.363423634236
1464 0.339299218553
1465 0.349036217478
1466 0.373232276551
1467 0.322936660269
1468 0.353002884868
1469 0.323713323713
1470 0.350612138578
1471 0.36251009965
1472 0.353652128219
1473 0.367759562842
1474 0.352386770224
1475 0.323014158867
1476 0.36251009965
1477 0.323428113736
1478 0.324051039242
1479 0.324415521812
1480 0.362803234501
1481 0.367625637291
1482 0.323973042362
1483 0.35263295782
1484 0.370153084609
1485 0.340759493671
1486 0.345452989991
1487 0.323376311364
1488 0.352079518703
1489 0.352509821039
1490 0.338957441451
1491 0.332592043489
1492 0.351711523386
1493 0.34900605013
1494 0.323583620482
1495 0.338502808282
1496 0.350247202706
1497 0.340673247279
1498 0.323921065298
1499 0.323169267707
1500 0.323221003762
1501 0.3394703657
1502 0.338446064873
1503 0.362087517934
1504 0.340300016855
1505 0.349883025734
1506 0.366491196224
1507 0.325251711639
1508 0.340214002865
1509 0.349307958478
1510 0.356304597194
1511 0.32314340589
1512 0.338900545531
1513 0.352571378678
1514 0.350581698211
1515 0.350855851942
1516 0.351374869474
1517 0.352756180659
1518 0.348013444799
1519 0.338162632945
1520 0.341797866938
1521 0.351527814051
1522 0.323117548212
1523 0.356116059617
1524 0.344598054275
1525 0.30815018315
1526 0.349883025734
1527 0.343163083199
1528 0.323609552813
1529 0.365033447839
1530 0.312296983759
1531 0.351038859428
1532 0.338928991103
1533 0.348403796376
1534 0.324181117534
1535 0.378550670292
1536 0.341711094186
1537 0.365893439652
1538 0.356745295521
1539 0.362379969488
1540 0.362477558348
1541 0.34577838671
1542 0.324545892943
1543 0.342232392576
1544 0.349943669295
1545 0.323973042362
1546 0.345896864828
1547 0.322988321869
1548 0.350947331827
1549 0.324519810335
1550 0.345305284761
1551 0.339641685592
1552 0.353466386555
1553 0.324077046549
1554 0.340271340693
1555 0.352941176471
1556 0.339213709677
1557 0.33981317849
1558 0.353126366419
1559 0.322962489003
1560 0.353993162093
1561 0.322936660269
1562 0.324519810335
1563 0.323324525583
1564 0.351405447742
1565 0.323765234124
1566 0.341855739925
1567 0.324650265316
1568 0.338729972318
1569 0.323661429945
1570 0.325225515464
1571 0.351619644723
1572 0.348764898946
1573 0.348163476461
1574 0.367191052105
1575 0.354459269663
1576 0.325068426984
1577 0.342203389831
1578 0.376608841634
1579 0.325435203095
1580 0.32304
1581 0.355645587458
1582 0.322936660269
1583 0.291068982916
1584 0.354895412199
1585 0.355520338088
1586 0.325723965476
1587 0.322988321869
1588 0.349489354336
1589 0.338332635107
1590 0.354583772392
1591 0.365893439652
1592 0.363554515171
1593 0.339242207847
1594 0.339498907012
1595 0.323661429945
1596 0.349822403188
1597 0.357629970773
1598 0.351344296528
1599 0.353033747159
1600 0.323376311364
1601 0.352048823017
1602 0.323739276838
1603 0.323479932708
1604 0.352725366876
1605 0.353373588868
1606 0.363129496403
1607 0.349519605297
1608 0.32304
1609 0.351864761241
1610 0.363227489431
1611 0.353900087642
1612 0.362184949323
1613 0.355051437615
1614 0.353869073701
1615 0.36153639538
1616 0.344833475662
1617 0.352848654317
1618 0.355020221558
1619 0.343981599796
1620 0.351864761241
1621 0.353095487933
1622 0.356934500133
1623 0.354708362614
1624 0.35027758501
1625 0.340701991225
1626 0.348975887996
1627 0.350977835724
1628 0.322988321869
1629 0.357915263251
1630 0.323661429945
1631 0.346163737677
1632 0.332701656093
1633 0.361665920287
1634 0.339242207847
1635 0.339784584315
1636 0.339898989899
1637 0.357250287534
1638 0.351895424837
1639 0.349338178043
1640 0.361990138951
1641 0.323195133664
1642 0.3233504164
1643 0.346312178388
1644 0.350520833333
1645 0.341076104401
1646 0.352910330362
1647 0.323817161187
1648 0.349459108611
1649 0.323557692308
1650 0.339556004036
1651 0.324519810335
1652 0.323117548212
1653 0.349731508748
1654 0.360986947971
1655 0.332427759941
1656 0.34915693904
1657 0.34657969273
1658 0.32304
1659 0.325016097875
1660 0.349883025734
1661 0.348795024618
1662 0.350916833232
1663 0.352263805287
1664 0.421459137877
1665 0.323091694671
1666 0.351742160279
1667 0.369408105388
1668 0.324207145725
1669 0.352110219742
1670 0.352509821039
1671 0.323609552813
1672 0.341797866938
1673 0.339099764864
1674 0.351069379238
1675 0.342290412817
1676 0.351895424837
1677 0.323324525583
1678 0.350186453907
1679 0.324051039242
1680 0.349761801646
1681 0.354210526316
1682 0.339927603334
1683 0.349368402838
1684 0.351742160279
1685 0.415474843091
1686 0.363260165527
1687 0.33981317849
1688 0.362217438105
1689 0.368195495578
1690 0.351711523386
1691 0.322936660269
1692 0.34150879567
1693 0.35486422357
1694 0.322988321869
1695 0.35009537021
1696 0.349247535029
1697 0.323505848422
1698 0.350034674064
1699 0.323505848422
1700 0.304754716981
1701 0.338446064873
1702 0.32402503611
1703 0.344362954119
1704 0.342116411082
1705 0.340271340693
1706 0.338446064873
1707 0.290503597122
1708 0.354272679417
1709 0.323272756385
1710 0.342929936306
1711 0.325750242014
1712 0.32410305803
1713 0.351589029168
1714 0.323065845268
1715 0.353652128219
1716 0.34150879567
1717 0.341162554917
1718 0.35223307746
1719 0.378231547396
1720 0.338219281347
1721 0.334742601343
1722 0.351374869474
1723 0.349096567822
1724 0.349640661529
1725 0.350156087409
1726 0.340845783743
1727 0.346193415638
1728 0.325120772947
1729 0.325251711639
1730 0.350855851942
1731 0.355489039528
1732 0.323195133664
1733 0.351803450078
1734 0.324077046549
1735 0.349338178043
1736 0.351711523386
1737 0.352694558477
1738 0.349670938691
1739 0.339956221586
1740 0.3236354893
1741 0.352263805287
1742 0.351038859428
1743 0.350794891843
1744 0.340759493671
1745 0.350065019506
1746 0.344010904754
1747 0.354552638511
1748 0.323479932708
1749 0.324571979744
1750 0.323921065298
1751 0.351834102989
1752 0.351099904356
1753 0.351405447742
1754 0.350733952923
1755 0.350004333882
1756 0.322988321869
1757 0.324650265316
1758 0.352202354993
1759 0.346341881808
1760 0.323117548212
1761 0.338049393051
1762 0.35165026561
1763 0.323091694671
1764 0.349549861496
1765 0.340185341196
1766 0.342900815217
1767 0.349580122933
1768 0.350947331827
1769 0.354926606311
1770 0.342174392001
1771 0.346490475373
1772 0.347414608965
1773 0.3415665708
1774 0.348855291577
1775 0.340932117528
1776 0.338162632945
1777 0.32304
1778 0.344069529652
1779 0.352479050279
1780 0.324129073688
1781 0.350642584231
1782 0.339441829186
1783 0.34577838671
1784 0.352202354993
1785 0.3233504164
1786 0.32459807074
1787 0.352972027972
1788 0.324415521812
1789 0.323195133664
1790 0.351008344924
1791 0.350156087409
1792 0.352509821039
1793 0.323557692308
1794 0.352263805287
1795 0.351405447742
1796 0.350399166956
1797 0.350004333882
1798 0.323065845268
1799 0.323791195574
1800 0.353064614847
1801 0.423670129053
1802 0.349398632863
1803 0.323221003762
1804 0.338389340484
1805 0.354583772392
1806 0.325408977355
1807 0.338985896575
1808 0.326118559199
1809 0.342784380306
1810 0.351313728902
1811 0.350368763557
1812 0.341624365482
1813 0.341162554917
1814 0.353683104143
1815 0.323324525583
1816 0.340128032345
1817 0.351926093777
1818 0.341797866938
1819 0.324937635793
1820 0.350612138578
1821 0.35027758501
1822 0.347384721266
1823 0.3236354893
1824 0.351803450078
1825 0.350156087409
1826 0.338900545531
1827 0.350947331827
1828 0.354459269663
1829 0.350459989585
1830 0.324389460154
1831 0.339584559751
1832 0.29248152977
1833 0.340472175379
1834 0.354272679417
1835 0.322936660269
1836 0.357851825594
1837 0.351222057928
1838 0.324077046549
1839 0.323065845268
1840 0.353435448578
1841 0.323272756385
1842 0.340214002865
1843 0.351834102989
1844 0.34915693904
1845 0.351742160279
1846 0.350794891843
1847 0.343192248853
1848 0.338872104733
1849 0.34942886812
1850 0.351497214485
1851 0.34915693904
1852 0.330387825233
1853 0.342377480075
1854 0.33967025572
1855 0.322962489003
1856 0.323091694671
1857 0.339784584315
1858 0.342087427991
1859 0.324129073688
1860 0.341653270158
1861 0.32399903715
1862 0.351497214485
1863 0.347653895824
1864 0.351680891831
1865 0.351252609603
1866 0.323221003762
1867 0.338644750084
1868 0.351680891831
1869 0.351589029168
1870 0.338872104733
1871 0.34918713248
1872 0.352972027972
1873 0.341855739925
1874 0.288572857858
1875 0.33938477055
1876 0.333360851977
1877 0.341162554917
1878 0.340932117528
1879 0.349792099792
1880 0.352479050279
1881 0.323739276838
1882 0.351466620245
1883 0.351222057928
1884 0.342406512338
1885 0.325277912035
1886 0.326144899443
1887 0.351589029168
1888 0.323505848422
1889 0.423270440252
1890 0.323298638911
1891 0.323065845268
1892 0.350034674064
1893 0.323221003762
1894 0.351038859428
1895 0.354614911741
1896 0.323921065298
1897 0.323169267707
1898 0.34395229983
1899 0.351252609603
1900 0.350947331827
1901 0.323791195574
1902 0.324155093522
1903 0.352171637886
1904 0.339898989899
1905 0.33938477055
1906 0.323246878002
1907 0.324285255381
1908 0.349307958478
1909 0.323583620482
1910 0.328800586271
1911 0.32402503611
1912 0.344656879481
1913 0.416288659794
1914 0.303791754439
1915 0.29521859921
1916 0.29422908773
1917 0.308385520086
1918 0.300692531089
1919 0.300044583148
1920 0.315987166445
1921 0.309448999923
1922 0.297480477383
1923 0.294314868805
1924 0.297963400236
1925 0.294057675502
1926 0.299310651545
1927 0.311429893568
1928 0.297787610619
1929 0.294615496863
1930 0.299777282851
1931 0.294314868805
1932 0.315542705322
1933 0.349670938691
1934 0.294207650273
1935 0.294271972016
1936 0.297677847401
1937 0.294508059223
1938 0.294036263016
1939 0.300670141474
1940 0.298646549811
1941 0.344098849595
1942 0.31095025412
1943 0.297305256958
1944 0.300759719946
1945 0.297327148222
1946 0.310448220189
1947 0.300714924039
1948 0.327414254439
1949 0.309164688768
1950 0.294164784731
1951 0.294357778102
1952 0.298227474151
1953 0.2948736673
1954 0.297392841361
1955 0.344128174536
1956 0.343571853995
1957 0.294121931677
1958 0.29502447578
1959 0.294916739702
1960 0.308503323401
1961 0.258846153846
1962 0.296562867215
1963 0.300647755193
1964 0.296258253852
1965 0.343221419465
1966 0.297042813006
1967 0.300334696913
1968 0.323065845268
1969 0.297370940423
1970 0.294079091108
1971 0.301365773565
1972 0.300379379603
1973 0.298403783624
1974 0.298403783624
1975 0.296606434553
1976 0.294830607477
1977 0.297152108323
1978 0.296650014693
1979 0.294357778102
1980 0.300379379603
1981 0.295585974672
1982 0.297853507413
1983 0.294572512402
1984 0.300894187779
1985 0.298337643147
1986 0.301613385121
1987 0.299821799822
1988 0.297546238302
1989 0.294508059223
1990 0.296041055718
1991 0.294465106104
1992 0.297195848973
1993 0.29425052831
1994 0.300983899821
1995 0.306908869803
1996 0.29756816507
1997 0.294014853648
1998 0.296977274399
1999 0.297305256958
2000 0.314780168382
2001 0.294744525547
2002 0.297458563536
2003 0.307493146512
2004 0.30667578036
2005 0.297305256958
2006 0.29991087344
2007 0.295456208385
2008 0.311046063781
2009 0.294143356643
2010 0.272139102305
2011 0.308503323401
2012 0.317452830189
2013 0.294551024874
2014 0.29425052831
2015 0.294271972016
2016 0.294079091108
2017 0.294551024874
2018 0.294100509832
2019 0.297370940423
2020 0.294422165512
2021 0.298183429331
2022 0.297152108323
2023 0.295348156817
2024 0.296999117387
2025 0.297941415185
2026 0.294852135816
2027 0.343659574468
2028 0.25628332064
2029 0.309188361409
2030 0.29495982469
2031 0.300625372245
2032 0.306932198237
2033 0.310472089805
2034 0.300312360553
2035 0.294121931677
2036 0.297064665637
2037 0.297152108323
2038 0.300312360553
2039 0.309662576687
2040 0.308385520086
2041 0.299933150115
2042 0.294164784731
2043 0.344362954119
2044 0.300334696913
2045 0.294572512402
2046 0.300379379603
2047 0.297414745526
2048 0.310687081634
2049 0.296933598059
2050 0.294830607477
2051 0.294529540481
2052 0.294186215941
2053 0.308999081726
2054 0.308314881271
2055 0.310758811759
2056 0.295650900571
2057 0.296519312674
2058 0.276291481355
2059 0.295694200351
2060 0.300759719946
2061 0.296846283908
2062 0.295261772448
2063 0.30704889362
2064 0.299599347084
2065 0.300625372245
2066 0.303586196527
2067 0.296802646086
2068 0.294723012919
2069 0.310328927144
2070 0.298492016558
2071 0.294271972016
2072 0.309733834471
2073 0.30982889588
2074 0.300804529201
2075 0.300044583148
2076 0.297633964767
2077 0.294314868805
2078 0.296780831986
2079 0.301006336191
2080 0.293950644245
2081 0.29425052831
2082 0.311046063781
2083 0.294379237443
2084 0.299732779097
2085 0.299621577502
2086 0.297305256958
2087 0.299488244456
2088 0.310448220189
2089 0.300871768125
2090 0.294486581097
2091 0.300670141474
2092 0.297195848973
2093 0.24108902024
2094 0.300401725934
2095 0.294079091108
2096 0.29809537871
2097 0.296955434623
2098 0.29502447578
2099 0.299066804918
2100 0.294508059223
2101 0.294121931677
2102 0.306955530217
2103 0.319917604183
2104 0.300558243394
2105 0.30046878488
2106 0.29422908773
2107 0.294014853648
2108 0.2948736673
2109 0.30011148272
2110 0.299443826474
2111 0.276575342466
2112 0.311357853343
2113 0.300022289918
2114 0.294207650273
2115 0.294336321889
2116 0.297436652917
2117 0.298337643147
2118 0.310209725743
2119 0.300625372245
2120 0.294314868805
2121 0.294486581097
2122 0.300022289918
2123 0.299688288556
2124 0.300983899821
2125 0.30020072857
2126 0.309543886547
2127 0.297721742977
2128 0.309520159436
2129 0.343835149864
2130 0.294809082281
2131 0.294271972016
2132 0.300871768125
2133 0.344128174536
2134 0.315197876825
2135 0.307633704099
2136 0.30812666921
2137 0.298073374179
2138 0.306489563567
2139 0.309330473418
2140 0.30042407559
2141 0.300267697799
2142 0.297195848973
2143 0.321881227581
2144 0.309188361409
2145 0.308361970218
2146 0.27583851356
2147 0.294572512402
2148 0.2411610129
2149 0.344186839414
2150 0.309757594354
2151 0.300782122905
2152 0.308550469932
2153 0.294379237443
2154 0.316805272242
2155 0.3
2156 0.28603811008
2157 0.294615496863
2158 0.296999117387
2159 0.294186215941
2160 0.295240184251
2161 0.294551024874
2162 0.298469953433
2163 0.296780831986
2164 0.305932267596
2165 0.342784380306
2166 0.299310651545
2167 0.29425052831
2168 0.294036263016
2169 0.293993447397
2170 0.309235717568
2171 0.294314868805
2172 0.297633964767
2173 0.300782122905
2174 0.294679997081
2175 0.309567617295
2176 0.294379237443
2177 0.309235717568
2178 0.294379237443
2179 0.293993447397
2180 0.342871699074
2181 0.309662576687
2182 0.294357778102
2183 0.294207650273
2184 0.30909369259
2185 0.30060299263
2186 0.306071401501
2187 0.296933598059
2188 0.310495963091
2189 0.300782122905
2190 0.309496435962
2191 0.30020072857
2192 0.307727480567
2193 0.24922849031
2194 0.294336321889
2195 0.30829134219
2196 0.293950644245
2197 0.309330473418
2198 0.296933598059
2199 0.307844781581
2200 0.311165908916
2201 0.300267697799
2202 0.300692531089
2203 0.297633964767
2204 0.309283088235
2205 0.294014853648
2206 0.294357778102
2207 0.301141024685
2208 0.294465106104
2209 0.295046032442
2210 0.29750239446
2211 0.33003677973
2212 0.297985388532
2213 0.299554896142
2214 0.296258253852
2215 0.297283368917
2216 0.30667578036
2217 0.299421622423
2218 0.294271972016
2219 0.301028775906
2220 0.296519312674
2221 0.300804529201
2222 0.262668314578
2223 0.272340999528
2224 0.311309845039
2225 0.30985267035
2226 0.256185763228
2227 0.297787610619
2228 0.294143356643
2229 0.297152108323
2230 0.301163484487
2231 0.294143356643
2232 0.294916739702
2233 0.298359686715
2234 0.301658449126
2235 0.294636993798
2236 0.29824950144
2237 0.297239602503
2238 0.297108380546
2239 0.29425052831
2240 0.291110950905
2241 0.300939037114
2242 0.309354171455
2243 0.297633964767
2244 0.297963400236
2245 0.300916610776
2246 0.294079091108
2247 0.344128174536
2248 0.309805125058
2249 0.294422165512
2250 0.295391367959
2251 0.309472716125
2252 0.294186215941
2253 0.294336321889
2254 0.2999554301
2255 0.343542623788
2256 0.294143356643
2257 0.296693607641
2258 0.29991087344
2259 0.295089155218
2260 0.297875479492
2261 0.294529540481
2262 0.29933283914
2263 0.294336321889
2264 0.294143356643
2265 0.308526894866
2266 0.296802646086
2267 0.310305079536
2268 0.308810033649
2269 0.328159284844
2270 0.293950644245
2271 0.294400699913
2272 0.300491144516
2273 0.294938280622
2274 0.343454963001
2275 0.29734904271
2276 0.300580616347
2277 0.299888600074
2278 0.294400699913
2279 0.300357036596
2280 0.30909369259
2281 0.297919433378
2282 0.294121931677
2283 0.310376633359
2284 0.310806650246
2285 0.297392841361
2286 0.306862223573
2287 0.294551024874
2288 0.297985388532
2289 0.297042813006
2290 0.330550098232
2291 0.300558243394
2292 0.296977274399
2293 0.310376633359
2294 0.306652490887
2295 0.315148677125
2296 0.305793260129
2297 0.297480477383
2298 0.297392841361
2299 0.303586196527
2300 0.299888600074
2301 0.299199762893
2302 0.294186215941
2303 0.309022729012
2304 0.29465849387
2305 0.29809537871
2306 0.294465106104
2307 0.298978231897
2308 0.299554896142
2309 0.29991087344
2310 0.300894187779
2311 0.297217724128
2312 0.297546238302
2313 0.294551024874
2314 0.298514082945
2315 0.294443634242
2316 0.307422915874
2317 0.294207650273
2318 0.297195848973
2319 0.297546238302
2320 0.30982889588
2321 0.294271972016
2322 0.294100509832
2323 0.297765651501
2324 0.300535873772
2325 0.300939037114
2326 0.307610268911
2327 0.300446428571
2328 0.308810033649
2329 0.31054372068
2330 0.297130242826
2331 0.306885544916
2332 0.300759719946
2333 0.308032649325
2334 0.310472089805
2335 0.299554896142
2336 0.297195848973
2337 0.31054372068
2338 0.296889934564
2339 0.308173700679
2340 0.300491144516
2341 0.300871768125
2342 0.294723012919
2343 0.297064665637
2344 0.30829134219
2345 0.309235717568
2346 0.297809572977
2347 0.294981371904
2348 0.312611287451
2349 0.299821799822
2350 0.294357778102
2351 0.297152108323
2352 0.308385520086
2353 0.300156099011
2354 0.295910889638
2355 0.300401725934
2356 0.306048203729
2357 0.300290027515
2358 0.294336321889
2359 0.294164784731
2360 0.299688288556
2361 0.29425052831
2362 0.261359223301
2363 0.297217724128
2364 0.30020072857
2365 0.297612028302
2366 0.297787610619
2367 0.297524314766
2368 0.297853507413
2369 0.308503323401
2370 0.30084935181
2371 0.29750239446
2372 0.297239602503
2373 0.308220746508
2374 0.29425052831
2375 0.30020072857
2376 0.294121931677
2377 0.300491144516
2378 0.343571853995
2379 0.297261484099
2380 0.29502447578
2381 0.294057675502
2382 0.300379379603
2383 0.293972044263
2384 0.294529540481
2385 0.310567604984
2386 0.30681559152
2387 0.297086521483
2388 0.295197017326
2389 0.294121931677
2390 0.306025009473
2391 0.297655904467
2392 0.295564339043
2393 0.342871699074
2394 0.294723012919
2395 0.344098849595
2396 0.300446428571
2397 0.298227474151
2398 0.294787560228
2399 0.308597630875
2400 0.307727480567
2401 0.296955434623
2402 0.294379237443
2403 0.294314868805
2404 0.294400699913
2405 0.300245371403
2406 0.294465106104
2407 0.297633964767
2408 0.295975958367
2409 0.299866330016
2410 0.297919433378
2411 0.301096115129
2412 0.294723012919
2413 0.29465849387
2414 0.303791754439
2415 0.300535873772
2416 0.272267547704
2417 0.297546238302
2418 0.307469732734
2419 0.299022511848
2420 0.309046379917
2421 0.307539984768
2422 0.294100509832
2423 0.294100509832
2424 0.300133789208
2425 0.294271972016
2426 0.297392841361
2427 0.294336321889
2428 0.29465849387
2429 0.300714924039
2430 0.29601935342
2431 0.299710532175
2432 0.294100509832
2433 0.297195848973
2434 0.299799539684
2435 0.332783912972
2436 0.294636993798
2437 0.332783912972
2438 0.294036263016
2439 0.298117386489
2440 0.294207650273
2441 0.297327148222
2442 0.294079091108
2443 0.294014853648
2444 0.294594003064
2445 0.294271972016
2446 0.307469732734
2447 0.300044583148
2448 0.297217724128
2449 0.297195848973
2450 0.29502447578
2451 0.29425052831
2452 0.309306779012
2453 0.294314868805
2454 0.296868107631
2455 0.294357778102
2456 0.294336321889
2457 0.294164784731
2458 0.293950644245
2459 0.330739618314
2460 0.297283368917
2461 0.30020072857
2462 0.309733834471
2463 0.329525053044
2464 0.309781357883
2465 0.300961466796
2466 0.306768973638
2467 0.294164784731
2468 0.297261484099
2469 0.309448999923
2470 0.297677847401
2471 0.293950644245
2472 0.309924015657
2473 0.307516563857
2474 0.297809572977
2475 0.294744525547
2476 0.331472664587
2477 0.297217724128
2478 0.298911836553
2479 0.298624463837
2480 0.29759009507
2481 0.294852135816
2482 0.293993447397
2483 0.300022289918
2484 0.293993447397
2485 0.299244108493
2486 0.299488244456
2487 0.294400699913
2488 0.294121931677
2489 0.297261484099
2490 0.296388725778
2491 0.294271972016
2492 0.309757594354
2493 0.30042407559
2494 0.294186215941
2495 0.296955434623
2496 0.299688288556
2497 0.303358124859
2498 0.294572512402
2499 0.30897543806
2500 0.2960627612
2501 0.300446428571
2502 0.30667578036
2503 0.28888252969
2504 0.294379237443
2505 0.299777282851
2506 0.296541088345
2507 0.297152108323
2508 0.300939037114
2509 0.309259401088
2510 0.309781357883
2511 0.310233558697
2512 0.310114430535
2513 0.309188361409
2514 0.294293418847
2515 0.296737213404
2516 0.29422908773
2517 0.30770403109
2518 0.296519312674
2519 0.297721742977
2520 0.306048203729
2521 0.30011148272
2522 0.297524314766
2523 0.296868107631
2524 0.294400699913
2525 0.294379237443
2526 0.297524314766
2527 0.300714924039
2528 0.294036263016
2529 0.294143356643
2530 0.307352717309
2531 0.305561861521
2532 0.297173977039
2533 0.296323475453
2534 0.308314881271
2535 0.294465106104
2536 0.294207650273
2537 0.297853507413
2538 0.298757028707
2539 0.29809537871
2540 0.299554896142
2541 0.297195848973
2542 0.293972044263
2543 0.309401578423
2544 0.320399904785
2545 0.306048203729
2546 0.294207650273
2547 0.299666048237
2548 0.307985660895
2549 0.294164784731
2550 0.299977713394
2551 0.300044583148
2552 0.300044583148
2553 0.296432241962
2554 0.300267697799
2555 0.298492016558
2556 0.309900230238
2557 0.299355030024
2558 0.297414745526
2559 0.294465106104
2560 0.300133789208
2561 0.301028775906
2562 0.29991087344
2563 0.294293418847
2564 0.298867589372
2565 0.300647755193
2566 0.294014853648
2567 0.31485380117
2568 0.308526894866
2569 0.294271972016
2570 0.293950644245
2571 0.294443634242
2572 0.29756816507
2573 0.294551024874
2574 0.298051372896
2575 0.298712827341
2576 0.299599347084
2577 0.240157012014
2578 0.294422165512
2579 0.298315602837
2580 0.299044656743
2581 0.294164784731
2582 0.295046032442
2583 0.308928161579
2584 0.297217724128
2585 0.294314868805
2586 0.297436652917
2587 0.300625372245
2588 0.294400699913
2589 0.308621216753
2590 0.308644806237
2591 0.30084935181
2592 0.298580301686
2593 0.30871559633
2594 0.300580616347
2595 0.313972474924
2596 0.293993447397
2597 0.293950644245
2598 0.308173700679
2599 0.310878435599
2600 0.296802646086
2601 0.300513507479
2602 0.300692531089
2603 0.300871768125
2604 0.298558225508
2605 0.300826938836
2606 0.303677521245
2607 0.295694200351
2608 0.300804529201
2609 0.308032649325
2610 0.306512828298
2611 0.297853507413
2612 0.301073665374
2613 0.297261484099
2614 0.297086521483
2615 0.294357778102
2616 0.30060299263
2617 0.308880899564
2618 0.309377873123
2619 0.296955434623
2620 0.30011148272
2621 0.297765651501
2622 0.294121931677
2623 0.294400699913
2624 0.29756816507
2625 0.300647755193
2626 0.30060299263
2627 0.294916739702
2628 0.270299216815
2629 0.294594003064
2630 0.310019193858
2631 0.300312360553
2632 0.297261484099
2633 0.294143356643
2634 0.243179765131
2635 0.294079091108
2636 0.297239602503
2637 0.296955434623
2638 0.297524314766
2639 0.300133789208
2640 0.2948736673
2641 0.298073374179
2642 0.296999117387
2643 0.328827361564
2644 0.309188361409
2645 0.294615496863
2646 0.295585974672
2647 0.299466033818
2648 0.297217724128
2649 0.295240184251
2650 0.30985267035
2651 0.294314868805
2652 0.296671809566
2653 0.297677847401
2654 0.308479755539
2655 0.299799539684
2656 0.29838173354
2657 0.294357778102
2658 0.295326555986
2659 0.303700361011
2660 0.297875479492
2661 0.29702096359
2662 0.318228386792
2663 0.295910889638
2664 0.294636993798
2665 0.319234722112
2666 0.295456208385
2667 0.264370826241
2668 0.294207650273
2669 0.294271972016
2670 0.320171265461
2671 0.293929247343
2672 0.293651370809
2673 0.296454004845
2674 0.317477789134
2675 0.325671425115
2676 0.294508059223
2677 0.319386221625
2678 0.297217724128
2679 0.295002922268
2680 0.319993660353
2681 0.31815316735
2682 0.296628223022
2683 0.293865075322
2684 0.351589029168
2685 0.295975958367
2686 0.293886462882
2687 0.294465106104
2688 0.294100509832
2689 0.293758184199
2690 0.312417794971
2691 0.29422908773
2692 0.293587320052
2693 0.293630017452
2694 0.29774369562
2695 0.319487301211
2696 0.317004239284
2697 0.294143356643
2698 0.294981371904
2699 0.296214788732
2700 0.293800931315
2701 0.293865075322
2702 0.295932576035
2703 0.294809082281
2704 0.293907853556
2705 0.298183429331
2706 0.317427875167
2707 0.336640266778
2708 0.29759009507
2709 0.296106181712
2710 0.293886462882
2711 0.293865075322
2712 0.294336321889
2713 0.295997654303
2714 0.294186215941
2715 0.293587320052
2716 0.294809082281
2717 0.317927722227
2718 0.318253467844
2719 0.296323475453
2720 0.318103040807
2721 0.296519312674
2722 0.293651370809
2723 0.293565976009
2724 0.293758184199
2725 0.296410482273
2726 0.295046032442
2727 0.294443634242
2728 0.293907853556
2729 0.294336321889
2730 0.296650014693
2731 0.295824175824
2732 0.296345222369
2733 0.293694086843
2734 0.2960627612
2735 0.296084469864
2736 0.293950644245
2737 0.293651370809
2738 0.293972044263
2739 0.34675826535
2740 0.294164784731
2741 0.298183429331
2742 0.318831425188
2743 0.318504495977
2744 0.318730760123
2745 0.293950644245
2746 0.317652611705
2747 0.317128720647
2748 0.293822309539
2749 0.317103816554
2750 0.344892381278
2751 0.319259962049
2752 0.294465106104
2753 0.295002922268
2754 0.315987166445
2755 0.320730738681
2756 0.319259962049
2757 0.296737213404
2758 0.319159026241
2759 0.294744525547
2760 0.294014853648
2761 0.29495982469
2762 0.317927722227
2763 0.294572512402
2764 0.296041055718
2765 0.299066804918
2766 0.336415896026
2767 0.293950644245
2768 0.293651370809
2769 0.29470150343
2770 0.293800931315
2771 0.295456208385
2772 0.294057675502
2773 0.295132290601
2774 0.297195848973
2775 0.293651370809
2776 0.295434591747
2777 0.293651370809
2778 0.319007742139
2779 0.31815316735
2780 0.293929247343
2781 0.341884683769
2782 0.29756816507
2783 0.319487301211
2784 0.296497540201
2785 0.294766041317
2786 0.295153863022
2787 0.320222045995
2788 0.295889206419
2789 0.293565976009
2790 0.294916739702
2791 0.293736815305
2792 0.293886462882
2793 0.293587320052
2794 0.318077983458
2795 0.295672548876
2796 0.294143356643
2797 0.317153628652
2798 0.295954265611
2799 0.293565976009
2800 0.293694086843
2801 0.31913380226
2802 0.293736815305
2803 0.293886462882
2804 0.29422908773
2805 0.293843690875
2806 0.293694086843
2807 0.294594003064
2808 0.295629255436
2809 0.293587320052
2810 0.296193060955
2811 0.344186839414
2812 0.293758184199
2813 0.294186215941
2814 0.294938280622
2815 0.314314625983
2816 0.318378932429
2817 0.293865075322
2818 0.293630017452
2819 0.293886462882
2820 0.294121931677
2821 0.293843690875
2822 0.293950644245
2823 0.297699793571
2824 0.296366972477
2825 0.293651370809
2826 0.294766041317
2827 0.297458563536
2828 0.318906965724
2829 0.317552689525
2830 0.294121931677
2831 0.294079091108
2832 0.294143356643
2833 0.294895201928
2834 0.317727594618
2835 0.29371544952
2836 0.295067592254
2837 0.294787560228
2838 0.295434591747
2839 0.314633006078
2840 0.416331580575
2841 0.295110721333
2842 0.294422165512
2843 0.293544635068
2844 0.296519312674
2845 0.316061365059
2846 0.295932576035
2847 0.29422908773
2848 0.293800931315
2849 0.294207650273
2850 0.342522690644
2851 0.294379237443
2852 0.294014853648
2853 0.317029127738
2854 0.296780831986
2855 0.295997654303
2856 0.293694086843
2857 0.294400699913
2858 0.293565976009
2859 0.293950644245
2860 0.294336321889
2861 0.293587320052
2862 0.293758184199
2863 0.319360961721
2864 0.318579881657
2865 0.318957345972
2866 0.294486581097
2867 0.318957345972
2868 0.319335705813
2869 0.293972044263
2870 0.301568334578
2871 0.294014853648
2872 0.294529540481
2873 0.326963562753
2874 0.297524314766
2875 0.296802646086
2876 0.316532100024
2877 0.294121931677
2878 0.31989226016
2879 0.293993447397
2880 0.293865075322
2881 0.295261772448
2882 0.296628223022
2883 0.294143356643
2884 0.320501627113
2885 0.293672727273
2886 0.314633006078
2887 0.293736815305
2888 0.296715408921
2889 0.294400699913
2890 0.293929247343
2891 0.31979092421
2892 0.29502447578
2893 0.296475770925
2894 0.29371544952
2895 0.269217947863
2896 0.294293418847
2897 0.295175438596
2898 0.29470150343
2899 0.293929247343
2900 0.293651370809
2901 0.293736815305
2902 0.317452830189
2903 0.293672727273
2904 0.293929247343
2905 0.296889934564
2906 0.318881781568
2907 0.3196137407
2908 0.317652611705
2909 0.317427875167
2910 0.318957345972
2911 0.319083366258
2912 0.295780837972
2913 0.295997654303
2914 0.342145399085
2915 0.294679997081
2916 0.297831538575
2917 0.319083366258
2918 0.293993447397
2919 0.294079091108
2920 0.295261772448
2921 0.318755920429
2922 0.320730738681
2923 0.293587320052
2924 0.294400699913
2925 0.318002835092
2926 0.31913380226
2927 0.293736815305
2928 0.319639040608
2929 0.319386221625
2930 0.296214788732
2931 0.293694086843
2932 0.296933598059
2933 0.294551024874
2934 0.293843690875
2935 0.293950644245
2936 0.293993447397
2937 0.31665621079
2938 0.29702096359
2939 0.294186215941
2940 0.297612028302
2941 0.295067592254
2942 0.294014853648
2943 0.293865075322
2944 0.319259962049
2945 0.320323655402
2946 0.31885660139
2947 0.318328734726
2948 0.293907853556
2949 0.317328094303
2950 0.293950644245
2951 0.296693607641
2952 0.296584649284
2953 0.293587320052
2954 0.296584649284
2955 0.293822309539
2956 0.294679997081
2957 0.319993660353
2958 0.293843690875
2959 0.296366972477
2960 0.293886462882
2961 0.319411485524
2962 0.293779556202
2963 0.295240184251
2964 0.293630017452
2965 0.295369760808
2966 0.294486581097
2967 0.320019020447
2968 0.317303158887
2969 0.29838173354
2970 0.318881781568
2971 0.296497540201
2972 0.293907853556
2973 0.293886462882
2974 0.317029127738
2975 0.318730760123
2976 0.293587320052
2977 0.297677847401
2978 0.296388725778
2979 0.294615496863
2980 0.319588444796
2981 0.293758184199
2982 0.317328094303
2983 0.293843690875
2984 0.293886462882
2985 0.295780837972
2986 0.318404037218
2987 0.319512581105
2988 0.295089155218
2989 0.296606434553
2990 0.316135598528
2991 0.293800931315
2992 0.297086521483
2993 0.34580799863
2994 0.296541088345
2995 0.295759173808
2996 0.293929247343
2997 0.294981371904
2998 0.293822309539
2999 0.293587320052
3000 0.294486581097
3001 0.319841584158
3002 0.29560761347
3003 0.295997654303
3004 0.314633006078
3005 0.318404037218
3006 0.32027284264
3007 0.293544635068
3008 0.315296322324
3009 0.293865075322
3010 0.29560761347
3011 0.296214788732
3012 0.297853507413
3013 0.293758184199
3014 0.294164784731
3015 0.296106181712
3016 0.293758184199
3017 0.294615496863
3018 0.297699793571
3019 0.294314868805
3020 0.298757028707
3021 0.298911836553
3022 0.296236519698
3023 0.319032946196
3024 0.317727594618
3025 0.293843690875
3026 0.318932153858
3027 0.347534211206
3028 0.323117548212
3029 0.293779556202
3030 0.318781084708
3031 0.29371544952
3032 0.293544635068
3033 0.294121931677
3034 0.319234722112
3035 0.299755029322
3036 0.317702596381
3037 0.296541088345
3038 0.293587320052
3039 0.317977793527
3040 0.296388725778
3041 0.318178236546
3042 0.315345568137
3043 0.294036263016
3044 0.29422908773
3045 0.293672727273
3046 0.293694086843
3047 0.296606434553
3048 0.295824175824
3049 0.294422165512
3050 0.317377976892
3051 0.294079091108
3052 0.318002835092
3053 0.295694200351
3054 0.293736815305
3055 0.318982542065
3056 0.293651370809
3057 0.318881781568
3058 0.294830607477
3059 0.293865075322
3060 0.293630017452
3061 0.317377976892
3062 0.293843690875
3063 0.295412978272
3064 0.293758184199
3065 0.295089155218
3066 0.31815316735
3067 0.293822309539
3068 0.294143356643
3069 0.293865075322
3070 0.293865075322
3071 0.296606434553
3072 0.293544635068
3073 0.295780837972
3074 0.29502447578
3075 0.293651370809
3076 0.294164784731
3077 0.350794891843
3078 0.294723012919
3079 0.319537865
3080 0.297941415185
3081 0.295759173808
3082 0.294079091108
3083 0.318982542065
3084 0.293736815305
3085 0.297612028302
3086 0.318027880602
3087 0.294400699913
3088 0.294787560228
3089 0.293822309539
3090 0.316755569501
3091 0.298315602837
3092 0.293651370809
3093 0.294443634242
3094 0.294079091108
3095 0.294744525547
3096 0.293865075322
3097 0.319234722112
3098 0.295694200351
3099 0.296628223022
3100 0.293736815305
3101 0.300714924039
3102 0.410199106054
3103 0.296824463393
3104 0.294036263016
3105 0.319664344522
3106 0.293779556202
3107 0.295737512817
3108 0.296149614961
3109 0.295110721333
3110 0.294036263016
3111 0.315025745046
3112 0.30084935181
3113 0.294271972016
3114 0.297612028302
3115 0.296236519698
3116 0.298779134295
3117 0.318429145966
3118 0.295715854998
3119 0.308503323401
3120 0.297327148222
3121 0.316631380852
3122 0.2936086672
3123 0.29371544952
3124 0.296606434553
3125 0.29465849387
3126 0.293565976009
3127 0.293694086843
3128 0.293651370809
3129 0.293736815305
3130 0.295954265611
3131 0.293822309539
3132 0.293694086843
3133 0.317727594618
3134 0.293758184199
3135 0.293565976009
3136 0.317727594618
3137 0.318831425188
3138 0.296780831986
3139 0.294036263016
3140 0.293972044263
3141 0.316879855607
3142 0.293758184199
3143 0.31830364181
3144 0.2936086672
3145 0.294100509832
3146 0.297765651501
3147 0.296693607641
3148 0.293630017452
3149 0.295240184251
3150 0.295175438596
3151 0.317877666693
3152 0.294422165512
3153 0.31815316735
3154 0.293758184199
3155 0.296454004845
3156 0.314878353088
3157 0.293907853556
3158 0.293865075322
3159 0.318554749132
3160 0.293672727273
3161 0.294186215941
3162 0.293672727273
3163 0.296084469864
3164 0.317427875167
3165 0.295261772448
3166 0.29554270658
3167 0.295521077283
3168 0.293886462882
3169 0.296977274399
3170 0.296737213404
3171 0.294551024874
3172 0.29422908773
3173 0.297809572977
3174 0.315740089139
3175 0.318755920429
3176 0.293651370809
3177 0.294121931677
3178 0.294400699913
3179 0.294809082281
3180 0.297721742977
3181 0.293694086843
3182 0.293694086843
3183 0.297261484099
3184 0.293544635068
3185 0.295867526377
3186 0.345334815702
3187 0.297765651501
3188 0.331363860167
3189 0.32111332008
3190 0.294036263016
3191 0.293800931315
3192 0.294508059223
3193 0.294594003064
3194 0.317427875167
3195 0.293907853556
3196 0.318831425188
3197 0.294551024874
3198 0.293694086843
3199 0.341393304024
3200 0.296041055718
3201 0.293758184199
3202 0.318228386792
3203 0.317029127738
3204 0.294186215941
3205 0.296693607641
3206 0.295240184251
3207 0.347594043213
3208 0.294379237443
3209 0.294079091108
3210 0.294164784731
3211 0.293843690875
3212 0.294186215941
3213 0.294916739702
3214 0.317877666693
3215 0.322189419931
3216 0.294379237443
3217 0.293672727273
3218 0.294357778102
3219 0.29371544952
3220 0.294744525547
3221 0.318906965724
3222 0.294357778102
3223 0.297897454814
3224 0.294036263016
3225 0.316185106883
3226 0.316011895445
3227 0.319007742139
3228 0.293630017452
3229 0.317652611705
3230 0.294379237443
3231 0.293544635068
3232 0.294679997081
3233 0.320222045995
3234 0.296366972477
3235 0.317777602896
3236 0.294723012919
3237 0.294121931677
3238 0.317852644836
3239 0.296106181712
3240 0.3215480172
3241 0.336780650542
3242 0.293929247343
3243 0.294057675502
3244 0.29465849387
3245 0.293822309539
3246 0.298492016558
3247 0.293822309539
3248 0.342116411082
3249 0.298293565783
3250 0.294121931677
3251 0.317752596789
3252 0.29371544952
3253 0.317477789134
3254 0.316333725029
3255 0.294271972016
3256 0.294379237443
3257 0.295283363803
3258 0.296737213404
3259 0.301118568233
3260 0.294336321889
3261 0.295153863022
3262 0.316954474097
3263 0.295889206419
3264 0.299732779097
3265 0.294357778102
3266 0.299933150115
3267 0.293694086843
3268 0.326646173758
3269 0.293565976009
3270 0.29371544952
3271 0.293779556202
3272 0.293630017452
3273 0.331391054575
3274 0.294100509832
3275 0.321138857961
3276 0.294164784731
3277 0.294186215941
3278 0.316755569501
3279 0.29933283914
3280 0.296236519698
3281 0.318378932429
3282 0.295824175824
3283 0.293651370809
3284 0.293865075322
3285 0.29521859921
3286 0.294100509832
3287 0.317702596381
3288 0.297283368917
3289 0.336977384628
3290 0.299599347084
3291 0.314976599064
3292 0.318680451425
3293 0.294594003064
3294 0.319159026241
3295 0.29470150343
3296 0.295845849513
3297 0.296606434553
3298 0.297195848973
3299 0.296519312674
3300 0.295629255436
3301 0.293929247343
3302 0.2960627612
3303 0.29601935342
3304 0.295348156817
3305 0.319032946196
3306 0.293630017452
3307 0.294079091108
3308 0.294057675502
3309 0.29371544952
3310 0.293907853556
3311 0.293630017452
3312 0.293758184199
3313 0.294443634242
3314 0.296715408921
3315 0.293865075322
3316 0.293950644245
3317 0.316284170126
3318 0.293672727273
3319 0.293950644245
3320 0.295175438596
3321 0.318504495977
3322 0.29560761347
3323 0.293694086843
3324 0.293672727273
3325 0.319512581105
3326 0.293929247343
3327 0.294486581097
3328 0.295240184251
3329 0.294057675502
3330 0.294036263016
3331 0.317602642756
3332 0.295715854998
3333 0.297173977039
3334 0.293672727273
3335 0.29371544952
3336 0.2960627612
3337 0.293672727273
3338 0.294422165512
3339 0.29371544952
3340 0.344392324094
3341 0.293972044263
3342 0.294615496863
3343 0.296432241962
3344 0.29425052831
3345 0.317203456402
3346 0.295867526377
3347 0.294314868805
3348 0.317602642756
3349 0.31913380226
3350 0.293779556202
3351 0.317652611705
3352 0.317627625265
3353 0.293929247343
3354 0.29702096359
3355 0.29371544952
3356 0.316408086507
3357 0.293950644245
3358 0.293843690875
3359 0.293779556202
3360 0.293907853556
3361 0.317427875167
3362 0.297699793571
3363 0.327043006398
3364 0.320960178046
3365 0.296868107631
3366 0.295348156817
3367 0.296955434623
3368 0.295802505311
3369 0.29371544952
3370 0.294615496863
3371 0.293651370809
3372 0.293843690875
3373 0.293672727273
3374 0.315025745046
3375 0.293972044263
3376 0.293800931315
3377 0.293694086843
3378 0.296432241962
3379 0.297064665637
3380 0.294379237443
3381 0.294379237443
3382 0.34927774414
3383 0.293886462882
3384 0.294121931677
3385 0.296301731729
3386 0.320909163157
3387 0.296868107631
3388 0.319765600253
3389 0.293736815305
3390 0.293694086843
3391 0.295759173808
3392 0.316135598528
3393 0.293907853556
3394 0.295002922268
3395 0.295824175824
3396 0.294852135816
3397 0.297699793571
3398 0.318881781568
3399 0.29371544952
3400 0.294336321889
3401 0.296541088345
3402 0.293694086843
3403 0.293950644245
3404 0.317103816554
3405 0.295348156817
3406 0.293822309539
3407 0.297283368917
3408 0.293565976009
3409 0.293672727273
3410 0.295629255436
3411 0.294164784731
3412 0.297217724128
3413 0.295802505311
3414 0.293587320052
3415 0.317203456402
3416 0.294164784731
3417 0.31665621079
3418 0.31989226016
3419 0.293758184199
3420 0.297370940423
3421 0.294314868805
3422 0.293972044263
3423 0.296671809566
3424 0.293865075322
3425 0.293694086843
3426 0.293865075322
3427 0.320425329313
3428 0.29371544952
3429 0.293694086843
3430 0.293630017452
3431 0.294100509832
3432 0.294036263016
3433 0.293972044263
3434 0.297239602503
3435 0.318253467844
3436 0.296323475453
3437 0.293672727273
3438 0.322678599968
3439 0.270046144586
3440 0.24409115638
3441 0.286545557763
3442 0.244046899553
3443 0.244623493064
3444 0.244283121597
3445 0.244032150843
3446 0.244061650045
3447 0.244120669851
3448 0.244046899553
3449 0.270879452606
3450 0.321829919503
3451 0.244224023225
3452 0.243973173826
3453 0.244194484761
3454 0.243973173826
3455 0.291910648449
3456 0.244519801381
3457 0.293950644245
3458 0.244046899553
3459 0.244253568836
3460 0.244179718208
3461 0.244371822803
3462 0.244076402321
3463 0.269469469469
3464 0.24431268151
3465 0.244416197567
3466 0.244194484761
3467 0.244342248578
3468 0.244002658771
3469 0.244386612601
3470 0.244371822803
3471 0.244194484761
3472 0.24432746415
3473 0.244179718208
3474 0.244209253099
3475 0.244224023225
3476 0.26166407465
3477 0.244179718208
3478 0.269343649947
3479 0.244209253099
3480 0.244179718208
3481 0.270607157218
3482 0.244164953441
3483 0.244150190459
3484 0.244150190459
3485 0.256968308515
3486 0.244238795137
3487 0.244401404188
3488 0.291826262918
3489 0.244653135414
3490 0.244032150843
3491 0.244179718208
3492 0.269847634322
3493 0.269271805815
3494 0.244238795137
3495 0.244017403916
3496 0.294079091108
3497 0.244238795137
3498 0.24431268151
3499 0.244224023225
3500 0.244268344323
3501 0.244253568836
3502 0.293929247343
3503 0.244076402321
3504 0.244150190459
3505 0.244076402321
3506 0.24432746415
3507 0.244667959283
3508 0.24409115638
3509 0.24431268151
3510 0.244283121597
3511 0.244253568836
3512 0.244283121597
3513 0.244135429262
3514 0.244046899553
3515 0.257394186639
3516 0.244120669851
3517 0.244164953441
3518 0.271425690663
3519 0.244445789697
3520 0.244209253099
3521 0.244105912223
3522 0.262105673114
3523 0.24409115638
3524 0.244164953441
3525 0.244194484761
3526 0.292778422274
3527 0.244401404188
3528 0.244297900659
3529 0.24449019133
3530 0.244475388993
3531 0.244076402321
3532 0.24409115638
3533 0.244179718208
3534 0.269775521112
3535 0.244297900659
3536 0.244238795137
3537 0.244120669851
3538 0.244017403916
3539 0.244253568836
3540 0.244105912223
3541 0.2865048957
3542 0.244135429262
3543 0.244445789697
3544 0.244105912223
3545 0.244032150843
3546 0.271663078579
3547 0.244194484761
3548 0.244150190459
3549 0.261257763975
3550 0.244179718208
3551 0.292375642604
3552 0.24409115638
3553 0.244061650045
3554 0.244445789697
3555 0.244268344323
3556 0.244253568836
3557 0.286078639745
3558 0.244416197567
3559 0.244519801381
3560 0.244357034796
3561 0.244002658771
3562 0.286098908885
3563 0.244179718208
3564 0.261409982521
3565 0.244209253099
3566 0.26918205453
3567 0.24409115638
3568 0.244164953441
3569 0.244475388993
3570 0.244342248578
3571 0.243973173826
3572 0.244209253099
3573 0.244076402321
3574 0.244283121597
3575 0.244179718208
3576 0.244002658771
3577 0.269865668649
3578 0.29348063086
3579 0.25711556829
3580 0.244194484761
3581 0.24409115638
3582 0.244135429262
3583 0.244002658771
3584 0.244105912223
3585 0.244682784948
3586 0.244076402321
3587 0.272047429765
3588 0.244209253099
3589 0.244017403916
3590 0.243987915408
3591 0.269595406596
3592 0.244238795137
3593 0.292100694444
3594 0.244653135414
3595 0.244135429262
3596 0.244164953441
3597 0.271608259904
3598 0.244002658771
3599 0.244120669851
3600 0.244445789697
3601 0.244061650045
3602 0.244268344323
3603 0.244209253099
3604 0.269271805815
3605 0.271425690663
3606 0.270480273294
3607 0.244032150843
3608 0.244076402321
3609 0.244238795137
3610 0.29337401918
3611 0.244179718208
3612 0.257656967841
3613 0.244238795137
3614 0.244179718208
3615 0.244105912223
3616 0.244253568836
3617 0.244135429262
3618 0.244445789697
3619 0.269973925252
3620 0.244017403916
3621 0.244194484761
3622 0.262309990906
3623 0.244135429262
3624 0.244238795137
3625 0.244164953441
3626 0.270716009654
3627 0.244120669851
3628 0.244238795137
3629 0.244297900659
3630 0.244504995459
3631 0.244150190459
3632 0.244105912223
3633 0.244046899553
3634 0.318755920429
3635 0.244283121597
3636 0.261579322407
3637 0.24432746415
3638 0.2692
3639 0.244120669851
3640 0.244135429262
3641 0.244579043004
3642 0.244105912223
3643 0.244297900659
3644 0.24431268151
3645 0.244150190459
3646 0.244224023225
3647 0.244209253099
3648 0.244076402321
3649 0.244268344323
3650 0.244179718208
3651 0.243973173826
3652 0.311790595321
3653 0.244061650045
3654 0.244017403916
3655 0.256919259401
3656 0.244179718208
3657 0.270335408717
3658 0.244150190459
3659 0.269397558209
3660 0.244105912223
3661 0.244046899553
3662 0.261223961703
3663 0.244209253099
3664 0.244164953441
3665 0.244105912223
3666 0.244046899553
3667 0.24409115638
3668 0.269919786096
3669 0.244120669851
3670 0.244061650045
3671 0.261494625049
3672 0.24409115638
3673 0.244653135414
3674 0.244017403916
3675 0.29307591813
3676 0.244164953441
3677 0.244032150843
3678 0.293929247343
3679 0.244032150843
3680 0.244150190459
3681 0.244593857896
3682 0.244105912223
3683 0.24409115638
3684 0.270208779443
3685 0.29422908773
3686 0.244179718208
3687 0.244017403916
3688 0.244430992736
3689 0.243987915408
3690 0.244002658771
3691 0.244342248578
3692 0.244002658771
3693 0.293012118134
3694 0.270570892522
3695 0.244032150843
3696 0.244179718208
3697 0.244179718208
3698 0.269469469469
3699 0.244224023225
3700 0.244002658771
3701 0.244061650045
3702 0.244179718208
3703 0.261765849864
3704 0.244179718208
3705 0.243987915408
3706 0.244519801381
3707 0.24432746415
3708 0.269541419131
3709 0.244179718208
3710 0.243973173826
3711 0.244342248578
3712 0.244386612601
3713 0.244076402321
3714 0.244342248578
3715 0.244342248578
3716 0.244164953441
3717 0.244061650045
3718 0.244002658771
3719 0.244357034796
3720 0.244297900659
3721 0.244105912223
3722 0.293437976891
3723 0.244445789697
3724 0.291784088446
3725 0.244046899553
3726 0.244238795137
3727 0.244179718208
3728 0.244046899553
3729 0.244371822803
3730 0.243973173826
3731 0.244371822803
3732 0.244549418605
3733 0.243987915408
3734 0.244002658771
3735 0.271043093033
3736 0.244194484761
3737 0.261325394771
3738 0.270136473107
3739 0.244401404188
3740 0.244179718208
3741 0.244357034796
3742 0.292058440619
3743 0.244032150843
3744 0.244238795137
3745 0.244002658771
3746 0.244046899553
3747 0.243987915408
3748 0.244283121597
3749 0.243973173826
3750 0.244046899553
3751 0.292799651947
3752 0.244046899553
3753 0.244238795137
3754 0.24432746415
3755 0.244076402321
3756 0.244076402321
3757 0.339498907012
3758 0.244209253099
3759 0.244608674582
3760 0.244238795137
3761 0.269811572899
3762 0.244268344323
3763 0.244209253099
3764 0.244135429262
3765 0.244386612601
3766 0.244017403916
3767 0.244105912223
3768 0.244105912223
3769 0.244297900659
3770 0.244150190459
3771 0.244105912223
3772 0.244061650045
3773 0.26925385077
3774 0.244164953441
3775 0.244224023225
3776 0.24409115638
3777 0.244238795137
3778 0.244105912223
3779 0.244150190459
3780 0.262429323455
3781 0.244194484761
3782 0.244017403916
3783 0.244430992736
3784 0.244150190459
3785 0.244135429262
3786 0.269451488056
3787 0.244268344323
3788 0.244032150843
3789 0.269829602406
3790 0.244076402321
3791 0.244623493064
3792 0.244268344323
3793 0.244179718208
3794 0.244682784948
3795 0.244475388993
3796 0.244032150843
3797 0.269811572899
3798 0.293736815305
3799 0.243973173826
3800 0.244164953441
3801 0.270933977456
3802 0.244002658771
3803 0.244194484761
3804 0.244268344323
3805 0.257525510204
3806 0.269523428114
3807 0.244046899553
3808 0.243987915408
3809 0.243987915408
3810 0.244194484761
3811 0.244475388993
3812 0.244002658771
3813 0.244061650045
3814 0.244061650045
3815 0.244076402321
3816 0.244179718208
3817 0.244002658771
3818 0.244135429262
3819 0.244164953441
3820 0.244150190459
3821 0.243973173826
3822 0.244342248578
3823 0.244401404188
3824 0.244164953441
3825 0.270299216815
3826 0.244357034796
3827 0.244430992736
3828 0.244076402321
3829 0.269901744536
3830 0.244504995459
3831 0.294572512402
3832 0.24432746415
3833 0.244135429262
3834 0.244430992736
3835 0.244061650045
3836 0.244342248578
3837 0.244283121597
3838 0.244209253099
3839 0.244845985933
3840 0.244032150843
3841 0.244135429262
3842 0.270752313263
3843 0.270244947129
3844 0.244076402321
3845 0.244032150843
3846 0.244253568836
3847 0.243987915408
3848 0.244150190459
3849 0.244046899553
3850 0.244032150843
3851 0.244253568836
3852 0.293523297231
3853 0.244283121597
3854 0.243973173826
3855 0.243987915408
3856 0.244179718208
3857 0.243973173826
3858 0.244120669851
3859 0.25375479168
3860 0.244046899553
3861 0.25732857507
3862 0.291952859518
3863 0.244238795137
3864 0.244120669851
3865 0.244061650045
3866 0.244017403916
3867 0.244238795137
3868 0.244342248578
3869 0.244224023225
3870 0.244430992736
3871 0.244342248578
3872 0.244076402321
3873 0.292121825942
3874 0.270425930887
3875 0.244164953441
3876 0.243987915408
3877 0.24409115638
3878 0.293246187364
3879 0.244105912223
3880 0.243987915408
3881 0.244105912223
3882 0.244224023225
3883 0.244017403916
3884 0.244179718208
3885 0.270661572491
3886 0.243987915408
3887 0.292629900717
3888 0.244032150843
3889 0.244105912223
3890 0.270317311554
3891 0.244032150843
3892 0.24431268151
3893 0.244150190459
3894 0.244046899553
3895 0.24409115638
3896 0.244150190459
3897 0.244268344323
3898 0.244017403916
3899 0.244194484761
3900 0.244061650045
3901 0.244460588449
3902 0.244076402321
3903 0.244579043004
3904 0.244224023225
3905 0.244061650045
3906 0.244076402321
3907 0.244608674582
3908 0.244342248578
3909 0.244061650045
3910 0.244283121597
3911 0.244017403916
3912 0.244061650045
3913 0.244179718208
3914 0.244224023225
3915 0.244076402321
3916 0.244283121597
3917 0.244061650045
3918 0.244179718208
3919 0.244416197567
3920 0.244135429262
3921 0.244194484761
3922 0.244401404188
3923 0.243987915408
3924 0.244061650045
3925 0.244564229907
3926 0.244032150843
3927 0.244593857896
3928 0.24431268151
3929 0.256772224342
3930 0.270172621437
3931 0.244653135414
3932 0.244283121597
3933 0.244076402321
3934 0.244283121597
3935 0.244105912223
3936 0.243973173826
3937 0.244046899553
3938 0.244164953441
3939 0.271644803229
3940 0.244017403916
3941 0.244120669851
3942 0.244061650045
3943 0.243987915408
3944 0.292735972162
3945 0.27001003009
3946 0.244460588449
3947 0.244017403916
3948 0.244430992736
3949 0.32462416593
3950 0.244135429262
3951 0.244194484761
3952 0.244475388993
3953 0.244017403916
3954 0.244017403916
3955 0.244017403916
3956 0.244002658771
3957 0.24431268151
3958 0.244224023225
3959 0.24409115638
3960 0.243987915408
3961 0.244209253099
3962 0.29176300578
3963 0.293033381713
3964 0.244046899553
3965 0.244179718208
3966 0.244017403916
3967 0.244653135414
3968 0.244194484761
3969 0.270770468719
3970 0.24432746415
3971 0.244046899553
3972 0.270462156731
3973 0.244224023225
3974 0.244076402321
3975 0.243973173826
3976 0.244179718208
3977 0.244179718208
3978 0.244046899553
3979 0.244017403916
3980 0.244135429262
3981 0.23563050709
3982 0.190768649313
3983 0.190822739946
3984 0.190714589335
3985 0.190705582318
3986 0.190750625915
3987 0.190777662289
3988 0.190714589335
3989 0.190759637188
3990 0.234904013962
3991 0.190732605923
3992 0.190723597204
3993 0.190723597204
3994 0.190750625915
3995 0.190795690796
3996 0.190777662289
3997 0.190732605923
3998 0.190795690796
3999 0.190822739946
4000 0.190732605923
4001 0.190777662289
4002 0.190714589335
4003 0.190759637188
4004 0.190741615494
4005 0.190786676116
4006 0.190723597204
4007 0.190714589335
4008 0.190732605923
4009 0.190705582318
4010 0.190786676116
4011 0.190705582318
4012 0.234876686831
4013 0.190714589335
4014 0.190750625915
4015 0.190804706327
4016 0.190705582318
4017 0.190732605923
4018 0.190777662289
4019 0.190759637188
4020 0.190768649313
4021 0.190768649313
4022 0.190795690796
4023 0.190705582318
4024 0.190858817413
4025 0.190705582318
4026 0.190732605923
4027 0.190777662289
4028 0.190759637188
4029 0.190714589335
4030 0.190714589335
4031 0.190867838911
4032 0.234972359616
4033 0.190714589335
4034 0.190723597204
4035 0.190714589335
4036 0.190705582318
4037 0.190714589335
4038 0.190732605923
4039 0.190777662289
