node,betweenness
1 0.0639318196132
2 0.00869328802145
3 0.00243931885435
4 0.0073609937551
5 0.00289269619288
6 0.00478168776776
7 0.00230162214641
8 0.00369152348791
9 0.00248513368634
10 0.0114850283716
11 0.00301047013147
12 0.00140934663837
13 0.00124810412239
14 0.00550261387313
15 0.000774888493566
16 0.00103616697018
17 0.00451371856698
18 0.000969359854366
19 0.000499189205662
20 0.000576093441604
21 0.000562441921174
22 0.00289693641519
23 0.00134715565761
24 0.000455697137101
25 0.00100285768132
26 0.00380156837149
27 0.00515770587988
28 0.000694978869465
29 0.000423218179798
30 0.000802681085359
31 0.000818077896228
32 0.00066939486977
33 0.000981857987974
34 0.000647103429976
35 0.00157266993566
36 0.00126896814681
37 0.000878089235416
38 0.000947492799536
39 0.0015903279212
40 8.57597396723e-05
41 0.00453482102608
42 0.000781871431909
43 7.67210255096e-05
44 8.84547946232e-05
45 0.000534299820306
46 4.92600429272e-05
47 0.000121998736575
48 0.000114140895937
49 0.000177239292888
50 7.3754630644e-05
51 4.20418730543e-05
52 3.01192280831e-05
53 9.80056100615e-05
54 0.00606864645944
55 3.7412985841e-06
56 3.21646065968e-05
57 0.00160040165867
58 0.000156767339394
59 0.00224356102692
60 0.000524990423868
61 1.13402956098e-06
62 5.00006509181e-05
63 0.00437451304707
64 1.65251712908e-05
65 3.44404863639e-05
66 3.40255709863e-05
67 3.09334709371e-05
68 0.00147742619975
69 8.67270093055e-06
70 3.1432574539e-05
71 2.95973798429e-05
72 2.99153324372e-05
73 8.31464747385e-05
74 6.28117534125e-05
75 5.62383199853e-05
76 3.35757121043e-05
77 4.73092239548e-05
78 4.35655937423e-05
79 2.61306637789e-05
80 6.11197454346e-05
81 0.000198575531139
82 8.57714873009e-05
83 0.00222842000765
84 5.29643237656e-05
85 8.20576692143e-05
86 5.14642875576e-05
87 0.000143397021471
88 3.6839652961e-05
89 0.000190883553159
90 3.03229905755e-05
91 0.000102188410129
92 4.44074778813e-05
93 0.000133153155915
94 1.21611564721e-05
95 0.000130091526729
96 3.46326264335e-05
97 1.1904518325e-05
98 5.25017990635e-05
99 0.00290190009781
100 0.000492355859026
101 4.84685667374e-06
102 2.34201345095e-06
103 0.000114254892922
104 2.88457100521e-06
105 0.00600412702319
106 2.70870642622e-06
107 1.14001142348e-05
108 0.179365461243
109 9.03093147e-07
110 0.00246749773627
111 6.04909842694e-05
112 8.90420613091e-06
113 6.47313588789e-05
114 0.0029454189586
115 6.76151616651e-05
116 0.000554450184312
117 4.35559762081e-06
118 2.60484247473e-05
119 0.00208631691336
120 0.00233367942394
121 5.56338406651e-05
122 1.06768024468e-05
123 0.00131261691968
124 2.22016274407e-06
125 9.79697880335e-06
126 5.88592420617e-05
127 6.90441172062e-05
128 3.19810981581e-06
129 0.00197603875404
130 5.38528892362e-06
131 1.98452511596e-05
132 2.30412581641e-05
133 6.51252010559e-06
134 1.39368598731e-05
135 2.9376333191e-06
136 0.0
137 0.00276902102835
138 1.27361578436e-05
139 4.00301669379e-05
140 4.20227323348e-05
141 1.61844929005e-07
142 0.000911366934161
143 0.000990869997676
144 3.29473118058e-05
145 2.18601439357e-06
146 0.00010452058303
147 4.18723738564e-06
148 3.94627996979e-05
149 0.000109288540018
150 1.77774437216e-06
151 3.61691005663e-06
152 4.62623701979e-05
153 0.000120182288836
154 0.000170059147384
155 9.0566853976e-05
156 7.25409953118e-05
157 2.08883626988e-06
158 9.73779880758e-05
159 9.0754859342e-05
160 3.11903346884e-06
161 5.80351240816e-05
162 9.71295107777e-05
163 5.08134147841e-05
164 5.74515596349e-05
165 4.83732093404e-05
166 7.92082092915e-07
167 0.00011434976459
168 0.000105491530717
169 7.64205200365e-06
170 0.00051437641512
171 0.00123329709918
172 0.00650095923817
173 0.00102729961925
174 0.000214514348312
175 3.83764658522e-05
176 1.73328262767e-05
177 1.25760906163e-06
178 1.86288496225e-06
179 1.02837660066e-05
180 0.00025384716052
181 9.88634786457e-05
182 5.63898569437e-07
183 8.9005087829e-05
184 4.87502069558e-05
185 5.09185404402e-06
186 9.45932818959e-05
187 0.00125828298339
188 4.57007691119e-06
189 0.00111039436623
190 5.5612970316e-05
191 5.06754429795e-05
192 0.0
193 1.24486673452e-06
194 3.99593557244e-07
195 7.45180866181e-06
196 0.0
197 9.67047915859e-07
198 3.63922534507e-06
199 0.000344086051231
200 0.00112419595243
201 0.00232564822141
202 0.0
203 2.49279974991e-07
204 0.00135716443243
205 0.000117475155255
206 0.0
207 1.63585071537e-07
208 0.0
209 6.92836407181e-07
210 0.0
211 0.0
212 0.000717478065159
213 3.14345367114e-06
214 0.000899555356473
215 6.19254743178e-06
216 0.0
217 0.0
218 1.5065764168e-06
219 0.0
220 5.17697966118e-07
221 0.0
222 3.26445236388e-07
223 5.02812912342e-06
224 0.00181678649459
225 0.00104599467085
226 6.75402961331e-07
227 1.71381328389e-06
228 4.3077912187e-06
229 0.0
230 1.81907819318e-06
231 3.37591433143e-06
232 0.000186287970696
233 5.87398464595e-05
234 0.0
235 0.0
236 5.03037161608e-07
237 0.000790583267457
238 8.54851967385e-07
239 9.135239007e-05
240 0.00140610450608
241 6.53021051701e-08
242 0.0
243 0.000103826012352
244 1.55261241381e-06
245 0.0
246 1.29695698645e-06
247 3.35992468089e-06
248 1.60184944348e-07
249 0.000100312269296
250 0.00014452713746
251 7.21698845017e-09
252 3.9241026203e-06
253 0.000801459792976
254 1.68378325155e-07
255 8.34124329544e-07
256 0.0
257 0.0
258 5.38023215586e-06
259 2.85344340402e-06
260 3.78279747315e-07
261 6.72373607191e-06
262 0.00038260814283
263 0.0
264 8.72034479581e-08
265 0.0
266 0.000469744644918
267 1.21591735411e-06
268 0.0
269 2.9658714921e-08
270 2.27123750883e-06
271 3.70391735735e-07
272 0.0014688887813
273 0.00152578370422
274 0.0
275 2.92160315945e-06
276 5.63898569437e-07
277 2.51705832647e-06
278 0.000920601606605
279 1.45473488211e-06
280 0.0
281 0.00159208364496
282 4.7436082392e-06
283 0.0
284 7.27249437022e-06
285 5.10985371706e-06
286 0.00134270108451
287 0.0
288 0.0
289 1.91436138409e-07
290 2.31037357528e-08
291 6.37187330708e-07
292 0.000561093573947
293 0.0
294 0.0
295 0.0
296 1.73490922711e-06
297 8.72034479581e-08
298 9.46326970447e-05
299 9.50420669967e-07
300 0.00011340321872
301 9.65930898601e-08
302 1.34154189399e-05
303 9.17011007844e-05
304 9.78887301432e-05
305 0.00184321455518
306 0.0
307 0.0
308 1.33101870668e-06
309 0.000139536450331
310 0.0
311 6.97321885931e-06
312 3.46450037643e-07
313 0.000724620662063
314 0.000353727558531
315 2.29406188002e-06
316 0.000789964380634
317 0.0
318 8.1054041823e-07
319 9.80905544291e-07
320 4.59203073552e-06
321 0.000464933924087
322 0.0
323 0.0016828020368
324 0.000108684540708
325 0.000284117144822
326 0.000196710767854
327 3.97721447308e-06
328 0.0
329 0.0
330 0.000431400019043
331 8.02582097177e-07
332 7.46496940585e-05
333 0.000735976831438
334 6.20083657981e-07
335 0.000494357151297
336 0.0
337 1.87504741228e-07
338 2.36501490897e-06
339 3.25409085454e-06
340 0.000616728920264
341 9.74010340875e-08
342 6.19739004534e-07
343 4.13807744237e-05
344 9.13975312681e-06
345 2.96968322435e-06
346 2.25070601153e-06
347 0.000270976611188
348 2.43740501309e-07
349 0.0209122555774
350 2.04481339421e-08
351 0.000585321648468
352 3.72026832293e-07
353 0.000244571011466
354 0.000457439788134
355 0.000263020263393
356 6.61067431321e-05
357 6.13444018264e-08
358 4.26114673229e-05
359 0.0
360 0.000439170943954
361 0.000956566347928
362 0.000394214607224
363 0.00021046146921
364 0.000752077848692
365 2.04481339421e-07
366 9.21730839417e-09
367 0.000457089930689
368 9.81207945544e-05
369 7.51751924387e-05
370 0.000152948770467
371 0.00294854200861
372 1.92070306253e-08
373 6.45669444157e-05
374 0.00142783215289
375 0.00139362272994
376 1.592474556e-05
377 0.00141513197772
378 0.0
379 0.000391617510308
380 0.0
381 2.55786789255e-05
382 2.39497491351e-05
383 9.41994724961e-06
384 0.0
385 1.35608074523e-06
386 1.60252720908e-08
387 6.13444018264e-08
388 0.000108377201272
389 1.45599969759e-05
390 0.00353797374725
391 0.0
392 0.000657357658018
393 7.49735083007e-06
394 0.0
395 2.46801473846e-05
396 0.00284532316853
397 6.52469458108e-05
398 0.0011776221388
399 5.40301905938e-06
400 4.08962678843e-08
401 0.00196275171163
402 0.0
403 0.000272590347658
404 3.27053318319e-05
405 0.00207025773099
406 4.62484201252e-05
407 1.64468780889e-07
408 5.35176906964e-05
409 0.00185946579933
410 6.73270283504e-06
411 2.18805805667e-05
412 6.13444018264e-08
413 0.00110118371973
414 5.26930187643e-05
415 0.030583377245
416 5.54491751601e-05
417 2.8127988454e-05
418 0.000336946898643
419 4.8873427771e-05
420 0.00294743861876
421 0.000130913460111
422 3.9539101607e-05
423 0.0026623606809
424 0.00326231984101
425 3.51115463053e-05
426 6.04118734016e-05
427 2.19828267803e-05
428 1.97710308435e-05
429 0.0102590220207
430 6.26218812398e-05
431 1.36906334076e-05
432 0.00224248866446
433 0.00268285644981
434 4.47648537979e-05
435 0.000114673656986
436 1.79417891812e-05
437 0.000810420024312
438 0.000290293342242
439 0.00201245778295
440 0.000915892590895
441 2.16672302085e-05
442 4.08962678843e-08
443 9.11081597867e-06
444 0.0
445 0.000514170857229
446 3.73191113045e-05
447 2.67798366348e-05
448 0.0
449 0.0
450 3.32439425746e-05
451 8.11324845525e-05
452 2.37077620453e-05
453 0.00113158703655
454 8.3162742217e-07
455 0.0
456 9.39000673191e-05
457 0.000191584146614
458 4.08279346704e-05
459 2.32160805909e-05
460 1.78528660997e-05
461 0.00141985355413
462 0.00281856851786
463 7.35837891822e-05
464 0.00131525747732
465 5.79506290734e-07
466 0.00218781767096
467 2.47737007376e-08
468 0.0
469 0.0
470 0.000102003104122
471 2.58593374737e-05
472 5.22360298485e-06
473 1.6154498799e-05
474 1.17099639944e-05
475 2.16188254918e-05
476 0.00117922683592
477 0.0
478 3.12224903359e-05
479 3.87109231603e-06
480 9.02096858127e-06
481 1.07308972281e-05
482 6.77147105029e-05
483 6.78772668824e-06
484 0.0182212156451
485 0.0010272203995
486 0.0
487 3.18042793961e-05
488 4.94164402936e-06
489 2.75702311692e-05
490 3.08107829923e-05
491 2.536570228e-05
492 2.29113744839e-05
493 0.000902309175639
494 0.00182755518245
495 2.06504184602e-05
496 1.68479324263e-05
497 0.00171467078664
498 0.00144494811226
499 4.87382179882e-07
500 0.0
501 0.00272112031783
502 4.08962678843e-08
503 3.49672502597e-07
504 0.00225351352088
505 0.00233191823589
506 3.74631086173e-06
507 0.00211624233759
508 0.000964940360073
509 3.33303168931e-05
510 2.1366052849e-07
511 8.07707958181e-05
512 3.2063840099e-06
513 4.28588672182e-06
514 0.00122053763155
515 0.00133549032172
516 0.000411994223539
517 1.4883352051e-05
518 0.000581355517438
519 1.42907989679e-05
520 1.88901423983e-06
521 0.00214310554004
522 6.38817896596e-07
523 2.88014087651e-07
524 0.00101228916104
525 0.00120199702821
526 0.000864052435594
527 0.00125757183361
528 0.00116910806584
529 1.73473123244e-06
530 1.10074978784e-06
531 3.79751058926e-08
532 0.00224365839787
533 2.53096216022e-06
534 2.05669019813e-07
535 7.93196904873e-06
536 2.11598755055e-06
537 5.80912024457e-07
538 0.000814465101226
539 0.00182111248958
540 5.23838848475e-05
541 4.04058603121e-06
542 3.95433669679e-06
543 0.00306792037506
544 4.59983166172e-06
545 0.00162666714914
546 0.000476798118885
547 2.77312496786e-05
548 1.5625394003e-05
549 2.9986490396e-05
550 4.50603618148e-06
551 0.0
552 4.57356229597e-06
553 1.35608074523e-06
554 0.00269376937241
555 9.53134979405e-06
556 2.90521764699e-05
557 0.0011157580656
558 3.80084781988e-05
559 1.43776685111e-05
560 0.0038063343916
561 1.20871245187e-05
562 0.00339267180656
563 4.21546145884e-08
564 0.0237477985581
565 7.40093243252e-07
566 8.72795395812e-07
567 0.00959845618459
568 0.00370009259712
569 1.06364253584e-06
570 5.35957122775e-07
571 1.53335405031e-05
572 0.0
573 0.0
574 0.000169054539734
575 1.41771109518e-05
576 1.65082308276e-07
577 1.11535276048e-08
578 7.4816922065e-08
579 2.12727070531e-07
580 0.000207730637866
581 0.00390742062985
582 0.0
583 3.02692016911e-08
584 3.64932888309e-07
585 3.1687036279e-05
586 0.0
587 0.0
588 5.51231796604e-07
589 3.33730147822e-07
590 1.24491402784e-05
591 5.05357403825e-05
592 0.0015207349013
593 0.00554175014595
594 1.9397294828e-06
595 0.0287902354991
596 1.11535276048e-08
597 0.00381474306745
598 4.90868678478e-06
599 2.46470220948e-07
600 2.09109897166e-07
601 3.0923164033e-07
602 0.000114731458794
603 0.0
604 3.21801060952e-07
605 2.83025219002e-05
606 5.77652351639e-07
607 0.00419535036625
608 0.0
609 0.0
610 8.73580627816e-05
611 0.0
612 2.24041719297e-07
613 5.85439483508e-07
614 0.0
615 3.41004650389e-06
616 3.426258331e-07
617 2.11439984994e-05
618 1.22734296378e-05
619 2.41288581302e-05
620 6.74032770934e-06
621 2.45034154891e-05
622 6.7454922438e-08
623 6.81218364137e-07
624 6.05364349755e-07
625 0.0
626 1.39142572604e-06
627 1.68819656071e-06
628 2.12727070531e-07
629 3.35074463758e-08
630 2.93388017805e-05
631 0.000500746614842
632 2.4144906961e-06
633 1.96050584732e-07
634 3.46693520131e-07
635 5.74429748898e-05
636 2.53410637235e-05
637 5.49170773281e-06
638 0.00121699987561
639 0.0
640 3.84873016568e-05
641 1.56752451777e-07
642 0.00222322577035
643 0.0
644 3.0923164033e-07
645 2.81429405719e-05
646 3.92954462769e-05
647 5.14932853821e-06
648 1.17630663263e-06
649 0.0
650 2.36681137846e-05
651 2.01573542926e-07
652 0.00351729095489
653 0.0
654 8.98795636162e-05
655 2.28149492701e-05
656 3.05067737917e-06
657 0.0
658 1.09512323808e-06
659 2.12727070531e-07
660 2.12727070531e-07
661 0.0
662 3.0923164033e-07
663 2.55246319675e-07
664 4.77279922836e-06
665 5.57681913209e-07
666 1.04099590978e-07
667 2.63907703246e-05
668 0.0
669 0.0
670 2.31097903116e-05
671 1.20567473847e-07
672 3.1430219876e-07
673 5.21556152209e-08
674 0.0
675 0.0
676 2.01573542926e-07
677 1.64903671386e-05
678 1.2053420226e-05
679 8.58188406234e-05
680 0.0
681 2.59103050561e-05
682 2.86862300644e-07
683 7.92738509242e-06
684 2.36921656119e-05
685 1.09257347554e-06
686 2.36913700253e-06
687 0.0149775467708
688 8.3586145126e-06
689 0.00401974883087
690 8.29610005653e-08
691 1.85689342013e-07
692 2.89681897514e-07
693 0.0
694 4.01085177852e-06
695 0.00252086669919
696 0.00173748349616
697 3.08377394346e-06
698 0.00372809483799
699 0.0217331940044
700 0.0
701 1.02127637331e-07
702 1.12883670877e-06
703 8.73914295861e-08
704 0.00265542767584
705 1.20143862964e-07
706 0.00684890630101
707 3.75774704555e-05
708 5.67858493576e-07
709 0.000199125535166
710 1.04632493053e-06
711 1.62954956103e-07
712 7.27114951591e-05
713 1.34967763449e-06
714 0.0032772072565
715 1.05463797315e-06
716 1.42377434868e-05
717 1.06381158832e-06
718 0.0
719 4.91021710562e-05
720 0.00464928739029
721 9.9005125184e-05
722 1.44143655903e-06
723 8.81292157894e-06
724 1.35695536775e-06
725 0.0033157006847
726 6.08412941371e-08
727 0.000148144833799
728 3.24001234845e-05
729 0.000582116005919
730 1.86065753008e-05
731 1.09468440819e-06
732 3.67316166553e-05
733 1.11854224112e-06
734 2.76867667943e-05
735 0.00012577811484
736 2.15174898652e-08
737 0.000105390342739
738 3.17788279444e-06
739 6.41079546141e-06
740 0.000165593831724
741 2.53516904982e-05
742 2.53118618564e-05
743 6.45263172136e-05
744 0.0
745 0.0
746 0.00332511228909
747 1.37713034813e-05
748 0.00326992534723
749 1.28577045861e-05
750 0.0
751 0.0
752 2.67364845117e-05
753 0.000156975634969
754 1.52509883398e-05
755 9.38623154007e-06
756 9.51653434161e-05
757 7.44489503916e-07
758 3.00047540061e-07
759 6.94042555195e-06
760 1.08556426264e-05
761 5.7210308199e-05
762 1.25223872689e-06
763 3.29380276131e-05
764 1.30747236382e-05
765 1.01689777039e-05
766 6.22516282081e-05
767 0.000309109856678
768 2.58814952468e-07
769 0.000141661544371
770 2.59692408461e-05
771 0.000231442695718
772 0.000250282507403
773 8.2698254388e-06
774 1.06852625876e-05
775 3.61496534769e-05
776 0.0
777 3.27799309837e-05
778 6.63221688024e-05
779 6.78718784198e-06
780 1.4505156138e-06
781 8.11729197909e-06
782 0.00293804168646
783 2.93924290705e-05
784 1.6171482018e-06
785 0.00258628656813
786 0.0
787 7.65705295153e-06
788 1.36995821766e-05
789 6.54340286149e-08
790 1.145543618e-06
791 1.42232517871e-05
792 6.88420509386e-08
793 2.91414668183e-05
794 1.37890470696e-05
795 9.12053207313e-07
796 2.1468226707e-05
797 2.61440944715e-06
798 1.62861372523e-05
799 0.000159052670721
800 4.5830101954e-05
801 0.000255115938956
802 0.0
803 0.0
804 9.75661315887e-05
805 5.23229567701e-05
806 0.00390548872563
807 1.79617382268e-06
808 3.39520461674e-06
809 1.87162531014e-06
810 5.58199656486e-06
811 5.75529811385e-05
812 2.82335153392e-06
813 5.63197707566e-07
814 1.97941464632e-05
815 5.8794978905e-06
816 0.000281473012332
817 1.34144550753e-05
818 3.46663984137e-05
819 0.00048616476464
820 0.000248610454444
821 0.000251370705414
822 3.97157658791e-07
823 9.59582531862e-06
824 0.00237107785815
825 0.00328498874048
826 9.87978114584e-06
827 6.09432194783e-07
828 0.0020596086161
829 0.00149731877835
830 0.000783754776219
831 0.00297753115255
832 9.7087724785e-06
833 4.96597538595e-08
834 5.08636744462e-05
835 0.00142126946089
836 7.22390595254e-06
837 3.50528812193e-06
838 1.74440520317e-06
839 1.84966458784e-06
840 1.51793426504e-06
841 9.46027316354e-06
842 0.0
843 1.6495225557e-05
844 1.71568772058e-06
845 1.76314274198e-06
846 7.9611343835e-06
847 3.09777619586e-05
848 2.49242916041e-05
849 0.000329335219278
850 5.60384455162e-05
851 1.14201272732e-05
852 1.12355245296e-07
853 0.0
854 0.00219623833429
855 0.0
856 0.0
857 0.00133100177058
858 6.91559900989e-05
859 0.0
860 0.0
861 0.000249172135964
862 1.15678014873e-07
863 0.000362393565615
864 4.71274128495e-07
865 5.79598808965e-07
866 0.0
867 9.61062295281e-08
868 1.43136937595e-07
869 0.0
870 2.0596290737e-07
871 2.29019100152e-07
872 2.39606120121e-06
873 2.04481339421e-08
874 0.0
875 2.04481339421e-08
876 0.0
877 4.71274128495e-07
878 0.0
879 4.20884084137e-07
880 1.26778430441e-07
881 1.46687629869e-07
882 1.51316191172e-07
883 3.85830140237e-07
884 0.0
885 3.06722009132e-08
886 5.7254775038e-07
887 1.53361004566e-08
888 0.0
889 0.0
890 1.05725922404e-06
891 2.33586704674e-06
892 0.0
893 0.0
894 5.48926608052e-07
895 2.45377607306e-08
896 9.61062295281e-08
897 0.00854273575952
898 0.0018029679856
899 4.86796871248e-06
900 0.0
901 1.96147659276e-06
902 7.7639332517e-07
903 0.000973724117227
904 1.553083565e-06
905 1.16097639692e-06
906 8.69113476638e-06
907 0.00253183327478
908 1.59278519108e-06
909 0.000120709821011
910 1.06785824397e-06
911 0.0
912 0.0
913 4.66547461175e-06
914 0.00142922883998
915 1.43527852012e-06
916 5.24972381779e-05
917 0.000232246977731
918 0.00056682773252
919 0.0
920 4.24152277683e-05
921 1.8171577897e-06
922 4.23940489325e-05
923 1.37182598304e-05
924 1.09765116777e-06
925 0.000339908416617
926 9.49239345787e-05
927 5.30157399775e-06
928 0.00257957929392
929 2.72641785895e-08
930 6.06824465346e-07
931 0.00150132366817
932 7.63239184323e-06
933 0.000879007461566
934 6.05459904563e-06
935 0.00218829791846
936 3.94853872729e-06
937 9.20389196232e-06
938 8.79974867579e-08
939 9.79005626738e-07
940 2.76222331056e-06
941 1.60637956281e-06
942 0.000989028422693
943 0.0013157887927
944 5.62890014249e-06
945 0.000190093860215
946 0.0
947 0.000191436857184
948 4.71795651476e-05
949 1.11566830618e-05
950 5.43319384573e-06
951 5.71582765645e-07
952 4.12512172926e-05
953 0.00214369531482
954 3.06256572421e-05
955 0.000749457856672
956 2.12203772985e-07
957 4.49858946727e-07
958 0.00108161512425
959 1.30057272426e-07
960 0.00104644919194
961 4.19127799044e-05
962 6.64536067242e-06
963 3.99771496329e-05
964 4.30147782447e-05
965 1.07148233712e-05
966 6.35729857557e-07
967 1.16765173002e-05
968 4.96512549146e-05
969 0.0010557251125
970 3.6248167486e-05
971 5.00081772234e-07
972 5.91819836778e-06
973 1.78074381239e-07
974 1.37037605411e-05
975 2.09880964936e-06
976 0.000635224389057
977 1.0560878439e-05
978 6.81204325037e-06
979 4.41640968011e-05
980 7.88713737769e-08
981 6.06887184133e-05
982 0.000256644663302
983 0.00143726534919
984 0.000879458595844
985 0.000361367687721
986 2.34758266356e-07
987 2.60491871581e-07
988 1.24728171827e-06
989 0.000353817169658
990 3.51859794922e-05
991 0.0005297975717
992 2.07481116653e-05
993 1.15058194626e-06
994 8.97438250014e-05
995 4.99089523097e-05
996 0.00238275600662
997 4.18683145463e-07
998 0.000117869519568
999 3.09273730049e-07
1000 0.0028104103073
1001 4.53939807052e-06
1002 2.64203741685e-05
1003 4.08962678843e-08
1004 0.000437506409125
1005 1.47078217239e-05
1006 8.56480950897e-08
1007 4.56448985777e-05
1008 3.42975212853e-06
1009 3.09932209203e-06
1010 0.000737004905916
1011 0.000143204817839
1012 1.39503807128e-05
1013 1.11001518374e-05
1014 3.54297276196e-05
1015 0.000359389546831
1016 2.96501810949e-06
1017 0.0
1018 7.45447841356e-05
1019 0.000647356606256
1020 0.00076831464632
1021 0.000741186075903
1022 2.20059619047e-05
1023 2.28918455075e-08
1024 1.09468012039e-06
1025 0.00292367070937
1026 6.98667289621e-05
1027 0.0025706328045
1028 0.0
1029 0.000240590624663
1030 0.00293040425795
1031 3.08953482207e-06
1032 1.0390526341e-07
1033 0.00287433452701
1034 1.20703976024e-06
1035 0.0
1036 7.30809815485e-06
1037 0.000650099407782
1038 3.3571429488e-05
1039 2.04481339421e-07
1040 3.9759655433e-07
1041 0.00177686112069
1042 0.00108430124452
1043 1.9301718638e-06
1044 1.04934086582e-06
1045 1.29357854849e-06
1046 1.62112510521e-06
1047 0.0
1048 0.000135832674492
1049 0.000138864890966
1050 0.00229220455521
1051 5.6565880686e-07
1052 0.00151968205129
1053 0.000784930319243
1054 1.40247421525e-06
1055 0.00064358118387
1056 2.82326774753e-06
1057 0.000757734939486
1058 2.97185174994e-07
1059 3.85598380904e-06
1060 7.31612247503e-05
1061 0.000144659906917
1062 1.95716813671e-07
1063 7.79537103856e-06
1064 1.98248013562e-07
1065 1.69245175545e-05
1066 0.0
1067 0.00121791054463
1068 0.00150130931672
1069 0.000305752054212
1070 1.90249639592e-07
1071 0.00311868018187
1072 0.0
1073 1.98803163932e-06
1074 3.70754072346e-06
1075 8.57296458344e-05
1076 0.00232827865809
1077 2.75989554388e-05
1078 5.15428805865e-05
1079 3.58220711513e-05
1080 1.39566087502e-05
1081 0.000190360613569
1082 2.99873741156e-06
1083 7.22297728179e-05
1084 8.94082441602e-05
1085 3.66433481593e-07
1086 0.0121063202535
1087 0.000481045831457
1088 9.92417848255e-07
1089 1.56308695329e-05
1090 1.75533128982e-06
1091 2.33781341975e-06
1092 6.55413907389e-06
1093 0.00028167934782
1094 2.34818513662e-06
1095 2.89207558742e-06
1096 9.04163675861e-06
1097 0.0
1098 1.31322459304e-06
1099 4.52890272593e-05
1100 0.000161701720267
1101 0.000309641341829
1102 2.6274672939e-05
1103 0.000198804992137
1104 2.53804456663e-06
1105 0.000419011347428
1106 4.08962678843e-08
1107 1.13996805393e-05
1108 2.4458900106e-05
1109 0.00047651368645
1110 5.2286191331e-05
1111 0.00189558834041
1112 1.53361004566e-08
1113 0.000237133672508
1114 0.00136801042506
1115 5.25828578245e-05
1116 1.17547632286e-06
1117 1.07344850827e-06
1118 3.73462248911e-05
1119 9.08483855185e-07
1120 0.0
1121 0.000179954142903
1122 6.27492373521e-06
1123 0.000450798506731
1124 0.00209128726909
1125 6.31479445046e-05
1126 1.67076614441e-05
1127 0.000138730261173
1128 1.14255974297e-05
1129 0.000209616671641
1130 0.000369587758239
1131 0.000169214981988
1132 1.07170665131e-05
1133 2.57289407291e-05
1134 1.76775718107e-06
1135 1.23346405101e-06
1136 0.000250605283512
1137 0.0001276853175
1138 6.19464651528e-07
1139 2.19525323679e-06
1140 4.52789569259e-05
1141 9.39803845579e-07
1142 1.68336516372e-06
1143 7.88768905351e-06
1144 1.03774677099e-05
1145 1.04219363135e-06
1146 0.0
1147 0.000110198500162
1148 1.21886266144e-06
1149 0.000324079052869
1150 1.62740413698e-05
1151 4.18359307943e-06
1152 4.10501889284e-06
1153 1.80248118774e-05
1154 3.51980798711e-05
1155 2.14957195992e-06
1156 0.000856102695325
1157 7.27359008144e-05
1158 9.6358256883e-07
1159 0.000344691508269
1160 0.000779594873618
1161 0.00221507657907
1162 6.8762288084e-06
1163 1.23536854194e-06
1164 5.88400155932e-05
1165 6.97354869268e-07
1166 0.000141274341105
1167 0.000209049835652
1168 3.17039835834e-06
1169 2.7397343893e-07
1170 7.4218461503e-06
1171 2.5470667572e-05
1172 0.000661301562047
1173 1.87046631222e-05
1174 0.000238091799941
1175 6.47498057623e-07
1176 8.18245472423e-05
1177 0.0
1178 3.20013296195e-06
1179 2.15553829097e-05
1180 0.000681983548337
1181 0.000877602637833
1182 0.00222266090969
1183 0.000249311500918
1184 1.95522942075e-05
1185 3.32035950491e-05
1186 2.23210791647e-05
1187 4.47846691176e-08
1188 7.05340837377e-06
1189 2.66391531982e-06
1190 2.55441634302e-05
1191 2.8870664008e-06
1192 1.65775414645e-05
1193 0.000323277926359
1194 2.09996876576e-05
1195 1.28395259637e-07
1196 0.000337088392846
1197 9.93128487556e-06
1198 6.12931039664e-05
1199 0.00220485155709
1200 0.000110723080262
1201 1.73629453079e-07
1202 0.000213910125592
1203 1.53023490466e-06
1204 4.53248643905e-07
1205 0.000207807482503
1206 1.20139488626e-05
1207 0.0
1208 0.000944953707035
1209 0.0
1210 0.0012077781928
1211 0.000973125361477
1212 5.17741222774e-05
1213 1.06542573362e-05
1214 3.14432488011e-05
1215 5.96852546192e-05
1216 0.000657792125372
1217 1.73422963282e-06
1218 0.000794216845114
1219 6.30970990215e-07
1220 0.000282747470689
1221 2.0237878505e-06
1222 0.00144650211756
1223 6.99165987333e-05
1224 1.15221338845e-05
1225 0.0
1226 5.63266613625e-06
1227 5.95655027278e-05
1228 0.00234096777839
1229 5.30048540462e-06
1230 0.000237675226688
1231 1.64615030621e-05
1232 0.00127982847307
1233 1.00944092601e-06
1234 0.0
1235 1.46761567737e-06
1236 0.000176562046116
1237 0.00183617547035
1238 0.000546459066267
1239 6.24143134573e-05
1240 1.16899363281e-07
1241 2.90777775861e-06
1242 2.67944722228e-06
1243 0.000993236798594
1244 2.74344314414e-05
1245 1.33920673417e-06
1246 0.000769390714984
1247 6.48599883835e-05
1248 6.75004401207e-06
1249 6.91141555332e-07
1250 2.77120642801e-06
1251 2.34867250888e-05
1252 2.04297553296e-07
1253 0.0
1254 0.0
1255 3.27170143074e-07
1256 3.77331389496e-05
1257 6.03304520924e-05
1258 0.000184663646916
1259 0.000903995685953
1260 0.00106537046755
1261 0.000105962194338
1262 0.000316507777022
1263 0.0
1264 2.40055363925e-07
1265 3.57104721551e-07
1266 1.61560281128e-06
1267 1.84242261485e-06
1268 9.72715198979e-06
1269 6.32129372765e-06
1270 1.92537105284e-05
1271 0.0
1272 0.000188856718029
1273 0.00254859541407
1274 0.000530196203047
1275 4.59866818121e-05
1276 0.000440081646225
1277 0.0
1278 0.0109010783741
1279 7.24600625973e-06
1280 0.000560170492276
1281 0.00120061800013
1282 7.75586357851e-05
1283 0.000155169080002
1284 2.66088281226e-05
1285 0.000126119085097
1286 0.000224239905396
1287 5.62228457323e-06
1288 0.000129930996128
1289 0.000204108862422
1290 0.000977375343356
1291 0.000180486868152
1292 1.19407852804e-05
1293 0.000173207988397
1294 0.000294848472188
1295 5.77714512316e-06
1296 1.97079657865e-07
1297 9.33179208603e-06
1298 3.22159047305e-07
1299 0.00101107731562
1300 3.8416981126e-05
1301 7.18009229434e-06
1302 2.04180240018e-07
1303 1.24364213522e-05
1304 0.000128716704782
1305 0.000160055285761
1306 6.79332681225e-05
1307 8.64468491107e-06
1308 0.000111060225473
1309 3.73899247813e-06
1310 5.42763738675e-05
1311 1.49744693046e-06
1312 1.19687214655e-05
1313 0.00145163901219
1314 1.16687448808e-05
1315 3.13124455431e-05
1316 0.000101885241993
1317 2.77951091204e-06
1318 6.99534141357e-05
1319 0.000124196271669
1320 1.65172407333e-07
1321 0.000209599437699
1322 1.03127311616e-05
1323 0.000292089540186
1324 0.0010693826306
1325 0.000144268578288
1326 1.20553362387e-06
1327 0.0
1328 0.000883970386675
1329 2.08417967525e-05
1330 4.08998352493e-05
1331 6.47378173606e-05
1332 3.51146044128e-05
1333 0.000142184099905
1334 5.90697196192e-07
1335 0.000135285664366
1336 2.14592734166e-05
1337 0.000119430991677
1338 0.00022303971969
1339 0.000451087416874
1340 3.64624279369e-05
1341 7.674489454e-05
1342 1.45569966375e-05
1343 1.70835618295e-06
1344 3.93891797479e-05
1345 0.000119086291433
1346 0.000113250266725
1347 0.0
1348 0.000821636036129
1349 1.40039230344e-05
1350 0.000252812875097
1351 8.00010628231e-06
1352 7.82236937404e-05
1353 0.0124903678065
1354 6.13444018264e-08
1355 1.97582903026e-07
1356 0.000201772526758
1357 4.44600516679e-06
1358 3.71164655925e-05
1359 0.00160887386003
1360 0.000844045314769
1361 5.26752398811e-05
1362 0.000184753475686
1363 0.0
1364 1.81149862556e-07
1365 2.11199514309e-06
1366 0.00011170896859
1367 0.000302576195916
1368 5.43086663723e-05
1369 2.12203772985e-07
1370 0.000801513594263
1371 1.29236164736e-05
1372 8.34977329625e-05
1373 7.71202573507e-07
1374 0.001536079947
1375 0.00012126183412
1376 0.000778452510403
1377 0.000252853045934
1378 0.000316438693459
1379 5.60239273994e-07
1380 0.000144900469276
1381 0.000887663995533
1382 5.26458690997e-07
1383 6.15425030165e-05
1384 8.92014100032e-07
1385 6.72875417043e-06
1386 6.41987975765e-06
1387 0.0
1388 3.01059239035e-06
1389 0.000958489686563
1390 0.000133123412856
1391 6.04780948448e-05
1392 5.8733835468e-05
1393 2.32317722495e-06
1394 0.000132712055516
1395 0.0
1396 8.92014100032e-07
1397 4.92634515741e-05
1398 7.51263380137e-07
1399 0.000121077197548
1400 5.79871942049e-05
1401 4.87341627531e-06
1402 2.87818769829e-06
1403 0.000645976567265
1404 0.0
1405 0.000143569265987
1406 0.00323072343365
1407 1.00054479906e-05
1408 1.25309388165e-05
1409 4.72929004969e-05
1410 0.000134747669185
1411 1.29526604423e-05
1412 1.30133776911e-06
1413 9.20377861827e-06
1414 9.4520794156e-06
1415 3.22865272771e-09
1416 1.20524926189e-05
1417 1.26868960435e-05
1418 0.0
1419 3.33528044195e-06
1420 0.000659282414523
1421 0.000137721379012
1422 1.57954107035e-05
1423 2.46200383927e-06
1424 1.24350829935e-05
1425 3.84317985626e-06
1426 8.22973466033e-05
1427 1.22870783188e-05
1428 0.000189803460204
1429 1.90727473005e-05
1430 2.33989395314e-05
1431 0.0
1432 0.000392459135223
1433 0.000103578049581
1434 1.12448078996e-06
1435 2.46374593461e-06
1436 0.000171838539203
1437 2.65376060865e-05
1438 0.000116515785418
1439 2.26093966096e-05
1440 2.51992605637e-08
1441 2.97751071756e-05
1442 3.42605819936e-06
1443 1.65660087183e-06
1444 9.41590749124e-07
1445 1.64837930596e-05
1446 2.7085257445e-06
1447 1.35480321509e-05
1448 8.12798281898e-05
1449 0.000124476912056
1450 0.000190483877722
1451 0.000330919531795
1452 3.04296531795e-05
1453 1.65011751184e-06
1454 1.86971861733e-05
1455 0.000147690204833
1456 2.20051616626e-08
1457 0.000116878141894
1458 9.16067746531e-06
1459 1.52767182394e-05
1460 8.63692612676e-05
1461 0.000133188636572
1462 1.88244023278e-06
1463 0.000107691082873
1464 1.88294023208e-07
1465 8.04156314784e-06
1466 0.00318152286231
1467 0.0
1468 5.76428637593e-05
1469 6.06097261653e-07
1470 0.00027685786709
1471 0.000450656508602
1472 8.04348502511e-05
1473 0.000314902803954
1474 0.000171666289392
1475 2.45377607306e-08
1476 0.000111774788025
1477 3.68697414483e-07
1478 5.35254542493e-06
1479 1.40298549031e-06
1480 0.000112666819649
1481 0.000291460363695
1482 1.94981132601e-06
1483 0.000306213003196
1484 0.00019767067712
1485 6.35683232297e-06
1486 0.000118200616686
1487 0.0
1488 9.00756858641e-05
1489 3.34109190642e-05
1490 2.27826782074e-06
1491 1.97784068586e-07
1492 2.91785810962e-05
1493 1.05534557509e-05
1494 1.37140788358e-07
1495 2.27264963727e-05
1496 2.79902238821e-05
1497 0.000283032532064
1498 1.57522368622e-05
1499 1.18835891411e-07
1500 1.01948553512e-06
1501 5.90583896076e-06
1502 8.84609972475e-06
1503 0.000177126576626
1504 2.84924042861e-05
1505 6.91370035443e-05
1506 0.00278091214117
1507 2.06793191669e-08
1508 1.66671692974e-05
1509 1.60776915677e-05
1510 7.53303793614e-05
1511 8.60005295829e-08
1512 3.03452524022e-05
1513 1.65200506133e-05
1514 0.000301927154373
1515 1.01233209199e-05
1516 0.000114625914554
1517 2.28621609758e-05
1518 6.22262852896e-07
1519 2.38821947268e-05
1520 2.41816209013e-05
1521 4.84512280016e-05
1522 9.06345392146e-07
1523 6.18572872368e-05
1524 5.0215534999e-05
1525 0.000153811522497
1526 5.85828124088e-05
1527 5.53323376379e-06
1528 4.00966729752e-06
1529 0.000670330463121
1530 0.000259132698138
1531 6.29265767501e-06
1532 1.47765797289e-05
1533 2.24487110966e-06
1534 6.14423100829e-06
1535 0.00112179821615
1536 7.3711088277e-06
1537 0.00240947899239
1538 3.20530644409e-05
1539 0.000119221615688
1540 0.000890231354048
1541 0.000122019933665
1542 5.67573261504e-05
1543 0.000186469735537
1544 3.01123472254e-05
1545 6.78665278863e-06
1546 0.000347788027476
1547 0.0
1548 1.20282541806e-05
1549 5.43560806451e-05
1550 0.000582354063319
1551 2.05637470582e-06
1552 4.12625258409e-05
1553 2.53915786972e-06
1554 7.49129652635e-05
1555 7.27894704242e-05
1556 4.90586090131e-05
1557 1.40183731237e-06
1558 3.96776970978e-05
1559 0.0
1560 7.33365594409e-05
1561 0.0
1562 5.23441519869e-05
1563 8.80267575484e-07
1564 2.3034601197e-05
1565 3.06490166308e-06
1566 0.000138178121876
1567 5.19475679221e-06
1568 1.89161876836e-05
1569 1.76590975545e-07
1570 0.000148124969425
1571 2.88376561298e-05
1572 1.99050653772e-05
1573 8.29011445894e-05
1574 0.000166567146763
1575 0.000189854474883
1576 5.69942292567e-06
1577 4.23058142809e-05
1578 0.0059591597858
1579 4.06246054763e-05
1580 9.43760028099e-09
1581 0.000773726367128
1582 0.0
1583 3.70918281203e-05
1584 4.44647832594e-05
1585 0.000435978408322
1586 2.97151776097e-05
1587 0.0
1588 0.000130663215957
1589 1.25522431221e-05
1590 7.76982712838e-05
1591 0.000254459237678
1592 0.000249657151873
1593 3.12138768519e-07
1594 7.69462190013e-05
1595 6.3335347324e-06
1596 4.6819309277e-06
1597 9.65882959969e-05
1598 1.89430519398e-05
1599 5.89011786937e-05
1600 2.4398215409e-06
1601 2.01858707804e-05
1602 5.73157329883e-07
1603 1.20784415729e-06
1604 1.99099329235e-05
1605 0.000135131277405
1606 0.000113365042987
1607 4.22129539945e-06
1608 2.04481339421e-07
1609 1.89964255351e-05
1610 0.000111479082087
1611 5.22345474126e-05
1612 9.27853108032e-05
1613 6.77025537436e-05
1614 5.82786792053e-05
1615 8.50090609842e-05
1616 1.80521081514e-06
1617 0.000308049463777
1618 4.11568941575e-05
1619 2.70883239723e-05
1620 1.40031771957e-05
1621 0.000205252924405
1622 0.000108824641263
1623 0.000175192322515
1624 1.12319268581e-05
1625 9.38110913755e-06
1626 3.47190161318e-06
1627 5.10586538143e-05
1628 0.0
1629 0.000116450241264
1630 2.79853959421e-07
1631 0.000189759662093
1632 4.40451221081e-08
1633 0.000106191401303
1634 2.43174715136e-06
1635 0.000234427349787
1636 3.38185616131e-06
1637 0.000156090984646
1638 5.41961512561e-05
1639 3.31626861245e-06
1640 0.000142158117943
1641 3.22003075416e-07
1642 2.63091731365e-06
1643 0.000830194727145
1644 7.12555526997e-06
1645 9.66876488908e-06
1646 4.55839813051e-05
1647 3.9012758524e-06
1648 0.000162508269978
1649 1.54266685435e-07
1650 7.01400503047e-06
1651 1.13381297559e-05
1652 0.0
1653 8.83155160149e-05
1654 3.16498152355e-06
1655 2.77050128356e-06
1656 1.20300999395e-05
1657 0.000760560046818
1658 0.0
1659 3.39853228474e-06
1660 7.99502712686e-05
1661 2.19818142309e-05
1662 0.000239724571189
1663 2.15789531796e-05
1664 0.0101228317279
1665 3.86037300311e-07
1666 1.72688121502e-05
1667 0.00142267808137
1668 8.77079366273e-06
1669 1.46184685565e-05
1670 6.80179618721e-05
1671 6.32586565978e-06
1672 3.8888146479e-05
1673 3.89981476731e-05
1674 0.000161850289068
1675 6.77332443404e-05
1676 6.68122047829e-05
1677 1.16531608671e-06
1678 1.0001942263e-05
1679 1.11607038175e-05
1680 7.34913437967e-06
1681 4.87265495446e-05
1682 4.80297007274e-06
1683 3.40610052976e-06
1684 5.61367902774e-05
1685 0.169565999021
1686 0.000149801472743
1687 9.25546901351e-05
1688 0.00142151072424
1689 0.000359271260736
1690 1.70837684267e-05
1691 0.0
1692 6.83568946067e-06
1693 0.000495051849148
1694 6.13444018264e-08
1695 6.60026283143e-05
1696 6.65069288213e-06
1697 3.82958100036e-06
1698 1.3907383167e-05
1699 1.28961784138e-06
1700 8.49568502649e-05
1701 2.45571992809e-06
1702 1.20139615454e-06
1703 0.000437816270867
1704 0.000302261044047
1705 4.34309892719e-06
1706 1.47729560822e-05
1707 0.00022567809803
1708 4.23070611165e-05
1709 4.91220678266e-07
1710 0.000181038401161
1711 7.9628872957e-07
1712 2.24783109396e-06
1713 1.04116399054e-05
1714 1.88203548586e-07
1715 3.92146326906e-05
1716 1.0743364493e-05
1717 7.46657605485e-05
1718 4.55976860541e-05
1719 0.00599291703037
1720 4.29440936051e-06
1721 5.43774208965e-05
1722 1.72403691813e-05
1723 0.000214524573729
1724 2.40640265454e-05
1725 7.55972720249e-05
1726 0.000867600841517
1727 0.000407076982009
1728 1.9734075754e-05
1729 2.26557319059e-06
1730 0.000186370480714
1731 0.000497055594111
1732 8.99717893455e-08
1733 4.82164626494e-05
1734 2.24172308317e-06
1735 4.13929898716e-05
1736 1.30097134523e-05
1737 3.84101501137e-05
1738 4.34319083086e-06
1739 5.28632139144e-06
1740 1.57261631578e-06
1741 1.03837086922e-05
1742 2.27478425648e-05
1743 3.09453572833e-05
1744 2.00600451998e-05
1745 3.62165861906e-05
1746 1.96270045162e-05
1747 7.09621828142e-05
1748 1.47621540108e-06
1749 1.90580381393e-07
1750 8.28331579929e-06
1751 2.63531606355e-05
1752 0.000171680078363
1753 1.3719317197e-05
1754 9.50649461997e-05
1755 7.24483661272e-05
1756 0.0
1757 1.17548300181e-06
1758 2.13462190536e-05
1759 0.000748767262635
1760 6.18312621584e-08
1761 1.11627093132e-06
1762 0.000204359345434
1763 0.0
1764 5.66670370855e-06
1765 1.70465233965e-06
1766 2.29412167644e-05
1767 0.000263694710391
1768 1.23381941005e-05
1769 0.000240561540065
1770 3.749806598e-06
1771 0.000330453512158
1772 9.13483976223e-07
1773 5.87258554438e-06
1774 2.82085465126e-06
1775 0.000320973780099
1776 1.10538730724e-08
1777 0.0
1778 0.0
1779 4.67392044715e-05
1780 9.40560937525e-06
1781 2.63825106914e-05
1782 1.38342533285e-05
1783 2.43396821836e-05
1784 0.000473698561594
1785 4.70973591356e-07
1786 2.17178229093e-05
1787 0.000110454165842
1788 3.3891076979e-05
1789 1.44159344292e-07
1790 1.27628725825e-05
1791 2.65996617627e-05
1792 6.29339329726e-05
1793 8.52801405831e-07
1794 2.08037616955e-05
1795 0.000322418426481
1796 0.000103108993358
1797 4.1261020123e-06
1798 3.52258391933e-07
1799 9.57321196062e-07
1800 2.68729013556e-05
1801 0.0134161438819
1802 2.55323918049e-06
1803 4.37052960261e-08
1804 1.08369299381e-05
1805 5.43208599848e-05
1806 6.02447803195e-06
1807 4.50594187009e-05
1808 0.000415550668928
1809 3.53758331372e-05
1810 2.18087228249e-05
1811 1.43105309937e-05
1812 7.93732282208e-06
1813 6.35329007615e-05
1814 9.89241661755e-05
1815 3.15892422991e-06
1816 3.37875201951e-06
1817 1.35157682044e-05
1818 9.37344238459e-06
1819 3.4703106848e-05
1820 0.000134407603944
1821 6.05616671112e-05
1822 2.325428445e-07
1823 7.96989393781e-07
1824 2.70574719568e-05
1825 8.90687343695e-05
1826 3.16789626633e-05
1827 9.13504907701e-06
1828 0.000481462334621
1829 0.000245232346177
1830 2.38661176067e-06
1831 3.79437423907e-06
1832 0.000857844764408
1833 7.22873761878e-05
1834 4.99012015577e-05
1835 0.0
1836 0.00030227233392
1837 6.15573968317e-06
1838 0.000214379410317
1839 2.14705406393e-07
1840 4.2428398748e-05
1841 1.05127079443e-06
1842 2.86011179097e-05
1843 1.77357935605e-05
1844 0.000203288521479
1845 0.000141892164637
1846 4.55890933607e-05
1847 4.14547053022e-05
1848 4.39657362206e-05
1849 3.27165032495e-06
1850 9.43656858388e-06
1851 2.54456239429e-05
1852 0.000203686719766
1853 2.22848614582e-05
1854 1.59651689845e-07
1855 0.0
1856 1.36249215391e-06
1857 0.0
1858 9.6667842638e-05
1859 1.45045777337e-05
1860 3.97547627086e-05
1861 3.1259030691e-05
1862 0.000114467744126
1863 0.000382581435604
1864 0.000106230002761
1865 1.89536519813e-05
1866 7.03918876112e-08
1867 2.4143217312e-05
1868 3.54414460692e-05
1869 2.57580939001e-05
1870 5.68022557499e-07
1871 3.3453660569e-06
1872 0.000117575436834
1873 0.000130070773002
1874 8.30956217718e-05
1875 1.52836226728e-07
1876 6.36043346188e-06
1877 0.000126403186058
1878 3.78023193944e-06
1879 7.75865111439e-06
1880 1.79804292353e-05
1881 7.05440277333e-07
1882 0.000494919165876
1883 0.000183358305862
1884 1.73604526548e-05
1885 4.73385675874e-07
1886 6.77527692335e-06
1887 4.46383865313e-05
1888 7.26153367228e-08
1889 0.0103799671553
1890 2.83687018644e-06
1891 4.90755214612e-07
1892 2.24743868242e-05
1893 9.62635228661e-09
1894 4.24864310953e-05
1895 4.76530780839e-05
1896 1.05571151927e-05
1897 1.03993366906e-06
1898 2.4767227459e-05
1899 3.76735861391e-05
1900 6.31355588789e-05
1901 1.79448588769e-06
1902 6.01689645924e-06
1903 2.04343122513e-05
1904 0.000174558508422
1905 6.28295979058e-06
1906 4.16413952351e-08
1907 3.00735267598e-06
1908 3.64270632919e-06
1909 3.19660707713e-06
1910 0.000848028815751
1911 2.0933832965e-05
1912 0.000122245123558
1913 0.161755403586
1914 2.98165414758e-06
1915 0.000395985357108
1916 4.49364596236e-07
1917 1.64357732605e-05
1918 1.03426016958e-05
1919 8.39392016136e-06
1920 0.000326735010137
1921 1.84920009822e-05
1922 0.000656177346508
1923 8.51668120592e-07
1924 0.000430055189511
1925 2.47439604006e-08
1926 7.8737674509e-06
1927 9.85078231596e-05
1928 0.000183231947008
1929 2.23526004295e-06
1930 6.09639181404e-06
1931 5.99825257047e-07
1932 6.58674960778e-06
1933 0.000573935105127
1934 3.87971508377e-07
1935 1.84944824707e-06
1936 0.000169294296633
1937 3.21624728774e-06
1938 6.13444018264e-08
1939 1.09328997064e-05
1940 1.09273074588e-05
1941 0.000606342003998
1942 0.000584172732734
1943 7.03944046478e-06
1944 1.68238757962e-05
1945 2.4999380063e-06
1946 3.84312890481e-05
1947 9.1292778971e-06
1948 3.59244746042e-05
1949 1.73093708201e-05
1950 2.03998905093e-07
1951 1.21130077907e-07
1952 1.28930682149e-05
1953 3.56387293191e-06
1954 1.68976061554e-06
1955 0.00090920461553
1956 0.0006030254298
1957 6.7479522404e-07
1958 3.82200081084e-06
1959 6.1475447203e-05
1960 8.45271140636e-05
1961 0.00211827854588
1962 8.39716015189e-07
1963 1.03036556217e-05
1964 1.43992004588e-06
1965 0.0012924972201
1966 2.9851320485e-06
1967 3.48620371939e-05
1968 0.0
1969 4.36240443439e-05
1970 0.0
1971 0.000438999086987
1972 1.11917011684e-05
1973 2.98967635427e-05
1974 2.51081209191e-05
1975 2.7373156604e-07
1976 1.25194322696e-05
1977 7.94001466447e-05
1978 1.86600235635e-07
1979 1.71278826629e-07
1980 9.63898183434e-06
1981 0.000237787519626
1982 0.00027246856524
1983 7.84287357822e-06
1984 3.42529168823e-05
1985 1.35203107678e-05
1986 0.0315924192733
1987 9.3316290918e-06
1988 3.27957664286e-06
1989 3.80942206203e-06
1990 2.2188405604e-06
1991 2.37680477003e-06
1992 0.000219108757679
1993 2.01182144701e-07
1994 3.15481893118e-05
1995 1.83790070742e-06
1996 1.41694471977e-05
1997 2.45377607306e-08
1998 2.51922059706e-06
1999 0.000206537647743
2000 4.80403814284e-06
2001 0.000229664073775
2002 1.27766308265e-05
2003 1.18490645115e-05
2004 0.000403038701813
2005 0.000193061308779
2006 5.36116088465e-06
2007 0.000173870308762
2008 0.000891200136558
2009 2.96066560964e-07
2010 0.000667022905828
2011 3.4861563082e-06
2012 0.000147671926773
2013 8.98163123346e-08
2014 1.05367331064e-06
2015 8.23252665761e-07
2016 1.39013789276e-07
2017 8.45274498575e-07
2018 6.53676761378e-07
2019 5.28098774914e-05
2020 1.2823188202e-06
2021 3.50921956758e-06
2022 1.34326613094e-07
2023 3.28577561329e-05
2024 4.76857577705e-06
2025 5.67293902474e-06
2026 2.93287975645e-06
2027 0.000374395529945
2028 0.000628935604852
2029 1.52470193446e-05
2030 7.99245515986e-06
2031 9.94406933351e-06
2032 3.89384222432e-05
2033 4.62378765304e-05
2034 8.90093979142e-06
2035 8.99912332346e-07
2036 4.80503348141e-06
2037 8.82509534018e-05
2038 5.2420254183e-05
2039 8.3120153596e-05
2040 9.91498556704e-06
2041 2.31246365447e-05
2042 8.2844216351e-07
2043 0.000281649626511
2044 8.88370278442e-06
2045 7.04658352489e-07
2046 7.01203693444e-06
2047 1.3050949001e-06
2048 0.000877349252675
2049 1.82043973546e-05
2050 0.000130838350163
2051 2.23869781449e-07
2052 2.72166381101e-07
2053 1.07328766418e-05
2054 6.57749841884e-05
2055 7.19175123086e-05
2056 2.13402976291e-06
2057 4.02832866501e-05
2058 0.000778033945846
2059 1.84118074982e-05
2060 7.50184048878e-06
2061 4.02666735551e-05
2062 0.000333483396274
2063 5.29856101066e-05
2064 1.06706352047e-05
2065 1.0278697147e-05
2066 6.91204497744e-06
2067 3.01513405102e-07
2068 4.65562425603e-06
2069 4.95108567938e-05
2070 2.16565121338e-05
2071 1.39110797703e-06
2072 2.45291847522e-05
2073 4.51981963017e-05
2074 1.13101643722e-05
2075 4.78755622627e-06
2076 0.000374608408333
2077 1.18678022768e-06
2078 2.02629702633e-06
2079 1.88324383739e-05
2080 0.0
2081 7.10940944699e-07
2082 0.000860208163677
2083 1.52312392326e-06
2084 5.93696483588e-06
2085 3.35554054651e-05
2086 9.07339608095e-06
2087 3.97452974444e-06
2088 0.000401349364879
2089 1.73839477117e-05
2090 2.23776497979e-06
2091 9.16920438448e-06
2092 7.81627599627e-06
2093 0.000626816952236
2094 3.30563858105e-05
2095 4.90755214612e-08
2096 1.3331394759e-05
2097 1.37787957062e-06
2098 2.32710710544e-06
2099 1.61640586813e-06
2100 3.59771032424e-06
2101 0.0
2102 1.16995204231e-05
2103 0.000511720331698
2104 1.46072084419e-05
2105 6.92062035118e-06
2106 1.13775479588e-06
2107 4.08962678843e-08
2108 1.59208234835e-05
2109 3.41193630386e-06
2110 2.1394879543e-06
2111 0.000302737541347
2112 0.000651301048633
2113 5.35162424813e-05
2114 2.30187564949e-07
2115 2.26900920434e-06
2116 3.30647141295e-06
2117 5.01677882367e-05
2118 0.00016058235558
2119 1.03905501121e-05
2120 1.51627365159e-06
2121 5.10293431422e-06
2122 9.05221222375e-06
2123 2.84241812676e-06
2124 1.51036020223e-05
2125 7.18228068124e-06
2126 2.44228495692e-05
2127 3.68489961312e-05
2128 2.81657131662e-05
2129 0.000828282591113
2130 1.13976811618e-05
2131 4.75158206918e-07
2132 2.45656983826e-05
2133 0.000667534198738
2134 0.00020580319619
2135 1.22851752944e-05
2136 6.74992907489e-06
2137 1.83338524358e-06
2138 7.65262928016e-05
2139 2.90064436725e-05
2140 5.73843377897e-06
2141 6.45828285966e-06
2142 5.49641294828e-07
2143 0.000305037762213
2144 0.000135843989668
2145 1.21718222046e-05
2146 0.000825251578836
2147 6.62288195721e-06
2148 0.000399143922098
2149 0.000676373498565
2150 2.9521532633e-05
2151 2.18129009332e-05
2152 6.41992375699e-06
2153 5.31707435079e-06
2154 0.000105142620066
2155 1.11838014335e-05
2156 0.000569524654602
2157 8.70072923745e-06
2158 6.63260079167e-06
2159 8.69850183678e-08
2160 0.000202223072576
2161 4.302071931e-06
2162 1.29911584274e-05
2163 1.70219709509e-06
2164 4.05350035626e-06
2165 0.00105955682668
2166 6.00706415441e-06
2167 1.39401071387e-06
2168 0.0
2169 0.0
2170 1.54953529185e-05
2171 7.92860441971e-07
2172 1.42890782141e-05
2173 1.54340898771e-05
2174 1.0294915931e-05
2175 3.66081646143e-05
2176 2.28224321567e-07
2177 9.52531056001e-05
2178 8.1812229872e-08
2179 6.13444018264e-08
2180 0.00104269597374
2181 3.78232930427e-05
2182 1.90689425355e-06
2183 1.27278453523e-07
2184 4.74031526759e-05
2185 1.55167631848e-05
2186 1.59052685188e-06
2187 8.33698466158e-07
2188 3.21544909725e-05
2189 1.2854192763e-05
2190 0.000180658018284
2191 5.94998273249e-06
2192 5.15406146547e-05
2193 0.000453466377774
2194 1.5390996957e-06
2195 1.62523659783e-05
2196 0.0
2197 8.74584751912e-06
2198 3.75397515478e-06
2199 3.70725386725e-06
2200 0.000381058241474
2201 1.28511712489e-05
2202 8.63607078001e-06
2203 8.87057060485e-05
2204 2.87548633597e-05
2205 0.0
2206 1.91422490516e-07
2207 1.9347302171e-05
2208 6.18017038471e-06
2209 2.99535690256e-06
2210 3.10180006994e-06
2211 0.000242573958371
2212 0.000456522628743
2213 2.47547578764e-06
2214 1.48315195381e-06
2215 6.2308274009e-06
2216 2.66402652475e-05
2217 6.23434917281e-06
2218 1.1071735069e-06
2219 2.00192364647e-05
2220 0.0
2221 9.9424178776e-06
2222 0.00034546657611
2223 0.000400153824552
2224 8.20399508605e-05
2225 2.4473821929e-05
2226 0.000398433729846
2227 2.14878538093e-05
2228 2.71741094281e-07
2229 9.65059023985e-06
2230 4.72273978932e-05
2231 1.3174061211e-08
2232 1.00457503133e-05
2233 0.00013162958878
2234 0.0377247540375
2235 3.33220486499e-05
2236 2.57489740676e-05
2237 1.17644303522e-05
2238 4.69464762334e-06
2239 1.79643049665e-06
2240 0.000253135104245
2241 1.84160895446e-05
2242 1.36629508515e-05
2243 0.00050810270084
2244 2.55413196155e-05
2245 1.26066580774e-05
2246 4.2064732681e-08
2247 0.000598319029583
2248 5.14369075285e-05
2249 8.74366422268e-07
2250 1.57937248004e-06
2251 3.17355787438e-05
2252 5.41361026616e-07
2253 2.49527504822e-08
2254 6.08464332732e-06
2255 0.000618697497653
2256 5.23472228919e-07
2257 3.98442262105e-08
2258 7.94019874507e-06
2259 0.000111413609645
2260 1.75544908105e-05
2261 4.1484504553e-06
2262 2.07138266886e-06
2263 6.36495863877e-06
2264 1.1655436347e-07
2265 1.0738462592e-05
2266 5.42366455165e-07
2267 0.0279135456408
2268 1.38850962385e-05
2269 0.000185246049899
2270 0.0
2271 6.34171472932e-07
2272 1.01915006262e-05
2273 4.64005274204e-06
2274 0.00055395021758
2275 2.13014196734e-06
2276 7.10155733053e-06
2277 5.27141622865e-06
2278 2.81958742844e-06
2279 5.14723068148e-05
2280 6.92906240521e-05
2281 5.26584636497e-06
2282 2.42456445314e-07
2283 0.000473710334721
2284 0.000154884948357
2285 1.01712477438e-05
2286 3.72384705419e-06
2287 4.9593120289e-06
2288 3.66658358698e-06
2289 1.4073354314e-05
2290 0.000991256595288
2291 5.535492919e-06
2292 1.42207361425e-06
2293 0.000159618890245
2294 2.63826140228e-06
2295 3.57703539084e-05
2296 1.09097532706e-06
2297 5.96366307937e-06
2298 5.87888691149e-06
2299 4.03115719429e-06
2300 4.56251311112e-06
2301 3.58488278142e-05
2302 5.63433991333e-07
2303 5.09008097637e-05
2304 3.36974444666e-06
2305 9.8402628791e-06
2306 6.51058888408e-07
2307 1.14504623165e-06
2308 2.91721843716e-06
2309 4.2170734182e-06
2310 3.66786591735e-05
2311 1.79463424299e-06
2312 3.11825410702e-06
2313 2.49370341412e-07
2314 0.000160577472608
2315 8.35329112516e-07
2316 2.97618399387e-06
2317 1.23434703151e-06
2318 1.20217091823e-05
2319 9.35432284901e-06
2320 8.41136332907e-05
2321 2.21286412255e-07
2322 6.54876092867e-07
2323 0.000610571915413
2324 1.00612319461e-05
2325 6.73288302146e-05
2326 0.000137844592023
2327 1.09955305588e-05
2328 4.54294312193e-05
2329 0.000330223845262
2330 9.90059298043e-06
2331 0.00026268277791
2332 1.43254526796e-05
2333 1.49052726635e-05
2334 0.000164095616967
2335 2.39776123081e-05
2336 1.05693954273e-05
2337 0.000174898031772
2338 3.68320524544e-06
2339 8.97379596091e-06
2340 1.77506908911e-05
2341 1.63026368475e-05
2342 8.12821527261e-06
2343 8.06926569017e-06
2344 4.9675458971e-05
2345 4.58133031795e-05
2346 1.90558551469e-05
2347 3.06943117786e-06
2348 0.000876332393887
2349 1.07041168425e-05
2350 7.2590019461e-07
2351 1.28661918182e-05
2352 6.97902449846e-05
2353 6.2119076018e-06
2354 1.57600623623e-06
2355 6.36401868832e-06
2356 5.97739023904e-06
2357 4.43270260679e-06
2358 2.66736009667e-06
2359 1.23034421902e-07
2360 2.49945974254e-06
2361 8.61816461118e-07
2362 0.00113805568352
2363 4.34395236791e-07
2364 6.47812101125e-06
2365 1.41141074235e-05
2366 9.34441560013e-06
2367 6.39737800053e-06
2368 8.80189778476e-06
2369 3.33216583804e-05
2370 1.41276465833e-05
2371 5.0064468278e-06
2372 8.08974802941e-06
2373 1.60912242793e-05
2374 2.16206378329e-06
2375 3.95300959868e-06
2376 0.0
2377 2.69961892442e-05
2378 0.000478620888137
2379 9.02243957464e-06
2380 3.81282825198e-06
2381 0.0
2382 6.66677191162e-06
2383 0.0
2384 1.97011267821e-06
2385 0.00116379985194
2386 1.44092460262e-05
2387 5.18240546296e-06
2388 1.86710154419e-05
2389 2.06526152816e-07
2390 1.36156921101e-05
2391 4.00449750674e-05
2392 3.25902462946e-05
2393 0.000855373368057
2394 1.46474436004e-05
2395 0.000619615823398
2396 2.02544026229e-05
2397 1.06414765534e-05
2398 1.08223058715e-05
2399 3.76175500717e-05
2400 2.60194446911e-05
2401 5.99573045513e-07
2402 3.57267787748e-06
2403 9.98546968834e-07
2404 9.81114660324e-07
2405 1.57195978772e-05
2406 3.77723880143e-06
2407 5.43135014193e-05
2408 1.44004712949e-06
2409 3.24553017842e-06
2410 1.21077824447e-05
2411 2.86050756578e-05
2412 9.22543272489e-06
2413 9.2546155958e-06
2414 2.12555964061e-06
2415 1.05602717612e-05
2416 9.04883424012e-05
2417 4.67400907223e-06
2418 3.77463185744e-05
2419 2.84163390127e-06
2420 5.7939895626e-05
2421 2.87148741435e-05
2422 8.48597558599e-07
2423 3.06722009132e-08
2424 6.14126065843e-06
2425 4.09632134605e-07
2426 8.69963180097e-06
2427 3.00600261223e-06
2428 1.90534991734e-06
2429 2.47323205452e-05
2430 2.17806217733e-05
2431 8.43442745977e-06
2432 0.0
2433 5.85567795153e-06
2434 1.21015187017e-05
2435 0.000533423299813
2436 3.00520519383e-06
2437 0.000349056486196
2438 8.17925357686e-08
2439 1.43275308589e-05
2440 3.47618277017e-07
2441 7.76634641801e-06
2442 0.0
2443 1.46058099587e-09
2444 3.27352566417e-05
2445 1.07608950747e-07
2446 5.96733009539e-06
2447 5.81996071843e-06
2448 0.000103054871411
2449 8.91343465119e-06
2450 7.91911546383e-05
2451 5.79850655359e-07
2452 6.93740602421e-05
2453 3.78988449908e-07
2454 2.81114794444e-06
2455 2.18949147446e-06
2456 2.2550466539e-06
2457 8.36930339737e-07
2458 0.0
2459 7.7352961081e-05
2460 0.000202779604966
2461 7.3916850003e-06
2462 2.62154487753e-05
2463 0.000744261307407
2464 1.33971860049e-05
2465 1.26369616281e-05
2466 1.99331523995e-06
2467 2.76791554254e-07
2468 1.97172918256e-06
2469 0.000231066469076
2470 2.57953189589e-06
2471 0.0
2472 2.09702048742e-05
2473 6.11241964005e-05
2474 7.18834761033e-05
2475 7.26939744496e-06
2476 0.00034968040647
2477 6.86702511215e-06
2478 1.9589124777e-06
2479 0.000293653939848
2480 7.9908459354e-05
2481 6.45330800021e-05
2482 1.75269719504e-08
2483 1.10544952086e-05
2484 0.0
2485 4.50253347811e-06
2486 4.32478593513e-06
2487 1.38765806776e-06
2488 2.42456445314e-07
2489 9.02879225918e-06
2490 5.28124800892e-06
2491 8.77012597425e-07
2492 4.11506653927e-05
2493 7.09460310051e-06
2494 6.85728847984e-08
2495 4.74970784148e-06
2496 4.78823824431e-06
2497 4.68821769747e-08
2498 3.41468290825e-06
2499 9.47144412935e-05
2500 0.000134392199351
2501 8.89579566569e-06
2502 6.65666753401e-05
2503 0.00012865598198
2504 7.43312314288e-07
2505 6.92667009484e-06
2506 0.0
2507 1.073397653e-05
2508 2.27036581385e-05
2509 7.90190812621e-05
2510 5.86761676966e-05
2511 0.000134823522089
2512 4.22291335422e-05
2513 0.000149208705534
2514 4.14915482956e-07
2515 2.04668205939e-07
2516 7.27922785471e-07
2517 6.50125455274e-05
2518 0.0
2519 8.99457004295e-05
2520 1.60362465524e-06
2521 8.36224425082e-06
2522 6.10815999027e-06
2523 4.80500195709e-07
2524 3.17503576346e-06
2525 1.04431265205e-06
2526 4.07951746719e-06
2527 8.89156825955e-05
2528 1.28673623343e-07
2529 7.97477223744e-08
2530 1.33393600672e-05
2531 1.03153443904e-05
2532 3.31842834835e-05
2533 1.37682776297e-06
2534 7.39124799473e-05
2535 1.72021222563e-06
2536 1.1159133228e-06
2537 6.55979434179e-06
2538 1.4822319121e-05
2539 1.05991774716e-05
2540 2.96578006997e-06
2541 1.36082075642e-05
2542 0.0
2543 7.3204927678e-05
2544 0.0015280600916
2545 2.92679566554e-06
2546 1.4477190396e-06
2547 8.86263263223e-06
2548 7.59424341554e-06
2549 4.08962678843e-08
2550 3.34326797243e-06
2551 3.45153845721e-05
2552 1.28086930483e-05
2553 2.01861259541e-06
2554 2.49558494848e-05
2555 1.25762932515e-06
2556 0.000756119026956
2557 4.16235742151e-06
2558 4.69906921824e-06
2559 5.5507920167e-06
2560 4.37606640565e-06
2561 6.41025265394e-05
2562 9.8182429313e-06
2563 1.46497147058e-06
2564 1.96959390604e-06
2565 1.42593539459e-05
2566 2.45377607306e-08
2567 7.47249164137e-05
2568 8.48534747806e-05
2569 1.20857674808e-06
2570 0.0
2571 5.42307732961e-06
2572 6.70593191342e-06
2573 1.36687067114e-06
2574 6.44257665889e-06
2575 3.36219346386e-06
2576 1.1428948684e-05
2577 5.60662053602e-05
2578 2.86545113297e-06
2579 4.48575996762e-06
2580 1.10893246946e-06
2581 5.32021215384e-08
2582 8.02386024187e-06
2583 1.24786555513e-05
2584 0.000177035618979
2585 9.50214511471e-07
2586 0.000139316657583
2587 6.43059305874e-06
2588 1.777554511e-06
2589 0.000123648374799
2590 7.11600144041e-06
2591 1.60536536605e-05
2592 2.35615295255e-06
2593 7.55552436564e-05
2594 6.57708608119e-06
2595 8.48638478875e-05
2596 0.0
2597 0.0
2598 6.30372628928e-05
2599 5.08356072078e-05
2600 4.00279150905e-08
2601 1.42465289626e-05
2602 1.16801473741e-05
2603 2.43038126294e-05
2604 1.71817312764e-05
2605 2.86852114024e-05
2606 2.2825779066e-06
2607 3.66164144535e-07
2608 1.25908378024e-05
2609 2.88993783911e-05
2610 3.34529152975e-05
2611 0.00030452602245
2612 5.29033335458e-05
2613 3.64979315686e-05
2614 1.86093050002e-07
2615 2.50609600079e-06
2616 9.34407794985e-06
2617 3.09873778165e-05
2618 2.86895688314e-05
2619 5.89055307316e-06
2620 7.05763823525e-06
2621 6.99537292703e-06
2622 2.45377607306e-08
2623 3.353538927e-06
2624 8.62290106262e-06
2625 4.75484681918e-05
2626 7.88505809546e-06
2627 4.66900141799e-06
2628 0.000128376161776
2629 3.08532759359e-06
2630 3.31352086884e-05
2631 9.56097360761e-06
2632 6.36230317202e-06
2633 3.27170143074e-08
2634 0.000159311767961
2635 3.14249698563e-07
2636 1.5645386728e-06
2637 3.85807849199e-06
2638 4.17311449223e-06
2639 3.8891469528e-06
2640 0.000190257185743
2641 1.11942959798e-05
2642 3.15638572662e-06
2643 0.001401964625
2644 1.40884191818e-05
2645 5.55113220473e-06
2646 7.80400079785e-06
2647 1.44967540205e-05
2648 5.65070914067e-05
2649 5.80109392995e-05
2650 2.13102205815e-05
2651 3.79861248376e-07
2652 1.20020593798e-06
2653 1.66078075777e-05
2654 2.53700187797e-06
2655 2.70230044528e-06
2656 4.13606841995e-06
2657 2.78904052207e-06
2658 7.52324486697e-06
2659 3.81115898679e-06
2660 5.6918825123e-05
2661 5.09613181363e-06
2662 0.000662238121578
2663 0.000149002407698
2664 7.13155995802e-06
2665 0.000144061839605
2666 0.000550298318108
2667 7.36401673371e-06
2668 7.7774935294e-06
2669 1.81228424071e-05
2670 6.40712114211e-05
2671 6.04292405871e-07
2672 0.0
2673 7.35133900888e-06
2674 1.97365366425e-05
2675 1.42463469906e-05
2676 1.29192340632e-05
2677 6.06257989829e-05
2678 1.3164065673e-05
2679 1.22087563863e-06
2680 8.27737125285e-05
2681 2.44796088543e-05
2682 0.000823131718932
2683 1.3806281847e-06
2684 0.00216171450649
2685 4.61294707112e-06
2686 2.27385922252e-06
2687 5.18391026127e-06
2688 1.69613218068e-06
2689 1.65195086181e-06
2690 1.43213764013e-05
2691 2.45587241538e-05
2692 0.0
2693 4.52780464927e-08
2694 1.15719829274e-05
2695 6.91253166977e-05
2696 2.8493869482e-06
2697 5.09356851046e-06
2698 2.86762086165e-06
2699 9.86942697835e-06
2700 5.50240695171e-08
2701 4.28555984424e-06
2702 2.10873119725e-06
2703 9.07104100875e-06
2704 2.9348076995e-07
2705 0.0
2706 4.87951804507e-06
2707 1.38966724708e-05
2708 7.41891166036e-06
2709 4.82245379824e-06
2710 1.42435858717e-06
2711 9.91814126707e-07
2712 0.000189766563193
2713 0.000758913880942
2714 8.69399201936e-05
2715 6.66892320938e-08
2716 1.81435321124e-05
2717 0.000735047596785
2718 1.77093607389e-05
2719 0.000110090604277
2720 0.000834190012406
2721 0.000855822507233
2722 0.0
2723 0.0
2724 1.69257230153e-06
2725 0.000355742545485
2726 3.99192093047e-06
2727 2.92335660799e-06
2728 1.6722678682e-06
2729 1.01630832082e-05
2730 3.0176876298e-05
2731 0.000616526936352
2732 5.115517694e-06
2733 1.75269719504e-08
2734 3.58100998401e-06
2735 3.46380538647e-05
2736 9.85471479819e-06
2737 0.0
2738 3.25390715907e-06
2739 0.00154594493124
2740 1.33061254646e-05
2741 0.0
2742 0.000159078768504
2743 0.0158255090737
2744 3.63603450678e-05
2745 2.66856656413e-06
2746 0.00084366021311
2747 2.54418545127e-06
2748 2.35964751194e-06
2749 0.000463053073111
2750 0.000136859791823
2751 0.000695623757337
2752 1.51094642899e-05
2753 1.73809138508e-07
2754 4.31166645744e-05
2755 0.000172523683588
2756 0.000245635070264
2757 0.000880317742352
2758 6.38606962829e-05
2759 0.00165658556426
2760 7.63776965361e-06
2761 1.33904577395e-06
2762 1.5202496032e-05
2763 5.83183715243e-06
2764 1.55080527787e-05
2765 2.80339519822e-05
2766 0.000911759516108
2767 3.25789881348e-06
2768 0.0
2769 8.9384504127e-06
2770 6.8784070299e-07
2771 7.57640161223e-07
2772 7.40372932808e-07
2773 2.91414608779e-05
2774 1.1711172109e-05
2775 2.45377607306e-08
2776 7.03754724834e-06
2777 1.09738318823e-07
2778 5.30279124994e-05
2779 0.000754932252125
2780 7.35330537248e-07
2781 0.000740208427984
2782 0.000455224794416
2783 8.00672582502e-05
2784 1.85992206731e-05
2785 1.80141604345e-05
2786 0.00140950735873
2787 0.000119197867647
2788 0.00142932836085
2789 0.0
2790 6.1588017065e-06
2791 1.32393071487e-06
2792 3.90364456302e-06
2793 0.0
2794 0.0004002654156
2795 2.39463238916e-06
2796 9.73025221873e-06
2797 8.8316187632e-05
2798 4.73136874995e-06
2799 6.0397687426e-08
2800 1.36320892948e-08
2801 4.76925435055e-05
2802 2.81248796526e-07
2803 6.17458533592e-07
2804 1.05419199759e-05
2805 7.11328111884e-07
2806 4.26116168895e-06
2807 0.00115932836415
2808 1.38732359419e-05
2809 0.0
2810 7.32406498701e-06
2811 7.30698071674e-05
2812 5.20224803503e-07
2813 1.2912564835e-05
2814 3.34425216238e-05
2815 0.0
2816 0.000311834443627
2817 4.29241686372e-07
2818 0.0
2819 5.22776012931e-06
2820 6.84097699587e-06
2821 1.95680598434e-06
2822 7.9083067002e-07
2823 3.24799459258e-06
2824 3.48507621263e-05
2825 0.0
2826 1.40621480689e-05
2827 6.17523230705e-06
2828 0.000165911542635
2829 0.000531198603266
2830 2.4027353293e-06
2831 2.50531382837e-06
2832 3.21551094726e-06
2833 8.33279913391e-05
2834 0.0004121989891
2835 4.29410812785e-07
2836 0.000627918166642
2837 2.9471323612e-05
2838 2.76226480464e-06
2839 0.0
2840 0.021843720151
2841 4.66418087181e-05
2842 1.61068163139e-05
2843 0.0
2844 8.28052237766e-06
2845 5.70329756311e-05
2846 6.04652357013e-06
2847 1.33052880351e-05
2848 2.40500988802e-06
2849 1.19465750752e-05
2850 7.3805011662e-05
2851 3.09573051815e-06
2852 6.28132358346e-06
2853 8.01913090345e-07
2854 6.69244922505e-05
2855 2.92461087377e-05
2856 0.0
2857 8.16453936152e-06
2858 0.0
2859 6.89718900543e-06
2860 4.22056346866e-06
2861 0.0
2862 5.98107917808e-07
2863 3.77533504065e-05
2864 0.000501669185994
2865 8.18529815932e-05
2866 0.000563390142857
2867 0.000359223268592
2868 0.000172294946941
2869 1.04185763232e-05
2870 0.000232684699047
2871 7.45803044745e-06
2872 0.000814924253909
2873 9.13835494103e-05
2874 1.74035198425e-05
2875 0.000765929955151
2876 7.4534829093e-05
2877 1.70038943444e-06
2878 0.000383646668713
2879 1.23741681574e-06
2880 8.83253162228e-08
2881 0.000136866064517
2882 0.00194646293496
2883 1.13794089028e-06
2884 3.12612729269e-05
2885 3.75200822582e-07
2886 0.0
2887 2.97666406958e-07
2888 0.000746706000421
2889 6.01944081774e-06
2890 3.64193240371e-06
2891 9.45089071195e-05
2892 9.32799154584e-07
2893 1.04905693011e-05
2894 9.02466044688e-07
2895 2.12937424105e-05
2896 1.06674768267e-06
2897 0.000862677144927
2898 1.47078484189e-05
2899 4.62074715056e-08
2900 8.76348597521e-09
2901 6.6456435312e-08
2902 0.00147572912749
2903 0.0
2904 7.39410520465e-07
2905 0.000229184053239
2906 0.000374213833396
2907 5.26619587619e-05
2908 2.38321872371e-05
2909 2.38328717958e-06
2910 8.45214849788e-05
2911 4.48101211587e-05
2912 0.000415703677195
2913 0.000110361073815
2914 0.000375543410775
2915 0.000716992258153
2916 0.000568842049951
2917 0.000154375542658
2918 2.24897085491e-06
2919 1.41698854945e-06
2920 1.43283606138e-05
2921 4.63146219878e-05
2922 0.000909454834027
2923 0.0
2924 5.77340853261e-06
2925 0.000581419629262
2926 5.20303131174e-05
2927 4.34522846271e-07
2928 7.03196467086e-05
2929 8.45864328797e-05
2930 0.000623884015649
2931 1.75269719504e-08
2932 1.42377869862e-05
2933 0.000561166519254
2934 6.90318711843e-05
2935 4.72625855619e-06
2936 1.47456101228e-06
2937 9.41134458108e-05
2938 0.000132188000666
2939 1.11027900598e-05
2940 1.26453854746e-05
2941 7.87565291519e-06
2942 2.50775329568e-06
2943 1.02964754049e-06
2944 5.31108527878e-05
2945 0.000126651597358
2946 3.05608963304e-05
2947 0.00018408449489
2948 6.34497985523e-07
2949 2.5101387635e-05
2950 5.44527333075e-06
2951 0.000445422061409
2952 0.00103582561023
2953 6.13444018264e-08
2954 1.6990377251e-06
2955 1.53184889882e-06
2956 0.000507229081257
2957 9.63234346744e-05
2958 3.72671286188e-06
2959 0.00053017306428
2960 2.96295707869e-07
2961 6.48539475863e-05
2962 9.82599079039e-07
2963 2.75888926761e-05
2964 1.09944639892e-07
2965 1.83953556437e-05
2966 4.19146247284e-06
2967 0.000116174565426
2968 2.79753978724e-05
2969 9.74634147295e-06
2970 2.01089878302e-05
2971 0.00024818103387
2972 1.50078039226e-07
2973 2.55505664058e-07
2974 8.7548761569e-05
2975 0.000260422224806
2976 6.13444018264e-08
2977 0.000395007789519
2978 1.88510710265e-06
2979 6.80411978736e-06
2980 5.47298479463e-05
2981 0.0
2982 4.47997643844e-05
2983 4.88732871694e-08
2984 2.10004690323e-06
2985 8.14667590703e-06
2986 2.51647521703e-05
2987 6.36274115336e-05
2988 2.48993429833e-06
2989 1.37629423903e-05
2990 9.3495836289e-05
2991 3.21253157827e-07
2992 7.95502502874e-06
2993 0.000268176282744
2994 1.28434000977e-05
2995 0.000683230122886
2996 2.69830464406e-06
2997 2.05048995283e-05
2998 1.87126078617e-06
2999 4.08962678843e-08
3000 3.44104536242e-05
3001 0.000108572399511
3002 0.0003162242652
3003 0.00171389746002
3004 0.0
3005 2.37453094076e-05
3006 0.000663341345139
3007 0.0
3008 8.06951131222e-05
3009 5.70525407463e-08
3010 2.93922441066e-05
3011 1.51183239569e-05
3012 0.000820560461829
3013 5.78157307648e-07
3014 1.27643178576e-05
3015 0.000336814553739
3016 2.96685317065e-06
3017 5.01399758979e-05
3018 0.000658670446474
3019 1.42876795026e-05
3020 0.000851828094014
3021 0.000937047786868
3022 0.000282008245864
3023 5.25773795663e-05
3024 1.18763653115e-05
3025 3.43835626893e-06
3026 0.000100082403403
3027 0.000150739233108
3028 6.30813229203e-05
3029 1.24222413699e-06
3030 3.56123924646e-05
3031 3.95514809442e-07
3032 0.0
3033 1.69527268191e-06
3034 6.29379171631e-05
3035 0.000532212761178
3036 0.000184344688727
3037 3.97335213583e-05
3038 0.0
3039 0.000246344394243
3040 6.54520155833e-07
3041 1.26019533023e-05
3042 3.76708403336e-05
3043 3.83593590438e-06
3044 5.25057382803e-06
3045 1.63585071537e-07
3046 6.58429912937e-07
3047 3.43084153811e-05
3048 4.3290597644e-06
3049 2.91415282775e-06
3050 0.000279127073951
3051 2.67924208337e-06
3052 0.00106113258233
3053 0.000980609948733
3054 1.57791433587e-07
3055 6.23045863452e-05
3056 2.45377607306e-08
3057 3.62680291119e-05
3058 8.85094215945e-06
3059 7.67235459849e-07
3060 0.0
3061 0.000647965115226
3062 2.92858677794e-06
3063 2.54190373815e-05
3064 2.93669255585e-07
3065 7.09817630084e-06
3066 1.92592630025e-05
3067 1.14728637225e-06
3068 0.000130723945131
3069 1.16112352065e-06
3070 2.53686999892e-06
3071 5.61655513483e-06
3072 0.0
3073 7.42581414454e-05
3074 1.17044457566e-05
3075 2.45377607306e-08
3076 7.8635960913e-06
3077 0.00143223389951
3078 5.53556574969e-05
3079 6.35401780038e-05
3080 4.50698964997e-05
3081 6.43740121134e-05
3082 2.28854808496e-05
3083 0.0188475425368
3084 1.05474115196e-06
3085 0.00142638132344
3086 1.84292397438e-05
3087 1.26435020182e-05
3088 0.000497402549647
3089 1.13797409168e-06
3090 0.000589415662335
3091 0.000378468556579
3092 0.0
3093 2.38435687459e-07
3094 2.01170081511e-06
3095 3.7221684616e-08
3096 2.5227595714e-06
3097 7.45375255797e-05
3098 0.000168672984979
3099 1.27982935698e-05
3100 4.33792555773e-07
3101 2.72927043447e-05
3102 0.0127984381418
3103 1.6084256023e-06
3104 3.45229626463e-06
3105 0.000170789632784
3106 1.85362334186e-06
3107 1.21980162498e-05
3108 4.71640934958e-05
3109 5.77592614688e-06
3110 1.86354640784e-06
3111 3.38942276335e-05
3112 4.85166280898e-05
3113 1.6820849845e-06
3114 2.72408584749e-05
3115 2.02141545872e-05
3116 8.98023980639e-05
3117 0.000218633240066
3118 5.81002214656e-05
3119 5.91776330136e-05
3120 2.70760319036e-05
3121 5.39041996948e-05
3122 1.22688803653e-07
3123 2.89681897514e-08
3124 2.86548337262e-06
3125 2.1628735467e-05
3126 0.0
3127 1.75269719504e-08
3128 2.45377607306e-08
3129 1.83156856882e-07
3130 2.28469326923e-05
3131 1.17380603625e-06
3132 1.75269719504e-08
3133 0.00036619182468
3134 9.86802058842e-07
3135 0.0
3136 3.94628892846e-05
3137 0.00149844524158
3138 2.29293259538e-05
3139 9.6852814218e-06
3140 5.09522274564e-06
3141 0.000375895946093
3142 5.28925064637e-07
3143 2.81987453368e-05
3144 2.06414464406e-07
3145 4.2138874989e-06
3146 0.000599798990206
3147 2.12194931829e-05
3148 0.0
3149 8.90313364971e-05
3150 0.000216444952198
3151 0.000350041006903
3152 1.2410087163e-06
3153 0.000511677578429
3154 1.79834282239e-06
3155 0.000298812983384
3156 6.41643616853e-05
3157 1.06728408169e-06
3158 4.08787431249e-06
3159 6.33007982259e-05
3160 5.16048078195e-07
3161 2.42204195605e-05
3162 3.85593382909e-07
3163 7.56992425803e-05
3164 9.07396818898e-06
3165 2.6349997675e-06
3166 1.609820422e-06
3167 3.79349130023e-06
3168 2.70110500325e-06
3169 7.25517188146e-05
3170 4.4011474234e-06
3171 2.42400948528e-06
3172 5.38478483942e-06
3173 0.00010860504077
3174 2.52196039044e-05
3175 0.000229400717034
3176 8.17925357686e-09
3177 6.5852000974e-06
3178 0.000212469621511
3179 1.80040861411e-05
3180 5.35980597528e-05
3181 1.75269719504e-08
3182 1.75269719504e-08
3183 0.000143182789119
3184 0.0
3185 1.28412891432e-05
3186 0.000409587742595
3187 1.48651841418e-05
3188 0.000375671554959
3189 5.93836974042e-05
3190 2.30878692735e-06
3191 1.09201164166e-06
3192 8.08420579899e-05
3193 1.10717098635e-06
3194 1.53194154124e-05
3195 8.03796809794e-06
3196 0.000404720698099
3197 0.000149809926786
3198 6.45612870206e-07
3199 0.000845416970068
3200 2.08948329911e-05
3201 7.09891050025e-07
3202 0.000327700510384
3203 3.4993418969e-06
3204 0.0001631319972
3205 1.94999546266e-05
3206 1.32957182665e-05
3207 0.00022613507249
3208 9.5912682806e-06
3209 3.48350368961e-06
3210 2.25130457168e-06
3211 2.03466372291e-06
3212 1.3224507164e-05
3213 1.95089063192e-05
3214 0.000152638960938
3215 9.09856152678e-05
3216 9.06136721581e-06
3217 3.55797530593e-07
3218 4.46198970851e-07
3219 2.89681897514e-08
3220 0.000131558180365
3221 2.04377599871e-05
3222 1.66015700257e-05
3223 5.56430174277e-06
3224 6.43566240398e-06
3225 0.000146514300014
3226 3.91182718822e-05
3227 0.000156717063843
3228 1.84033205479e-07
3229 1.17591361673e-05
3230 6.66838354657e-07
3231 0.0
3232 7.04848060469e-06
3233 0.000101825930082
3234 0.000121791052087
3235 2.06685531425e-05
3236 3.00856212683e-07
3237 4.23095311564e-06
3238 3.17629132704e-05
3239 2.55876179524e-06
3240 6.86597907246e-06
3241 2.74016727758e-05
3242 6.696482579e-07
3243 3.58061205285e-06
3244 5.94271239834e-06
3245 1.29367256455e-06
3246 7.87536534849e-06
3247 2.91346376945e-06
3248 6.04883219242e-06
3249 3.35648093081e-05
3250 4.4594922194e-06
3251 9.06746238411e-06
3252 4.46937784736e-07
3253 0.000136635573563
3254 0.000108774696665
3255 2.5459803791e-06
3256 1.53351411781e-05
3257 0.000944382683355
3258 9.14032141165e-06
3259 5.49636506467e-05
3260 1.29582520247e-05
3261 3.52527723863e-05
3262 4.59526628393e-05
3263 2.1596724895e-06
3264 0.0011312436275
3265 6.50230840514e-06
3266 1.84710652567e-05
3267 3.07532079264e-08
3268 0.000333949089173
3269 0.0
3270 7.43342780833e-07
3271 2.45377607306e-08
3272 1.84033205479e-07
3273 0.000111750672151
3274 0.000312176773557
3275 0.000778449240176
3276 0.000304566546497
3277 8.47494015826e-06
3278 0.000244204560042
3279 1.03463621047e-05
3280 1.9792987475e-05
3281 0.00081157508986
3282 1.06409967055e-07
3283 0.0
3284 1.6513553444e-07
3285 9.31543549486e-06
3286 1.11867188326e-05
3287 1.69245869143e-05
3288 2.27305934134e-05
3289 0.000349629737586
3290 1.19197305419e-05
3291 2.71003313624e-07
3292 0.000361628633758
3293 2.52107286997e-06
3294 4.11898280548e-05
3295 7.20124511631e-06
3296 4.78128695802e-05
3297 1.54799512645e-05
3298 6.96707523288e-06
3299 1.53248475113e-05
3300 0.000216993377074
3301 3.22247180976e-06
3302 1.60991295994e-05
3303 0.00101815011732
3304 1.39232253565e-05
3305 2.61928647451e-05
3306 1.19767641661e-07
3307 3.40578452829e-05
3308 8.32000433385e-06
3309 8.91764477611e-08
3310 1.14401404548e-05
3311 3.06722009132e-08
3312 1.96616672521e-08
3313 4.80930024874e-06
3314 5.85146845552e-05
3315 2.25513705762e-07
3316 4.23080670046e-07
3317 5.33147846362e-05
3318 0.0
3319 2.43552098332e-06
3320 4.79017883852e-05
3321 0.000774587182359
3322 0.000264532611536
3323 1.75269719504e-08
3324 2.70143362997e-07
3325 0.000428145775727
3326 1.31588746706e-06
3327 4.78987943662e-06
3328 8.9495436008e-05
3329 8.90659373641e-06
3330 6.17968293128e-06
3331 0.000225317876203
3332 3.0248773181e-05
3333 0.000199109465862
3334 1.67674698326e-07
3335 6.63807279119e-08
3336 0.000422576189778
3337 0.0
3338 4.24897373684e-06
3339 3.83790175001e-07
3340 0.000184696542319
3341 5.07768732861e-06
3342 1.91808675086e-05
3343 0.00044919254698
3344 3.50846302442e-06
3345 0.000192162547135
3346 3.28523912665e-05
3347 1.67136499336e-05
3348 0.000405480865041
3349 0.000194815376183
3350 1.28110763349e-06
3351 0.000351502865376
3352 9.72087483177e-05
3353 7.37581239629e-07
3354 4.77986112614e-05
3355 2.89681897514e-08
3356 5.21151081368e-05
3357 1.12670950904e-06
3358 3.21660979239e-05
3359 1.03502413181e-06
3360 2.33731509276e-06
3361 0.000433822551301
3362 6.49347735076e-06
3363 9.28132624862e-05
3364 0.0211977813128
3365 6.73810806195e-06
3366 4.55028759716e-05
3367 0.000211101928374
3368 1.75813517803e-07
3369 2.177190438e-07
3370 3.0735425749e-05
3371 8.05864952901e-08
3372 2.18609361353e-07
3373 0.0
3374 3.85856214142e-05
3375 3.13579262428e-06
3376 0.0
3377 0.0
3378 6.49673985658e-06
3379 6.88060608038e-05
3380 5.37836042502e-06
3381 5.78521650303e-06
3382 3.82010282325e-05
3383 1.28435117417e-07
3384 3.05759767684e-06
3385 5.24545429157e-06
3386 0.000369185204102
3387 5.75785768452e-05
3388 8.43951685268e-05
3389 1.23132487039e-06
3390 7.36132821917e-08
3391 4.3447526912e-06
3392 3.41491800868e-05
3393 3.42904849494e-06
3394 5.30433564178e-06
3395 5.71774225658e-05
3396 0.000380559202315
3397 0.000166311842578
3398 0.000448265637536
3399 8.02672977979e-07
3400 7.20590609819e-06
3401 1.12172466111e-05
3402 0.0
3403 3.79480525749e-06
3404 7.27389970705e-05
3405 1.3557701032e-05
3406 2.02778597589e-06
3407 0.000216965944008
3408 0.0
3409 0.0
3410 3.90901252756e-05
3411 4.02910514443e-06
3412 0.000336809911004
3413 5.24556336524e-05
3414 0.0
3415 7.33424745892e-06
3416 1.21268937714e-05
3417 0.000241566501465
3418 0.000238380180005
3419 9.32394310015e-07
3420 0.000388176624797
3421 8.42476763837e-06
3422 3.05255891749e-05
3423 1.06101741277e-05
3424 1.44013286193e-07
3425 1.53361004566e-08
3426 1.59047051204e-06
3427 0.000205334956188
3428 3.83790175001e-07
3429 3.93387574223e-07
3430 3.06722009132e-08
3431 3.73377172974e-05
3432 1.53309525445e-05
3433 1.85879806861e-06
3434 9.60366426223e-06
3435 0.000575461774529
3436 5.35597723856e-06
3437 2.23988138161e-07
3438 0.205683867461
3439 7.33970501592e-05
3440 0.000611755808654
3441 0.000103406623519
3442 0.000174726416682
3443 5.34583098412e-05
3444 0.00032766290131
3445 3.06722009132e-08
3446 4.43278317164e-05
3447 3.34765164253e-07
3448 4.9365818231e-05
3449 0.000434534340565
3450 0.000303737454834
3451 5.71102906405e-06
3452 0.0
3453 1.07999009616e-05
3454 0.0
3455 8.24916558458e-05
3456 0.00125494646826
3457 0.000173428259252
3458 1.51611054423e-05
3459 2.84760140795e-05
3460 0.000101953327248
3461 0.000155126517443
3462 5.65232084879e-06
3463 1.23913836861e-05
3464 0.000102820707666
3465 2.18113290885e-05
3466 4.46505657932e-05
3467 0.000121171341958
3468 0.0
3469 0.000151510722739
3470 0.000117595048927
3471 0.000126020213716
3472 4.56340862171e-05
3473 0.000246233310529
3474 0.000201733453952
3475 5.46636573211e-05
3476 9.83810715741e-06
3477 9.50946978967e-07
3478 2.67527662453e-05
3479 4.1170939121e-05
3480 0.000327638745757
3481 2.15210009335e-05
3482 1.43772876658e-06
3483 5.97728460602e-06
3484 2.04887031768e-06
3485 9.0623353342e-05
3486 4.7900712501e-05
3487 8.93687973216e-05
3488 1.28637091009e-05
3489 1.23559335748e-05
3490 0.0
3491 0.000117714724105
3492 3.70498247895e-05
3493 1.74375401128e-05
3494 4.60574900863e-05
3495 1.59319698799e-07
3496 0.00117164253554
3497 6.6337279001e-05
3498 5.76299321359e-05
3499 2.19846046616e-05
3500 0.000102642920581
3501 4.27689069958e-05
3502 0.000123670443164
3503 2.36767866699e-07
3504 0.000495658846058
3505 1.41150760799e-06
3506 0.000286415818478
3507 0.000430490728287
3508 7.19435371165e-07
3509 0.00026891818413
3510 9.48626203505e-05
3511 0.000119716303715
3512 0.000134837021774
3513 3.60361503124e-06
3514 6.02239610816e-05
3515 2.25593563558e-05
3516 1.45196123489e-06
3517 1.41147507852e-06
3518 2.38177476035e-05
3519 1.01713161308e-05
3520 4.62889806635e-05
3521 2.15436407853e-06
3522 0.00100266025548
3523 4.67573788306e-05
3524 1.43772876658e-06
3525 9.50124296698e-05
3526 0.000538065268336
3527 0.000165047003772
3528 3.28549338253e-05
3529 0.000117492243534
3530 1.53487172369e-05
3531 9.04191102656e-07
3532 0.000165350306052
3533 6.41692556424e-05
3534 0.000165978047256
3535 7.746133824e-05
3536 2.61709431967e-05
3537 0.000496323857331
3538 2.8131675181e-07
3539 0.000266980624395
3540 5.69286924139e-05
3541 3.41135676631e-05
3542 5.50240695171e-08
3543 1.81175199116e-05
3544 4.3062395382e-05
3545 0.000495122936022
3546 0.000241561143505
3547 0.000710180330293
3548 6.2492307724e-06
3549 1.66030284038e-05
3550 0.000241394215264
3551 3.33103254999e-05
3552 2.96755420835e-06
3553 1.4330149689e-06
3554 1.96025338411e-05
3555 5.22563675163e-05
3556 0.000108728123434
3557 0.000524441970653
3558 1.97296286426e-06
3559 0.000154554484903
3560 5.34108066517e-05
3561 0.0
3562 0.000542163028083
3563 0.000327638745757
3564 3.13205719459e-05
3565 8.93057233694e-05
3566 0.0
3567 5.42381640763e-05
3568 0.000115138402471
3569 2.13464278573e-05
3570 0.000103903606072
3571 0.0
3572 4.54751991841e-05
3573 2.48022063675e-05
3574 2.28407873768e-05
3575 1.60006747128e-05
3576 0.0
3577 0.000780078226825
3578 0.000402136603359
3579 6.35093640947e-05
3580 4.46505657932e-05
3581 0.000104185182987
3582 2.05911278858e-08
3583 0.0
3584 3.67837593173e-05
3585 0.000257072126751
3586 0.000214412657948
3587 0.00040310022777
3588 4.09398085845e-05
3589 3.06722009132e-08
3590 0.0
3591 5.84860634494e-05
3592 6.25482969649e-05
3593 0.000581317626347
3594 2.55642436999e-05
3595 1.37578379019e-06
3596 0.000169295845826
3597 0.000312571836343
3598 0.0
3599 1.55728683233e-07
3600 4.63250166689e-06
3601 1.2168135599e-06
3602 8.48594719906e-05
3603 7.72878715548e-05
3604 1.07975332205e-05
3605 0.000418971969125
3606 0.000734168209992
3607 0.000122489430462
3608 5.98161941901e-05
3609 3.12637698365e-05
3610 7.70638529305e-05
3611 0.000553079261457
3612 0.00116845469175
3613 0.000120828635468
3614 0.000327638745757
3615 4.66808886898e-05
3616 2.40859796254e-05
3617 4.39969706993e-06
3618 5.74190089502e-05
3619 1.93806823117e-05
3620 8.17925357686e-08
3621 2.60527343022e-05
3622 1.87137971199e-05
3623 4.36967699083e-07
3624 8.78261402227e-05
3625 0.000338825406573
3626 0.000134191180225
3627 8.40662169138e-05
3628 2.62896185286e-05
3629 0.000318991145134
3630 0.000174257796581
3631 1.08909493934e-07
3632 1.32490447281e-05
3633 4.54528450144e-05
3634 0.000899982793148
3635 7.12459110559e-05
3636 9.80556604719e-05
3637 6.37144882151e-05
3638 3.23981348304e-07
3639 1.12739943663e-06
3640 9.43760028099e-09
3641 1.93207679311e-05
3642 3.14360678159e-07
3643 3.55396343146e-05
3644 0.000120538927322
3645 9.43179508997e-07
3646 6.07284265929e-05
3647 0.00010184232133
3648 0.00016492741674
3649 0.000100580857263
3650 0.000327638745757
3651 0.0
3652 3.61901056976e-05
3653 5.10671156546e-07
3654 4.44571836563e-05
3655 4.9083678556e-07
3656 4.07580060845e-05
3657 1.58902155934e-05
3658 1.53577878714e-07
3659 1.56703850624e-05
3660 3.08287251398e-05
3661 2.42058604786e-05
3662 3.3821745377e-07
3663 0.000243195639681
3664 3.26274099071e-05
3665 4.7972293497e-05
3666 2.08093366208e-07
3667 1.11459636223e-05
3668 3.15956904229e-05
3669 9.43760028099e-09
3670 0.0
3671 4.5599916602e-05
3672 1.033999245e-06
3673 0.00187182810515
3674 7.92693513902e-06
3675 0.000458608625006
3676 1.3437345162e-07
3677 0.0
3678 0.000553288288779
3679 9.17895316714e-06
3680 2.74043943651e-06
3681 8.17580882051e-05
3682 4.32335218861e-06
3683 0.000172088478455
3684 3.32179269611e-05
3685 0.00051069824652
3686 0.00024821144304
3687 0.0
3688 4.23822572277e-06
3689 0.0
3690 0.0
3691 0.000225557725828
3692 0.0
3693 3.87303097324e-05
3694 0.000348262384195
3695 3.7382682937e-07
3696 0.000327638745757
3697 4.09998459624e-05
3698 4.05166107777e-05
3699 0.000248015577016
3700 0.0
3701 0.0
3702 6.98683525183e-07
3703 0.000122605080922
3704 3.33416992268e-05
3705 0.0
3706 0.000237734436574
3707 0.000124268233582
3708 3.59362936938e-05
3709 4.45790079361e-05
3710 0.0
3711 7.67546904974e-05
3712 0.00011339056604
3713 1.61132539258e-06
3714 3.10467516137e-05
3715 7.78277425973e-05
3716 1.92913887824e-05
3717 0.000120173332936
3718 0.0
3719 9.93730920821e-05
3720 0.000167945541711
3721 4.59331274729e-05
3722 0.000664951763735
3723 2.83898638691e-05
3724 8.3389028647e-06
3725 7.87725176368e-05
3726 0.000262937691643
3727 3.13092294392e-05
3728 0.000171946397612
3729 7.75816474442e-05
3730 0.0
3731 0.000101044729374
3732 0.00106564455301
3733 0.0
3734 0.0
3735 0.000201447693223
3736 1.94297383017e-05
3737 1.07121862833e-06
3738 8.89974718786e-05
3739 0.000154211650302
3740 0.000154198121092
3741 3.26829044271e-05
3742 1.01495546231e-05
3743 8.17925357686e-08
3744 0.000262937691643
3745 0.0
3746 4.92299316576e-05
3747 0.0
3748 0.00012429723024
3749 0.0
3750 4.45764035801e-05
3751 0.000145505420364
3752 9.20166027397e-08
3753 0.000264773299183
3754 8.04430812907e-05
3755 6.64154608566e-05
3756 1.85659737908e-05
3757 0.000583719651464
3758 4.49163156966e-05
3759 2.58915980982e-05
3760 4.8606341526e-05
3761 3.33313308885e-05
3762 8.0533388141e-05
3763 2.48804358728e-05
3764 3.53891083941e-06
3765 0.000131733324869
3766 0.0
3767 1.22688803653e-08
3768 1.63024128032e-05
3769 9.41530713653e-05
3770 6.62973921067e-07
3771 1.93428182894e-06
3772 5.17513176758e-05
3773 2.76130252694e-05
3774 7.87743534227e-05
3775 4.55616739907e-05
3776 0.000104793370441
3777 4.24573137059e-05
3778 4.85797576176e-05
3779 3.73212412188e-07
3780 0.000107418111321
3781 1.43429670639e-05
3782 1.75269719504e-08
3783 1.59410884391e-05
3784 2.23070552096e-08
3785 3.28473902249e-06
3786 0.000126448487026
3787 9.60823068269e-05
3788 7.15684687975e-08
3789 1.03835000592e-07
3790 0.000539727966989
3791 1.25856445484e-05
3792 5.55877470269e-05
3793 1.49137595852e-05
3794 0.000341622739505
3795 9.28350918377e-06
3796 1.49424087895e-07
3797 1.95839486519e-06
3798 8.99184449692e-05
3799 0.0
3800 0.000230607621327
3801 0.000154256080439
3802 0.000495049322739
3803 4.45528009049e-05
3804 0.000100314483931
3805 0.000402303749386
3806 1.74671089985e-06
3807 4.92859244506e-05
3808 0.0
3809 0.0
3810 4.45068246414e-05
3811 1.10130645314e-05
3812 0.0
3813 0.000124782633033
3814 0.0
3815 0.0001036342325
3816 1.1254222824e-05
3817 8.15172724271e-08
3818 1.99433337026e-06
3819 5.0414461002e-05
3820 1.62761834976e-07
3821 0.0
3822 0.00015086522344
3823 8.12109610157e-05
3824 2.99680122231e-05
3825 0.000289994302113
3826 5.51833193673e-05
3827 6.41141481363e-06
3828 5.99686919481e-05
3829 0.000116867065401
3830 0.000196413304352
3831 0.00488969169698
3832 6.29849906461e-05
3833 8.96792397308e-06
3834 0.000897334750166
3835 3.16243068963e-05
3836 4.40609955544e-05
3837 6.93050677837e-05
3838 4.6082890467e-05
3839 0.000662581967001
3840 1.85141030397e-06
3841 3.78253764335e-07
3842 0.000354942103412
3843 2.18204312685e-05
3844 2.56194704318e-05
3845 0.000120173332936
3846 2.20538452546e-05
3847 0.0
3848 5.40189225463e-06
3849 0.000164729483308
3850 3.06722009132e-08
3851 0.000258328565243
3852 0.00118100702859
3853 2.70330731144e-05
3854 0.0
3855 0.0
3856 9.34276168434e-05
3857 0.0
3858 2.24929473364e-08
3859 4.84944016593e-06
3860 1.21236686277e-06
3861 0.00052330402616
3862 0.000431823378094
3863 2.31991242414e-05
3864 4.36958677883e-07
3865 0.0
3866 8.17109024815e-06
3867 5.90335440756e-05
3868 3.4911147849e-05
3869 0.000262731895781
3870 2.83452829051e-05
3871 9.61352019834e-05
3872 8.76348597521e-09
3873 0.000574487354374
3874 6.83675802077e-05
3875 0.000147310233542
3876 0.0
3877 5.43448759868e-05
3878 0.00018688181728
3879 0.000120937322347
3880 0.0
3881 1.05447893849e-05
3882 2.87526288314e-05
3883 7.96761683491e-06
3884 0.000327638745757
3885 5.03956372234e-06
3886 0.0
3887 4.56431231523e-05
3888 0.000495328218451
3889 4.69795114228e-05
3890 7.27534506734e-06
3891 1.28729132185e-05
3892 0.000541532281108
3893 7.81012492518e-08
3894 3.96431348832e-07
3895 0.000111063338525
3896 4.22788691107e-06
3897 7.91077601889e-05
3898 0.0
3899 0.000328407165106
3900 0.0
3901 0.000566971065249
3902 0.000104461157885
3903 6.46940135954e-05
3904 2.63169970661e-05
3905 1.21731386555e-06
3906 4.94657446689e-05
3907 2.12963471318e-05
3908 3.48711265871e-05
3909 4.7600529997e-06
3910 8.04674305907e-05
3911 0.0
3912 0.0
3913 0.000147343880017
3914 2.09193167454e-05
3915 3.22738114782e-05
3916 5.13115704716e-05
3917 3.88666574804e-05
3918 0.000147477616124
3919 0.0010507866636
3920 9.43760028099e-09
3921 4.08252990344e-05
3922 0.0010344638083
3923 0.0
3924 4.48201032948e-05
3925 1.11407847436e-05
3926 2.45377607306e-08
3927 1.33964396585e-05
3928 9.11345291998e-05
3929 9.1264018501e-07
3930 2.7886437244e-05
3931 0.000711721611179
3932 0.000159302428883
3933 0.000120246946218
3934 4.63902297725e-05
3935 9.00210478923e-06
3936 0.0
3937 7.85481759263e-05
3938 8.88949610818e-05
3939 0.00175153309079
3940 4.91722912491e-05
3941 8.86142624396e-07
3942 1.20424426019e-05
3943 0.0
3944 3.22641113336e-05
3945 1.94405123167e-06
3946 0.000956761629125
3947 1.75269719504e-08
3948 8.58493726463e-06
3949 0.000558987828562
3950 2.92778286728e-06
3951 7.41033271222e-05
3952 0.000922110315981
3953 6.01112042288e-05
3954 2.20740362908e-05
3955 0.000155352464873
3956 7.83365610429e-06
3957 7.78065615792e-05
3958 5.21528417636e-05
3959 7.56513755817e-05
3960 0.0
3961 4.20608658488e-05
3962 6.23999739895e-06
3963 9.63970418959e-05
3964 4.92888456125e-05
3965 3.76737464466e-06
3966 0.0
3967 0.00049832758487
3968 2.29871170205e-06
3969 1.64664143871e-05
3970 7.36814626421e-05
3971 2.42838642897e-06
3972 8.87546682021e-05
3973 1.59050137645e-05
3974 7.81260434713e-05
3975 0.0
3976 4.45790079361e-05
3977 5.69356212209e-05
3978 4.04579213475e-05
3979 0.0
3980 2.55348516861e-06
3981 0.0248076420671
3982 5.5502077843e-08
3983 1.58589884531e-06
3984 0.0
3985 0.0
3986 9.61062295281e-08
3987 3.69234875755e-07
3988 0.0
3989 2.52534454186e-07
3990 0.000488260542271
3991 0.0
3992 2.04481339421e-08
3993 0.0
3994 6.44116219178e-08
3995 6.54924518547e-07
3996 6.39150243792e-07
3997 1.53361004566e-07
3998 3.09351054925e-07
3999 2.20985904675e-06
4000 1.22688803653e-07
4001 6.12421611567e-07
4002 0.0
4003 4.8053114764e-07
4004 0.0
4005 8.72112912633e-07
4006 0.0
4007 0.0
4008 0.0
4009 0.0
4010 2.46838188302e-07
4011 0.0
4012 2.04481339421e-08
4013 0.0
4014 1.02240669711e-07
4015 1.46510879695e-06
4016 0.0
4017 0.0
4018 6.92315392041e-07
4019 2.97958523157e-08
4020 2.07694617612e-07
4021 5.60278870015e-07
4022 6.35060617003e-07
4023 0.0
4024 4.47741104283e-06
4025 0.0
4026 0.0
4027 3.96839856577e-07
4028 5.76637377169e-07
4029 0.0
4030 0.0
4031 4.54211478095e-06
4032 0.00170926360585
4033 0.0
4034 0.0
4035 0.0
4036 0.0
4037 0.0
4038 7.15684687975e-08
4039 6.33892152207e-07
