node,betweenness
1 0.0794782674895
2 0.00733719900958
3 0.000519332819718
4 0.00283135040231
5 0.00101668824736
6 0.00117495177211
7 0.00104991807158
8 0.00504056974081
9 0.00109793352704
10 0.00302797212262
11 0.000672894791288
12 0.000569804311964
13 0.000573004053244
14 0.00227357138608
15 0.000910795321287
16 0.00025179979912
17 0.00155029820525
18 0.000307343382877
19 3.97152664807e-05
20 0.000384592629234
21 0.000240267637222
22 0.00465352207546
23 7.0761849363e-05
24 0.000467773909658
25 0.000212194887841
26 0.0030803704625
27 0.00329554182584
28 0.000273983669147
29 0.000183856076004
30 0.000204737807463
31 0.000362224629645
32 0.000273949049343
33 0.000608565424651
34 8.62675879734e-05
35 0.00152271355658
36 0.000245686137747
37 0.000278202117889
38 9.45851021504e-05
39 0.00138890329873
40 0.000967713586089
41 0.0044010013139
42 0.000669082978113
43 1.76412678253e-05
44 8.98757080361e-05
45 0.000653611889986
46 0.000190623313232
47 0.000154007889967
48 0.00041241375698
49 0.00028847345119
50 4.47766291958e-05
51 3.92216065667e-05
52 1.99355755656e-05
53 5.56259373405e-05
54 0.00408303473813
55 4.80922665988e-05
56 6.93545949004e-05
57 0.0101711363534
58 0.000143204572073
59 0.00244512849746
60 0.000559998787678
61 8.86540189102e-05
62 5.55422295423e-05
63 0.000158865372319
64 1.74662358822e-05
65 1.96216620653e-05
66 2.71220095771e-05
67 2.53196292794e-05
68 0.00204691629033
69 4.07992337959e-05
70 2.65526508778e-05
71 0.000145505409246
72 9.13611239081e-05
73 0.000104338393975
74 7.06993555907e-05
75 5.91070670992e-05
76 2.80582355177e-05
77 2.10987187685e-05
78 3.67755108029e-05
79 5.4742411044e-06
80 1.81539343091e-05
81 0.000182679681551
82 5.80427957346e-05
83 0.00274170404163
84 4.14550450718e-05
85 0.000100258698568
86 4.30048495828e-05
87 9.48426096009e-05
88 3.22008586905e-05
89 0.000204253803934
90 4.2346629233e-05
91 4.00750046461e-05
92 7.75820307762e-06
93 0.000109919811038
94 2.1968646813e-05
95 0.00011711044033
96 7.98467164245e-05
97 1.31937508108e-05
98 4.33627951495e-05
99 0.000777060572602
100 0.000449865169565
101 1.81271626929e-05
102 1.28039407556e-06
103 8.92206544538e-06
104 1.63139996242e-06
105 0.00112935277835
106 1.82300064276e-06
107 1.89382363281e-06
108 0.148713265444
109 6.06625116123e-07
110 0.00197580067491
111 3.46058803583e-05
112 8.08722969915e-06
113 6.27716112978e-05
114 0.00389405954232
115 0.000166865114781
116 0.000475348544133
117 3.83756953043e-06
118 3.12697516041e-07
119 0.00116880718404
120 0.00140252577304
121 2.07828257034e-05
122 1.04066170711e-05
123 0.00178040240278
124 1.37195102053e-06
125 9.29361197428e-06
126 0.00013852228388
127 1.26771296683e-05
128 6.38230184138e-06
129 0.000110721267579
130 1.52794598287e-07
131 7.56292085972e-06
132 0.0
133 7.15489303628e-06
134 2.44969478497e-05
135 2.98631651424e-06
136 0.0
137 0.00292873795783
138 1.48189858498e-05
139 0.0
140 1.22688803653e-08
141 1.01589025882e-07
142 0.00240723764289
143 0.00131961553678
144 2.02011166706e-05
145 2.07962098932e-06
146 0.0
147 3.05086606381e-06
148 6.61631498209e-08
149 0.000162287534349
150 2.10481161654e-06
151 3.64105522945e-06
152 3.40802232369e-08
153 1.01610040609e-06
154 0.0
155 0.0
156 2.2081554015e-07
157 6.49472940195e-06
158 4.44016622744e-08
159 0.000144568034867
160 5.54441676924e-06
161 0.0
162 0.000117946420017
163 4.09891411293e-07
164 1.51068453275e-06
165 1.75269719504e-08
166 2.82347957369e-07
167 4.36713717764e-07
168 1.52105159416e-06
169 8.06379628471e-07
170 0.00165787674162
171 0.0012741184923
172 0.008767772718
173 0.00320934294317
174 0.000202288419774
175 1.6181773317e-07
176 1.4002422193e-05
177 5.94047258076e-07
178 1.83065380571e-06
179 9.17090877485e-06
180 1.63407288045e-07
181 0.000106098191434
182 1.84033205479e-07
183 1.489874406e-07
184 0.0
185 9.18465456653e-06
186 0.000131972730547
187 0.00228320276598
188 2.51023810485e-06
189 0.000445757353282
190 4.61500090643e-07
191 2.01321173267e-07
192 1.58692222655e-07
193 1.35160859061e-06
194 3.93993210956e-07
195 6.27257765937e-06
196 0.0
197 1.32124174287e-06
198 7.69456892421e-06
199 0.000377849040617
200 0.000522548743703
201 0.00229366740292
202 0.0
203 6.57696571784e-07
204 0.00200468826625
205 0.000123134153374
206 0.0
207 1.63585071537e-07
208 0.0
209 1.3528815891e-08
210 0.0
211 0.0
212 0.000606286179146
213 3.60721965138e-06
214 0.00104482832979
215 5.65922889984e-06
216 0.0
217 0.0
218 9.96062478889e-07
219 0.0
220 2.1671956343e-06
221 0.0
222 7.78713199015e-08
223 7.56706708065e-06
224 0.000649416167333
225 0.000262921907952
226 6.37901763917e-07
227 5.12577745945e-06
228 2.91698817048e-06
229 0.0
230 3.14553492347e-06
231 5.49626845273e-06
232 0.000139617567083
233 9.18077157396e-05
234 0.0
235 0.0
236 0.0
237 0.000437849079743
238 8.55810168023e-07
239 0.000111710843592
240 0.00180865283741
241 6.13444018264e-08
242 0.0
243 0.000107534887514
244 2.00430417486e-06
245 0.0
246 1.4982295613e-06
247 3.75534097984e-06
248 8.70206947116e-08
249 9.44848685969e-05
250 0.000194000585688
251 2.17865572547e-08
252 5.53946028445e-06
253 0.00104540881787
254 4.08962678843e-08
255 7.56728513263e-07
256 0.0
257 0.0
258 5.23013177579e-06
259 1.99939600134e-06
260 3.20556209501e-07
261 7.77314165461e-06
262 0.000662607498131
263 0.0
264 5.74041139076e-08
265 0.0
266 0.000119120289832
267 8.98947106235e-07
268 0.0
269 2.28268858144e-08
270 1.20884101837e-06
271 3.98482432578e-07
272 0.001769918945
273 0.002600724877
274 0.0
275 4.55329084997e-06
276 1.84033205479e-07
277 7.51272048655e-07
278 0.00185225432583
279 1.29805133609e-06
280 0.0
281 0.00149055532421
282 7.37110141751e-06
283 0.0
284 3.36441897851e-06
285 7.42607553079e-06
286 0.000691076372994
287 0.0
288 0.0
289 2.35940007025e-09
290 1.75269719504e-08
291 2.61773530763e-07
292 0.000338518088038
293 0.0
294 0.0
295 3.49635978589e-08
296 1.59539546177e-06
297 5.74041139076e-08
298 8.74084045103e-05
299 6.90189567214e-08
300 0.000110864506955
301 1.08667226093e-07
302 7.63762597574e-06
303 0.000103703110195
304 0.000114525597567
305 0.0020732813439
306 0.0
307 0.0
308 1.48988619071e-06
309 0.000188662109994
310 0.0
311 1.08482960469e-05
312 3.79260186664e-07
313 0.000678977051711
314 0.00051885057123
315 3.36280760754e-06
316 0.0024934893308
317 0.0
318 9.86551816993e-07
319 3.87107040466e-07
320 3.16651589853e-06
321 0.000454065333379
322 0.0
323 0.00238472532574
324 0.000362331164796
325 0.000383793820232
326 0.0004098275097
327 3.07582451098e-06
328 0.0
329 0.0
330 0.000693091702361
331 6.57530237406e-07
332 0.00010492378223
333 0.00125507761462
334 5.02272996374e-07
335 0.00114981756828
336 0.0
337 0.0
338 2.38725604392e-06
339 3.97391242e-07
340 0.000411205089802
341 1.32705553543e-07
342 2.14695493058e-07
343 0.000218919800279
344 1.59357268357e-05
345 1.11536041656e-06
346 2.14571629815e-06
347 0.000173569457127
348 3.54106537197e-07
349 0.0195151393497
350 1.86811640293e-08
351 0.000664946491291
352 3.04728759194e-07
353 0.000276818117536
354 0.000454357011108
355 0.0025806001813
356 0.000561364931198
357 6.33232534983e-08
358 4.06917887941e-05
359 0.0
360 0.000444535346468
361 0.00144904662914
362 0.00040418853574
363 0.000211674447787
364 0.000754882487091
365 2.04481339421e-07
366 1.323697448e-07
367 0.000412447706511
368 0.000192448348287
369 0.000607014135383
370 5.55280713691e-05
371 0.00262526252369
372 1.88892145965e-08
373 5.08484253633e-05
374 0.000510891434355
375 0.00157209437398
376 5.74619100273e-06
377 0.00131582798135
378 0.0
379 0.000894433343172
380 0.0
381 2.65795999606e-05
382 2.40331068156e-05
383 4.14149721347e-06
384 2.00059116069e-06
385 1.60271132376e-06
386 1.3649580475e-07
387 6.13444018264e-08
388 0.000807518195637
389 0.000244642939734
390 0.00282006351039
391 0.0
392 0.000847670436411
393 0.000123058532756
394 0.0
395 7.49448878534e-05
396 0.00249932712865
397 2.35303411239e-05
398 0.00117602712533
399 5.57454375851e-05
400 4.08962678843e-08
401 0.00231889737802
402 0.0
403 0.00342322129541
404 8.19316050275e-06
405 0.00164415692532
406 3.34897148455e-05
407 1.82636735197e-06
408 5.38236487899e-05
409 0.00174847904147
410 8.13143923791e-05
411 1.53602403357e-05
412 6.13444018264e-08
413 0.000536304715705
414 3.2199158425e-05
415 0.028917957649
416 2.32897384401e-05
417 1.24051615518e-05
418 0.000347716649888
419 1.30577726674e-05
420 0.00371114495148
421 0.00012216403246
422 1.81884557539e-05
423 0.00400766797067
424 0.000846638182157
425 3.51259511201e-05
426 3.23657957068e-05
427 1.46303969515e-05
428 1.93773670798e-05
429 0.0112609451579
430 3.75837343827e-05
431 6.32713875682e-05
432 0.0045280915008
433 0.00099093931061
434 4.2032293049e-05
435 0.000391276262834
436 1.48794332333e-05
437 0.00135166366055
438 0.000302638627438
439 0.00214368032688
440 0.00143459222162
441 1.23549798881e-05
442 4.08962678843e-08
443 5.19329962364e-06
444 0.0
445 0.000408294251134
446 2.62895726625e-05
447 9.96917488698e-06
448 0.0
449 0.0
450 2.91007700236e-05
451 5.91827433238e-05
452 1.03652267996e-05
453 0.00143234422748
454 6.94081165396e-07
455 0.0
456 0.00016557792388
457 0.000397282471642
458 3.91300874646e-05
459 1.56100051368e-05
460 1.69358496552e-05
461 0.00191662641173
462 0.000763835335557
463 7.11947359748e-05
464 0.00165859048023
465 5.92995884322e-07
466 0.00227954849368
467 2.69645722314e-08
468 0.0
469 0.0
470 4.38026207716e-05
471 1.91815430406e-05
472 9.17212139424e-05
473 2.53810667773e-05
474 8.17542114786e-05
475 5.89709724532e-06
476 0.00109483454567
477 0.0
478 3.77187638799e-05
479 3.84624983582e-06
480 2.53151958052e-05
481 1.03410490147e-05
482 3.98263401714e-05
483 5.1320442187e-05
484 0.00911712527216
485 0.000574536421898
486 8.74138432615e-08
487 3.19510669641e-05
488 5.06293531501e-05
489 8.34295766718e-06
490 2.1098491745e-05
491 1.08879387763e-05
492 9.7664886834e-06
493 0.00155774574787
494 0.000598382058711
495 1.05377122695e-05
496 6.62808763276e-06
497 0.00137742319416
498 0.00275929040084
499 4.18609051495e-07
500 0.0
501 0.00414566252474
502 4.08962678843e-08
503 4.17334373621e-07
504 0.00040548078839
505 0.00282895025698
506 3.25758803131e-06
507 0.00233275113556
508 0.00136076838597
509 3.03571487988e-05
510 1.94705036788e-07
511 8.35043186702e-05
512 0.000120401574261
513 1.48502762483e-05
514 0.00293107976682
515 0.00155439682387
516 0.000702418417295
517 1.15073428187e-05
518 0.000602836561422
519 1.44344836747e-05
520 2.72864333914e-06
521 0.000366533851337
522 4.79406127977e-07
523 4.11403892611e-07
524 0.00160665267776
525 0.00157138038032
526 0.00108609069145
527 0.000494732068753
528 0.00120071174894
529 1.05803373327e-06
530 4.01106353652e-07
531 3.79751058926e-08
532 0.00234801443749
533 2.2945089853e-06
534 1.89329360258e-07
535 5.81046557174e-06
536 1.76283039281e-06
537 8.25679187482e-07
538 0.000987653114721
539 0.00109815008857
540 4.55075800104e-05
541 5.49963716049e-06
542 2.38312394374e-06
543 0.000857722133988
544 1.35781579973e-05
545 0.00169094778656
546 0.000487706195027
547 0.00019134116493
548 0.000236148704642
549 0.000146242825242
550 4.95635108731e-06
551 0.0
552 3.54331563068e-06
553 1.60271132376e-06
554 0.00116434530355
555 6.75968039993e-06
556 3.18445381087e-05
557 0.00167254699543
558 4.70398731379e-05
559 2.8980948225e-05
560 0.000716844193582
561 0.000120765100201
562 0.00266210359405
563 5.6948797181e-08
564 0.0176604202817
565 6.72795170153e-07
566 5.47183887605e-07
567 0.00119342430012
568 0.00346462734069
569 8.69812216178e-07
570 7.27774360714e-07
571 6.05020160999e-05
572 0.0
573 0.0
574 0.00138992946638
575 2.36510720904e-06
576 8.11423899715e-08
577 1.11535276048e-08
578 7.4816922065e-08
579 2.12727070531e-07
580 0.000648472243039
581 0.00178364940428
582 0.0
583 3.02692016911e-08
584 3.64932888309e-07
585 3.05553849851e-05
586 0.0
587 0.0
588 6.03158656119e-06
589 3.59223372937e-07
590 6.45587216843e-06
591 2.2082420429e-05
592 0.00197234670233
593 0.00496526387391
594 6.61381839574e-07
595 0.0287890634404
596 1.11535276048e-08
597 0.00394680715422
598 3.53464903081e-06
599 1.70626622409e-07
600 2.09109897166e-07
601 3.0923164033e-07
602 7.66438950907e-05
603 0.0
604 3.31888745455e-07
605 0.000147091790773
606 3.85681836306e-07
607 0.000769075244104
608 0.0
609 0.0
610 0.00076783715449
611 4.55027156405e-09
612 2.32359000592e-07
613 5.66414543119e-07
614 0.0
615 0.000227959976708
616 3.426258331e-07
617 2.10568381548e-05
618 1.95880217106e-05
619 1.94233169862e-05
620 9.52031346307e-05
621 1.19781388976e-05
622 5.5502077843e-08
623 7.20821324493e-07
624 8.1544807491e-07
625 0.0
626 9.48298131395e-07
627 1.67506672025e-06
628 2.12727070531e-07
629 3.35074463758e-08
630 2.59650171545e-05
631 0.000246205669837
632 2.87333919094e-06
633 1.96050584732e-07
634 4.18287662772e-07
635 7.71035652631e-05
636 9.8985064474e-05
637 8.56904948609e-05
638 0.000861590410554
639 0.0
640 1.81555793352e-05
641 1.56752451777e-07
642 0.00238192930186
643 0.0
644 3.0923164033e-07
645 5.09536832414e-05
646 5.88801052995e-05
647 1.66049493066e-05
648 1.17630663263e-06
649 0.0
650 2.35387475937e-05
651 2.01573542926e-07
652 0.00373638683329
653 0.0
654 2.48638108456e-05
655 0.000909419451337
656 2.80335284721e-06
657 0.0
658 7.76295666344e-07
659 2.12727070531e-07
660 2.12727070531e-07
661 0.0
662 3.0923164033e-07
663 2.55246319675e-07
664 3.27262867883e-06
665 4.19288566298e-07
666 1.04099590978e-07
667 1.04060401281e-05
668 0.0
669 0.0
670 0.000132096956141
671 1.20567473847e-07
672 2.24501105795e-07
673 2.37827527081e-08
674 0.0
675 0.0
676 2.01573542926e-07
677 1.16056559352e-05
678 6.45098250683e-06
679 4.94471930258e-05
680 1.73379554495e-06
681 6.0315015211e-06
682 2.86862300644e-07
683 7.84074886166e-06
684 8.66497118414e-05
685 7.36470567448e-07
686 1.68222120315e-06
687 0.0151015233133
688 7.31450027242e-06
689 0.00274318876865
690 8.29610005653e-08
691 5.77290508999e-06
692 2.89681897514e-07
693 0.0
694 1.2082626763e-06
695 0.00220205722747
696 0.000776937225732
697 0.000275857159925
698 0.00266549194223
699 0.0211697411758
700 0.0
701 1.49512761615e-07
702 1.86344703275e-06
703 8.73914295861e-08
704 0.00161251648725
705 1.39097114874e-07
706 0.00445769065133
707 7.41942342021e-07
708 5.37996448831e-07
709 3.43698017257e-05
710 1.44182968104e-06
711 5.30005775864e-07
712 2.69284086422e-06
713 1.30974998605e-06
714 0.00805919979782
715 1.04437200056e-06
716 1.62974265557e-07
717 6.84118852948e-07
718 0.0
719 0.000565175035143
720 0.00340715440322
721 0.000142996758485
722 1.34874380536e-07
723 5.03950998308e-06
724 7.87885276822e-07
725 0.00157283281266
726 5.54067343613e-08
727 0.00028786616181
728 2.94513385577e-05
729 0.000137897952311
730 1.8092629061e-05
731 7.56038092487e-07
732 8.53535818745e-05
733 1.1109304619e-06
734 2.23942672848e-05
735 0.000103478303365
736 5.26383619474e-08
737 9.26613642175e-05
738 2.0890029335e-06
739 2.3756147864e-05
740 0.00014299644206
741 1.51775228214e-05
742 9.62403782941e-06
743 9.00703217199e-05
744 0.0
745 0.0
746 0.0027527736729
747 3.93198135152e-05
748 0.00339673459396
749 7.95385711219e-06
750 0.0
751 0.0
752 1.10165219903e-06
753 0.000111667285773
754 1.39386887e-05
755 0.000500315584082
756 5.96901736041e-06
757 6.66324737535e-07
758 2.14068586138e-07
759 6.07468011012e-06
760 1.85057394547e-06
761 0.000268194480455
762 2.46562341331e-07
763 4.99633027859e-07
764 3.73967620596e-06
765 1.00055859101e-05
766 7.34190023984e-07
767 0.000313734053676
768 2.64721744505e-07
769 0.00010116819781
770 2.89841171419e-05
771 0.000198361952243
772 0.000147512688106
773 6.77951622097e-06
774 0.000144937186902
775 0.000192091755084
776 0.0
777 3.19488472718e-05
778 5.79944651076e-05
779 1.56193589227e-06
780 2.56613223909e-06
781 0.000225335759955
782 0.00219512432673
783 7.71056122434e-05
784 8.1106692628e-07
785 0.00162580554666
786 0.0
787 8.54239871557e-07
788 5.26332840794e-05
789 6.54340286149e-08
790 1.14004628596e-06
791 0.0
792 6.88420509386e-08
793 6.60935179664e-06
794 4.85414829028e-06
795 2.39517553345e-06
796 7.03837614682e-06
797 6.48334468347e-06
798 1.2913502586e-05
799 0.000127545284172
800 3.16287178707e-05
801 0.000538399578222
802 0.0
803 0.0
804 6.68094310794e-05
805 4.13422881142e-05
806 0.00291462031823
807 1.79906148031e-06
808 2.79252744702e-06
809 3.50811477742e-07
810 2.701719864e-06
811 0.000234191771443
812 2.82524425482e-06
813 6.39549519181e-07
814 7.15483768652e-06
815 4.20496398348e-06
816 6.65280643619e-05
817 3.80715725883e-05
818 2.0255994446e-05
819 0.000476196377196
820 0.000509758437274
821 0.000145519490654
822 1.31823824079e-06
823 2.10170160859e-05
824 0.00199155571802
825 0.00172502344958
826 9.26937159754e-06
827 8.16940231982e-07
828 0.00199099197129
829 0.00952995920006
830 0.00108004909576
831 0.00196608266022
832 7.46483947911e-06
833 5.62323683409e-08
834 0.000132399257984
835 0.000943148083232
836 3.8617465071e-06
837 1.33508319464e-06
838 1.22582600258e-06
839 1.58782369797e-06
840 1.57982119161e-06
841 0.000129303916473
842 0.0
843 0.000132835762116
844 1.45035748562e-06
845 7.22573598152e-07
846 3.64177262424e-06
847 4.42483797178e-05
848 4.30140707384e-06
849 0.000288846541881
850 0.000603335082837
851 3.13105146937e-05
852 0.0
853 0.0
854 0.00136294712821
855 0.0
856 0.0
857 0.000404747790237
858 0.000106711236149
859 0.0
860 0.0
861 0.000137117540618
862 1.15678014873e-07
863 0.000241000438363
864 1.48740770489e-07
865 1.30708027549e-07
866 0.0
867 9.61062295281e-08
868 1.43136937595e-07
869 0.0
870 8.0033714974e-08
871 2.29019100152e-07
872 1.35950879095e-06
873 2.04481339421e-08
874 0.0
875 2.04481339421e-08
876 0.0
877 1.48740770489e-07
878 0.0
879 9.83507261315e-08
880 1.26778430441e-07
881 4.41564009846e-07
882 1.51316191172e-07
883 6.32967822307e-08
884 0.0
885 3.06722009132e-08
886 5.7254775038e-07
887 1.53361004566e-08
888 0.0
889 0.0
890 7.34725866031e-07
891 1.43975940799e-06
892 0.0
893 0.0
894 1.00035826636e-07
895 2.45377607306e-08
896 9.61062295281e-08
897 0.0036159484068
898 0.0016137865094
899 2.17352412531e-05
900 0.0
901 2.24949874016e-06
902 0.000314033258758
903 0.000877995430025
904 0.00030192669384
905 1.37149313363e-06
906 6.89287287562e-06
907 0.00260210456145
908 1.42082718567e-06
909 0.000688086740326
910 2.13629261957e-06
911 0.0
912 0.0
913 7.32148691536e-06
914 0.00154030393937
915 1.05637625725e-06
916 9.88220774148e-05
917 7.66377355385e-05
918 0.000286701414285
919 0.0
920 2.215947801e-05
921 1.73867029103e-06
922 3.58213906482e-05
923 0.000252272418903
924 8.45575078513e-07
925 0.00180654144138
926 8.33956962658e-05
927 6.03000025494e-06
928 0.0026479530901
929 2.72641785895e-08
930 4.24858031047e-07
931 0.00109107537474
932 4.72828455285e-06
933 0.000854618234129
934 4.20478704959e-06
935 0.00226114480965
936 4.97578614344e-06
937 4.15649351676e-05
938 1.05912987643e-07
939 0.000109863193137
940 2.87340837676e-06
941 1.3955342243e-06
942 0.00100235993579
943 0.00123329745897
944 6.25170223272e-06
945 0.000104334322414
946 0.0
947 7.10484883708e-05
948 4.53811205837e-05
949 6.89547421954e-05
950 3.58458135675e-06
951 8.74552270499e-07
952 2.59669380289e-05
953 0.0023761302956
954 2.65805042499e-05
955 0.000777841014432
956 2.12203772985e-07
957 7.62494241155e-07
958 0.00113747722339
959 1.30057272426e-07
960 0.0012832797327
961 8.93943029488e-05
962 6.3335875039e-06
963 6.49034285094e-05
964 0.000371145687387
965 4.42337396113e-06
966 9.54942419734e-07
967 1.07907060868e-05
968 4.82927706883e-05
969 0.00139757111937
970 9.42254085347e-05
971 5.50087260713e-07
972 0.000118148523452
973 1.96318886803e-07
974 9.97735896796e-06
975 3.26589403297e-06
976 0.000674848717743
977 2.52695261877e-05
978 1.33427276783e-05
979 3.1716337968e-05
980 7.88713737769e-08
981 5.99293315794e-05
982 0.000114997471309
983 0.00170352895637
984 0.000556641980007
985 0.000491780845712
986 4.2064732681e-08
987 4.73371259816e-07
988 1.04719107113e-06
989 0.000495085115825
990 7.68345559482e-05
991 0.000751561276764
992 1.9043932752e-05
993 0.000246410267451
994 3.0313181808e-05
995 6.57963475861e-06
996 0.00178699854133
997 3.82875730165e-07
998 0.000140423144198
999 4.59718845601e-07
1000 0.00287981974768
1001 8.91403200188e-06
1002 5.95038311664e-05
1003 4.08962678843e-08
1004 0.000279687887425
1005 1.24671490178e-05
1006 1.67985385125e-07
1007 5.657923557e-05
1008 7.79365350566e-06
1009 2.48497150834e-06
1010 0.000177397845723
1011 0.000266359942392
1012 0.000173813392165
1013 0.000118253173376
1014 2.55119555667e-05
1015 0.000220921435194
1016 6.80342386128e-05
1017 0.0
1018 4.53913024045e-05
1019 0.000181543628537
1020 0.000136729908027
1021 0.000133300089507
1022 0.00015861341831
1023 0.0
1024 1.15667425374e-06
1025 0.00148525315051
1026 6.00634233923e-05
1027 0.00279617460322
1028 0.0
1029 0.000262691186248
1030 0.00506994094164
1031 2.9772139295e-06
1032 1.00745271878e-07
1033 0.00272000691786
1034 1.45968705059e-06
1035 0.0
1036 9.13994378987e-06
1037 0.000144725599883
1038 0.000201202423632
1039 2.24929473364e-07
1040 3.88521472274e-07
1041 0.00166862285421
1042 0.000829497862997
1043 2.09202094352e-06
1044 1.04934086582e-06
1045 1.31994184982e-06
1046 2.00412679402e-06
1047 0.0
1048 0.00062236988628
1049 0.000161396968924
1050 0.00257025244136
1051 5.99915202373e-07
1052 0.00179242820819
1053 0.00180092967445
1054 1.66139134821e-06
1055 0.000242812583641
1056 1.71772923892e-06
1057 0.000718551836239
1058 3.00219489668e-07
1059 5.49828441302e-06
1060 4.37574354827e-05
1061 0.000147176575522
1062 3.55602549026e-07
1063 1.04751858826e-05
1064 1.81713089298e-07
1065 2.05347060344e-05
1066 0.0
1067 0.00112549347833
1068 0.00264733887797
1069 0.000322469177587
1070 2.07517031577e-07
1071 0.00703154900178
1072 0.0
1073 2.33991685846e-06
1074 1.29099221138e-06
1075 0.000227263552162
1076 0.00244349720968
1077 2.27356736237e-05
1078 4.2380580239e-05
1079 3.45063984731e-05
1080 1.21686149191e-05
1081 0.000432230975391
1082 7.0039001739e-05
1083 0.000172132994124
1084 1.45655522741e-05
1085 2.64182144686e-07
1086 0.00680137792911
1087 0.000313755681784
1088 1.05617459031e-06
1089 1.22407854167e-05
1090 2.16688421981e-06
1091 3.08362961034e-06
1092 7.80491560725e-06
1093 0.000300777596959
1094 2.72426876902e-06
1095 2.76064788696e-06
1096 7.96128267844e-06
1097 0.0
1098 0.000194253379288
1099 3.30801694322e-05
1100 0.000185332788026
1101 0.000249977584865
1102 2.62450614473e-05
1103 0.000181285579421
1104 1.45018899926e-06
1105 0.00702781911606
1106 4.08962678843e-08
1107 2.77346046819e-05
1108 2.16140550351e-05
1109 0.000600217052659
1110 0.000105818925205
1111 0.00124390992565
1112 1.53361004566e-08
1113 0.000352155484583
1114 0.00173945944187
1115 0.000108345728447
1116 5.70469450491e-05
1117 9.55897372411e-07
1118 3.33839509603e-05
1119 0.000264309845539
1120 0.0
1121 0.000206674885256
1122 4.35031685489e-06
1123 0.000308824117264
1124 0.00132893825541
1125 5.69957552973e-05
1126 1.60235771254e-05
1127 0.000141660440738
1128 0.000125454266092
1129 0.000223530800807
1130 0.000194787280613
1131 0.000153366011604
1132 0.000185389916211
1133 7.77754808798e-05
1134 1.11308422707e-06
1135 1.62024446872e-06
1136 0.00133919531032
1137 0.000536633828849
1138 6.0704218841e-07
1139 2.19525323679e-06
1140 2.12671653598e-05
1141 9.04862287705e-07
1142 1.55330463678e-06
1143 5.67677455594e-05
1144 1.05187229421e-05
1145 2.22160668175e-06
1146 0.0
1147 6.53050957332e-05
1148 1.11359386698e-06
1149 0.000165690314291
1150 1.54344234719e-05
1151 3.37843439055e-06
1152 4.56047484209e-06
1153 1.58701795213e-06
1154 8.24117806086e-05
1155 2.28931031426e-06
1156 0.00121837551732
1157 1.56716289098e-05
1158 7.7499243393e-07
1159 0.000150645013441
1160 0.000492612133471
1161 0.00109838274478
1162 6.22153220198e-06
1163 1.1498854347e-06
1164 1.00029705313e-05
1165 3.45787272833e-07
1166 0.00011684051381
1167 0.000277455722069
1168 2.92216949294e-06
1169 2.92661720204e-07
1170 5.3811347142e-06
1171 5.72343276468e-05
1172 0.00062580656872
1173 1.76061994603e-05
1174 0.000405649244106
1175 1.1012545732e-06
1176 6.90036813631e-05
1177 0.0
1178 4.49693330731e-06
1179 1.71505976176e-05
1180 0.00106115419641
1181 0.00103790547259
1182 0.00100421119478
1183 0.000310874061743
1184 0.000104209078522
1185 3.41766188338e-05
1186 2.19592479879e-05
1187 4.47846691176e-08
1188 4.18481735271e-06
1189 0.000144591375923
1190 0.000148438968444
1191 1.48520935561e-05
1192 1.41332922443e-05
1193 3.9959114427e-05
1194 1.82904375326e-05
1195 1.28980537174e-07
1196 0.00034900907221
1197 1.02522075027e-05
1198 5.74837081571e-05
1199 0.00251847812254
1200 7.8082231515e-05
1201 1.66783516043e-07
1202 0.000194003956066
1203 1.533737718e-06
1204 8.67062758923e-07
1205 0.00607547612287
1206 1.05983593581e-05
1207 0.0
1208 0.00104677482025
1209 0.0
1210 0.00165641806639
1211 0.00125104978795
1212 4.75798439162e-05
1213 2.17967621669e-05
1214 1.22305928942e-05
1215 5.39906467719e-05
1216 0.00100074854003
1217 0.000150072912676
1218 0.000597979276818
1219 1.45796593452e-06
1220 0.000231563943595
1221 1.85287648419e-06
1222 0.00126374869697
1223 0.000181528650209
1224 9.12482260294e-06
1225 0.0
1226 0.000254795665628
1227 0.000129233513226
1228 0.00112693390618
1229 6.21572132664e-06
1230 0.000149690244682
1231 1.57347919752e-05
1232 0.000938430439318
1233 1.00306065677e-06
1234 0.0
1235 1.5511665582e-06
1236 9.32016570276e-05
1237 0.00181358634927
1238 0.000561418801968
1239 0.00012244006318
1240 3.55308347606e-08
1241 2.91857701338e-06
1242 2.59965234266e-06
1243 0.000130376656313
1244 2.06169707375e-05
1245 1.20808014726e-06
1246 0.000652510977214
1247 0.000105791427737
1248 7.21639914089e-06
1249 6.56243883711e-07
1250 2.75418628507e-06
1251 8.99286139659e-05
1252 1.82006077002e-07
1253 0.0
1254 0.0
1255 3.27170143074e-07
1256 3.60617199952e-05
1257 3.02652302252e-05
1258 0.000115846233915
1259 0.00118294953348
1260 0.00077004667095
1261 9.65500795201e-05
1262 0.00018813034405
1263 0.0
1264 4.15874508379e-07
1265 2.68923338923e-07
1266 6.05980563202e-05
1267 2.08660761243e-06
1268 9.32191596334e-06
1269 7.39403795515e-06
1270 1.73264754639e-05
1271 0.0
1272 0.000136547634259
1273 0.00164867459289
1274 0.000351524438327
1275 5.23432976269e-05
1276 0.000288988091115
1277 0.0
1278 0.00506472500832
1279 3.87996528496e-05
1280 7.24757876673e-05
1281 0.00158231189942
1282 8.32208850162e-05
1283 0.000143417340305
1284 0.000553198156434
1285 0.000199979907247
1286 0.000221485230679
1287 2.45804904508e-06
1288 0.000171544633933
1289 0.000320970754546
1290 0.00156736060741
1291 0.000250857445117
1292 1.15147576477e-05
1293 0.000115256368382
1294 0.000251319282353
1295 3.10867949811e-06
1296 1.98120368613e-07
1297 2.74282613185e-05
1298 3.13707914175e-07
1299 0.00085195723663
1300 0.000202386240161
1301 7.08063761862e-05
1302 2.60956421056e-07
1303 1.2473357027e-05
1304 9.47863653409e-05
1305 0.000103253163715
1306 4.90871219699e-05
1307 9.79730889878e-06
1308 0.000474417074821
1309 4.42826542407e-06
1310 5.72784143277e-05
1311 3.86680406715e-06
1312 1.55900337032e-05
1313 0.00164443238399
1314 2.98609603476e-05
1315 1.94035808921e-06
1316 5.83265228579e-05
1317 3.15579675359e-05
1318 6.0145562623e-05
1319 9.09124218349e-05
1320 2.17593435725e-07
1321 0.000287511478172
1322 8.09795354994e-06
1323 0.00026441349629
1324 0.00133913342241
1325 6.98781738874e-05
1326 2.23476012192e-06
1327 0.0
1328 0.000772855099148
1329 1.57999124531e-05
1330 3.57578080685e-05
1331 3.68929477572e-05
1332 3.36912795474e-05
1333 0.000234016388228
1334 0.000139293072234
1335 0.000174674567298
1336 2.19332456403e-05
1337 0.000115562697752
1338 9.97103777608e-05
1339 0.000396961267543
1340 3.75977674087e-05
1341 4.4640827617e-05
1342 1.41848641279e-05
1343 1.70790031155e-06
1344 6.96224667856e-05
1345 0.000262672701586
1346 4.99687841495e-05
1347 0.0
1348 0.000853336877196
1349 5.64739905719e-05
1350 0.000158626294298
1351 2.41890409993e-05
1352 4.61842977028e-05
1353 0.0149920828227
1354 0.0
1355 2.41006453737e-07
1356 2.09207088889e-05
1357 3.18265101119e-06
1358 0.000245826385015
1359 0.00228560167265
1360 0.00137088934002
1361 0.000105215611503
1362 0.000158530466701
1363 7.03093472494e-09
1364 2.39530984294e-07
1365 1.42683826303e-06
1366 0.000127110412275
1367 0.000243510148089
1368 4.98528685959e-05
1369 2.12203772985e-07
1370 0.000708514532829
1371 1.27577610953e-05
1372 6.57080936264e-05
1373 7.58623236288e-07
1374 0.00103945812144
1375 0.000145049003049
1376 0.00100914612474
1377 9.41753622317e-05
1378 7.77675742915e-05
1379 0.000330406623634
1380 8.14981972664e-05
1381 0.000292914926228
1382 1.30369903851e-06
1383 3.12346992087e-05
1384 7.03423965132e-07
1385 7.22438717187e-06
1386 1.32295469397e-05
1387 0.0
1388 3.22293600396e-06
1389 0.000237936414743
1390 0.000149326520413
1391 5.6365309388e-05
1392 7.12757434434e-05
1393 4.70044552358e-06
1394 0.000143445108618
1395 0.0
1396 7.03423965132e-07
1397 0.000189940917187
1398 1.28488337375e-06
1399 0.000133640541458
1400 5.73036715687e-05
1401 2.17806982226e-05
1402 3.46276283089e-06
1403 0.000839498553498
1404 0.0
1405 8.86441871818e-05
1406 0.0025861036108
1407 9.6893553604e-05
1408 4.82083989077e-05
1409 0.000167536293116
1410 0.000103451585983
1411 8.68657777933e-06
1412 9.81351781213e-07
1413 2.46450843605e-05
1414 3.20285582527e-05
1415 2.69792171759e-07
1416 0.000293949975475
1417 1.09737716969e-05
1418 4.35904605529e-07
1419 2.5910850319e-06
1420 0.000556177281426
1421 0.000113710882564
1422 9.15913976008e-06
1423 1.91283958169e-06
1424 0.000100515777943
1425 4.96443775837e-06
1426 0.000380905098331
1427 8.05134616185e-05
1428 0.000191075175704
1429 1.61239518466e-05
1430 5.34544009369e-05
1431 0.0
1432 0.000363219915548
1433 0.000112593288657
1434 1.46657689707e-06
1435 2.41238637853e-06
1436 0.000138037164299
1437 0.000258676010663
1438 6.59910991426e-05
1439 3.28693102851e-05
1440 2.85787292745e-08
1441 5.15680844606e-05
1442 3.0711028776e-06
1443 9.88277881546e-07
1444 8.67826008746e-07
1445 0.000168077155002
1446 2.16124269323e-06
1447 5.20793168266e-05
1448 8.22408010641e-05
1449 6.97801957162e-05
1450 0.000328369056631
1451 0.000277706433553
1452 6.40345796064e-05
1453 0.000335236085057
1454 2.15147470406e-05
1455 8.77555546742e-05
1456 1.33567941229e-08
1457 1.84738464287e-05
1458 4.68228556479e-06
1459 0.000153743301168
1460 3.75640702155e-05
1461 0.000186860791557
1462 1.56925019703e-06
1463 0.000229816105217
1464 1.16743095546e-08
1465 7.09440030398e-06
1466 0.00223852057006
1467 0.0
1468 4.62090802964e-05
1469 0.000330912493676
1470 0.000227574293487
1471 0.00082893905581
1472 8.91820876881e-05
1473 0.000824492662811
1474 0.00042700393562
1475 2.04481339421e-08
1476 0.000100067604564
1477 4.0749819255e-07
1478 4.54614928804e-06
1479 1.70623308447e-06
1480 0.00024413645844
1481 0.000301506045965
1482 2.05586432655e-06
1483 0.000356471869158
1484 0.000210187896992
1485 4.62867533744e-06
1486 0.000151866127899
1487 0.0
1488 6.43126746441e-05
1489 2.99966870365e-05
1490 1.83424756971e-06
1491 4.30043304357e-08
1492 2.23795560277e-05
1493 8.03300758946e-06
1494 1.83500405617e-07
1495 1.6764592819e-05
1496 0.000133679658812
1497 0.00012439574904
1498 1.9997626144e-05
1499 8.21469938395e-08
1500 1.01948553512e-06
1501 4.06129229825e-05
1502 6.63404225071e-06
1503 0.000138631929573
1504 1.60895451787e-05
1505 0.000128900245769
1506 0.00193691449803
1507 2.16877812369e-08
1508 9.9937790981e-05
1509 6.06896701618e-05
1510 8.58071052179e-05
1511 3.06722009132e-08
1512 0.000502668768524
1513 0.000122063988853
1514 0.000243069571131
1515 7.46471471305e-05
1516 8.52266911004e-05
1517 2.12172990107e-05
1518 8.65179455377e-05
1519 1.65837659921e-05
1520 0.000175120604488
1521 7.86255006315e-05
1522 7.03423965132e-07
1523 6.618549752e-05
1524 5.12246337134e-05
1525 7.61607125766e-05
1526 0.00013048298345
1527 2.78611291274e-05
1528 4.70326073411e-06
1529 0.000156273970444
1530 0.000219752238404
1531 6.1013684201e-06
1532 2.5321633672e-05
1533 4.07271688509e-05
1534 0.000366494163064
1535 0.00159110311998
1536 6.80731333232e-06
1537 0.00200978727508
1538 2.40187473438e-05
1539 0.000124195816398
1540 0.000323208688659
1541 0.000134723658244
1542 0.000183981185141
1543 0.000131253724615
1544 0.000220740897197
1545 1.19738234665e-05
1546 0.000380337988084
1547 0.0
1548 1.11955758883e-05
1549 0.000161111603472
1550 0.000528630453191
1551 1.71595112527e-05
1552 6.87823690505e-05
1553 2.57116582529e-06
1554 0.000222847278074
1555 7.17401421723e-05
1556 0.000608073847923
1557 1.74988002959e-06
1558 3.50669338837e-05
1559 0.0
1560 7.03154946597e-05
1561 0.0
1562 3.9492390883e-05
1563 1.26713690861e-06
1564 2.12519119003e-05
1565 3.04303516214e-06
1566 0.000139758610828
1567 5.61764401288e-06
1568 0.000382470146096
1569 2.12066071721e-07
1570 7.61352800255e-05
1571 2.22151868705e-05
1572 1.9067041964e-05
1573 8.45232663895e-05
1574 0.000203323827408
1575 0.000176566268294
1576 1.08382531197e-05
1577 1.06242253268e-05
1578 0.00425719170807
1579 3.48984858247e-05
1580 9.43760028099e-09
1581 0.000359587630175
1582 0.0
1583 2.99839746754e-05
1584 7.79798359168e-05
1585 0.000270702516594
1586 0.000113811976737
1587 0.0
1588 6.37926088573e-05
1589 7.99095850157e-06
1590 7.05850023619e-05
1591 0.000367886903974
1592 0.000349877916441
1593 2.47437281604e-07
1594 0.000494169664116
1595 4.9412587682e-06
1596 6.15804817552e-06
1597 0.000102798964876
1598 1.90352014201e-05
1599 7.31518051956e-05
1600 2.71264842148e-06
1601 1.62285313523e-05
1602 0.000282104912664
1603 1.24511779098e-06
1604 4.25514090679e-05
1605 7.06873954997e-05
1606 0.0002070572172
1607 4.93441510432e-05
1608 2.04481339421e-07
1609 1.74474676336e-05
1610 0.000144492225012
1611 7.52543448466e-05
1612 8.71370453151e-05
1613 6.37190272994e-05
1614 4.82411886202e-05
1615 8.85220514143e-05
1616 2.88148045242e-06
1617 0.000174319860721
1618 3.83504756576e-05
1619 2.27915303867e-05
1620 3.23121982498e-05
1621 0.00016435264897
1622 0.000116558354635
1623 8.44599509976e-05
1624 1.71152361253e-05
1625 0.000214706380255
1626 3.28890410849e-06
1627 0.000322982136454
1628 0.0
1629 0.000276333406488
1630 1.72138075477e-06
1631 6.01794190912e-05
1632 3.72087237371e-08
1633 0.000303656362753
1634 4.14335456289e-06
1635 0.00013385707192
1636 4.84770341144e-05
1637 0.000100864016695
1638 0.000102037237503
1639 3.92248397752e-05
1640 0.000160175481957
1641 1.78846487044e-07
1642 3.00638867718e-06
1643 0.000744507278943
1644 6.6596106491e-06
1645 2.3661878676e-05
1646 7.84324736046e-05
1647 3.28980133288e-06
1648 7.2486276506e-05
1649 2.00626302694e-07
1650 9.51636243688e-05
1651 1.06725297783e-05
1652 0.0
1653 0.000179844380344
1654 8.70778603358e-05
1655 1.70156884586e-06
1656 4.90649324771e-05
1657 0.000842037439529
1658 0.0
1659 1.73125976318e-05
1660 0.000159519525135
1661 2.42402376917e-05
1662 0.000162950335326
1663 2.88806608774e-05
1664 0.012495788339
1665 6.5022667789e-07
1666 1.42907031154e-05
1667 0.00195104233877
1668 1.12235816612e-05
1669 2.87779194413e-05
1670 3.01838829688e-05
1671 6.42377565647e-06
1672 0.000258208373472
1673 1.83788712169e-05
1674 0.000123093120513
1675 4.52108781812e-05
1676 0.000107862411424
1677 2.05344318109e-06
1678 6.99131854432e-05
1679 1.00168021575e-05
1680 1.32129880821e-05
1681 6.470365154e-05
1682 4.31617673883e-06
1683 2.11500545091e-05
1684 4.56780237399e-05
1685 0.144265443597
1686 0.00020119845007
1687 5.26823410537e-05
1688 0.000995549913361
1689 0.000410607271248
1690 5.10785944488e-05
1691 1.44828806622e-07
1692 4.17185288734e-05
1693 0.000194711071933
1694 6.13444018264e-08
1695 0.000196644217784
1696 3.89189925617e-05
1697 4.50613439229e-06
1698 6.00742697216e-06
1699 1.9262407522e-06
1700 0.000112452898325
1701 1.69232744674e-06
1702 1.36638069771e-06
1703 0.00033234813013
1704 0.000135085180567
1705 3.23569205162e-05
1706 1.1385194943e-05
1707 0.000148204780341
1708 7.00992007484e-05
1709 4.617319302e-07
1710 9.97362163712e-05
1711 5.5028656335e-07
1712 2.20606516651e-06
1713 9.78144503177e-06
1714 1.90353225365e-07
1715 3.84607786108e-05
1716 1.172915349e-05
1717 3.31352208827e-05
1718 3.83201747279e-05
1719 0.00423048016991
1720 2.64944513911e-06
1721 3.37947450298e-05
1722 1.6993450666e-05
1723 0.000158693731444
1724 2.3299594141e-05
1725 5.37690676732e-05
1726 0.000590850685815
1727 0.000350532848407
1728 9.60227142127e-05
1729 2.15267252599e-05
1730 6.68894952384e-05
1731 0.000172224632909
1732 8.99717893455e-08
1733 4.32397757272e-05
1734 5.5129720231e-05
1735 3.64141684728e-05
1736 1.18486950146e-05
1737 3.76875849892e-05
1738 3.8540378898e-06
1739 3.43983185422e-06
1740 1.80373942504e-06
1741 1.14008990824e-05
1742 2.40060898897e-05
1743 9.92033682977e-05
1744 1.58007645384e-05
1745 3.79217948553e-05
1746 1.94527764303e-05
1747 0.000122685633915
1748 1.60660363568e-06
1749 1.85488331145e-07
1750 7.15124510943e-06
1751 2.38566077832e-05
1752 8.91875029011e-05
1753 1.29650597387e-05
1754 5.35783017813e-05
1755 4.58058107283e-05
1756 0.0
1757 1.15539880785e-06
1758 2.00640472936e-05
1759 0.00061469750454
1760 7.46888009251e-08
1761 4.76947997186e-06
1762 0.000195603416229
1763 0.0
1764 6.70683859562e-06
1765 2.15361913287e-06
1766 2.47285972733e-05
1767 9.55041509457e-05
1768 5.19989477112e-05
1769 0.000124283646972
1770 3.19499567066e-06
1771 0.000186790620514
1772 9.62782611147e-07
1773 1.00513539357e-05
1774 2.86652703799e-06
1775 0.000159494931536
1776 2.55601674277e-09
1777 0.0
1778 2.45514857381e-07
1779 4.27821791894e-05
1780 1.16426634329e-05
1781 5.36652193053e-05
1782 1.61613966654e-05
1783 2.43207645932e-05
1784 0.000238201982115
1785 4.14290156276e-07
1786 4.23217501463e-05
1787 6.61709122806e-05
1788 2.93030446532e-05
1789 1.44159344292e-07
1790 1.3545487889e-05
1791 1.77664948439e-05
1792 6.0612091832e-05
1793 7.72220086504e-07
1794 1.90618197231e-05
1795 0.000199531779108
1796 7.74038056314e-05
1797 4.02679659054e-06
1798 3.00851109259e-07
1799 1.77569211907e-05
1800 2.44515052253e-05
1801 0.0159323155866
1802 2.31188085904e-06
1803 4.37052960261e-08
1804 7.81014270626e-06
1805 5.03794046916e-05
1806 3.1933044637e-06
1807 6.44526802991e-05
1808 0.000192937285888
1809 3.03350103934e-05
1810 2.12218594957e-05
1811 1.30741320638e-05
1812 1.20854734176e-05
1813 4.30967581437e-05
1814 8.80763886166e-05
1815 3.86381553106e-06
1816 4.15458966366e-06
1817 1.32212759874e-05
1818 1.90494739003e-06
1819 1.32470004478e-05
1820 8.04362376589e-05
1821 1.69938288329e-05
1822 1.99478919798e-07
1823 8.68287157657e-07
1824 2.34339584245e-05
1825 4.17041553677e-05
1826 2.31202599636e-05
1827 1.86598305218e-05
1828 0.000136542602437
1829 0.000143338932996
1830 2.33448600963e-06
1831 3.46475303862e-06
1832 0.000734005056497
1833 4.90029062633e-05
1834 5.04282893022e-05
1835 0.0
1836 0.000188137936303
1837 2.00947902112e-05
1838 6.20288750137e-06
1839 2.0857096621e-07
1840 3.72175619456e-05
1841 6.89982141227e-07
1842 1.87794263725e-05
1843 1.58320013179e-05
1844 9.02001321132e-05
1845 5.99781981828e-05
1846 4.03875161973e-05
1847 6.120475382e-05
1848 2.6135263317e-05
1849 3.14341428552e-06
1850 8.36450161633e-06
1851 1.10395280634e-05
1852 0.00016238790109
1853 1.71187452894e-05
1854 1.71892556828e-07
1855 0.0
1856 8.08040051727e-07
1857 0.0
1858 1.12710973598e-05
1859 1.45935215426e-05
1860 4.16432786457e-05
1861 2.91281283434e-05
1862 0.000178623847629
1863 0.000200717291995
1864 8.41134453241e-05
1865 1.62243657345e-05
1866 4.44461342201e-08
1867 3.88668140322e-05
1868 5.68140008362e-05
1869 2.44663133568e-05
1870 6.09181043609e-07
1871 3.15855340774e-06
1872 2.85115044737e-05
1873 3.35018858055e-05
1874 0.000114911067439
1875 1.02650122713e-07
1876 1.58573269626e-05
1877 0.000300187521722
1878 4.79049245279e-06
1879 7.17143441541e-06
1880 1.7606620287e-05
1881 7.56085397084e-07
1882 0.00016031475145
1883 9.76849101812e-05
1884 1.5685209955e-05
1885 1.0960034143e-06
1886 7.08480025922e-06
1887 3.70971486101e-05
1888 7.08530162702e-07
1889 0.0134809423624
1890 3.59176445765e-06
1891 4.90755214612e-07
1892 1.19806653054e-05
1893 9.62635228661e-09
1894 0.000207127095652
1895 5.01534993729e-05
1896 5.5092912196e-06
1897 1.05317874466e-06
1898 2.44340731871e-05
1899 9.72896726517e-06
1900 3.72564314817e-05
1901 1.7867286151e-06
1902 6.33241211403e-06
1903 1.8883429404e-05
1904 8.2065077422e-05
1905 3.58306561372e-05
1906 4.19139361546e-08
1907 3.21398739969e-06
1908 2.35310441849e-06
1909 3.18807527472e-06
1910 0.000498487639814
1911 1.99453251934e-05
1912 8.00475178951e-05
1913 0.134446563876
1914 3.16788669122e-06
1915 0.000308019556497
1916 6.73613827181e-06
1917 1.80358202385e-05
1918 1.18890623116e-05
1919 1.17098637486e-05
1920 0.000352793607825
1921 3.37076625652e-05
1922 0.000699439616961
1923 7.15745985716e-06
1924 0.000490535520728
1925 2.65751365745e-08
1926 7.8563333479e-06
1927 0.000220097966777
1928 0.000138037410203
1929 8.92953116659e-06
1930 4.57330663436e-06
1931 1.4372493367e-05
1932 1.93743180744e-05
1933 0.000356269144617
1934 3.87971508377e-07
1935 1.2666855893e-05
1936 2.36177897051e-05
1937 8.84531255103e-06
1938 6.34884249219e-06
1939 1.52712833198e-05
1940 1.33837177648e-05
1941 0.000819557435729
1942 0.0369094841356
1943 1.22761774165e-05
1944 1.70816678343e-05
1945 1.23830984602e-05
1946 5.5401681328e-05
1947 1.44312475627e-05
1948 0.000124965550547
1949 2.84628945507e-05
1950 2.06452681166e-07
1951 5.44726690809e-06
1952 1.03395191337e-05
1953 6.49289062252e-06
1954 1.61373984025e-06
1955 0.00131244509972
1956 0.000832642300357
1957 7.53910395032e-07
1958 1.80909494493e-05
1959 9.09439568217e-05
1960 0.000199412050478
1961 0.00253483365614
1962 1.1878332357e-06
1963 1.16929497636e-05
1964 2.79776966424e-06
1965 0.00212875296615
1966 1.44306501589e-05
1967 3.84111743495e-05
1968 0.0
1969 2.42513492612e-06
1970 0.0
1971 3.18514603525e-05
1972 1.58948039619e-05
1973 4.97405340762e-05
1974 2.53696195746e-05
1975 3.0241594271e-07
1976 1.62419039478e-05
1977 3.04947521639e-05
1978 1.15056551978e-07
1979 3.87389615886e-06
1980 1.58810711072e-05
1981 3.4147168016e-05
1982 9.19882927675e-06
1983 9.16126815325e-06
1984 3.81717241288e-05
1985 1.47836457953e-05
1986 0.0317544643803
1987 1.04146895809e-05
1988 2.93780371137e-06
1989 4.14183682357e-06
1990 2.83643593518e-06
1991 1.27601766702e-05
1992 0.000160742680485
1993 2.03013320875e-07
1994 4.58540170817e-05
1995 1.24251370959e-05
1996 1.11410463911e-05
1997 3.0642056244e-08
1998 2.6028817282e-06
1999 3.08566545079e-05
2000 2.17060985945e-06
2001 3.5904504342e-05
2002 3.10756488896e-05
2003 4.66158920435e-05
2004 0.000196682376238
2005 3.0316179398e-05
2006 8.66936405607e-06
2007 2.72915261718e-05
2008 0.000387654467564
2009 6.71436158342e-06
2010 0.000594523924076
2011 3.92816566601e-06
2012 0.000754451916295
2013 7.98927014757e-06
2014 1.27319517773e-06
2015 6.56723809703e-06
2016 1.50677066609e-07
2017 5.98588192477e-06
2018 2.83114624381e-06
2019 3.4180011207e-05
2020 4.43213087206e-06
2021 3.56975216076e-06
2022 5.70007742242e-07
2023 2.20169896406e-05
2024 2.45447418143e-05
2025 2.08652305613e-05
2026 1.1377802473e-05
2027 0.000304207852316
2028 0.000664878198523
2029 3.47336367942e-05
2030 9.67866845638e-06
2031 1.59287928846e-05
2032 0.000130780625278
2033 7.56161428551e-05
2034 1.27929745285e-05
2035 9.91435990385e-07
2036 2.89126389591e-05
2037 1.40255777445e-06
2038 6.87788749406e-05
2039 0.000104787263009
2040 2.57041107762e-05
2041 2.65316449724e-05
2042 1.0065407813e-06
2043 0.000259919272968
2044 1.29407950658e-05
2045 7.26973485418e-07
2046 6.21901830484e-06
2047 4.04624455565e-06
2048 0.00145496903223
2049 3.72528434653e-05
2050 3.06979672985e-05
2051 1.17741555445e-05
2052 2.93332646286e-07
2053 2.28157301735e-05
2054 6.40790624732e-05
2055 0.000110152499389
2056 2.23341187188e-06
2057 5.71829006215e-05
2058 0.000660721291797
2059 2.66087732779e-05
2060 1.27546687164e-05
2061 6.15560653972e-05
2062 0.00021125431263
2063 7.06257470477e-05
2064 1.40989109478e-05
2065 1.79472553365e-05
2066 6.12044757088e-06
2067 3.07541354993e-07
2068 2.29410573355e-06
2069 6.87671662612e-05
2070 2.38960569637e-05
2071 9.69492150179e-06
2072 3.70530678946e-05
2073 7.2860680963e-05
2074 1.06582969138e-05
2075 4.14217635965e-06
2076 0.000133996968663
2077 1.45602158272e-06
2078 2.12137521207e-06
2079 2.39271593424e-05
2080 0.0
2081 1.23135982506e-06
2082 0.000213398290895
2083 2.45032321135e-05
2084 7.62986131499e-06
2085 4.83278950102e-05
2086 1.79248283868e-05
2087 3.2304726979e-06
2088 0.00016329317219
2089 2.31097632113e-05
2090 1.82407555965e-05
2091 1.34993614937e-05
2092 9.489085876e-06
2093 0.000573362139123
2094 4.90722981679e-05
2095 4.90755214612e-08
2096 1.64512263073e-05
2097 1.66476847553e-06
2098 1.67531905872e-05
2099 1.69340502268e-06
2100 4.5270772984e-05
2101 0.0
2102 3.46084163709e-05
2103 7.72138069423e-05
2104 2.06854388606e-05
2105 1.12572418044e-05
2106 6.46806745143e-06
2107 4.08962678843e-08
2108 2.75535617053e-05
2109 8.00263789997e-06
2110 2.12127441451e-06
2111 0.000357756967687
2112 0.000157555763688
2113 1.07021321367e-05
2114 2.30187564949e-07
2115 1.82829755143e-05
2116 3.42333436979e-06
2117 0.000215840747812
2118 0.000334197493078
2119 9.31675265628e-06
2120 1.61328450606e-05
2121 0.000122426518793
2122 1.32391667285e-05
2123 2.85698764868e-06
2124 2.28967184807e-05
2125 6.23929892951e-06
2126 5.37287827213e-05
2127 7.91658674486e-05
2128 5.66610396205e-05
2129 0.00116825533426
2130 3.96315637528e-05
2131 1.27779570706e-05
2132 3.06287098667e-05
2133 0.000975646090894
2134 0.000303362922308
2135 1.26066269171e-05
2136 7.67366688361e-06
2137 2.1384186136e-06
2138 3.86927998302e-05
2139 0.000347082446039
2140 7.81857244666e-06
2141 6.84060030078e-06
2142 4.55161786462e-06
2143 0.000309079788834
2144 0.000382054969064
2145 2.42846517041e-05
2146 0.0014592197175
2147 1.86620131886e-05
2148 0.000542836385486
2149 0.000879955506986
2150 3.76713112196e-05
2151 2.62583985333e-05
2152 6.03464882435e-06
2153 8.19634046896e-06
2154 0.000115676573249
2155 1.7602011497e-05
2156 0.00110125120231
2157 2.71258008411e-05
2158 2.21384657389e-05
2159 1.37010314292e-05
2160 0.000203255526963
2161 1.70545083299e-05
2162 1.31846871279e-05
2163 1.03661146171e-05
2164 3.48120026509e-06
2165 0.00122628266025
2166 8.81153440628e-06
2167 5.21212966067e-06
2168 0.0
2169 0.0
2170 4.14362561375e-05
2171 9.54431196962e-07
2172 1.19077824603e-05
2173 1.57403682742e-05
2174 3.76787646278e-05
2175 0.000110929410798
2176 3.89135184452e-06
2177 0.000166247036257
2178 9.38737751875e-07
2179 6.54340286149e-08
2180 0.00125941793683
2181 2.85037585712e-05
2182 1.12683047729e-05
2183 2.10607517699e-06
2184 3.46502935054e-05
2185 2.21962414363e-05
2186 4.55237949513e-07
2187 3.08729391804e-06
2188 4.90779440256e-05
2189 1.80455204215e-05
2190 0.000175107835357
2191 5.24788075778e-06
2192 5.91464775726e-05
2193 0.000876860878166
2194 1.49915830392e-05
2195 3.26234760897e-05
2196 0.0
2197 2.09502331852e-05
2198 2.02371646927e-05
2199 6.83719075364e-06
2200 0.000478631804295
2201 1.93387508768e-05
2202 8.57358492488e-06
2203 0.000152320888663
2204 2.94193997253e-05
2205 0.0
2206 2.04672487662e-06
2207 2.6507002257e-05
2208 7.86486218589e-06
2209 2.10681759359e-06
2210 3.52532505645e-06
2211 0.000200823184977
2212 2.69508372998e-05
2213 2.43377000724e-06
2214 1.47827315263e-06
2215 1.00898230792e-05
2216 3.53249741426e-05
2217 7.34687698078e-06
2218 8.12389133439e-06
2219 1.94806957031e-05
2220 0.0
2221 1.10371013916e-05
2222 0.00050748582933
2223 0.000389794296999
2224 9.47587663238e-05
2225 4.86352811818e-05
2226 0.000840391331406
2227 0.00020451290954
2228 2.81306038494e-07
2229 9.93453822692e-05
2230 5.94059983387e-05
2231 1.08405936226e-08
2232 0.000255791852245
2233 3.73013733152e-05
2234 0.0417671896536
2235 1.13257865176e-05
2236 3.18216573851e-05
2237 3.77928950069e-05
2238 5.46298414442e-06
2239 9.10710335728e-06
2240 0.00039155198542
2241 2.46082161019e-05
2242 1.36662876896e-05
2243 0.00170404189344
2244 2.80807776943e-05
2245 1.91886205079e-05
2246 4.2064732681e-08
2247 0.000588658181882
2248 8.39456261711e-05
2249 1.01692995149e-05
2250 1.73670306961e-06
2251 3.48340735539e-05
2252 5.64304344011e-07
2253 8.95202244698e-07
2254 1.00353482264e-05
2255 0.000615394969692
2256 5.26700881647e-07
2257 4.73165537017e-08
2258 1.16084975248e-05
2259 2.54406468724e-05
2260 1.81149027273e-05
2261 2.32925944868e-05
2262 2.1528346131e-06
2263 1.13658985116e-05
2264 1.1655436347e-07
2265 1.92423281307e-05
2266 4.84661216483e-07
2267 0.0284050348968
2268 1.43984526278e-05
2269 0.000326690010516
2270 0.0
2271 7.22503829067e-06
2272 1.54749372808e-05
2273 1.82956540456e-05
2274 0.000537047461364
2275 7.64292781755e-07
2276 1.44212537371e-05
2277 1.05427038683e-05
2278 1.16742824141e-05
2279 7.86687667715e-05
2280 7.30048962242e-05
2281 1.89200083639e-05
2282 2.42456445314e-07
2283 0.000107725161125
2284 0.000186532589777
2285 2.68122781092e-05
2286 1.01860710057e-05
2287 1.98222237245e-05
2288 4.45892902426e-06
2289 2.18060120726e-05
2290 0.000808987337484
2291 5.5659468028e-06
2292 1.48475440142e-06
2293 0.000156759003789
2294 6.31739790445e-06
2295 9.4523369707e-05
2296 6.36679398913e-06
2297 7.23409479761e-06
2298 2.18567002839e-05
2299 9.03666470007e-06
2300 4.43362761423e-06
2301 5.77132612204e-05
2302 7.84751699322e-07
2303 0.000151378579124
2304 8.0847207593e-06
2305 1.04522369885e-05
2306 1.9562745526e-06
2307 3.49644274634e-06
2308 3.00220358206e-06
2309 7.70869772058e-06
2310 4.58886960865e-05
2311 1.23142483309e-05
2312 2.99240528196e-06
2313 7.63069459496e-07
2314 0.000237002249395
2315 1.35919958858e-05
2316 5.95478280737e-06
2317 5.56561613493e-06
2318 4.76977224758e-05
2319 1.88884987391e-05
2320 0.000105432822253
2321 2.25270023581e-07
2322 7.24606931913e-07
2323 0.00152855813175
2324 1.41352522749e-05
2325 8.08366863339e-05
2326 8.77377955663e-05
2327 1.12868420285e-05
2328 6.63591009981e-05
2329 0.000323878217693
2330 1.03067298726e-05
2331 0.000151719472177
2332 1.723199914e-05
2333 3.16467746587e-05
2334 0.000211799046495
2335 4.29648247112e-05
2336 5.58625036066e-05
2337 0.000178879436161
2338 2.26065553531e-06
2339 1.66132079252e-05
2340 1.87408135506e-05
2341 2.48327663447e-05
2342 2.52508187886e-05
2343 3.24521343271e-05
2344 5.14721229665e-05
2345 6.00292108866e-05
2346 2.21714113262e-05
2347 1.67307951517e-05
2348 0.000860426162368
2349 1.39177538476e-05
2350 7.34502263897e-07
2351 1.9381219491e-05
2352 8.34342847967e-05
2353 5.36576504222e-06
2354 1.82227686318e-06
2355 1.06325546377e-05
2356 3.04113041811e-05
2357 4.51611226608e-06
2358 8.0088584304e-06
2359 4.26831233018e-06
2360 2.48419641225e-06
2361 4.0966215211e-06
2362 0.00202402127016
2363 8.61040298509e-06
2364 1.05085704678e-05
2365 1.11868193092e-05
2366 3.27405592578e-05
2367 9.34431222778e-06
2368 4.78645642322e-05
2369 5.72735746001e-05
2370 2.05725048856e-05
2371 8.58388056554e-06
2372 3.18902376924e-05
2373 1.6769390727e-05
2374 1.48264045427e-05
2375 4.05543141412e-06
2376 0.0
2377 3.68245484589e-05
2378 0.000569955660206
2379 2.75528733749e-05
2380 3.46925484635e-05
2381 3.43610732852e-06
2382 1.11080324902e-05
2383 0.0
2384 2.06488784927e-06
2385 0.000296026362769
2386 2.97596505031e-05
2387 4.87269985216e-06
2388 2.77712782243e-05
2389 2.14118655751e-07
2390 2.86962907007e-05
2391 2.989206688e-05
2392 4.82546321754e-05
2393 0.000814090639381
2394 2.28100936472e-05
2395 0.000692387232955
2396 4.24004688883e-05
2397 1.62839941232e-05
2398 1.23062595225e-05
2399 6.70395861211e-05
2400 3.50736311917e-05
2401 6.50681427316e-07
2402 3.71972463792e-06
2403 7.57406981666e-06
2404 1.0263515801e-05
2405 1.76741723579e-05
2406 1.38815430239e-05
2407 1.12674744927e-05
2408 4.53089036277e-06
2409 7.0053831129e-06
2410 1.17678428228e-05
2411 3.667544814e-05
2412 1.21830456398e-05
2413 1.02378915679e-05
2414 2.22518737471e-06
2415 9.11932829171e-06
2416 0.000369566915176
2417 1.66146788703e-05
2418 0.000166526110033
2419 2.115248201e-06
2420 0.000158334466612
2421 1.88977920425e-05
2422 9.01106183068e-07
2423 3.06722009132e-08
2424 1.12071674362e-05
2425 7.00952353832e-06
2426 2.30219786651e-05
2427 2.64895252138e-06
2428 1.52257646526e-06
2429 4.33715872604e-05
2430 3.43228415318e-05
2431 2.08628876048e-05
2432 0.0
2433 7.60615637222e-06
2434 2.03029126864e-05
2435 0.000722108343831
2436 1.7976052334e-05
2437 0.000448532698314
2438 8.17925357686e-08
2439 2.19717592917e-05
2440 3.47618277017e-07
2441 9.26327969997e-06
2442 0.0
2443 1.46058099587e-09
2444 4.69642318808e-05
2445 1.11592562072e-07
2446 6.9620959723e-06
2447 5.22000823195e-06
2448 7.92534943786e-05
2449 1.04890915954e-05
2450 0.00032197395082
2451 5.89220078961e-07
2452 8.38119106355e-05
2453 4.60789255591e-06
2454 2.73091797785e-06
2455 3.04125713366e-06
2456 9.98945170709e-06
2457 1.0815740543e-06
2458 0.0
2459 8.87975047523e-05
2460 0.00044494670779
2461 1.17477270409e-05
2462 4.09406708625e-05
2463 0.000748539746853
2464 1.89361196143e-05
2465 1.84402323034e-05
2466 7.58239483206e-06
2467 3.55768166781e-07
2468 1.99002758882e-06
2469 0.000231435852543
2470 2.42927506417e-06
2471 0.0
2472 2.43468848611e-05
2473 0.00011648181063
2474 6.2553140446e-05
2475 2.43705266526e-05
2476 0.000418645810156
2477 1.09769437746e-05
2478 1.99473369474e-06
2479 0.000848921774367
2480 0.000210680521336
2481 1.37742559107e-05
2482 1.75269719504e-08
2483 1.82892423443e-05
2484 0.0
2485 6.76100261314e-06
2486 4.86336944549e-06
2487 1.42483551911e-06
2488 2.42456445314e-07
2489 4.01606210213e-05
2490 1.58709202628e-05
2491 8.78338695362e-07
2492 6.1654496176e-05
2493 1.21508399557e-05
2494 4.7377386406e-08
2495 2.59494549124e-05
2496 8.59386897803e-06
2497 3.65652317078e-08
2498 1.82952404327e-05
2499 0.000510392789458
2500 0.00075543959399
2501 7.38388603577e-06
2502 8.39624735052e-05
2503 0.000578485101474
2504 7.33748958377e-06
2505 7.83209503453e-06
2506 0.0
2507 1.16072235398e-05
2508 3.85550917633e-05
2509 8.02865074966e-05
2510 0.000102658987666
2511 0.00013881947628
2512 6.41831076597e-05
2513 0.000162610281854
2514 4.22412349354e-07
2515 2.32162493351e-07
2516 7.33096063502e-07
2517 9.89897023377e-05
2518 0.0
2519 0.000232120623477
2520 7.36684357775e-07
2521 8.81494880736e-06
2522 9.47418635181e-06
2523 5.01233683238e-07
2524 1.68144545259e-05
2525 7.27487478796e-07
2526 4.14825160501e-06
2527 0.000130332379892
2528 1.29146109108e-07
2529 7.97477223744e-08
2530 1.31526125627e-05
2531 1.47979487544e-05
2532 5.11618756035e-05
2533 1.42571502913e-06
2534 8.08935923366e-05
2535 8.21979588125e-06
2536 1.41877539567e-06
2537 7.21440318699e-06
2538 8.4543295975e-05
2539 3.91393042495e-05
2540 6.49825545326e-06
2541 2.09681529078e-05
2542 0.0
2543 6.64798224328e-05
2544 0.00131467466464
2545 4.05863430715e-06
2546 1.52748122452e-06
2547 1.11255677915e-05
2548 1.2029172034e-05
2549 4.08962678843e-08
2550 3.30674584159e-06
2551 5.43079447482e-05
2552 1.63181439415e-05
2553 2.15581642195e-06
2554 2.90511540899e-05
2555 7.28771777488e-05
2556 0.000473311782461
2557 7.37732204408e-06
2558 6.15985668449e-06
2559 5.62806795226e-06
2560 8.73407783887e-06
2561 8.31839902903e-05
2562 1.41769398034e-05
2563 9.02165191022e-06
2564 5.39285876477e-06
2565 2.48488609454e-05
2566 3.0642056244e-08
2567 5.7417440757e-06
2568 9.07795634778e-05
2569 3.32608876822e-06
2570 0.0
2571 2.03933224773e-05
2572 1.50831688325e-05
2573 1.48957416257e-06
2574 1.0262679387e-05
2575 3.80888752166e-06
2576 2.23566820538e-05
2577 0.00031868930548
2578 1.93046453641e-05
2579 9.05546391308e-06
2580 1.13231485333e-06
2581 4.06422475446e-06
2582 1.71902562501e-05
2583 1.59180591715e-05
2584 0.000442971135275
2585 4.18886584297e-06
2586 0.000816761855026
2587 1.08301978856e-05
2588 8.08318747396e-06
2589 7.14656436971e-05
2590 6.61647103648e-06
2591 2.41154057185e-05
2592 1.67263160546e-06
2593 7.69211300649e-05
2594 1.16340524799e-05
2595 0.000161380255166
2596 0.0
2597 0.0
2598 6.29552437761e-05
2599 7.5987347354e-05
2600 3.94936483055e-08
2601 1.8159809213e-05
2602 1.6002659307e-05
2603 4.1951459845e-05
2604 0.000114234315159
2605 4.20718598916e-05
2606 4.97582436197e-06
2607 4.15076335011e-07
2608 1.83448278733e-05
2609 4.82528905054e-05
2610 0.000104850084561
2611 3.41829040747e-05
2612 6.66241731431e-05
2613 5.77286030041e-06
2614 2.05825696024e-07
2615 8.53274744179e-06
2616 1.48366405976e-05
2617 6.66382211406e-05
2618 4.26825845498e-05
2619 1.72808900442e-05
2620 1.0529189404e-05
2621 2.79576125204e-05
2622 2.45377607306e-08
2623 3.52711446878e-06
2624 9.76487346678e-06
2625 5.85875288586e-05
2626 1.27340314685e-05
2627 2.44318662782e-06
2628 0.00067926905686
2629 2.70639969713e-05
2630 5.18570568985e-05
2631 1.54627396929e-05
2632 6.91303757949e-06
2633 3.27170143074e-08
2634 0.00088934280773
2635 3.78317695899e-06
2636 1.50576956673e-06
2637 1.9426290538e-05
2638 5.17179459076e-06
2639 3.96299465606e-06
2640 2.208365628e-05
2641 3.35677372845e-05
2642 1.01149538152e-05
2643 0.00104926226613
2644 3.05353216598e-05
2645 1.94112196494e-05
2646 2.88792839468e-05
2647 2.1444675583e-05
2648 0.000211748256643
2649 0.000185436962582
2650 4.64413282529e-05
2651 3.83844859702e-07
2652 1.55443299517e-06
2653 8.62804273247e-05
2654 3.22084108161e-06
2655 2.76526143895e-06
2656 4.50316822026e-06
2657 1.07207737308e-05
2658 2.19129039204e-05
2659 3.81570760502e-05
2660 0.000106958099474
2661 1.80225735926e-05
2662 4.74997326865e-05
2663 4.19840929968e-05
2664 9.12728737698e-06
2665 4.30325301135e-05
2666 0.000264181769924
2667 3.4589614701e-05
2668 1.8596553202e-05
2669 0.000218836628755
2670 3.23444535294e-05
2671 6.04292405871e-07
2672 0.0
2673 1.19672697e-05
2674 2.09916010335e-05
2675 5.72764674257e-05
2676 2.06473714265e-05
2677 7.96548613292e-05
2678 1.02590466231e-05
2679 4.83709349707e-07
2680 3.13036605926e-05
2681 2.16617831958e-05
2682 0.000816969579606
2683 1.94849209885e-06
2684 0.00122054457008
2685 3.90700475967e-05
2686 1.51050378562e-06
2687 9.97032868039e-06
2688 2.08015514266e-06
2689 1.53959736971e-06
2690 3.86199141816e-05
2691 2.06668557862e-05
2692 0.0
2693 2.6247011314e-08
2694 1.51903504774e-05
2695 3.18132456495e-05
2696 1.93861639367e-06
2697 8.43161213188e-06
2698 2.85715796754e-06
2699 3.47610124332e-05
2700 5.50240695171e-08
2701 6.71931178661e-06
2702 3.36682109994e-06
2703 1.57576112211e-05
2704 2.9348076995e-07
2705 0.0
2706 7.6634638084e-06
2707 0.000260664987905
2708 9.07423410338e-06
2709 6.4316197883e-05
2710 4.03242061606e-06
2711 1.21136073296e-06
2712 1.75014070623e-05
2713 0.000643799479772
2714 0.00010645308505
2715 2.30659096178e-06
2716 0.000263716173008
2717 8.00551636255e-05
2718 1.81485325629e-05
2719 0.000177629983773
2720 5.48752070535e-05
2721 0.000301109147761
2722 0.0
2723 0.0
2724 2.63483607143e-05
2725 0.000555645984841
2726 3.69141826865e-06
2727 4.78495429774e-06
2728 5.54430579517e-06
2729 0.000366936766736
2730 7.57910555118e-05
2731 0.000289287273821
2732 5.44610936289e-06
2733 1.75269719504e-08
2734 1.8419113877e-06
2735 3.60619808756e-05
2736 1.52322706416e-05
2737 3.78896234411e-06
2738 2.49737939441e-06
2739 0.00127564959752
2740 1.3698670893e-05
2741 0.0
2742 5.73506360011e-05
2743 0.0180838279893
2744 7.29958873237e-05
2745 9.08453089136e-06
2746 5.5595435775e-05
2747 3.36184771871e-06
2748 2.88188245863e-06
2749 0.000757836560082
2750 0.000100896906885
2751 4.95265474606e-05
2752 5.2310687636e-05
2753 2.44775672198e-06
2754 4.39506468188e-05
2755 0.0204336492391
2756 5.78791988996e-05
2757 0.000821707102861
2758 4.8498705933e-05
2759 0.000852445387324
2760 1.93941013994e-05
2761 3.04701947259e-06
2762 2.88907517545e-05
2763 1.527972489e-05
2764 7.09225067362e-05
2765 3.08169844997e-05
2766 0.000765359989995
2767 4.12632344551e-06
2768 0.0
2769 1.24917391732e-05
2770 5.28504346311e-05
2771 0.000517972827441
2772 7.42995773271e-06
2773 2.63959393381e-05
2774 1.19975908275e-05
2775 2.45377607306e-08
2776 1.05654486933e-05
2777 1.09738318823e-07
2778 6.13321808179e-05
2779 0.000378258186776
2780 2.86692152651e-06
2781 0.000173111859623
2782 0.000203929812914
2783 3.42570109775e-05
2784 3.93623661274e-05
2785 2.0792023304e-05
2786 0.00144849969278
2787 4.41806298976e-05
2788 0.00078748505249
2789 0.0
2790 6.99504945636e-06
2791 2.58305594044e-06
2792 2.70184703157e-06
2793 0.0
2794 4.17852744601e-05
2795 3.10523766861e-06
2796 1.09241713873e-05
2797 9.55351148021e-05
2798 5.14059172042e-06
2799 6.93952762548e-08
2800 1.36320892948e-08
2801 6.51756233484e-05
2802 2.71455437579e-06
2803 4.37211645827e-07
2804 1.26787512528e-05
2805 5.52939742884e-06
2806 1.26691549593e-06
2807 0.000766460324845
2808 1.89496606128e-05
2809 0.0
2810 1.06246163523e-05
2811 0.000430619439732
2812 8.56177537222e-07
2813 0.000114450967411
2814 2.71332060289e-05
2815 0.0
2816 2.35032563953e-05
2817 3.33840182917e-06
2818 0.0
2819 6.10981401307e-06
2820 0.00023361795681
2821 2.90362707895e-06
2822 2.38947934839e-05
2823 5.1429252221e-06
2824 1.79204725883e-05
2825 0.0
2826 1.54045382666e-05
2827 8.87993739783e-06
2828 0.000225166482448
2829 6.01141003692e-05
2830 1.01756017443e-05
2831 4.47121722676e-06
2832 7.15834618882e-06
2833 6.55596153772e-05
2834 4.27585281022e-05
2835 4.57906276859e-07
2836 0.00085609651773
2837 0.00013546994299
2838 7.82115860938e-06
2839 0.0
2840 0.0205830167897
2841 3.81740705562e-05
2842 2.76744214324e-05
2843 0.0
2844 0.000228234004994
2845 0.000214451643475
2846 7.24555210571e-06
2847 1.13768798037e-05
2848 7.66151282245e-06
2849 9.16368072828e-06
2850 3.23405453454e-05
2851 8.99395716733e-06
2852 9.28233794966e-06
2853 1.59419267637e-07
2854 1.69160221565e-05
2855 5.96980920274e-05
2856 0.0
2857 9.69305654152e-06
2858 0.0
2859 1.75878954203e-05
2860 2.46938491617e-05
2861 0.0
2862 5.98107917808e-07
2863 4.27102764397e-05
2864 0.000150326804976
2865 4.24010016305e-05
2866 2.61553408438e-05
2867 7.49153823688e-05
2868 5.1761176682e-05
2869 8.19032848975e-06
2870 0.000152795413175
2871 6.76812221644e-06
2872 0.00121600603723
2873 7.93673952005e-05
2874 1.80973295438e-05
2875 0.000623996157495
2876 5.47378223955e-05
2877 1.70631806572e-06
2878 3.66753023501e-05
2879 1.01767666546e-06
2880 8.83253162228e-08
2881 3.10754192569e-05
2882 0.00119139578375
2883 4.83020352532e-06
2884 2.59061559783e-05
2885 5.10317733772e-07
2886 0.0
2887 2.97666406958e-07
2888 0.000864939989405
2889 7.63592769285e-06
2890 3.0646093102e-06
2891 0.000144278796347
2892 2.91413186879e-06
2893 1.20083004144e-05
2894 3.18647308111e-06
2895 4.74517602684e-05
2896 3.1368740495e-06
2897 0.000501274582781
2898 2.15885702628e-05
2899 6.58965386742e-06
2900 8.76348597521e-09
2901 1.13943381196e-07
2902 0.000212000528554
2903 0.0
2904 1.32633117283e-06
2905 0.000235104323558
2906 4.08337953147e-05
2907 6.64947061122e-05
2908 1.31754510713e-05
2909 7.84825409134e-06
2910 0.000504118102292
2911 4.38546452709e-05
2912 3.32778632234e-05
2913 6.73407538996e-05
2914 5.69029278031e-05
2915 0.00124188731911
2916 0.00035228100725
2917 5.84275673529e-05
2918 1.44884926402e-06
2919 6.88539892688e-06
2920 5.38397154223e-05
2921 4.58886896576e-05
2922 0.00149510181442
2923 0.0
2924 9.28143824185e-06
2925 0.000640453242522
2926 3.58266845613e-05
2927 1.62122624028e-06
2928 2.83687421184e-05
2929 0.0001121293242
2930 0.000497506052647
2931 1.75269719504e-08
2932 0.000141674682042
2933 0.000987805944915
2934 5.51992981233e-05
2935 5.40307302144e-06
2936 1.24912973433e-06
2937 0.00045561583477
2938 0.000191212953224
2939 1.53934955767e-05
2940 5.06010658881e-05
2941 2.93990045935e-05
2942 1.9602656163e-06
2943 3.12275372135e-06
2944 4.93713023097e-05
2945 5.30543149431e-05
2946 3.23144722462e-05
2947 0.00085789038371
2948 2.73351895961e-06
2949 1.7821596737e-05
2950 4.18194246486e-06
2951 0.000685144725887
2952 0.000187624738195
2953 2.7888752544e-07
2954 1.67638618597e-06
2955 1.15962421451e-05
2956 0.00150560497272
2957 5.39946121263e-05
2958 5.47434972298e-06
2959 0.0011844804602
2960 2.96295707869e-07
2961 2.2223397723e-05
2962 4.11155661621e-06
2963 1.72914235425e-05
2964 3.27170143074e-08
2965 2.29278264606e-05
2966 4.375909555e-06
2967 4.1563535497e-05
2968 2.11607884001e-05
2969 8.74310762197e-06
2970 3.05293886237e-05
2971 0.000485469348257
2972 1.49780791891e-07
2973 2.55505664058e-07
2974 6.07282242572e-05
2975 2.44368933164e-05
2976 6.13444018264e-08
2977 0.000599066524298
2978 1.46496473598e-06
2979 8.88047430583e-06
2980 4.68412704577e-05
2981 0.0
2982 3.64297504736e-05
2983 4.88732871694e-08
2984 3.34201275717e-06
2985 6.6157985881e-05
2986 1.97389322525e-05
2987 2.26362793253e-05
2988 4.54946339034e-06
2989 3.97609222044e-05
2990 0.000106051076259
2991 2.09757402047e-06
2992 2.8898284498e-05
2993 0.000165544498976
2994 6.56699558527e-05
2995 0.000533326839841
2996 7.78881342242e-06
2997 8.12270398524e-05
2998 2.44128109299e-06
2999 1.7827783847e-07
3000 2.86715703265e-05
3001 3.04082392968e-05
3002 0.000420235368775
3003 0.000944753822356
3004 0.0
3005 3.01492017092e-05
3006 0.0013523264613
3007 0.0
3008 5.32628889636e-05
3009 5.70525407463e-08
3010 1.66050214985e-05
3011 1.72768435136e-05
3012 0.0016223171168
3013 9.60356459413e-07
3014 1.03104817944e-05
3015 0.000813974541468
3016 2.11367393371e-06
3017 4.03374781439e-05
3018 0.00023944474448
3019 2.11096614141e-05
3020 0.00047051300652
3021 7.3072184081e-05
3022 0.00030085908511
3023 5.28008995537e-05
3024 1.47007787679e-05
3025 2.30247279049e-06
3026 0.000124772276932
3027 9.04232725643e-05
3028 0.000540321707262
3029 4.86431232811e-06
3030 0.000321641965417
3031 5.64422231047e-06
3032 0.0
3033 9.89395514506e-06
3034 7.7891669815e-05
3035 0.00111763961034
3036 0.000114477390681
3037 7.61111302789e-05
3038 0.0
3039 0.000256590276374
3040 5.09106613804e-06
3041 1.09328997295e-05
3042 2.50461710861e-05
3043 6.01086999259e-06
3044 9.01101901591e-06
3045 1.68649247688e-07
3046 6.68586568478e-07
3047 0.000137290939012
3048 4.88744561737e-06
3049 7.3365039009e-06
3050 8.00986326101e-05
3051 7.94276258569e-06
3052 7.92647959859e-05
3053 0.000540421616591
3054 1.57791433587e-07
3055 8.69518619837e-05
3056 2.45377607306e-08
3057 4.03655986031e-05
3058 1.24250695241e-05
3059 6.00874263292e-07
3060 0.0
3061 0.000152794152264
3062 2.68498860809e-06
3063 2.6925147944e-05
3064 6.35063545915e-07
3065 3.37496505087e-05
3066 2.51197057915e-05
3067 5.17341026422e-06
3068 5.27974239455e-06
3069 4.31178376479e-06
3070 7.76989909646e-06
3071 1.79197910577e-05
3072 0.0
3073 0.00178704716171
3074 6.68566110103e-05
3075 2.45377607306e-08
3076 1.20380697525e-05
3077 0.000707529164486
3078 7.67189078959e-05
3079 2.35742508281e-05
3080 4.04328461481e-05
3081 6.67823053791e-05
3082 2.56327521822e-05
3083 0.01308073419
3084 2.82240199146e-07
3085 6.21278913839e-05
3086 2.00728197136e-05
3087 1.43664882687e-05
3088 0.000320057136953
3089 1.86039329022e-05
3090 6.51062681285e-05
3091 0.000264149177798
3092 0.0
3093 3.22360485972e-07
3094 1.94675144293e-05
3095 1.51452540084e-08
3096 3.28622878208e-06
3097 3.9987596321e-05
3098 0.000998238816669
3099 0.00171511124526
3100 3.62701236919e-06
3101 3.96075903692e-05
3102 0.0130544484826
3103 0.000239843736878
3104 4.53644910212e-06
3105 0.000235260828767
3106 0.00010203619889
3107 5.19335702828e-05
3108 0.000126362341683
3109 3.15909118096e-05
3110 1.33048068134e-06
3111 2.56979460134e-05
3112 4.31219228927e-05
3113 2.78479374371e-06
3114 7.64864755932e-05
3115 0.00111947749802
3116 0.000110525448744
3117 5.3682236936e-05
3118 0.00037826472012
3119 0.000654974668158
3120 6.39895302287e-05
3121 3.22857563483e-05
3122 1.31497230582e-07
3123 2.89681897514e-08
3124 3.33453605649e-06
3125 1.91154109818e-05
3126 0.0
3127 1.75269719504e-08
3128 2.45377607306e-08
3129 1.83156856882e-07
3130 4.13599221028e-05
3131 6.23582826441e-07
3132 1.75269719504e-08
3133 4.37135373708e-05
3134 6.91284249635e-07
3135 1.24838109834e-06
3136 2.69968404665e-05
3137 7.22308761802e-05
3138 0.000993123052434
3139 6.73969317549e-06
3140 9.11961933031e-06
3141 0.000282636063799
3142 5.28925064637e-07
3143 3.33790369115e-05
3144 2.40439811902e-06
3145 7.87638547333e-06
3146 0.000800982149998
3147 7.91499248423e-05
3148 0.0
3149 6.39296430477e-05
3150 2.31524788171e-05
3151 0.000151260947904
3152 1.79434230615e-06
3153 0.000191432906454
3154 3.48949399202e-06
3155 0.00198804728521
3156 4.96808000156e-05
3157 6.50893253889e-06
3158 6.20900580224e-06
3159 4.66289027391e-05
3160 1.17362160552e-06
3161 2.23929629637e-05
3162 4.12809806645e-07
3163 6.72438788715e-05
3164 1.44713464897e-05
3165 5.77528309222e-06
3166 4.46967614374e-06
3167 3.056837133e-05
3168 4.62292547176e-06
3169 0.00078014122212
3170 9.52345900662e-05
3171 1.90243852402e-05
3172 1.01924624832e-05
3173 0.0002493991655
3174 2.3990820311e-05
3175 4.40834000073e-05
3176 1.30023460393e-08
3177 1.10280661e-05
3178 0.0012339623714
3179 2.3174337421e-05
3180 9.91949815854e-05
3181 1.75269719504e-08
3182 1.75269719504e-08
3183 0.00067276860455
3184 0.0
3185 6.26969000553e-05
3186 0.00115944480914
3187 1.2556877482e-05
3188 2.22522912791e-05
3189 4.91497729657e-05
3190 4.18711792899e-06
3191 9.8372957412e-06
3192 0.000845464333172
3193 4.96038832375e-06
3194 1.38567546554e-05
3195 7.05518431502e-06
3196 6.10837104507e-05
3197 0.00101290371657
3198 8.24998049843e-07
3199 0.000306116540701
3200 2.63642149958e-05
3201 7.09891050025e-07
3202 4.71329139894e-05
3203 8.68882381167e-06
3204 7.20011259904e-05
3205 0.000540803852651
3206 1.22174815071e-05
3207 0.000156103647962
3208 0.000870889916044
3209 1.02254690382e-05
3210 1.88618628863e-06
3211 5.54127794364e-06
3212 1.26672173011e-05
3213 1.97452536292e-05
3214 0.000153760244622
3215 0.000657179057699
3216 1.18634453247e-05
3217 3.55797530593e-07
3218 6.92255865923e-07
3219 2.89681897514e-08
3220 2.13082754586e-05
3221 0.000151629922464
3222 2.89026303907e-05
3223 7.34115584954e-06
3224 9.47680482181e-06
3225 0.000179840364324
3226 3.38564001871e-05
3227 0.000157841408488
3228 1.8614852968e-07
3229 1.26788380443e-05
3230 2.34361510067e-06
3231 0.0
3232 1.89686507857e-05
3233 3.51114633343e-05
3234 8.31866814233e-05
3235 2.87999096093e-05
3236 2.89395196854e-07
3237 7.53543114698e-06
3238 2.90103114779e-05
3239 0.000413223059385
3240 0.000234652810294
3241 0.000127650117163
3242 2.296229677e-06
3243 8.1331031566e-06
3244 1.38178248269e-05
3245 1.26166482509e-06
3246 9.70067621199e-06
3247 1.91402646615e-06
3248 2.26070620707e-05
3249 4.90931577907e-05
3250 1.9166339744e-06
3251 1.22478165512e-05
3252 4.46937784736e-07
3253 4.92354773249e-05
3254 0.000365301847226
3255 2.13301817541e-06
3256 1.53550636672e-05
3257 0.000105781039494
3258 0.000550035056887
3259 0.000537072084606
3260 1.15223479413e-05
3261 2.37107112604e-05
3262 6.62278374559e-05
3263 3.42841693188e-06
3264 0.000374362099226
3265 4.80852442452e-06
3266 0.000426196175702
3267 7.43221966976e-08
3268 0.000131127202459
3269 0.0
3270 3.8481020528e-06
3271 2.77664134583e-08
3272 1.84033205479e-07
3273 0.00119152968247
3274 0.000105553322293
3275 0.000156002087468
3276 0.000113263323488
3277 1.3000516439e-05
3278 7.68563510843e-05
3279 1.58679818342e-05
3280 2.02233381324e-05
3281 8.77858533991e-05
3282 4.44881756799e-06
3283 0.0
3284 1.6513553444e-07
3285 3.20451903518e-05
3286 7.73233231543e-06
3287 1.06541137767e-05
3288 0.000348493563319
3289 0.000490835015333
3290 1.55204219269e-05
3291 2.99914553251e-07
3292 0.0188324369254
3293 6.8501943836e-06
3294 5.12810446618e-05
3295 8.23248011714e-06
3296 0.00105501372947
3297 0.000548532912423
3298 2.88173634238e-05
3299 0.000421144371208
3300 7.87495616227e-05
3301 1.85368932494e-06
3302 0.000540727070574
3303 0.000294254982113
3304 1.32090563665e-05
3305 2.87065492782e-05
3306 1.95059366343e-06
3307 2.41102816753e-05
3308 7.85279108455e-06
3309 1.32745436532e-07
3310 4.23840552256e-06
3311 3.47618277017e-08
3312 1.96616672521e-08
3313 4.56440478776e-06
3314 0.000185939029733
3315 2.25513705762e-07
3316 2.42978714027e-06
3317 2.55751699069e-05
3318 5.56936378935e-06
3319 1.49599557096e-06
3320 0.000103910261239
3321 9.94760784771e-05
3322 0.000109351548438
3323 1.75269719504e-08
3324 1.88015826396e-07
3325 0.000342239970479
3326 1.65601144947e-06
3327 7.54569120515e-06
3328 8.82070030506e-05
3329 1.257031766e-05
3330 7.62729411313e-06
3331 6.30842496105e-05
3332 3.96828511344e-05
3333 7.378341949e-05
3334 5.7542628425e-06
3335 1.90465042269e-07
3336 0.000244935972975
3337 0.0
3338 3.94083305622e-05
3339 2.81031113214e-07
3340 6.44012572985e-05
3341 3.45652042046e-06
3342 5.69309982099e-05
3343 0.000530510606938
3344 5.14762260063e-06
3345 0.000568946520018
3346 0.000416387438826
3347 1.98866182446e-05
3348 0.000104507611311
3349 6.61692677355e-05
3350 7.28923966068e-06
3351 0.000135798478853
3352 6.40776536892e-05
3353 5.65216127312e-07
3354 0.000128450886394
3355 2.89681897514e-08
3356 4.04100505354e-05
3357 1.01017647778e-06
3358 1.71839421955e-05
3359 4.04817291144e-06
3360 4.3725824242e-06
3361 0.00147034953523
3362 6.37137515445e-06
3363 9.47435916854e-05
3364 0.0144568215604
3365 0.000306258900022
3366 0.000899708857829
3367 0.000174728757317
3368 4.29271290253e-06
3369 6.48392122963e-08
3370 0.000763493592875
3371 1.64596740732e-07
3372 2.23939007837e-06
3373 0.0
3374 3.48382041579e-05
3375 6.65576555011e-06
3376 5.80852083846e-08
3377 0.0
3378 9.14748505024e-06
3379 0.000575348036549
3380 5.93381421749e-06
3381 2.39203685797e-05
3382 1.82543230285e-05
3383 1.28435117417e-07
3384 1.56008039636e-05
3385 0.000203359198437
3386 0.000147898055396
3387 5.52620659294e-05
3388 2.9877191938e-05
3389 6.40699953804e-06
3390 4.67774775493e-06
3391 1.1346933671e-05
3392 2.32984832665e-05
3393 5.24037820272e-06
3394 8.59147413634e-06
3395 5.84421871255e-05
3396 0.00024816320957
3397 0.00016467970492
3398 0.000110825724962
3399 1.09136231274e-06
3400 8.21472026086e-06
3401 4.24219882223e-05
3402 0.0
3403 1.00596772212e-05
3404 4.40068762653e-05
3405 1.83573741063e-05
3406 2.5221164364e-06
3407 0.00020149756136
3408 0.0
3409 0.0
3410 2.75269324171e-05
3411 9.14954430561e-06
3412 0.000160325247342
3413 0.000622747097456
3414 0.0
3415 2.46677062019e-06
3416 1.49429527805e-05
3417 0.000128235933204
3418 0.000246364041365
3419 4.57619877129e-07
3420 0.000153760426911
3421 1.41252591199e-05
3422 2.76911242022e-05
3423 0.000361001130204
3424 1.44013286193e-07
3425 6.53947510661e-06
3426 5.75977220762e-07
3427 7.62375229888e-05
3428 2.81031113214e-07
3429 3.94902250812e-07
3430 3.06722009132e-08
3431 4.11527585271e-05
3432 1.65804381454e-05
3433 1.63302065953e-06
3434 0.000284328716677
3435 4.72091778941e-05
3436 0.000607015777201
3437 1.27458307811e-07
3438 0.206774826081
3439 1.4602381318e-05
3440 0.000246512586001
3441 2.83942829157e-05
3442 5.1798841118e-07
3443 0.00346888805786
3444 0.000262006276424
3445 3.06722009132e-08
3446 0.0
3447 3.27754375473e-07
3448 1.7307884801e-07
3449 0.00175935183653
3450 0.000895383672989
3451 3.72264498377e-06
3452 0.0
3453 4.85309918984e-06
3454 0.0
3455 2.49540815912e-05
3456 1.23690976947e-05
3457 0.000240021793768
3458 1.1004904485e-06
3459 6.28472133941e-06
3460 7.92434659091e-06
3461 5.70210365388e-06
3462 1.43942635634e-06
3463 6.92423819881e-06
3464 2.67170053747e-05
3465 1.48876466478e-05
3466 1.36376423436e-07
3467 1.04811735499e-05
3468 0.0
3469 1.97383551677e-05
3470 5.72959664585e-06
3471 4.63736648246e-06
3472 4.72188749681e-05
3473 2.07754425186e-06
3474 3.4023127798e-07
3475 2.32943273362e-06
3476 2.15857222487e-05
3477 8.26576491277e-07
3478 3.28645701698e-07
3479 5.47979007628e-07
3480 1.67016743572e-07
3481 9.71378183779e-06
3482 1.58253257596e-07
3483 1.5126342978e-06
3484 1.60379309382e-06
3485 6.22548978327e-06
3486 7.93036432283e-06
3487 2.52465028821e-05
3488 1.34453080185e-05
3489 0.000916667184387
3490 0.0
3491 1.52869275631e-06
3492 1.17047599489e-05
3493 8.64632200885e-07
3494 1.71465071464e-05
3495 1.1150129754e-07
3496 9.1627598968e-05
3497 9.64951353243e-06
3498 9.66262409481e-06
3499 2.25598572572e-07
3500 1.36455642543e-05
3501 1.36317794746e-06
3502 3.9662934302e-05
3503 2.04481339421e-07
3504 0.000500174660152
3505 8.91063519593e-07
3506 8.10470399677e-06
3507 0.00215616296129
3508 8.1018581249e-07
3509 1.0121188435e-05
3510 1.84877739365e-05
3511 1.70392866197e-06
3512 8.85752322466e-06
3513 2.38596527852e-06
3514 1.22688803653e-07
3515 0.000771122223429
3516 6.63839993963e-06
3517 1.34485621391e-07
3518 3.96082036531e-06
3519 1.24323139263e-05
3520 8.39852986218e-07
3521 2.27748242488e-06
3522 0.000226517955048
3523 8.03440779258e-07
3524 1.58253257596e-07
3525 7.76564755634e-06
3526 0.00016631401202
3527 1.62257997809e-05
3528 8.86356226401e-06
3529 1.62521189128e-05
3530 2.14398894189e-05
3531 6.8910211385e-07
3532 2.87442339987e-07
3533 2.3732512439e-06
3534 0.000144362526225
3535 2.22528849138e-05
3536 9.28072758035e-06
3537 0.000495975769265
3538 2.04481339421e-07
3539 1.7387876294e-06
3540 1.97571603983e-06
3541 2.67916341059e-05
3542 5.1263328799e-08
3543 9.49012368579e-05
3544 2.71045173236e-06
3545 0.000495204516556
3546 0.000343737103634
3547 0.000249828373058
3548 2.57486219448e-06
3549 6.70610962317e-07
3550 1.95441228258e-06
3551 2.03473853394e-05
3552 7.59814166203e-07
3553 1.8306683453e-06
3554 1.12611227441e-05
3555 8.30436721361e-06
3556 1.86580254033e-05
3557 0.00052068714629
3558 0.000127068765719
3559 3.33552707172e-05
3560 1.22724634661e-05
3561 0.0
3562 0.000524668096649
3563 1.67016743572e-07
3564 4.22516493618e-06
3565 7.29573927163e-06
3566 0.0
3567 1.40898177507e-06
3568 9.91261254333e-08
3569 0.000331124748943
3570 0.000147040479382
3571 0.0
3572 8.49326627876e-07
3573 0.0
3574 1.08671681883e-05
3575 4.65550674644e-06
3576 0.0
3577 0.00100953284607
3578 0.000357977574698
3579 0.000104566064373
3580 1.36376423436e-07
3581 3.77754931565e-07
3582 1.89875529463e-08
3583 0.0
3584 6.82746865155e-06
3585 0.00228011607214
3586 2.40703748119e-07
3587 2.55796229472e-05
3588 3.12289920929e-07
3589 3.06722009132e-08
3590 0.0
3591 6.58436103257e-06
3592 1.71189529853e-05
3593 0.000516619198218
3594 1.96937952089e-05
3595 1.0195449921e-07
3596 1.10279653038e-07
3597 0.00010599895126
3598 0.0
3599 1.37002497412e-07
3600 5.59904823586e-06
3601 9.09619836703e-07
3602 1.57737915164e-05
3603 1.72939559067e-06
3604 5.5758273891e-06
3605 0.000302996472766
3606 0.000165786203021
3607 7.97477223744e-08
3608 2.30041506849e-07
3609 2.6979997737e-06
3610 4.32987835017e-05
3611 0.000498498595713
3612 0.000225398691355
3613 1.29721293247e-05
3614 1.67016743572e-07
3615 6.14256132336e-06
3616 5.89688220113e-06
3617 0.000249304440899
3618 3.55603364852e-05
3619 6.69773896237e-06
3620 8.17925357686e-08
3621 6.41270664295e-06
3622 0.00014881058538
3623 4.34206056607e-07
3624 1.75460380685e-05
3625 1.76688253471e-06
3626 5.16808101824e-05
3627 1.41040144701e-06
3628 7.22468382436e-06
3629 8.24537864213e-06
3630 1.05088874241e-05
3631 9.68302715512e-08
3632 5.49235077925e-06
3633 5.28938974932e-07
3634 0.000140251080878
3635 6.21141090462e-06
3636 1.25537813313e-05
3637 3.33184433409e-06
3638 1.67280182698e-07
3639 9.55826992903e-07
3640 8.76348597521e-09
3641 1.19569296142e-05
3642 2.76049808219e-07
3643 1.15350876855e-05
3644 1.35058599998e-05
3645 2.49977896545e-06
3646 9.01365150403e-06
3647 1.77012671209e-05
3648 2.28671046808e-07
3649 2.02497671119e-05
3650 1.67016743572e-07
3651 0.0
3652 0.000100678625583
3653 3.67044004262e-07
3654 0.0
3655 1.3890516205e-06
3656 1.32191432132e-07
3657 4.06025625355e-06
3658 1.3886141868e-07
3659 3.18601592439e-06
3660 1.23937168196e-06
3661 6.63772504524e-07
3662 2.57076318881e-07
3663 3.37745634685e-06
3664 1.7659627821e-06
3665 1.70241591735e-06
3666 1.42051071172e-07
3667 2.07563147885e-08
3668 7.19867559211e-06
3669 9.43760028099e-09
3670 0.0
3671 1.07176332619e-05
3672 8.87666071654e-07
3673 0.000307538920749
3674 1.95331679034e-07
3675 0.000394064632219
3676 1.3437345162e-07
3677 0.0
3678 8.94032717678e-05
3679 2.04003007951e-06
3680 2.03868780604e-06
3681 3.95629523698e-05
3682 1.93855327923e-06
3683 6.66569332487e-07
3684 6.39082259375e-06
3685 0.00019441359378
3686 2.12199017417e-06
3687 0.0
3688 1.15170384468e-05
3689 0.0
3690 0.0
3691 2.24317128609e-05
3692 0.0
3693 0.000180423434825
3694 1.33175550892e-05
3695 3.22621174147e-07
3696 1.67016743572e-07
3697 2.65290194883e-07
3698 7.97268527777e-06
3699 3.47875676879e-06
3700 0.0
3701 0.0
3702 6.93775973037e-07
3703 4.80664176313e-05
3704 7.7805897826e-06
3705 0.0
3706 5.29300730788e-05
3707 2.49809743418e-05
3708 9.84758464286e-06
3709 8.38516837774e-08
3710 0.0
3711 3.11619049738e-06
3712 2.54511801936e-05
3713 1.66183341264e-06
3714 2.53696605315e-06
3715 2.58523987013e-05
3716 1.67410484848e-06
3717 0.0
3718 0.0
3719 2.94784049526e-05
3720 2.24316287518e-05
3721 1.24927665665e-06
3722 0.000394537271438
3723 1.38907625101e-05
3724 8.73953979077e-06
3725 2.49467234094e-07
3726 6.34588396527e-07
3727 1.5355618165e-06
3728 4.1082160011e-07
3729 4.36304318118e-06
3730 0.0
3731 9.30958850159e-06
3732 2.07487825807e-05
3733 0.0
3734 0.0
3735 2.36031293821e-05
3736 1.32304802195e-06
3737 4.52551073695e-06
3738 2.68529432616e-05
3739 1.40954371933e-05
3740 2.20889894455e-07
3741 4.23401627753e-06
3742 8.52627398564e-06
3743 8.17925357686e-08
3744 6.34588396527e-07
3745 0.0
3746 2.44355200609e-07
3747 0.0
3748 4.2814232032e-06
3749 0.0
3750 7.61692989345e-08
3751 0.000134311169274
3752 9.20166027397e-08
3753 0.000247775244788
3754 2.77376886599e-06
3755 5.40105291745e-07
3756 1.52958396174e-06
3757 0.000253790568342
3758 3.66783075535e-07
3759 2.05399880846e-05
3760 2.0306527927e-06
3761 6.81617589208e-06
3762 6.75345473095e-06
3763 4.41129098691e-06
3764 8.05893853039e-06
3765 2.47744691201e-05
3766 1.61012488001e-06
3767 1.22688803653e-08
3768 1.1189295097e-06
3769 2.05829539408e-05
3770 4.21384294126e-07
3771 1.35521256548e-06
3772 7.77809548001e-07
3773 2.10073815166e-06
3774 1.40531746614e-06
3775 9.21609109832e-07
3776 1.77527748127e-06
3777 1.11833588651e-06
3778 5.93651221374e-06
3779 1.89556272151e-06
3780 1.83773479568e-05
3781 4.5604437518e-06
3782 1.75269719504e-08
3783 2.65088605509e-05
3784 2.23070552096e-08
3785 7.51260770997e-06
3786 6.6298178211e-06
3787 1.89173693203e-05
3788 7.15684687975e-08
3789 2.83227630844e-06
3790 0.000495227732708
3791 1.46607008133e-05
3792 1.00615236904e-05
3793 7.57084170541e-06
3794 4.47107144363e-05
3795 2.98276662595e-05
3796 1.01454115494e-07
3797 5.4590172593e-06
3798 0.000167466504524
3799 0.0
3800 3.10527761787e-06
3801 2.97569271265e-05
3802 0.000495049322739
3803 2.66248818545e-06
3804 1.68659119176e-05
3805 3.07628056991e-05
3806 1.68194830982e-06
3807 1.13633201479e-07
3808 0.0
3809 0.0
3810 2.9140487944e-06
3811 3.02012472051e-05
3812 0.0
3813 5.06664860288e-07
3814 0.0
3815 1.08521167993e-07
3816 9.08543972911e-08
3817 6.68406648074e-08
3818 2.76681472772e-06
3819 1.17849293886e-05
3820 1.55894040139e-07
3821 0.0
3822 1.51880720845e-05
3823 2.03978057647e-05
3824 2.67579425141e-06
3825 2.69833370183e-05
3826 1.73792270952e-05
3827 2.21258729441e-05
3828 2.46502649424e-07
3829 1.35377602534e-05
3830 2.82992073392e-05
3831 0.00279127872384
3832 1.34573048347e-05
3833 6.81326908149e-06
3834 3.1464721232e-05
3835 6.77266981781e-08
3836 2.78277563157e-06
3837 5.39618265522e-06
3838 6.37752780718e-07
3839 5.21856089114e-05
3840 1.75060510804e-06
3841 8.65917245152e-08
3842 0.000212234398862
3843 1.86601171783e-05
3844 5.14185275517e-06
3845 0.0
3846 8.34624863989e-06
3847 0.0
3848 3.5973370576e-06
3849 7.62236822695e-08
3850 3.06722009132e-08
3851 3.08631535781e-06
3852 0.000135299066879
3853 6.35526163185e-06
3854 0.0
3855 0.0
3856 1.26271048404e-05
3857 0.0
3858 2.05911278858e-08
3859 1.35850844764e-05
3860 7.94774874104e-07
3861 1.66532310248e-05
3862 0.000397050543847
3863 9.86757896398e-07
3864 3.66459771863e-07
3865 0.0
3866 1.21255798227e-06
3867 7.49852192384e-06
3868 4.01231821628e-06
3869 4.44274692766e-07
3870 3.61379734697e-05
3871 2.18686647164e-05
3872 8.76348597521e-09
3873 0.000287845005335
3874 0.000350642040241
3875 8.42356894344e-08
3876 0.0
3877 1.21162852163e-06
3878 0.000241436599587
3879 5.40739179716e-06
3880 0.0
3881 1.68253375349e-06
3882 2.55711381121e-06
3883 5.01107161764e-06
3884 1.67016743572e-07
3885 1.59908265631e-05
3886 0.0
3887 2.32085436424e-05
3888 0.000495230512658
3889 2.10535958939e-06
3890 4.04608895233e-06
3891 1.62903467072e-07
3892 0.000508206672082
3893 7.21098030128e-08
3894 5.99058234015e-07
3895 4.35837369167e-07
3896 7.21547126461e-06
3897 7.85604083261e-06
3898 0.0
3899 7.1911636001e-07
3900 0.0
3901 2.45123077925e-05
3902 1.13717107195e-06
3903 0.000128428052313
3904 7.77288163076e-06
3905 9.75395969218e-07
3906 2.58961010567e-07
3907 1.66565844414e-05
3908 5.84445739316e-06
3909 2.26956437804e-06
3910 2.07631847526e-05
3911 0.0
3912 0.0
3913 1.15837350981e-07
3914 5.09628456827e-06
3915 1.05544590264e-06
3916 2.7339554332e-06
3917 8.14710713632e-07
3918 2.40318685856e-07
3919 0.00102834072619
3920 8.76348597521e-09
3921 1.99484382014e-07
3922 0.000993321966171
3923 0.0
3924 2.6270635755e-07
3925 6.6225172687e-06
3926 2.45377607306e-08
3927 0.000288107491952
3928 9.8907845699e-06
3929 1.49494286291e-06
3930 3.42000103755e-06
3931 4.94041333271e-05
3932 2.32422249954e-05
3933 6.95236554033e-08
3934 3.17515961305e-06
3935 3.12883530875e-06
3936 0.0
3937 1.43070050213e-06
3938 1.26168939033e-05
3939 0.0075987176206
3940 0.0
3941 3.24875464383e-06
3942 3.31233206803e-06
3943 0.0
3944 6.86911986012e-05
3945 3.29971699238e-06
3946 1.55901803813e-05
3947 1.75269719504e-08
3948 2.29129425615e-05
3949 0.000188157819401
3950 0.000248510032026
3951 5.90479842649e-06
3952 2.59527319344e-05
3953 2.04481339421e-08
3954 6.13444018264e-08
3955 0.000128509106278
3956 4.89198017089e-06
3957 5.00227472644e-06
3958 4.94617585153e-06
3959 5.82815725085e-06
3960 0.0
3961 9.8487861752e-07
3962 6.49000283641e-06
3963 0.000291376900985
3964 1.13633201479e-07
3965 2.91039448857e-06
3966 0.0
3967 0.000111632881421
3968 1.70505569856e-06
3969 0.000212516395567
3970 2.39698418977e-05
3971 5.00531728949e-07
3972 0.000111286439522
3973 3.941449815e-07
3974 5.75357234278e-06
3975 0.0
3976 8.38516837774e-08
3977 1.25550219257e-05
3978 1.46317189942e-06
3979 1.54696198983e-07
3980 1.92958996207e-06
3981 0.0248076420671
3982 5.5502077843e-08
3983 1.58589884531e-06
3984 0.0
3985 0.0
3986 9.61062295281e-08
3987 3.69234875755e-07
3988 0.0
3989 2.52534454186e-07
3990 0.000488260542271
3991 0.0
3992 2.04481339421e-08
3993 0.0
3994 6.44116219178e-08
3995 6.54924518547e-07
3996 6.39150243792e-07
3997 1.53361004566e-07
3998 3.09351054925e-07
3999 2.20985904675e-06
4000 1.22688803653e-07
4001 6.12421611567e-07
4002 0.0
4003 4.8053114764e-07
4004 0.0
4005 8.72112912633e-07
4006 0.0
4007 0.0
4008 0.0
4009 0.0
4010 2.46838188302e-07
4011 0.0
4012 2.04481339421e-08
4013 0.0
4014 1.02240669711e-07
4015 1.46510879695e-06
4016 0.0
4017 0.0
4018 6.92315392041e-07
4019 2.97958523157e-08
4020 2.07694617612e-07
4021 5.60278870015e-07
4022 6.35060617003e-07
4023 0.0
4024 4.47741104283e-06
4025 0.0
4026 0.0
4027 3.96839856577e-07
4028 5.76637377169e-07
4029 0.0
4030 0.0
4031 4.54211478095e-06
4032 0.00170926360585
4033 0.0
4034 0.0
4035 0.0
4036 0.0
4037 0.0
4038 7.15684687975e-08
4039 6.33892152207e-07
