node,pagerank
1 0.00600356114189
2 0.000243224433711
3 0.000185782595768
4 0.000204583515691
5 0.00022526617418
6 0.000178779045127
7 0.000182003619603
8 0.000223459670336
9 0.00021493069963
10 0.000577128323199
11 0.000144329889967
12 8.92125260993e-05
13 9.01805572489e-05
14 0.000326893172904
15 0.000258387693938
16 8.51716156072e-05
17 0.000124202380171
18 0.000230144992779
19 5.40011555382e-05
20 0.000333286808027
21 0.000254764182076
22 0.000610451741583
23 0.00014628996156
24 0.000358723369399
25 0.000205010411479
26 0.000710188995961
27 0.000574364193675
28 9.30600090751e-05
29 0.000225215490055
30 0.000165942285253
31 0.000183107676399
32 0.000252416699311
33 0.000137027738388
34 7.7021753976e-05
35 9.28844994965e-05
36 6.27399732443e-05
37 0.000167923543651
38 4.41962659379e-05
39 0.000133626970215
40 0.000168069276845
41 0.00049764211738
42 0.000399169349262
43 7.7021753976e-05
44 4.41962659379e-05
45 0.000126095064397
46 0.000132855065012
47 0.000118432296258
48 7.03116128502e-05
49 0.000248097413032
50 0.000139304109158
51 0.000134025709381
52 0.000120957763187
53 7.35146930449e-05
54 0.000368022861316
55 0.000112838655583
56 0.000168807765314
57 0.000708800492057
58 0.000191230067105
59 0.00020514790277
60 0.000190765639576
61 0.000100642037215
62 8.7716253655e-05
63 0.000245486733884
64 8.37029350349e-05
65 0.000127713790049
66 0.000139421042577
67 0.000153624008451
68 0.00062778962432
69 0.000189833802645
70 0.000123632350563
71 6.85680731355e-05
72 9.02696026014e-05
73 0.000225963814169
74 0.000138945416854
75 4.70689258951e-05
76 0.000152240443534
77 7.22843551627e-05
78 0.000104160709613
79 0.000179589398384
80 0.000132635032728
81 0.000275487953145
82 9.6163509998e-05
83 0.000326908589137
84 0.000120957763187
85 0.000167594777516
86 0.000158298715104
87 0.000135021019666
88 0.00015226354519
89 0.000241096451749
90 0.000180707002601
91 7.98745926906e-05
92 0.000206235929675
93 0.000250760799145
94 0.000159444118295
95 0.000260992373633
96 0.000141809426468
97 0.00012615710748
98 9.78910336037e-05
99 0.000460697655374
100 0.000269480329189
101 0.000154852089541
102 0.000233679384685
103 0.000135496829951
104 0.000157269368233
105 0.000284473417694
106 0.000151221765769
107 0.000108410498111
108 0.0069139663101
109 0.000173908758341
110 0.000341494695841
111 0.000135273237973
112 0.000253266664482
113 8.83313126588e-05
114 0.000392694712289
115 4.70689258951e-05
116 0.00035776370362
117 0.000277511407768
118 9.64304167268e-05
119 0.00033849813631
120 0.000637456619672
121 7.95726744981e-05
122 0.000144124204038
123 0.000551674059012
124 0.000172799859978
125 9.8295353981e-05
126 6.56852986486e-05
127 0.000108499048704
128 0.000212569089279
129 0.000253577135107
130 0.000107477755581
131 0.000197051578934
132 0.000153260448066
133 0.000176357221934
134 0.000197537452777
135 0.000181789876293
136 0.000150831694765
137 0.000586977421249
138 0.000286086403172
139 6.38929116454e-05
140 0.00013678497701
141 0.000190553004142
142 0.000250215241296
143 0.000395516719101
144 0.00025914774394
145 0.000249660128461
146 7.98745926906e-05
147 0.000123823108811
148 0.000140412214547
149 0.000205116492447
150 0.000231588165776
151 0.000171939898161
152 0.000132521856806
153 0.000103357979461
154 5.47067909178e-05
155 6.82607954326e-05
156 9.08872766583e-05
157 0.00014016694801
158 9.40611932061e-05
159 0.000250257628115
160 0.000177304697397
161 6.18174912767e-05
162 0.000232765895331
163 0.000146938437036
164 0.000107765991993
165 6.49119204546e-05
166 0.00012474203424
167 9.94481012652e-05
168 0.00014689811429
169 0.000143264554354
170 0.000400688422224
171 0.000443075421546
172 0.000361567842757
173 0.00039015214126
174 0.000204458970607
175 0.000114289764134
176 0.000333312593827
177 0.000147206980614
178 0.000228809111176
179 0.000160324342932
180 0.000115601797936
181 0.000241970249142
182 0.000197472236945
183 0.000103110431473
184 5.64259527731e-05
185 0.000232542466677
186 0.000245988986778
187 0.000410235438805
188 0.000201600749144
189 0.000434107188617
190 0.000127713790049
191 9.01072328556e-05
192 6.71120687808e-05
193 0.000154311112666
194 0.000137036486907
195 0.000229750028414
196 0.000179589398384
197 0.000163905191484
198 0.000212037598013
199 0.000252219731687
200 0.00042443041588
201 0.000508318036871
202 0.000111988635658
203 9.23581392579e-05
204 0.000524671876205
205 0.000257629738895
206 7.35146930449e-05
207 8.25774738037e-05
208 6.18613871956e-05
209 9.28765982193e-05
210 4.70689258951e-05
211 4.70689258951e-05
212 0.000281577685896
213 0.000179867551562
214 0.000389114405776
215 0.000292951158502
216 4.70689258951e-05
217 6.52107695151e-05
218 0.00013801070797
219 0.000179589398384
220 0.000148207449042
221 9.68707977937e-05
222 0.000102210073937
223 0.000135546758014
224 0.000238277933136
225 0.000262621512269
226 0.000208449915326
227 0.000230217980054
228 0.000300237313054
229 7.13545053149e-05
230 9.85389377976e-05
231 0.000226081070901
232 0.000221724264329
233 0.000225754266943
234 8.21020248468e-05
235 5.43690086689e-05
236 8.22826406772e-05
237 0.000347783076211
238 0.000120957763187
239 0.000218845592825
240 0.000530849669805
241 7.46540832006e-05
242 7.68615289674e-05
243 0.000275888515613
244 0.000169477172945
245 8.21020248468e-05
246 0.000129068701173
247 0.000153593219051
248 7.41257410477e-05
249 0.000206837978728
250 0.000280641856986
251 7.73731798725e-05
252 0.000190869370821
253 0.000548366615755
254 9.78910336037e-05
255 0.000211278165954
256 7.68615289674e-05
257 8.21020248468e-05
258 0.000188178100287
259 0.000160780148181
260 0.000206235929675
261 0.000138339006204
262 0.000353882030153
263 9.68707977937e-05
264 0.000154102243429
265 0.000135273237973
266 0.000248534548488
267 0.000221552407979
268 6.41489914099e-05
269 0.000121375669597
270 0.000121239855932
271 8.23697990932e-05
272 0.000607604947485
273 0.000433152329639
274 0.000179589398384
275 0.000153426250598
276 0.000197472236945
277 0.000177899021507
278 0.000592956127835
279 0.00021047521719
280 6.25778150948e-05
281 0.000411919999101
282 0.000209841124687
283 8.21020248468e-05
284 9.13176291366e-05
285 0.000211492553124
286 0.000425281936692
287 7.44163617861e-05
288 4.70689258951e-05
289 6.94760799178e-05
290 9.40274100182e-05
291 0.000145772542656
292 0.000354928460024
293 4.70689258951e-05
294 8.83313126588e-05
295 6.95323626054e-05
296 0.000119637554797
297 0.000154102243429
298 0.000227223674019
299 0.000122072911885
300 0.000242819378835
301 0.000109298156629
302 0.000116681042611
303 0.000238591549573
304 0.000203828195106
305 0.000497445665629
306 6.15438826803e-05
307 0.000179589398384
308 0.000101406266832
309 0.000231464610178
310 0.000150831694765
311 0.000236236711337
312 9.89783147636e-05
313 0.000438752343112
314 0.000348517688988
315 0.000145211377222
316 0.00051866699293
317 5.7963372292e-05
318 0.000102683340433
319 0.000123287219148
320 0.000180707002601
321 0.000268762869336
322 8.24689307158e-05
323 0.000648322022807
324 0.000358753232728
325 0.000287172768498
326 0.000342137548737
327 0.00030515920172
328 0.000106208372076
329 0.000179589398384
330 0.000342643490095
331 0.000199661314931
332 0.000198669713009
333 0.000398623408049
334 0.000146850657047
335 0.000262524740055
336 4.70689258951e-05
337 6.50225468153e-05
338 0.000177739066998
339 9.62581494071e-05
340 0.000299718832514
341 9.27909927326e-05
342 0.000129792766885
343 0.000305738343091
344 0.000294761951824
345 0.000106093382843
346 0.000166781873607
347 0.00031588575417
348 0.000107890521213
349 0.00231913873213
350 8.38201779506e-05
351 0.000226838016286
352 0.000128925407353
353 0.000185113416624
354 0.00060449726931
355 0.0002327984767
356 0.000315444968774
357 8.83057533579e-05
358 0.000207920890581
359 4.58976464007e-05
360 0.000250149698171
361 0.000321002501722
362 0.000229639439661
363 0.000177420702744
364 0.000628369116455
365 0.000206044312042
366 7.49653026121e-05
367 0.000608480242263
368 0.00025440249955
369 0.000250116357457
370 0.000274123297558
371 0.000485730307551
372 7.11868326963e-05
373 0.00018281135676
374 0.00069272222886
375 0.000440410946393
376 0.000146013160505
377 0.000903038134451
378 6.91295233382e-05
379 0.000399147424511
380 6.61728645831e-05
381 0.000148971449637
382 0.000153641917008
383 0.000135030002197
384 8.18445996991e-05
385 9.40484441009e-05
386 7.89613407025e-05
387 9.76273570104e-05
388 0.000283173173722
389 0.000262355695307
390 0.00041344155797
391 7.86228713454e-05
392 0.000406906014814
393 0.000261857797373
394 0.000163087020188
395 0.000258416449312
396 0.000529428311368
397 0.000243831219708
398 0.000389482745187
399 0.000237587561624
400 0.000183842613638
401 0.000480898597821
402 7.37995355899e-05
403 0.000413998366396
404 0.00018794543601
405 0.000347292079019
406 0.000131643769709
407 9.01792657524e-05
408 0.000172072481501
409 0.000369028768849
410 0.000243466934555
411 0.000155427118454
412 9.11247037696e-05
413 0.00068048684227
414 0.000166293045786
415 0.00179521206064
416 0.000207823463075
417 0.00017555976896
418 0.000393278939419
419 0.000194505153329
420 0.00042753746438
421 0.000237979704416
422 0.0002033287595
423 0.000528319226589
424 0.000400553229015
425 0.000204417019944
426 0.000179008654504
427 0.000169441106187
428 0.000129133591426
429 0.000799636157999
430 0.000133965712567
431 0.000262966622425
432 0.000484981959683
433 0.000385727101465
434 0.000134114623192
435 0.000263042059541
436 0.000124849041405
437 0.000463997665662
438 0.000224262519403
439 0.000473392895765
440 0.00030402637283
441 0.000135781699791
442 0.000183842613638
443 0.000125211771659
444 7.04802218966e-05
445 0.000330816587485
446 0.000216067638046
447 0.000159632459318
448 4.58976464007e-05
449 5.9737494627e-05
450 0.000124207787413
451 0.000202360517992
452 0.000196975822227
453 0.000317379779571
454 0.000143796082192
455 8.81232502505e-05
456 0.000323149283555
457 0.000400047988639
458 0.000229403204123
459 0.000220936525261
460 0.000137510587291
461 0.000478811737722
462 0.000350977033344
463 0.00018689751685
464 0.000329284826801
465 0.0001128558939
466 0.000553999187913
467 0.00011488954251
468 0.000106549763835
469 7.04802218966e-05
470 0.000228237714597
471 0.00017014405903
472 0.000202465836849
473 9.68061418975e-05
474 0.000234899695641
475 0.000192758403195
476 0.00080112728962
477 0.000142989608875
478 0.000152521431789
479 0.000108084941367
480 0.000256026633608
481 0.000103468519475
482 0.000248517793956
483 0.000237345928621
484 0.00228734694442
485 0.000649719072959
486 7.93031715122e-05
487 0.000194788286161
488 0.000230942127783
489 0.000211551181749
490 0.000218962153381
491 0.000139528637968
492 0.000124232747377
493 0.000418507396032
494 0.000374176901582
495 0.000183158821141
496 0.000187403875867
497 0.000293328759199
498 0.000565674364967
499 0.000140002500297
500 8.36731483891e-05
501 0.000559948650628
502 0.000183842613638
503 0.000113034919249
504 0.000380398348211
505 0.000384397818211
506 0.000155005246618
507 0.000490095869099
508 0.000433871868367
509 0.000158866650811
510 0.000175786672311
511 0.000227865446165
512 0.000209991120258
513 0.000207702330677
514 0.000613591808005
515 0.000416495146366
516 0.000404397460015
517 0.000218711859624
518 0.000731050498905
519 0.000212593584413
520 0.000211829592235
521 0.000345228372194
522 0.000129608801686
523 0.000132333784846
524 0.000316639607927
525 0.000418097456742
526 0.000437220169046
527 0.000485921422538
528 0.000304569478188
529 0.000127385306728
530 0.00011326687622
531 7.05909348451e-05
532 0.000356292710929
533 0.000236693258768
534 9.52000596543e-05
535 0.000107194012756
536 0.000116507049886
537 0.000163940754921
538 0.000272909124447
539 0.000560302876562
540 0.000210398694866
541 9.55853385645e-05
542 0.000110086794904
543 0.000395544881061
544 0.00018979409354
545 0.000443752801645
546 0.000325471331212
547 0.000249033497151
548 0.000266989690758
549 0.000249027862116
550 0.000109293516941
551 4.58976464007e-05
552 0.0001944852177
553 9.40484441009e-05
554 0.000598532836902
555 0.000201632656616
556 0.000302385599739
557 0.000356298692022
558 0.000280872739453
559 0.000170581061659
560 0.000543083595875
561 0.000219875021226
562 0.000533433223977
563 7.77400633098e-05
564 0.000754583907642
565 0.000210313905477
566 0.000157934550383
567 0.000617854697762
568 0.000471277885312
569 0.000137359444513
570 0.000131162893819
571 0.000263564923171
572 5.91317046609e-05
573 0.000106549763835
574 0.000349218359624
575 0.000146057517808
576 0.000151248679003
577 0.000171201616196
578 0.000248381877789
579 0.000268852825277
580 0.000421916257759
581 0.000576852848132
582 8.14683806156e-05
583 0.000238497714045
584 0.000279708853243
585 0.000191408775339
586 4.6755545926e-05
587 9.06636002601e-05
588 0.000109374755675
589 0.000170968846305
590 0.000237364156376
591 0.000152464517931
592 0.000313504735597
593 0.00044954323333
594 7.74142415091e-05
595 0.000201503151528
596 0.000219080854259
597 0.000375462773155
598 0.00024300581766
599 0.000186664030621
600 0.000259401745617
601 0.000269835050905
602 0.000193648102793
603 4.6755545926e-05
604 0.000207959636166
605 0.000253048794763
606 0.000206487326339
607 0.000555124725533
608 4.6755545926e-05
609 4.6755545926e-05
610 0.000303269470961
611 7.03334799287e-05
612 0.000188838250547
613 0.000178809560789
614 4.6755545926e-05
615 0.000218976681126
616 0.000269997199712
617 0.000243842345743
618 0.000288069994056
619 0.000271471966551
620 0.000283723267542
621 0.000206517039883
622 0.000110570295592
623 0.00017032667443
624 0.000200280110076
625 4.6755545926e-05
626 0.000240436053572
627 0.000171786187156
628 0.000268852825277
629 0.000152843472484
630 0.000106042462905
631 0.000413129865058
632 0.000150091955054
633 0.000249715636867
634 0.000178227872749
635 0.000150396152899
636 0.00024476336629
637 0.000272148009303
638 0.000681174646969
639 4.6755545926e-05
640 0.000137922352471
641 0.000258825341127
642 0.000395845322108
643 8.14683806156e-05
644 0.000269835050905
645 0.000272940630601
646 0.000228471684169
647 0.000128424753537
648 0.000219301593288
649 5.65906690174e-05
650 8.38350675318e-05
651 0.000249558823515
652 0.000474426108836
653 6.46467356653e-05
654 0.000297173327288
655 0.000347716041245
656 9.25433032684e-05
657 5.74266398489e-05
658 0.000108957624269
659 0.000268852825277
660 0.000268852825277
661 6.85964917228e-05
662 0.000269835050905
663 0.00026927013358
664 0.000126308216973
665 0.000199365712603
666 0.000211056435458
667 0.000197538113165
668 7.40571716897e-05
669 4.6755545926e-05
670 0.000239474866468
671 0.000258412496506
672 7.02412363924e-05
673 0.000110572433545
674 6.46467356653e-05
675 4.6755545926e-05
676 0.000259138483681
677 0.000143150562778
678 0.000247244776232
679 0.000287795808594
680 0.000104584303968
681 0.000290757187536
682 0.000259962156782
683 0.000170683330694
684 0.000235083187375
685 0.000230519644042
686 0.000196884080105
687 0.00219541042046
688 0.000291940038748
689 0.000454478716653
690 0.000155970483164
691 0.000116454722681
692 0.000122962125722
693 4.81327396918e-05
694 0.000161018857742
695 0.00054067840618
696 0.000403351716185
697 0.000305081674289
698 0.00053811012662
699 0.00131113176168
700 6.35250973697e-05
701 0.000101210786305
702 0.000213801470958
703 0.000157552947543
704 0.00044982417227
705 8.91444142631e-05
706 0.000687632985037
707 0.000188551945413
708 0.00018365677813
709 0.000326754662067
710 0.000189293118827
711 0.000109132527879
712 0.000214969410869
713 0.000229610577055
714 0.000733108724064
715 0.000250457910552
716 0.000122841247104
717 0.00015185833818
718 0.000118485943867
719 0.000308106507917
720 0.000635152869366
721 0.000222989086826
722 8.98381258988e-05
723 0.000165220852658
724 0.000145593711784
725 0.000470154529752
726 0.00015512463103
727 0.000350338806336
728 0.000282610427032
729 0.000385010083639
730 0.000237172943866
731 0.000177885931641
732 0.00025836800443
733 0.000258066362068
734 0.000133430781816
735 0.000262310346506
736 8.13174287935e-05
737 0.000233454319059
738 0.00017696681379
739 0.000264102607016
740 0.000316755146448
741 0.000130706855187
742 0.000192085487971
743 0.000180732794854
744 7.80538164219e-05
745 5.84819221458e-05
746 0.000575283000676
747 0.000163409220768
748 0.000580036306229
749 0.000214426822759
750 7.36867883099e-05
751 5.80430086663e-05
752 0.000141915274111
753 0.000363471080644
754 0.000195332046449
755 0.000293168178322
756 0.000214141155843
757 0.000126993805449
758 0.00012027993436
759 0.000221681929081
760 0.000128997118892
761 0.00030185401885
762 0.000110049344632
763 0.000151236369259
764 0.000175965314976
765 0.000289277447199
766 0.00016601467673
767 0.000346949386603
768 0.000154785394636
769 0.000231864038946
770 0.000222719839067
771 0.000315255706117
772 0.000255492918217
773 0.000206386196363
774 0.000350699806675
775 0.00038587485576
776 7.36867883099e-05
777 0.000238882022965
778 0.000203280375361
779 0.000180539373283
780 0.000198787416148
781 0.000334133914992
782 0.000507934150278
783 0.000221299606985
784 0.000201985901708
785 0.000411526825392
786 7.25077160985e-05
787 0.000150523318959
788 0.000306789095463
789 9.35732301074e-05
790 0.000230491196532
791 8.54655158707e-05
792 0.000139251368137
793 0.000246991581003
794 0.000230092549561
795 0.000163115621241
796 0.000211562508197
797 0.000135143169706
798 0.000281613587913
799 0.000161099657554
800 0.000157842468551
801 0.000393248179476
802 4.81327396918e-05
803 0.000107920146855
804 0.000245592728871
805 0.000268276173796
806 0.000645531357698
807 0.000270349422701
808 0.000219327155396
809 0.000123235943512
810 0.000203142393645
811 0.000323360027148
812 0.000146612664986
813 0.000108607091784
814 0.000147865763983
815 0.000268918145028
816 0.000380701343594
817 0.000160467275776
818 0.000259357274485
819 0.000262338448126
820 0.000360009991409
821 0.000378831789582
822 0.000117621401558
823 0.000260130879989
824 0.000553561766069
825 0.000578433073313
826 0.000141015702137
827 0.000135945465564
828 0.00044072006107
829 0.000802871554972
830 0.000366962759564
831 0.00054501804788
832 0.000174631673725
833 8.7245075676e-05
834 0.000270346027547
835 0.000410975798133
836 0.000217872676671
837 0.000149627930838
838 0.000157607135032
839 0.000232698624417
840 0.000263413061121
841 0.000287203429489
842 6.20103491752e-05
843 0.000366082323598
844 0.000153349106606
845 0.000159669469894
846 0.000240804922684
847 0.000103803945629
848 0.000272733979935
849 0.000243800901824
850 0.000316267559733
851 0.000159134754634
852 7.39259255098e-05
853 0.000118485943867
854 0.000428673888056
855 6.58691639438e-05
856 0.000118485943867
857 0.000525898349213
858 0.000204634765313
859 0.000156287680825
860 7.81118684059e-05
861 6.04545554912e-05
862 0.000190383742226
863 0.000295613629669
864 0.000212441869245
865 0.000135164805467
866 9.96876082385e-05
867 0.000161050358257
868 0.000226376217179
869 9.96876082385e-05
870 0.000125224186215
871 0.000212383837454
872 0.00019981050317
873 0.000199390762741
874 0.000174052886747
875 0.000199390762741
876 5.33961949754e-05
877 0.000212441869245
878 0.000125164083379
879 0.000194978810457
880 0.000186217952036
881 0.000113933918768
882 0.000211456222797
883 0.000161868725618
884 5.33961949754e-05
885 0.000120929754709
886 0.000259341149404
887 0.000166544926915
888 0.000174052886747
889 0.000177024199626
890 0.000245707360901
891 0.000126046355842
892 5.33961949754e-05
893 5.33961949754e-05
894 0.00011385012257
895 0.000133737144401
896 0.00018437146949
897 0.000612399850251
898 0.000256923583439
899 0.000209669539067
900 6.84434490119e-05
901 0.000127280145676
902 0.000274338692687
903 0.000233635986704
904 0.000272446191982
905 8.56451114066e-05
906 0.000136131750704
907 0.000290208309922
908 8.68890468693e-05
909 0.000291687347774
910 0.00017675373732
911 9.85027470785e-05
912 4.28873131407e-05
913 0.000127701527203
914 0.000264066557767
915 0.000125152151886
916 0.000230344496062
917 0.000432103296461
918 0.000740662279161
919 4.28873131407e-05
920 0.000170400541776
921 0.000100704567009
922 0.000330914274977
923 0.000150405936676
924 0.00010293457875
925 0.000352024632388
926 0.000497030951585
927 0.000104002870593
928 0.000270046246842
929 0.00011523392992
930 8.73226776611e-05
931 0.000334313732245
932 0.000138134857575
933 0.000227244535871
934 0.000155334460213
935 0.00027541992008
936 7.53174227332e-05
937 0.000239548445571
938 9.65527942265e-05
939 0.000236541507081
940 0.000168882546045
941 0.000141678508756
942 0.000307185862808
943 0.000332032226034
944 0.000120729285995
945 0.000258904440146
946 5.81698371477e-05
947 0.000489833986509
948 0.000355689987097
949 0.000247623220529
950 0.000180892032144
951 0.000116267407154
952 0.000169009973163
953 0.000277504866463
954 0.000344303221538
955 0.000292198259416
956 0.000163159347321
957 0.000156922506201
958 0.000318892105964
959 0.000202477888115
960 0.00017364648177
961 0.000327192404794
962 0.00014410743939
963 0.000198787637815
964 0.000265043674575
965 0.00021032882356
966 0.000134838045569
967 0.00033690165832
968 0.000346016285991
969 0.000250050312082
970 0.000183818148163
971 0.000157790568517
972 0.000198648545422
973 9.81562432814e-05
974 0.000146341501664
975 0.0001189789166
976 0.00027360835045
977 0.000164455196584
978 0.000221400783035
979 0.000331424667771
980 0.000160814574738
981 0.000406025341418
982 0.000238403503726
983 0.000249600773664
984 0.000208778208261
985 0.000213928299433
986 9.35776266015e-05
987 0.000108088127398
988 9.19985719872e-05
989 0.000208036468787
990 0.000185564507086
991 0.000271079914117
992 0.000163626778572
993 0.000250867648171
994 0.000452646266403
995 0.000167267461866
996 0.00027103259739
997 7.16075712843e-05
998 0.000314597646118
999 8.04513167107e-05
1000 0.000264681774293
1001 0.000177707814026
1002 0.000241427434624
1003 0.000115356589114
1004 0.000322536370085
1005 0.000354175025006
1006 0.000129203309274
1007 0.000422913859677
1008 0.000116543882215
1009 9.51111225739e-05
1010 0.000287064337595
1011 0.000275205901278
1012 0.000231846560688
1013 0.000199393053045
1014 0.000123102548819
1015 0.000493333649016
1016 0.000188916899038
1017 0.000149209896608
1018 0.000440503216719
1019 0.000254296962486
1020 0.000289600581484
1021 0.000317283621903
1022 0.000300751562792
1023 5.70491973265e-05
1024 0.000110633028271
1025 0.000309555600924
1026 0.000198630601787
1027 0.000291602602331
1028 8.98051376473e-05
1029 0.000221573648064
1030 0.000510952728381
1031 0.000177223090606
1032 6.709383973e-05
1033 0.00042301210772
1034 0.000175074339337
1035 5.69434940589e-05
1036 0.000196691706287
1037 0.000286254709675
1038 0.000253450681611
1039 7.03085456498e-05
1040 0.00011125055816
1041 0.000225724817117
1042 0.000351403520453
1043 0.000128303250468
1044 0.000183530552398
1045 0.000155993191393
1046 0.000167760639047
1047 9.05567384955e-05
1048 0.000230182092229
1049 0.000340224933686
1050 0.000299550170632
1051 0.000129912108463
1052 0.000312918774368
1053 0.00041458028861
1054 0.000117180701643
1055 0.000200613530769
1056 0.00014387182831
1057 0.000233935919968
1058 9.08211393352e-05
1059 8.62110129005e-05
1060 0.000482584147676
1061 0.000254724243198
1062 0.000123911225589
1063 0.00017641208475
1064 0.000100586420605
1065 0.000240145832905
1066 5.1501993065e-05
1067 0.000345230505835
1068 0.000379948321824
1069 0.000184360900115
1070 9.90705546687e-05
1071 0.000542988087737
1072 8.13720292761e-05
1073 0.000203240250447
1074 0.000114056468911
1075 0.000233508135669
1076 0.000294260398135
1077 0.000412128903387
1078 0.000142098938527
1079 0.000520873368479
1080 0.000359623450085
1081 0.000370314159378
1082 0.000171744408497
1083 0.000282142627227
1084 0.000323214560444
1085 8.80855581096e-05
1086 0.000603284807726
1087 0.000668659420559
1088 0.000106030456342
1089 0.000155819174656
1090 0.000140229365751
1091 0.000132430954892
1092 0.000113490088762
1093 0.000185594458579
1094 9.43480296957e-05
1095 0.000113636190927
1096 0.000167517787991
1097 4.28873131407e-05
1098 0.00029092252104
1099 0.000233957683225
1100 0.000289547106467
1101 0.000327934087743
1102 0.00036618321515
1103 0.000265959357017
1104 8.18146036243e-05
1105 0.000512207657572
1106 0.000115356589114
1107 0.000217232305482
1108 0.000409101697303
1109 0.000218915145876
1110 0.000276772928252
1111 0.000286540698457
1112 0.000146934298477
1113 0.000191523931871
1114 0.00029730439314
1115 0.000256167872972
1116 0.000188268191029
1117 0.000119911002914
1118 0.000366289617527
1119 0.00028171051109
1120 4.28873131407e-05
1121 0.000261394566983
1122 0.00018488003223
1123 0.000308149411992
1124 0.000268631152975
1125 0.000414439699122
1126 0.000345075904726
1127 0.000580544932111
1128 0.000201576897122
1129 0.00034172119144
1130 0.00029770632932
1131 0.000226277595451
1132 0.000237003745376
1133 0.000410989028719
1134 8.45011328581e-05
1135 0.000127925985483
1136 0.000244483067063
1137 0.000313916697188
1138 0.000239965986935
1139 0.000212209480784
1140 0.000187588385321
1141 0.0001013977307
1142 0.000154667004884
1143 0.000219647441325
1144 0.000102262210986
1145 0.000216675188001
1146 4.28873131407e-05
1147 0.00044260316281
1148 6.39523805373e-05
1149 0.000328306726603
1150 0.000313283244011
1151 0.000129203537148
1152 6.76951422236e-05
1153 0.000126739851745
1154 0.000404772073698
1155 0.000107832939809
1156 0.000269386071065
1157 0.000307581695311
1158 7.46271211079e-05
1159 0.000358538294034
1160 0.000392084665451
1161 0.000300003964574
1162 0.000153367921041
1163 9.80126026088e-05
1164 0.000300499430718
1165 0.00011305064
1166 0.000239687781204
1167 0.000310372084162
1168 0.000205309813867
1169 8.18177973659e-05
1170 0.000159068666251
1171 0.000229013655329
1172 0.000243120867859
1173 0.000337637108378
1174 0.000402288241178
1175 0.000193267324356
1176 0.000406989819486
1177 4.72772820767e-05
1178 0.000207897034517
1179 0.000140258644929
1180 0.000280468279566
1181 0.000165828058279
1182 0.000287147667055
1183 0.000242923469862
1184 0.000236984523607
1185 0.000457399331877
1186 0.000447181982088
1187 0.000153771780531
1188 0.000190999148683
1189 0.000233163698783
1190 0.000277414606962
1191 0.000201460393646
1192 0.000337561954865
1193 0.00046295584135
1194 0.000128134335309
1195 0.000102262921913
1196 0.000183393402046
1197 0.000126604740259
1198 0.000187300132195
1199 0.000275060661653
1200 0.000620554455482
1201 7.34335596324e-05
1202 0.000201077591832
1203 0.000161405628478
1204 0.000108152831713
1205 0.000503347259095
1206 0.000315160470645
1207 4.28873131407e-05
1208 0.000247200876061
1209 9.24327628726e-05
1210 0.000257589196194
1211 0.000268160504916
1212 0.000501072714252
1213 0.000222336591537
1214 0.000174935287704
1215 0.000373835080369
1216 0.000245973674354
1217 0.000286916695665
1218 0.000294768822802
1219 0.000169477545453
1220 0.00019058567141
1221 7.74984141759e-05
1222 0.000384984141545
1223 0.000443497563627
1224 0.000159918720617
1225 6.72748822337e-05
1226 0.000223909708096
1227 0.000251056039294
1228 0.00041691160374
1229 0.000182771087346
1230 0.000245062068295
1231 0.000371187663683
1232 0.000370579181692
1233 0.000238415927251
1234 4.98368886875e-05
1235 0.000143308645274
1236 0.000505885637226
1237 0.000327035639099
1238 0.000365973623162
1239 0.000461533884155
1240 6.50856264173e-05
1241 0.000143823411342
1242 0.000142397136797
1243 0.000301409945377
1244 0.000346402058733
1245 0.000114965363538
1246 0.000214599027933
1247 0.000246757783826
1248 0.000161755077616
1249 9.50679011145e-05
1250 0.000134628252179
1251 0.000402934459878
1252 0.000135586586942
1253 7.29506763412e-05
1254 8.13720292761e-05
1255 0.000113490965496
1256 0.000380642299891
1257 0.000403854775853
1258 0.000273807801137
1259 0.000293124163506
1260 0.000340675028059
1261 0.00026755427048
1262 0.000353097195125
1263 4.54895048073e-05
1264 6.71249560851e-05
1265 8.41788696701e-05
1266 0.00013112760082
1267 0.000144482590594
1268 0.000347942118224
1269 0.000126764821852
1270 0.000375892022169
1271 5.63754685335e-05
1272 0.000308554708391
1273 0.000300718223423
1274 0.000347346186552
1275 0.000229941215079
1276 0.000387377801986
1277 4.55090234732e-05
1278 0.000583227136265
1279 0.000145143055208
1280 0.000221552740471
1281 0.000266506348057
1282 0.000206308068392
1283 0.000353747392946
1284 0.000250915919787
1285 0.000305593039466
1286 0.000191703980211
1287 0.00013830008976
1288 0.000216678743497
1289 0.000296711130949
1290 0.000276765141086
1291 0.000297067120118
1292 0.0003344635489
1293 0.000275248691322
1294 0.000162474369205
1295 0.000159980091636
1296 8.28652195353e-05
1297 0.000187143056087
1298 9.97100491968e-05
1299 0.000350640620361
1300 0.000220727377466
1301 0.000201768611161
1302 8.11588421563e-05
1303 0.000315536129774
1304 0.000254130134144
1305 0.000304472667784
1306 0.000342357158971
1307 0.00019572577051
1308 0.000295720756255
1309 0.000173945362308
1310 0.000222224469479
1311 0.000200499057568
1312 0.000185762374837
1313 0.000293414147808
1314 0.000221850654163
1315 0.00021500862918
1316 0.000223148652526
1317 0.00017913035951
1318 0.000220887873254
1319 0.000248897491896
1320 0.000223002784408
1321 0.000398923310062
1322 0.000167124606544
1323 0.000443513365123
1324 0.00025823449216
1325 0.000220314860042
1326 0.000186121404944
1327 5.82100065189e-05
1328 0.000260410873954
1329 0.000209505464518
1330 0.000415964971421
1331 0.000373941998996
1332 0.000430289706772
1333 0.000263705160632
1334 0.000266303583696
1335 0.000365112013626
1336 0.000372892388199
1337 0.000186162758064
1338 0.000277406498161
1339 0.000455670529679
1340 0.000306667331016
1341 0.000205030313806
1342 0.000362455759391
1343 0.000101955808906
1344 0.000261214118872
1345 0.000300380786554
1346 0.000469023086351
1347 6.53778472551e-05
1348 0.000383021679393
1349 0.000271462564354
1350 0.000264576150988
1351 0.000179517106367
1352 0.000212686890116
1353 0.000694544647106
1354 6.67395683879e-05
1355 7.16272262248e-05
1356 0.000263405293506
1357 0.000187610029307
1358 0.000223607093059
1359 0.000472306274134
1360 0.000286954582055
1361 0.000345960255012
1362 0.000430580142211
1363 5.56106286632e-05
1364 0.000181743802844
1365 0.000101168267916
1366 0.000141900014699
1367 0.000431649961494
1368 0.000486702360675
1369 0.000163159347321
1370 0.000279380783023
1371 0.000333330128965
1372 0.000288780994591
1373 8.79233674978e-05
1374 0.000395275786838
1375 0.000257150580223
1376 0.000250702911643
1377 0.000532302208112
1378 0.000567939695562
1379 0.000259409415603
1380 0.000250423961455
1381 0.000273335504969
1382 0.000150484729388
1383 0.000209648701499
1384 6.74928010527e-05
1385 0.000139402978234
1386 0.000130896187109
1387 4.28873131407e-05
1388 0.000128813772605
1389 0.000279290151409
1390 0.000163546877101
1391 0.000554448179576
1392 0.000508959095858
1393 0.000193074556076
1394 0.000209680697561
1395 6.0395641385e-05
1396 4.83073762968e-05
1397 0.000280508139248
1398 0.00011468144899
1399 0.000163194538755
1400 0.000510086913538
1401 0.000157654493498
1402 7.77917754299e-05
1403 0.000248505959418
1404 0.000149209896608
1405 0.000244884478238
1406 0.000278739144182
1407 0.000181372490618
1408 0.00015191627508
1409 0.000226768972902
1410 0.00034552212087
1411 0.000213493420371
1412 7.91925562074e-05
1413 0.000166140027109
1414 0.000293224434421
1415 7.1783597434e-05
1416 0.000236090125595
1417 0.000333724900298
1418 5.74740280636e-05
1419 0.000155540679952
1420 0.00019516511644
1421 0.000451070072893
1422 0.00023491891613
1423 0.000117951729838
1424 0.000291134464083
1425 0.000179982043684
1426 0.000247032389698
1427 0.00030972753383
1428 0.000388957854181
1429 0.000224374136612
1430 0.00022502281136
1431 4.94994472057e-05
1432 0.000674516248784
1433 0.000270816087239
1434 0.000227403658668
1435 0.000139936611199
1436 0.000276168844396
1437 0.000202313728321
1438 0.000220039706842
1439 0.000179445506335
1440 9.29487948333e-05
1441 0.000167893470413
1442 0.000160685748569
1443 7.97943330111e-05
1444 0.000101636623489
1445 0.000215114840822
1446 0.000107052238363
1447 0.000234707450571
1448 0.00043793366408
1449 0.000256853530929
1450 0.00030862834936
1451 0.000206058046889
1452 0.000172550305234
1453 0.000275420300535
1454 0.000221195808444
1455 0.000269910512154
1456 7.0328758553e-05
1457 0.000389225335728
1458 0.000201865414039
1459 0.000149358611331
1460 0.000479501845158
1461 0.000186373626257
1462 9.05256853689e-05
1463 0.00040908372301
1464 6.85329374764e-05
1465 0.000180949156391
1466 0.000359756244042
1467 4.28873131407e-05
1468 0.000388077042271
1469 0.000253271129574
1470 0.000427314653656
1471 0.000259744099066
1472 0.00051451879488
1473 0.00061248174853
1474 0.000343585482103
1475 7.34612171272e-05
1476 0.00035850141418
1477 7.46990948974e-05
1478 0.000105774589925
1479 0.00016144813188
1480 0.00041058858003
1481 0.000333856559406
1482 0.000133151280228
1483 0.000348510908161
1484 0.000332094675979
1485 0.000105728253017
1486 0.000175900247989
1487 9.21158192817e-05
1488 0.000359028371457
1489 0.000400905852092
1490 0.000140564461453
1491 8.74013307204e-05
1492 0.000364549892394
1493 0.000118329381362
1494 0.000216247815197
1495 0.000258566246097
1496 0.000356670745479
1497 0.000332425156033
1498 0.000193191672993
1499 6.61411695983e-05
1500 0.000192394803037
1501 0.000211935484602
1502 0.000109620719573
1503 0.000375009800807
1504 0.000174289926166
1505 0.000388834336437
1506 0.000535843540217
1507 8.02343752631e-05
1508 0.000272801798057
1509 0.000182179540394
1510 0.00040247108936
1511 6.19709230778e-05
1512 0.000280787260334
1513 0.000226903756214
1514 0.00021083969154
1515 0.000227852832392
1516 0.000350568357535
1517 0.000450767769424
1518 0.000136656892635
1519 0.000132616903214
1520 0.000158333137637
1521 0.000364071717722
1522 6.92805060775e-05
1523 0.000458701974099
1524 0.000263908158525
1525 0.000141001210556
1526 0.000364931518343
1527 0.000159130028022
1528 0.00010489000457
1529 0.000411483177366
1530 0.000288995359502
1531 0.000306507772493
1532 0.000184746851725
1533 0.000142596874951
1534 0.000280289222934
1535 0.000287209570405
1536 0.00022224367622
1537 0.000553806902682
1538 0.000167084946817
1539 0.000248870490179
1540 0.000261944300004
1541 0.000314282086588
1542 0.000242933234027
1543 0.0001845399306
1544 0.000224940564047
1545 0.000144776505442
1546 0.000311257226005
1547 6.94114323236e-05
1548 0.00035318476794
1549 0.000309491805056
1550 0.000347656277362
1551 0.000197465864839
1552 0.000497154248261
1553 9.60463865937e-05
1554 0.000241672094644
1555 0.000471212260081
1556 0.000328020179445
1557 0.00010786412887
1558 0.000449215262492
1559 5.08893509146e-05
1560 0.000541909204431
1561 4.28873131407e-05
1562 0.000185495458059
1563 0.000130257694203
1564 0.00034566827038
1565 0.000160396370624
1566 0.000275351338753
1567 0.00017677478083
1568 0.000304448921352
1569 0.000236558646378
1570 0.000304482277972
1571 0.000383338887564
1572 0.000219078576916
1573 0.000155891485166
1574 0.000438595185365
1575 0.000424497415056
1576 0.000142063357864
1577 0.000317980043134
1578 0.000535186302038
1579 0.000190110015495
1580 7.32147105821e-05
1581 0.000271837787455
1582 4.28873131407e-05
1583 0.000211097640844
1584 0.000469146551063
1585 0.000649223814805
1586 0.000187192627208
1587 9.05567384955e-05
1588 0.000259593740551
1589 0.000224827903615
1590 0.000585697403704
1591 0.000326743966285
1592 0.00050230802102
1593 0.000142601654403
1594 0.000301721042879
1595 0.000121909596887
1596 0.000207150927057
1597 0.00037593120027
1598 0.00033735778223
1599 0.000413614400045
1600 0.000116767681559
1601 0.000357816606954
1602 0.000259513213077
1603 0.000103899610888
1604 0.000419907860307
1605 0.000458611526472
1606 0.000294135970856
1607 0.000198906815329
1608 9.73658101577e-05
1609 0.000353741026816
1610 0.000303825008061
1611 0.00051331517837
1612 0.000355694720325
1613 0.000548137694578
1614 0.000526597510432
1615 0.0002448333154
1616 0.000233679366081
1617 0.00031514764709
1618 0.000349843984814
1619 0.000127195043837
1620 0.000340495045602
1621 0.000437885509583
1622 0.000553815164834
1623 0.000516105239242
1624 0.000299849659755
1625 0.000262361980249
1626 0.000177249766261
1627 0.000218156006617
1628 8.98051376473e-05
1629 0.000400948159547
1630 0.000188815990306
1631 0.00042652260184
1632 8.7663534028e-05
1633 0.000258318122596
1634 0.000176470059763
1635 0.000281051100576
1636 0.000184000907981
1637 0.000381428697501
1638 0.000334983890549
1639 0.000186262504545
1640 0.000279437046548
1641 0.000103333360452
1642 0.000147460298138
1643 0.00027910936027
1644 0.000299727423854
1645 0.000232952485905
1646 0.000347232069134
1647 0.000124585083835
1648 0.000249576124379
1649 0.000209456825001
1650 0.000200736333949
1651 0.000177822103839
1652 5.14185086079e-05
1653 0.000251893369051
1654 0.000241468001951
1655 9.08582918484e-05
1656 0.000289087582678
1657 0.000292077748961
1658 9.85027470785e-05
1659 0.00012855959734
1660 0.000257736084932
1661 0.000186688730474
1662 0.000395293530914
1663 0.000421545726267
1664 0.000684174912129
1665 9.42645545974e-05
1666 0.000372235724018
1667 0.000319952602787
1668 0.000227827101111
1669 0.000357880935677
1670 0.000404772591002
1671 0.000102824622977
1672 0.000234921310773
1673 0.000210590187045
1674 0.000259308122214
1675 0.000187063569499
1676 0.000379204485796
1677 0.000180015214333
1678 0.000232347521566
1679 0.000146251067647
1680 0.000185649591201
1681 0.00029804839888
1682 0.000191329055181
1683 0.00019704010764
1684 0.000388161915936
1685 0.00679220075099
1686 0.000305208147217
1687 0.000242810841544
1688 0.000397039721291
1689 0.000354007573221
1690 0.000365544616044
1691 4.28873131407e-05
1692 0.000291203740858
1693 0.000316588401179
1694 8.06838520158e-05
1695 0.000250086927422
1696 0.000204761371912
1697 0.000120952223808
1698 8.20215776235e-05
1699 0.000180936763705
1700 0.000271521208972
1701 9.10152038809e-05
1702 0.000104311318401
1703 0.000264724581921
1704 0.000485647233934
1705 0.000164526248301
1706 0.000264602879169
1707 0.000223990274989
1708 0.000527036578842
1709 0.000118759029307
1710 0.000427069939641
1711 8.67636788975e-05
1712 7.92948274242e-05
1713 0.000314424138585
1714 6.69822687365e-05
1715 0.000528971203199
1716 0.000311341215301
1717 0.000293874628869
1718 0.000412011171858
1719 0.000530597741234
1720 0.000190943369061
1721 0.000255780140537
1722 0.000341168893433
1723 0.000219685567732
1724 0.000168525862876
1725 0.000209918612556
1726 0.000382878814307
1727 0.000196634647697
1728 0.000215400909498
1729 0.000173453928375
1730 0.000406198511638
1731 0.000680574985737
1732 9.67180181897e-05
1733 0.000253978019063
1734 0.000302490937747
1735 0.000176234528125
1736 0.000328542031297
1737 0.000448933921515
1738 0.000244135075736
1739 0.00018365176663
1740 0.000141480777718
1741 0.000237584479973
1742 0.000320917913439
1743 0.000391645644233
1744 0.000207992255501
1745 0.000242879026453
1746 0.000148029547361
1747 0.00058020409972
1748 0.000189850252096
1749 0.000121719894564
1750 0.000137265293775
1751 0.000375457295779
1752 0.000262811894084
1753 0.000340580424947
1754 0.000260888622688
1755 0.000199561383428
1756 4.71566194881e-05
1757 0.000141222244907
1758 0.000384282358482
1759 0.000249195332015
1760 8.59949616783e-05
1761 7.15106997476e-05
1762 0.00042075980216
1763 6.56592983973e-05
1764 0.000212379438768
1765 0.000143689750865
1766 0.00024150965584
1767 0.000258384780606
1768 0.000238681776071
1769 0.000634310450413
1770 0.000116220102538
1771 0.000335942779075
1772 9.66338271825e-05
1773 0.000206259347009
1774 0.000165635254761
1775 0.000176811466442
1776 6.26444710925e-05
1777 9.85027470785e-05
1778 7.01201983238e-05
1779 0.000257823319767
1780 0.000175567629369
1781 0.000133139221175
1782 0.000190939970383
1783 0.000232304018537
1784 0.000684719154944
1785 0.000154891746529
1786 0.000243653495305
1787 0.000479915567046
1788 0.000300919933442
1789 0.000157401696427
1790 0.000310179693027
1791 0.00022586987616
1792 0.000406855930792
1793 8.27814453143e-05
1794 0.000419192536798
1795 0.000345230810884
1796 0.000272860157202
1797 0.000222328941174
1798 7.52203938898e-05
1799 0.000275514492552
1800 0.000439774107021
1801 0.000723679042466
1802 0.000166298523886
1803 0.00011919897795
1804 0.000243533471262
1805 0.000560089325121
1806 0.000124419209376
1807 0.000296329237419
1808 0.000315757242824
1809 0.000161010385266
1810 0.00034064217755
1811 0.000305517458974
1812 0.000213932430753
1813 0.000224912193834
1814 0.000493601642984
1815 0.000112458727719
1816 0.000180900603276
1817 0.00037871322305
1818 0.000115142969101
1819 0.000184542455995
1820 0.000283880041389
1821 0.000341747872892
1822 0.000109305782847
1823 0.000136871945264
1824 0.000375041670223
1825 0.000295659921537
1826 0.000277349507374
1827 0.000303875992027
1828 0.000601158748415
1829 0.00030931359609
1830 0.000146589329092
1831 0.000120601835141
1832 0.000331631167043
1833 0.000163254762629
1834 0.000544900086098
1835 4.28873131407e-05
1836 0.000560826192996
1837 0.000119415891358
1838 0.000305501407612
1839 0.00010469382249
1840 0.00047968557321
1841 0.000130842811055
1842 0.000244832138398
1843 0.000356872442572
1844 0.000156073936079
1845 0.000419325235647
1846 0.000336900517591
1847 0.000174986621186
1848 0.000223797173856
1849 0.000197308158195
1850 0.000345948599268
1851 0.000185876624145
1852 0.000177437208241
1853 0.000147100533235
1854 0.000102618951656
1855 5.56727679744e-05
1856 6.97198624667e-05
1857 5.77830209262e-05
1858 0.000348653691979
1859 0.000209908539904
1860 0.000232526407736
1861 0.000159471966688
1862 0.000350892532683
1863 0.000270825397147
1864 0.00022954193992
1865 0.000331790016913
1866 8.34356035474e-05
1867 0.000289134348735
1868 0.00037721086477
1869 0.000363140495085
1870 0.000131139238886
1871 0.000159630069291
1872 0.000407539530869
1873 0.000257157962737
1874 0.000202470834037
1875 7.57744743823e-05
1876 0.000159621794092
1877 0.000388045442044
1878 0.000212478826614
1879 0.000228907721069
1880 0.000429111618615
1881 0.000260509904849
1882 0.000300890764855
1883 0.000310346338716
1884 0.000122412338409
1885 0.000171875107497
1886 0.000161726354029
1887 0.000325564368118
1888 8.57246702198e-05
1889 0.000731310757249
1890 0.000222043254455
1891 0.000148563302883
1892 0.000236761962646
1893 0.000118688952878
1894 0.000409452995514
1895 0.000327877845543
1896 0.000295801231565
1897 0.000136610901097
1898 0.000227324593597
1899 0.000309042195792
1900 0.00038088546983
1901 0.000116288668945
1902 0.000127217961036
1903 0.000388026870356
1904 0.000208326885111
1905 0.000228041284364
1906 0.000123995413288
1907 0.000172975456789
1908 0.000169047480275
1909 0.0001141573445
1910 0.000254692042172
1911 0.000257643846353
1912 0.000239506918511
1913 0.0048551274132
1914 0.000105812932048
1915 0.000252125498505
1916 0.000129260543823
1917 0.000263183771648
1918 0.000346898007198
1919 0.000298154960099
1920 0.000290954335539
1921 0.000369278681389
1922 0.000215637976708
1923 0.000160822892095
1924 0.000261222584657
1925 7.67306533677e-05
1926 0.000242296893645
1927 0.000465948127684
1928 0.000288003366281
1929 0.000139754232151
1930 0.000279897487818
1931 0.000124756958981
1932 0.000213239222422
1933 0.000301296545031
1934 0.000124581427717
1935 0.000129741930272
1936 0.000264954894401
1937 0.000211254598627
1938 7.47853575133e-05
1939 0.00034501301567
1940 0.000262361949662
1941 0.000299670923124
1942 0.000536756341517
1943 0.000126504591565
1944 0.000353433497751
1945 0.000166808603027
1946 0.00044373245262
1947 0.000347876412777
1948 0.000382773947794
1949 0.000329161546135
1950 9.92076852571e-05
1951 9.58754815536e-05
1952 0.000329159301464
1953 9.26065226545e-05
1954 0.000235232491734
1955 0.000342446584118
1956 0.000300060466801
1957 0.00015369730561
1958 0.000217344220622
1959 0.000193228879907
1960 0.000371695866387
1961 0.000363827117191
1962 0.000115334919041
1963 0.000341281790935
1964 0.000177495247162
1965 0.00055626553271
1966 0.000163499343772
1967 0.000331038036652
1968 4.87710711456e-05
1969 0.00019134354987
1970 5.01695499193e-05
1971 0.00026560776331
1972 0.000324455148182
1973 0.000349325573601
1974 0.000323700148763
1975 8.68030052842e-05
1976 0.000309698392713
1977 0.000215287769445
1978 9.19598417353e-05
1979 0.000149162825651
1980 0.000324583005425
1981 0.000303508873228
1982 0.000196311547571
1983 0.000118504221071
1984 0.000376776902296
1985 0.000330584796838
1986 0.000438037380534
1987 0.000289015724281
1988 0.000143799544074
1989 0.000217282683491
1990 0.000180157263697
1991 0.000190446651526
1992 0.000261408119207
1993 0.000165366669722
1994 0.00037601903566
1995 0.000207597513031
1996 0.000326290571998
1997 8.09985825592e-05
1998 0.000255035132253
1999 0.000284083940535
2000 0.000188578941828
2001 0.000186758324115
2002 0.000308142513205
2003 0.000273168686895
2004 0.00018342641722
2005 0.000264059776892
2006 0.000287784292045
2007 0.000272954046524
2008 0.000496407074281
2009 8.8031879481e-05
2010 0.000230786974056
2011 0.000266457311301
2012 0.000226246324343
2013 0.00010451717093
2014 7.86802128701e-05
2015 8.55211828039e-05
2016 8.57284149024e-05
2017 0.000117967941183
2018 0.000130162248212
2019 0.000287452063292
2020 9.09585243495e-05
2021 0.000292455988012
2022 9.04421784874e-05
2023 0.000263454149301
2024 0.000220565463257
2025 0.000275709971625
2026 0.000175088555689
2027 0.000294092752646
2028 0.000230401115814
2029 0.000329053176575
2030 0.000173878664119
2031 0.000341043919195
2032 0.000264966898982
2033 0.000449421405158
2034 0.000317426843193
2035 0.000150116118342
2036 0.00026041923205
2037 0.000141504461727
2038 0.000343860587854
2039 0.000432751092038
2040 0.000341450626725
2041 0.000292446930557
2042 0.000136541141316
2043 0.000312641399325
2044 0.00031985026933
2045 9.39959977363e-05
2046 0.000321821950643
2047 0.000235405318313
2048 0.000846656838712
2049 9.74842900067e-05
2050 0.000320184289112
2051 0.000142014248841
2052 0.000123812407453
2053 0.000327106522115
2054 0.000352185942119
2055 0.000495599542011
2056 0.000158578707771
2057 0.000250784172914
2058 0.000151293237813
2059 0.000176027165016
2060 0.000348909386368
2061 0.000222699025858
2062 0.000260134910722
2063 0.000249686929276
2064 0.000268094364174
2065 0.000341369587095
2066 0.000104308731479
2067 8.3170099188e-05
2068 0.000117433857132
2069 0.00043460277425
2070 0.000322230481678
2071 0.000135904539455
2072 0.000370012689704
2073 0.000399836451909
2074 0.000355530370426
2075 0.000297327676543
2076 0.000176852170683
2077 0.000179417743103
2078 0.000239655365712
2079 0.000372311013767
2080 4.18591082679e-05
2081 0.000100648598972
2082 0.000521367763801
2083 0.000171647249293
2084 0.000275997999534
2085 0.000284600726876
2086 0.0001965399822
2087 0.000257736950041
2088 0.000479597968905
2089 0.000363623891463
2090 0.000212774793077
2091 0.000343354877731
2092 0.000295371416776
2093 0.000136647002176
2094 0.000330796895163
2095 0.000139989149877
2096 0.000287752356734
2097 0.000104724114758
2098 0.000211182543546
2099 0.000226963396969
2100 0.000120459684179
2101 9.77758364075e-05
2102 0.000246234217253
2103 0.000414571820471
2104 0.000340997264561
2105 0.000329411295275
2106 0.000125487253357
2107 0.000105975804148
2108 0.000320842539248
2109 0.000300654760947
2110 0.000254703707974
2111 0.00016024323816
2112 0.000561255248863
2113 0.000298381780757
2114 0.000147129838018
2115 0.000150458484041
2116 0.00025740686117
2117 0.000316786127696
2118 0.000490125135582
2119 0.000342410719027
2120 0.000156047991804
2121 0.00023231248128
2122 0.0002941534346
2123 0.000271732673874
2124 0.000369844855479
2125 0.000310751668292
2126 0.000373265948566
2127 0.000469728886268
2128 0.000357549827709
2129 0.000321632792756
2130 0.000346184701635
2131 0.000119093068284
2132 0.00036296759566
2133 0.000306769965569
2134 0.000589502048622
2135 0.000271646329041
2136 0.00027807235628
2137 0.000158293053923
2138 0.000163070756867
2139 0.000421120333138
2140 0.000324815288532
2141 0.000313822209192
2142 0.000137549339983
2143 0.000429596729889
2144 0.00034411951151
2145 0.000254718568997
2146 0.00024817386398
2147 0.000227385577467
2148 0.000127580938707
2149 0.000284427342125
2150 0.000398890220051
2151 0.000354657969421
2152 0.00027052825951
2153 0.000193349352429
2154 0.000416473441185
2155 0.000298292773581
2156 0.000175117500439
2157 0.000277667284789
2158 0.000212148448243
2159 0.000109760699258
2160 0.000256682874778
2161 0.000236287004024
2162 0.000272900189964
2163 0.000146065443193
2164 0.000124246025645
2165 0.000188852753965
2166 0.000248126464116
2167 9.73238791126e-05
2168 0.000107038685082
2169 8.39147883019e-05
2170 0.000338678153154
2171 0.000186596019971
2172 0.000337628090921
2173 0.000354636375607
2174 0.000276122645925
2175 0.000388218565891
2176 7.28109965071e-05
2177 0.000425982436746
2178 7.28184877445e-05
2179 6.72043012002e-05
2180 0.000190800113028
2181 0.000348349842503
2182 0.000177526937618
2183 7.4330699959e-05
2184 0.000402882350048
2185 0.000342909719459
2186 9.51849583218e-05
2187 0.000118412298091
2188 0.000445508669183
2189 0.000354225020322
2190 0.000335320448179
2191 0.000307962130441
2192 0.000273437736304
2193 0.000213597431743
2194 0.000145384117593
2195 0.000335516332396
2196 4.18591082679e-05
2197 0.000335358012135
2198 0.000196449968767
2199 0.000191412050009
2200 0.000551096775471
2201 0.000319138690991
2202 0.000345046024265
2203 0.000259617315056
2204 0.000328241710025
2205 9.81178521978e-05
2206 9.29252546649e-05
2207 0.000382046289409
2208 0.000200639636
2209 9.350236275e-05
2210 0.000181647600316
2211 0.000203071461985
2212 0.000277777799525
2213 0.000262865615812
2214 0.00020389541298
2215 0.000188561126033
2216 0.000198691423335
2217 0.000253295110213
2218 0.00017917863795
2219 0.000376184021714
2220 6.15671186426e-05
2221 0.000353357443243
2222 0.00016326231092
2223 0.000186862317497
2224 0.00036294287364
2225 0.000394106552613
2226 0.000224265057213
2227 0.000229112243188
2228 9.88301601495e-05
2229 0.000277613542376
2230 0.000389518263407
2231 6.98314611034e-05
2232 0.000307823804366
2233 0.000294282923233
2234 0.000422790790746
2235 0.000107566283018
2236 0.000258072680495
2237 0.000325732223144
2238 0.000238379489259
2239 0.000145645918779
2240 0.000156490237689
2241 0.000367290683685
2242 0.000363844932697
2243 0.000197836568002
2244 0.000206557408956
2245 0.000363161889908
2246 0.000138309236215
2247 0.000304424864031
2248 0.000391703120615
2249 0.000173855015186
2250 0.000103742862334
2251 0.000352038580116
2252 0.000110381188008
2253 6.89155499804e-05
2254 0.000291933036796
2255 0.000291220174866
2256 0.000122156197763
2257 7.87691015181e-05
2258 0.0002896491578
2259 0.000120502236876
2260 0.000223250697018
2261 0.000190045820637
2262 0.000245330873553
2263 7.97513335011e-05
2264 0.000118206939887
2265 0.000246379646177
2266 0.000102162426238
2267 0.000456702570916
2268 0.000271434579119
2269 0.000447347032521
2270 4.18591082679e-05
2271 0.00010284508205
2272 0.000331055777526
2273 0.000154800143717
2274 0.000288255342839
2275 0.0001417221322
2276 0.00033682136624
2277 0.00028710715436
2278 0.000152608436459
2279 0.000329025593964
2280 0.000390677476452
2281 0.000209300737276
2282 0.000171463685114
2283 0.000477792725104
2284 0.000521715968214
2285 0.000295949750411
2286 0.000187453531831
2287 0.000217092951368
2288 0.000153196529433
2289 0.000102205393894
2290 0.000571786904145
2291 0.000333400491084
2292 0.000125269227727
2293 0.00043466683816
2294 0.00017701882876
2295 0.000384603408587
2296 0.000102914032848
2297 0.00019193412099
2298 0.000212654311191
2299 9.85681628787e-05
2300 0.000287409945868
2301 0.000260944697908
2302 0.00017140853082
2303 0.000387458016669
2304 0.000102263639425
2305 0.000235703498555
2306 8.57142057436e-05
2307 0.000219403789979
2308 0.000263227685579
2309 0.00028852707839
2310 0.000371451558476
2311 0.000124432432692
2312 0.000125020310752
2313 9.75156713411e-05
2314 0.000759124954647
2315 0.000178887298206
2316 0.000234228122589
2317 0.000121806750522
2318 0.000327616218227
2319 0.000199396435853
2320 0.000376684901401
2321 0.000173838508837
2322 0.000121965348798
2323 0.000297079357622
2324 0.000334128160475
2325 0.000370367049983
2326 0.000348079879935
2327 0.000329035873018
2328 0.000394072659303
2329 0.000512998087227
2330 0.000239307216951
2331 0.000168904610639
2332 0.000348140875293
2333 0.000319137377407
2334 0.000487559131388
2335 0.000274580665616
2336 0.000296417344605
2337 0.000454475501761
2338 0.000195989144293
2339 0.000329965983123
2340 0.000336769961337
2341 0.000359915600629
2342 0.000253639509975
2343 0.000272035398575
2344 0.000252577437376
2345 0.000383114222008
2346 0.000230848689562
2347 0.000201694881834
2348 0.000632499891579
2349 0.00028272949839
2350 0.000187871115217
2351 0.000105055578842
2352 0.000335178400562
2353 0.000308051124682
2354 0.000177928400427
2355 0.000324173630354
2356 0.000140005696132
2357 0.000313666223085
2358 0.000150381585439
2359 7.83247043268e-05
2360 0.000272457842546
2361 0.000136336334027
2362 0.000373568244249
2363 0.000139532939317
2364 0.000307061751836
2365 0.000337363598764
2366 0.000287299511255
2367 0.000199405937672
2368 0.00021314940681
2369 0.000271271144303
2370 0.000359304261528
2371 0.000292065179599
2372 0.000310504073505
2373 0.00032814489099
2374 0.000133468424797
2375 0.000307504122309
2376 9.98221608451e-05
2377 0.000336512583605
2378 0.000299020123097
2379 0.000262495345307
2380 0.000163313671582
2381 5.72773378738e-05
2382 0.000321914053647
2383 5.64854646402e-05
2384 8.60012376885e-05
2385 0.000582470693152
2386 0.000204213469929
2387 0.000261543063591
2388 0.000154951727681
2389 8.50263215037e-05
2390 0.000144652471529
2391 0.000179898912459
2392 0.000183365229081
2393 0.000189497862092
2394 0.000116600931799
2395 0.000307083290639
2396 0.000332636713794
2397 0.00024672210229
2398 0.000310608830097
2399 0.000346644428601
2400 0.000270386115567
2401 0.000104648716694
2402 0.000191569939225
2403 0.000154348151537
2404 0.000164289766052
2405 0.000320811297917
2406 0.000195699240993
2407 0.000213957543623
2408 0.000182634311609
2409 0.000283748674636
2410 0.000327723467843
2411 0.000383981223305
2412 0.000288205144676
2413 0.000303197585964
2414 0.000100559667585
2415 0.000335230683519
2416 0.000155361526919
2417 0.000191669816314
2418 0.000254767340552
2419 0.00022505679675
2420 0.000377206566321
2421 0.000251674543447
2422 0.000179604541581
2423 8.94349646106e-05
2424 0.000304237804133
2425 0.000122380042627
2426 0.000193004057612
2427 0.000170087937142
2428 9.29881060574e-05
2429 0.000354717515714
2430 0.000197631172673
2431 0.000276482568838
2432 9.03136259969e-05
2433 0.0001288852118
2434 0.000279956136838
2435 0.000302566206964
2436 0.000160313015578
2437 0.000294611135391
2438 0.00012111330498
2439 0.000241733733188
2440 0.000154905749139
2441 0.000283337703738
2442 7.65438713708e-05
2443 4.54896735029e-05
2444 0.000141587342584
2445 0.000172544242905
2446 0.000230918710604
2447 0.000297570986657
2448 0.000257663536123
2449 0.000298002273453
2450 0.000140096829911
2451 0.00016863872049
2452 0.000339519333015
2453 8.12886911375e-05
2454 0.000127881315634
2455 7.74232187627e-05
2456 0.000168049359069
2457 0.000136847851284
2458 4.18591082679e-05
2459 0.000310743107319
2460 0.000239643346616
2461 0.000311992262895
2462 0.000385018080816
2463 0.000205268300506
2464 0.000383212868912
2465 0.00036542324288
2466 0.000199278628927
2467 0.00012441786961
2468 0.00024706215095
2469 0.000368266303146
2470 0.000254797489693
2471 4.18591082679e-05
2472 0.000399026239619
2473 0.000271870553172
2474 0.000201468263602
2475 0.000229122817968
2476 0.000306459350872
2477 0.000116141143059
2478 0.000219151794922
2479 0.000230966867258
2480 0.000170822468537
2481 0.000151218046661
2482 7.35407445256e-05
2483 0.000299004330233
2484 8.75535544205e-05
2485 0.000241666236925
2486 0.000259172942745
2487 0.000187266174455
2488 0.000171463685114
2489 0.000341112642867
2490 0.000214658531988
2491 0.000150419130379
2492 0.000375619383732
2493 0.000325351773512
2494 6.09021171114e-05
2495 0.000217541456015
2496 0.000271748119423
2497 9.66985640802e-05
2498 0.000230451084455
2499 0.000318929035605
2500 0.000214168997717
2501 0.000329571928236
2502 0.000252497248304
2503 0.000164676698468
2504 0.000156283828967
2505 0.000281301830181
2506 7.56118809954e-05
2507 0.00024514527384
2508 0.000368363882413
2509 0.000307106158694
2510 0.000419551975329
2511 0.000425230833413
2512 0.000424691800838
2513 0.000320961847527
2514 0.000159193481023
2515 8.57450540374e-05
2516 0.000143516795139
2517 0.000280880436396
2518 7.01372911892e-05
2519 0.000173365019996
2520 0.000135034250035
2521 0.000306024000084
2522 0.000267470108385
2523 7.91895434873e-05
2524 0.000159899628303
2525 6.36925758534e-05
2526 0.000176964871172
2527 0.00037994972102
2528 9.70209658275e-05
2529 0.000119279152109
2530 0.000156691796039
2531 0.000118448663172
2532 0.000122460195086
2533 0.000207956227487
2534 0.000306366705583
2535 0.00017409835094
2536 0.000193880471838
2537 0.000146157446267
2538 0.000307800680143
2539 0.000289021601541
2540 0.000263003660272
2541 0.000252610497315
2542 5.64854646402e-05
2543 0.0003716227852
2544 0.000676680894406
2545 0.000124868505852
2546 7.1993263156e-05
2547 0.000271674265002
2548 0.000184323756825
2549 0.000125345094548
2550 0.00029543605981
2551 0.000313164468408
2552 0.000295480234237
2553 0.000218850932784
2554 0.000322639798389
2555 0.000187391202651
2556 0.000410883134237
2557 0.00025077312427
2558 0.000166368752666
2559 0.000299819283608
2560 0.000303485030755
2561 0.000380830797574
2562 0.000292172731897
2563 0.000146985920427
2564 0.000215978634407
2565 0.000345391698146
2566 8.09985825592e-05
2567 0.000161847338157
2568 0.00034977861131
2569 7.36450512269e-05
2570 4.18591082679e-05
2571 0.000225541041519
2572 0.000133181647445
2573 9.11731686065e-05
2574 0.000284048014974
2575 0.000205038636861
2576 0.000269913012723
2577 0.000120964295172
2578 0.000195326887006
2579 0.000301888578742
2580 0.000224178365938
2581 7.60205802098e-05
2582 0.000165645050776
2583 0.000317516262334
2584 0.000244566682815
2585 8.15563757582e-05
2586 0.000218756281283
2587 0.000338921544141
2588 0.000199048204748
2589 0.000294031768171
2590 0.000259925549332
2591 0.000359328821933
2592 0.000192445753067
2593 0.000379937443551
2594 0.000335503992588
2595 0.000316933435887
2596 8.75535544205e-05
2597 4.18591082679e-05
2598 0.000327620560974
2599 0.000494510369086
2600 7.58835766551e-05
2601 0.000335131354243
2602 0.000346541472033
2603 0.000365723141803
2604 0.00025749161797
2605 0.000362896388232
2606 8.91559869604e-05
2607 0.000159458327596
2608 0.000355479843584
2609 0.000324481007467
2610 0.000167512585124
2611 0.000255784652211
2612 0.000394765424963
2613 0.000160717127783
2614 8.95652345338e-05
2615 0.00018736557548
2616 0.000338270704689
2617 0.000327031494971
2618 0.000355525853819
2619 0.000219695606885
2620 0.00030403425646
2621 0.000285722079197
2622 0.000103616424397
2623 0.000194809720434
2624 0.000251182655003
2625 0.000349783477871
2626 0.000338230594523
2627 0.000198844851243
2628 0.000215901222317
2629 0.000245249500971
2630 0.000388232528597
2631 0.000317959507144
2632 0.000231127658455
2633 0.00010290848138
2634 0.00021969795751
2635 9.93119996597e-05
2636 0.000101160732987
2637 0.000208352270024
2638 0.000179583361575
2639 0.000303755027372
2640 0.00020340284663
2641 0.000287431901357
2642 0.000115747112329
2643 0.000455070286904
2644 0.000310598320623
2645 0.000246872027893
2646 0.000284426304165
2647 0.000261936663478
2648 0.000256315467132
2649 0.000258927066673
2650 0.000376377264156
2651 0.000192797336049
2652 8.61297697623e-05
2653 0.000178939905439
2654 0.000234995807756
2655 0.00027942465118
2656 0.000307535377228
2657 0.000158680685084
2658 0.000275900789676
2659 0.000200500346633
2660 0.000357409075714
2661 0.000207041362831
2662 0.000534038494813
2663 0.000256971957703
2664 0.000206681776115
2665 0.00037581988724
2666 0.000344530044472
2667 0.000277876608119
2668 0.000177829195197
2669 0.000282571547564
2670 0.000432817621618
2671 0.000257948573218
2672 0.000106224186264
2673 0.000231414847722
2674 0.000168539509897
2675 0.000378147447946
2676 0.000274567357853
2677 0.000379902488235
2678 0.000169537536068
2679 0.000114516923129
2680 0.000422982564645
2681 0.000254436762477
2682 0.000224409711534
2683 0.000152940702168
2684 0.000389697603998
2685 0.000185380589747
2686 0.000126110451295
2687 0.000192358653699
2688 0.000151845800412
2689 0.000127383628163
2690 0.000310350659289
2691 0.000254891424435
2692 0.000103094131341
2693 7.06543072116e-05
2694 0.000194076554417
2695 0.000424552861216
2696 8.91268156203e-05
2697 0.000172273367121
2698 0.000156655460376
2699 0.000317356885171
2700 0.000183943452512
2701 0.000155630452922
2702 0.000173567338755
2703 0.000195289811384
2704 0.000243477756657
2705 5.82859042681e-05
2706 0.00015057938311
2707 0.00031450256615
2708 0.000133239767109
2709 0.000214030798268
2710 0.000125581867507
2711 0.000125351620657
2712 0.000249254309634
2713 0.00025938616053
2714 0.000223737178949
2715 5.93649271223e-05
2716 0.000245592241198
2717 0.00055975173
2718 0.000250362667603
2719 0.000278782994544
2720 0.000545465412564
2721 0.000297677536126
2722 0.000106224186264
2723 5.43641914508e-05
2724 0.000114648637
2725 0.000529558394476
2726 0.000104103289968
2727 0.000155948431519
2728 0.000130043663764
2729 0.000292580714568
2730 0.000328506265884
2731 0.000629516479647
2732 0.000176509170829
2733 0.000178873222264
2734 0.0001644352846
2735 0.000261132065771
2736 0.000167859210492
2737 7.59884707419e-05
2738 0.000160537065965
2739 0.00042798903842
2740 0.000244852892611
2741 5.82859042681e-05
2742 0.000281526515134
2743 0.000624122241244
2744 0.000255872869203
2745 0.000129017652117
2746 0.000207092450083
2747 9.97970701699e-05
2748 0.00012371560946
2749 0.000441847155404
2750 0.000255425532734
2751 0.000381421257801
2752 0.000240760711146
2753 8.75238943993e-05
2754 0.000300582028379
2755 0.000568236681743
2756 0.000395934984425
2757 0.000231326225196
2758 0.000376963836967
2759 0.000346382345606
2760 0.000166900618205
2761 0.000135577330435
2762 0.000169808760978
2763 0.000176633570828
2764 0.000316207971427
2765 0.000241095649131
2766 0.000267501789106
2767 0.000112929585362
2768 0.000101929664381
2769 0.000216693166743
2770 0.00011753788092
2771 0.000227762615952
2772 0.000160940108304
2773 0.000263710634527
2774 0.000273827014008
2775 0.000159772439085
2776 0.000213574561458
2777 0.000135491346431
2778 0.000379370393527
2779 0.000523390792903
2780 0.000165392630458
2781 0.000384961673596
2782 0.000400598308997
2783 0.000441503114009
2784 0.000235575704336
2785 0.000230627914993
2786 0.000294602323574
2787 0.00046860942681
2788 0.000328009105306
2789 6.59763551574e-05
2790 0.000175836874222
2791 0.000102627896046
2792 0.000133142001884
2793 0.000103094131341
2794 0.000538194693394
2795 0.000126587648359
2796 0.00020516332304
2797 0.000328776650648
2798 0.000181855682444
2799 5.3984336252e-05
2800 0.000166610495121
2801 0.00037071136845
2802 0.000106421068774
2803 9.25865767436e-05
2804 0.000191978341194
2805 9.09266024704e-05
2806 0.000134727276287
2807 0.000277867431925
2808 0.000181567036854
2809 7.14131526637e-05
2810 0.00016544673437
2811 0.000290972633305
2812 8.17155230198e-05
2813 0.000207440724527
2814 0.000245654271652
2815 5.88363107123e-05
2816 0.000267000691938
2817 0.000109438531853
2818 0.000135914696554
2819 0.000157424797858
2820 0.000187418186586
2821 0.00015364360672
2822 0.000114223112133
2823 0.000156411878557
2824 0.000233499731554
2825 0.000106224186264
2826 0.000171212785176
2827 0.000119794760462
2828 0.000341906424035
2829 0.000417343354431
2830 0.000228326024025
2831 0.000171988338331
2832 0.000161055496484
2833 0.000230293324094
2834 0.000444171788522
2835 0.000132415762724
2836 0.000217933811817
2837 0.000274536219983
2838 0.000135928389307
2839 9.27845964662e-05
2840 0.000619457352685
2841 0.000227261031239
2842 0.000266217773459
2843 4.41962659379e-05
2844 0.000236096731384
2845 0.000221807094137
2846 0.000185994299378
2847 0.000193951539296
2848 0.000121907985579
2849 0.000183926065885
2850 0.000432045807865
2851 0.00017153332494
2852 0.000184151421237
2853 8.32859497757e-05
2854 0.000336324821564
2855 0.000212759530485
2856 5.98617917925e-05
2857 0.000164908151289
2858 6.20587732281e-05
2859 0.000168349516139
2860 0.000160678096672
2861 5.6798345976e-05
2862 0.000226779596875
2863 0.000330151242191
2864 0.00063686779554
2865 0.000345920596162
2866 0.000323824555662
2867 0.000349111574224
2868 0.000368771698672
2869 0.000177631326544
2870 0.000416412809635
2871 0.000189924419608
2872 0.000295393725355
2873 0.00034544949941
2874 0.000345061146709
2875 0.000239480599759
2876 0.00031059768909
2877 0.000122987548237
2878 0.000473348265061
2879 0.000108707261128
2880 0.000218678639151
2881 0.000308422269976
2882 0.000306307205279
2883 0.000107912908659
2884 0.000140540907119
2885 8.0947765965e-05
2886 9.02071623257e-05
2887 0.000166071864678
2888 0.000213497998129
2889 0.000133465809373
2890 0.000249386076438
2891 0.000418894262497
2892 0.000130249206745
2893 0.000222243977586
2894 0.000112891364892
2895 0.000355291196867
2896 9.94050688111e-05
2897 0.000250234185434
2898 0.000255792857247
2899 9.95570309004e-05
2900 8.27879465666e-05
2901 0.000110134179962
2902 0.000458984247229
2903 0.00015904037234
2904 0.000105605214352
2905 0.000448257082113
2906 0.000338304473355
2907 0.000410200564841
2908 0.000176084179466
2909 0.000145633553811
2910 0.000367123430518
2911 0.00037223561846
2912 0.000315095216176
2913 0.000282559848034
2914 0.000346573523118
2915 0.000272984258682
2916 0.000429402350313
2917 0.000391453580813
2918 0.000111925025784
2919 0.000173263935397
2920 0.000329070804059
2921 0.000346168749675
2922 0.000284557180319
2923 7.10427021089e-05
2924 0.000153329152179
2925 0.000208361943216
2926 0.000371592864886
2927 0.000142926036422
2928 0.00042232569377
2929 0.000403864060364
2930 0.000240749895586
2931 0.000178873222264
2932 0.000265976613006
2933 0.000293810374212
2934 0.000178912473611
2935 0.000188393935024
2936 0.000155822413304
2937 0.000361527889514
2938 0.000357005364265
2939 0.00016897707182
2940 0.000372095232323
2941 0.000297210189137
2942 0.000124161774442
2943 9.99337929711e-05
2944 0.000383099676067
2945 0.000491258650701
2946 0.000263783503274
2947 0.000341209767953
2948 0.000149300133816
2949 0.000135881494385
2950 0.0002781252115
2951 0.00030680235181
2952 0.000676079366899
2953 6.16348492761e-05
2954 0.000180180817462
2955 0.000135578154889
2956 0.000331906947407
2957 0.000435035877811
2958 0.000146009538274
2959 0.000290246273593
2960 0.000232858810393
2961 0.000416001670739
2962 0.000103523813935
2963 0.000209645799084
2964 5.98309128223e-05
2965 0.000168821297057
2966 0.000140522146838
2967 0.000481600874698
2968 0.00014267143141
2969 0.000137552291017
2970 0.000327507005325
2971 0.00024514718025
2972 6.85532377971e-05
2973 0.000231609026368
2974 0.000399747431684
2975 0.000275709079191
2976 7.0120006357e-05
2977 0.000260328629423
2978 0.000178582258308
2979 0.000215965768208
2980 0.000175587812108
2981 6.99932358023e-05
2982 0.00014586418705
2983 0.000206622524516
2984 0.000227884578278
2985 0.000179568699995
2986 0.000274757080512
2987 0.000443650723802
2988 0.000155201850565
2989 0.000302992220681
2990 0.000341249415555
2991 0.000119450344238
2992 0.000329921624477
2993 0.000404932953533
2994 0.000272987237783
2995 0.000309470200232
2996 0.000130306877398
2997 0.000276469509288
2998 0.000179085669635
2999 5.75939154643e-05
3000 0.000314645121418
3001 0.000417749919339
3002 0.000291245565923
3003 0.000492688400051
3004 9.27845964662e-05
3005 0.000256330238371
3006 0.000306727980854
3007 4.9388366731e-05
3008 0.000174175231922
3009 0.000218386871922
3010 0.000148276111876
3011 0.000235733877933
3012 0.000308197723183
3013 0.000154342791286
3014 0.000178547938131
3015 0.000217363512477
3016 0.000102388615149
3017 0.000204596368094
3018 0.000429863975661
3019 0.000228510825291
3020 0.00050237466186
3021 0.000345416194588
3022 0.000275949006034
3023 0.000360902047271
3024 0.000195347432706
3025 0.000126919589205
3026 0.000292187813055
3027 0.000452453109304
3028 0.000435732548513
3029 0.000174249863878
3030 0.00025405897954
3031 8.98913331601e-05
3032 4.41962659379e-05
3033 0.00018483196281
3034 0.000399071189203
3035 0.000300007187655
3036 0.000489243050003
3037 0.000224151209317
3038 0.000103094131341
3039 0.000511012860053
3040 0.000155213031159
3041 0.000240265986228
3042 0.000191421964629
3043 0.000146331460166
3044 0.000148021748831
3045 7.14430647516e-05
3046 0.000117426860108
3047 0.000246826567449
3048 0.000235865964555
3049 0.000142534376934
3050 0.000408945456996
3051 0.000145377780775
3052 0.000568811435903
3053 0.000264499833826
3054 0.000202408795206
3055 0.000385793621044
3056 0.000159772439085
3057 0.000358715021586
3058 0.000183508053655
3059 0.00012192859464
3060 8.0440254802e-05
3061 0.000442731849666
3062 0.000157470839617
3063 0.000254900682647
3064 0.00015219251831
3065 0.000293196377646
3066 0.000251959323589
3067 0.000204984822202
3068 0.000127516548236
3069 0.000146844349401
3070 0.000146016506739
3071 0.00033854866249
3072 4.41962659379e-05
3073 0.000385685507806
3074 0.000299284870895
3075 0.000159772439085
3076 0.000183828362313
3077 0.000494608469739
3078 0.000466209359371
3079 0.000434272535344
3080 0.000246251575316
3081 0.000210603602228
3082 0.000234859395629
3083 0.000624679576428
3084 0.000155700216727
3085 0.000394071923241
3086 0.000251338288415
3087 0.000289103710503
3088 0.000378776406017
3089 9.98598295691e-05
3090 0.000321231107303
3091 0.000541091309831
3092 0.000106224186264
3093 8.99172363125e-05
3094 0.000135306946117
3095 7.36161487587e-05
3096 0.000138899893098
3097 0.000342603421936
3098 0.000292265341654
3099 0.000301160475966
3100 0.000111723119289
3101 0.000244603163924
3102 0.000671066868471
3103 0.000269666006321
3104 0.000173346428837
3105 0.000415120039015
3106 0.000229954334965
3107 0.000347937135036
3108 0.000366091600774
3109 0.000287472148458
3110 0.000138914955265
3111 0.000148396851245
3112 0.000329159071728
3113 0.000100388003285
3114 0.000385623886245
3115 0.00026568721043
3116 0.000346452258199
3117 0.000563747287514
3118 0.000342521553697
3119 0.000298179178513
3120 0.000340485265723
3121 0.000383695110442
3122 8.74546243854e-05
3123 0.000184516057454
3124 0.000192625729116
3125 0.000226810577016
3126 5.14308458547e-05
3127 0.000141040136693
3128 0.000159772439085
3129 0.000162699341021
3130 0.000192132476408
3131 0.000127087692538
3132 0.000178873222264
3133 0.000444888596945
3134 0.000104776099802
3135 5.12709100707e-05
3136 0.000190125406088
3137 0.000459276452433
3138 0.000294644920048
3139 0.000175142130864
3140 0.000186502444632
3141 0.000457391398757
3142 0.000225446510549
3143 0.00026326717951
3144 6.65301464957e-05
3145 0.000146428803097
3146 0.000394181014807
3147 0.000340543285658
3148 0.000135914696554
3149 0.000209025583834
3150 0.000306146035832
3151 0.00050497970601
3152 0.000125739461267
3153 0.000481020218266
3154 0.000117598720318
3155 0.000584381974431
3156 0.000162837101294
3157 0.000130504232921
3158 0.000146111639191
3159 0.000263915896064
3160 9.1925034647e-05
3161 0.000198804526273
3162 8.0883625334e-05
3163 0.000424554938867
3164 0.000133344526088
3165 0.00012040749339
3166 9.28534057853e-05
3167 0.000205346710168
3168 0.000153240385614
3169 0.00036524931298
3170 0.0003291433622
3171 0.000165928783453
3172 0.000167492044588
3173 0.000413063447425
3174 0.000163627490581
3175 0.000335258312416
3176 7.36964770822e-05
3177 0.000228070809099
3178 0.00030582729527
3179 0.000217114764628
3180 0.000392995286807
3181 0.000178873222264
3182 0.000178873222264
3183 0.000390244906796
3184 4.41962659379e-05
3185 0.000303012320785
3186 0.000471788848249
3187 0.000187637989508
3188 0.000287797161186
3189 0.000324292407116
3190 0.000156552414963
3191 0.00012704603206
3192 0.000272644910381
3193 0.00013069453646
3194 0.000164854764686
3195 0.000136508909529
3196 0.000328200640172
3197 0.00031036692392
3198 9.2549460563e-05
3199 0.00051047983431
3200 0.000156034495789
3201 0.000228473874472
3202 0.000486499377234
3203 8.63793128541e-05
3204 0.000225943532501
3205 0.000284646319594
3206 0.000152553915027
3207 0.000284844166576
3208 0.000309601690078
3209 0.000142534997063
3210 0.000171083907561
3211 0.000127088603376
3212 0.00020744336872
3213 0.000230656002468
3214 0.000201431761651
3215 0.000456450054512
3216 0.000187823534433
3217 0.00014408467383
3218 7.78744899116e-05
3219 0.000184516057454
3220 0.000285180188916
3221 0.000262944294897
3222 0.000229006226712
3223 0.000165189982546
3224 0.000189224575567
3225 0.000326154914083
3226 0.000198810928867
3227 0.000358510295092
3228 7.83757490229e-05
3229 0.000187792344344
3230 0.000135718934053
3231 4.41962659379e-05
3232 0.000228002363965
3233 0.00047409684152
3234 0.000467079713236
3235 0.000192040010864
3236 8.12738108526e-05
3237 0.000176071676653
3238 0.000173732863677
3239 0.000208271348843
3240 0.000334573391859
3241 0.000386148795924
3242 0.00016831975321
3243 0.000142662742641
3244 0.00015043394552
3245 0.000143428372867
3246 0.000146599815803
3247 0.000137755750121
3248 0.000354151318986
3249 0.000277704464936
3250 0.000128600855113
3251 0.000172598556799
3252 0.000195857258862
3253 0.000459032432044
3254 0.000356243126826
3255 0.000118971595845
3256 0.000254019276038
3257 0.000506154123602
3258 0.000226116248227
3259 0.000301291586798
3260 0.000236901969032
3261 0.000190325369379
3262 0.000321912518718
3263 0.000164956802732
3264 0.000479066136176
3265 0.000251555779949
3266 0.000282153470663
3267 0.000107766995491
3268 0.000409099668398
3269 7.7021753976e-05
3270 0.000110370502855
3271 7.69768161653e-05
3272 0.000127115597269
3273 0.00028943622632
3274 0.000214833528056
3275 0.000404588245839
3276 0.000251538284079
3277 0.000167502047224
3278 0.000383448845512
3279 0.000187520896163
3280 0.000214258555402
3281 0.000607006464607
3282 0.000104210926039
3283 5.05106176499e-05
3284 0.000219663241377
3285 0.000317134972299
3286 0.000222499412623
3287 0.000146613130413
3288 0.000307951007777
3289 0.00030220980765
3290 0.000158694223082
3291 0.000100900208349
3292 0.000667012607305
3293 0.000120190103693
3294 0.000290958177515
3295 0.00015301947709
3296 0.000356162702259
3297 0.000257331798205
3298 0.000342331163029
3299 0.000281251799252
3300 0.000368769667588
3301 0.000177898559396
3302 0.000208026078781
3303 0.000465278764456
3304 0.000229348153554
3305 0.000197783441562
3306 7.45019384551e-05
3307 0.000163638955644
3308 0.00016743418028
3309 0.000117058151114
3310 0.000235977955762
3311 8.86066153883e-05
3312 0.000159629987344
3313 0.000153885666666
3314 0.000229973339122
3315 0.000220674677328
3316 0.000106701785285
3317 0.000228230797474
3318 8.54884630437e-05
3319 0.000265600595933
3320 0.000190226408128
3321 0.000629098558029
3322 0.000409021227177
3323 0.000141040136693
3324 7.9440659825e-05
3325 0.00043616207473
3326 0.000252081988254
3327 0.00014001986753
3328 0.000398800610093
3329 0.000163060224385
3330 0.000171008785831
3331 0.000520711969413
3332 0.000281734759608
3333 0.000349758723859
3334 8.41736206373e-05
3335 9.80742203433e-05
3336 0.000379750413414
3337 0.000127212741584
3338 0.000185587898296
3339 0.000129648812859
3340 0.000333023463456
3341 0.00015085671205
3342 0.00023994327776
3343 0.000432672199641
3344 0.000142298571362
3345 0.000414340214176
3346 0.000389265513585
3347 0.000270974242403
3348 0.000423067690345
3349 0.000376935673275
3350 0.000120297045625
3351 0.000459341457776
3352 0.000451165368656
3353 0.000111549649938
3354 0.000390619839574
3355 0.000184516057454
3356 0.000306677608724
3357 0.000171477600576
3358 0.00012736813009
3359 0.000110225236799
3360 0.000154180016617
3361 0.000451560268774
3362 0.00015214486431
3363 0.000360572165868
3364 0.000596026190006
3365 0.000241618231161
3366 0.000361398545389
3367 0.000446387857178
3368 9.7910772624e-05
3369 0.00012872204817
3370 0.000334433775943
3371 7.6598867008e-05
3372 0.00013942903335
3373 0.00015904037234
3374 0.000151423870883
3375 0.000164589706014
3376 5.94824103974e-05
3377 0.000122537210818
3378 0.000209266896972
3379 0.000346938931643
3380 0.000191227520759
3381 0.000162229025693
3382 0.000298947476975
3383 0.000230856842268
3384 0.00016709879352
3385 0.00024068088836
3386 0.000385642194335
3387 0.000312376631574
3388 0.000436724780606
3389 9.70873310068e-05
3390 9.53070397064e-05
3391 0.000158443782427
3392 0.000293269855464
3393 0.00016190833175
3394 0.00015858980402
3395 0.000217075229796
3396 0.000274351834777
3397 0.000440404881836
3398 0.00064776784495
3399 0.000107581220924
3400 0.000186262418715
3401 0.000204974252198
3402 0.000122537210818
3403 0.000173400863548
3404 0.000335625792811
3405 0.000153421897475
3406 0.000150175020914
3407 0.00041502098466
3408 7.7021753976e-05
3409 5.14160289179e-05
3410 0.000143030951124
3411 0.000147195642622
3412 0.000375956278068
3413 0.000339303664792
3414 5.9041201828e-05
3415 0.000121319507508
3416 0.000219474894601
3417 0.000293128336143
3418 0.000407842593068
3419 0.000102920519495
3420 0.000377422910586
3421 0.000197271909577
3422 0.000156966483252
3423 0.000251597289126
3424 0.000218834986728
3425 9.39165876037e-05
3426 0.000136349035651
3427 0.000536383427707
3428 0.000129648812859
3429 9.69561765656e-05
3430 7.51611778876e-05
3431 0.000147462663937
3432 0.000191604348769
3433 9.11840036045e-05
3434 0.000307502691619
3435 0.000570178243349
3436 0.000243739852427
3437 7.21090058583e-05
3438 0.00761467304038
3439 0.00024698731779
3440 0.000210084262421
3441 0.000270297502404
3442 0.000135964171729
3443 0.000560563564165
3444 0.000281679436014
3445 0.000125081057449
3446 0.00012909543695
3447 0.000228986450892
3448 0.000142018612178
3449 0.00042609721301
3450 0.000419244800488
3451 0.000183940480326
3452 4.89926581985e-05
3453 0.000171762257302
3454 4.89926581985e-05
3455 0.000196452261768
3456 0.000452262384077
3457 0.000468795072115
3458 9.45473857236e-05
3459 0.000233682998578
3460 0.000208942464135
3461 0.000334543909989
3462 0.00010983888383
3463 0.000204528551157
3464 0.000275131674747
3465 0.000377516243928
3466 0.000252794359883
3467 0.000323382084549
3468 6.89845023212e-05
3469 0.000344723761876
3470 0.000337843425953
3471 0.000212203759725
3472 0.000249099025834
3473 0.000206119018316
3474 0.000268359546585
3475 0.000228907461868
3476 0.000305641035851
3477 0.000237537862555
3478 0.000117939372487
3479 0.000257520754387
3480 0.000232399171552
3481 0.000255289044494
3482 0.000218933091096
3483 0.000188871669885
3484 0.000188239767105
3485 0.000170446350915
3486 0.000196513921872
3487 0.000331338651661
3488 0.000187285596186
3489 0.000418893279205
3490 0.000116408777796
3491 0.0003040757881
3492 0.000230353598492
3493 0.000122529861796
3494 0.000224024258251
3495 8.40822059438e-05
3496 0.000550952016542
3497 0.000250903343076
3498 0.000236988625199
3499 0.000223431052377
3500 0.000271160840809
3501 0.000294945746354
3502 0.000457846594166
3503 0.000161819537482
3504 0.000164448394086
3505 0.000157859910895
3506 0.000325019707273
3507 0.000530598911767
3508 0.000140894266538
3509 0.000326336727956
3510 0.000249727659043
3511 0.000249602824038
3512 0.000300004222562
3513 0.000156831897655
3514 0.000148339563818
3515 0.000370616746596
3516 0.000159455970373
3517 0.000218675362485
3518 0.000188011610205
3519 0.000303384877701
3520 0.000262871081615
3521 0.000132768180803
3522 0.000662725453466
3523 0.000137392391217
3524 0.000218933091096
3525 0.000207002713366
3526 0.000362775061653
3527 0.000352903664774
3528 0.000221580389455
3529 0.000329203757388
3530 0.000406691009328
3531 0.000165699479629
3532 0.00019121065876
3533 0.000208317850293
3534 0.000188642016255
3535 0.000282701414288
3536 0.000249689335056
3537 0.000248996405549
3538 0.000101543882729
3539 0.000317296907485
3540 0.000174878875155
3541 0.000329951397266
3542 0.000197343268206
3543 0.000315024330445
3544 0.000133078341316
3545 0.000117050640831
3546 0.000727486261515
3547 0.000335565615378
3548 0.00018467254873
3549 0.000137884023576
3550 0.00030248775645
3551 0.000218870266881
3552 0.000172965935243
3553 0.000102190173274
3554 0.000404406171194
3555 0.000262278276376
3556 0.000255844198709
3557 0.0001701007275
3558 0.000285031254589
3559 0.000417251705171
3560 0.000272507027861
3561 8.13919508908e-05
3562 0.000201985375674
3563 0.000232399171552
3564 0.000187699170419
3565 0.000232688903198
3566 9.21942604205e-05
3567 0.000167329121937
3568 0.00022503910718
3569 0.000409094145746
3570 0.000287685006343
3571 4.89926581985e-05
3572 0.000274008757338
3573 0.000115735649466
3574 0.000229751310761
3575 0.000163394297408
3576 6.91866495186e-05
3577 0.000387929818219
3578 0.000474712105302
3579 0.000229843195498
3580 0.000252794359883
3581 0.000197823011571
3582 0.000195262026683
3583 7.10212386692e-05
3584 0.000159533114167
3585 0.000554224849466
3586 0.000175424239906
3587 0.000437918397042
3588 0.000257162644026
3589 8.37323162985e-05
3590 6.27457187159e-05
3591 0.000317718096285
3592 0.000221296934853
3593 0.000209770020733
3594 0.000508847741023
3595 0.000191521928127
3596 0.000225339161351
3597 0.000766031570142
3598 6.92938561176e-05
3599 0.000164636488503
3600 0.000388374021609
3601 0.000121263131962
3602 0.000256042133445
3603 0.000217748874665
3604 0.000113174401499
3605 0.000698664726478
3606 0.000362895745375
3607 0.000127727605721
3608 0.000133299552721
3609 0.000241092446083
3610 0.000264683556754
3611 0.000248054046401
3612 0.000506391638503
3613 0.000270051488486
3614 0.000232399171552
3615 0.000149262795768
3616 0.000254885291525
3617 0.000267463535414
3618 0.000405890193118
3619 0.000203479312825
3620 8.7078867141e-05
3621 0.000195463691919
3622 0.000161762041343
3623 0.000171592662118
3624 0.000229584724992
3625 0.00028971310382
3626 0.000367085314131
3627 0.000155536261616
3628 0.000192807384368
3629 0.000337125407925
3630 0.000438672833111
3631 0.000173626153291
3632 0.000137892298039
3633 0.000129604775052
3634 0.00059570986918
3635 0.00026976307589
3636 0.000265389815881
3637 0.000300877746802
3638 0.000107469938486
3639 0.00024410268611
3640 0.000190963811452
3641 0.000381217379716
3642 0.000162117023418
3643 0.000237345343828
3644 0.000276214232958
3645 0.000189364878573
3646 0.000230864337582
3647 0.000205762880326
3648 0.000179571426076
3649 0.000263162932065
3650 0.000232399171552
3651 4.89926581985e-05
3652 0.000310401240249
3653 0.00014221495759
3654 0.000104339667933
3655 0.000142402798121
3656 0.000229518536625
3657 0.000226118542749
3658 0.000212244815092
3659 0.000171371584001
3660 0.000163836360621
3661 0.000113362927638
3662 0.000115702789397
3663 0.000345710281053
3664 0.000187591412148
3665 0.000176429288224
3666 0.00012900505124
3667 0.000129791214981
3668 0.000237081078314
3669 0.000152303979404
3670 0.000147752894996
3671 0.000226449318323
3672 0.000144866836986
3673 0.00046681990323
3674 9.07287795255e-05
3675 0.00038040318183
3676 0.000225660032235
3677 0.000116408777796
3678 0.000504976762687
3679 9.89898834933e-05
3680 0.000282268154776
3681 0.00049462006386
3682 0.00012117481659
3683 0.000196858729255
3684 0.000183962130511
3685 0.000628897878096
3686 0.000206154481861
3687 7.3569061078e-05
3688 0.000299919417856
3689 6.010091366e-05
3690 7.00632343035e-05
3691 0.000358585154195
3692 8.13919508908e-05
3693 0.000355515921103
3694 0.000292606905554
3695 0.000103121936988
3696 0.000232399171552
3697 0.00023156028129
3698 0.000216948845313
3699 0.000242938060347
3700 8.80980019059e-05
3701 0.000147752894996
3702 0.000248172077079
3703 0.000347286728897
3704 0.000173669484502
3705 5.84377414044e-05
3706 0.000437859631777
3707 0.000286673656327
3708 0.000237550770868
3709 0.000238599476247
3710 4.89926581985e-05
3711 0.000312237826152
3712 0.000326250778347
3713 0.00010517347552
3714 0.000308380121219
3715 0.000294649766215
3716 0.000182893175254
3717 0.000163768120933
3718 8.13919508908e-05
3719 0.000299421768582
3720 0.000277713804164
3721 0.00022288126792
3722 0.000302780426602
3723 0.000391980677751
3724 0.000155565023004
3725 0.000108606159198
3726 0.000298071563949
3727 0.000198752664259
3728 0.000147644966456
3729 0.000334441528393
3730 4.89926581985e-05
3731 0.000264488565318
3732 0.000367156802558
3733 6.30889760548e-05
3734 8.77291174603e-05
3735 0.000448411188546
3736 0.000203725894369
3737 0.000140027935071
3738 0.000364582567739
3739 0.000365126545689
3740 0.000240176408695
3741 0.000329893519657
3742 0.000188380211225
3743 0.000130479144874
3744 0.000298071563949
3745 8.13919508908e-05
3746 0.000146867341297
3747 8.5358431765e-05
3748 0.000316771863151
3749 4.89926581985e-05
3750 0.000146903301672
3751 0.000297658234068
3752 0.000153109492631
3753 0.000249128707433
3754 0.000302824333818
3755 0.000127000059258
3756 0.000110100041085
3757 0.000587830231344
3758 0.000268607117528
3759 0.00049542835761
3760 0.000294127316337
3761 0.00020058530874
3762 0.000258770492354
3763 0.000178775417298
3764 0.0001681494503
3765 0.000353565916754
3766 7.51384078328e-05
3767 0.000164128669777
3768 0.000148143578925
3769 0.000278454836486
3770 0.000177583708163
3771 0.000146783251786
3772 0.000146046332876
3773 0.000131330821962
3774 0.000186599929541
3775 0.000287589701334
3776 0.000167082914239
3777 0.000281091582546
3778 0.000142819429874
3779 0.000180888621431
3780 0.000245858852897
3781 0.000187737178491
3782 9.34925451633e-05
3783 0.000376609502071
3784 0.00020322622792
3785 0.000156388950789
3786 0.000196087462143
3787 0.000247217020223
3788 0.000129095526426
3789 0.000128859670302
3790 0.000198879685943
3791 0.000406309843839
3792 0.000317057573308
3793 0.000194392864587
3794 0.000537252414967
3795 0.000384254017556
3796 8.76317390711e-05
3797 0.000137316902495
3798 0.000415634655092
3799 4.89926581985e-05
3800 0.000287296559317
3801 0.000437663747903
3802 9.12991495815e-05
3803 0.000211495113133
3804 0.000267264101125
3805 0.00043948019306
3806 9.42114770517e-05
3807 0.000144490135999
3808 7.02675319145e-05
3809 6.89342598371e-05
3810 0.000253421245857
3811 0.000389611702341
3812 8.56643458509e-05
3813 0.000154543823852
3814 0.000147752894996
3815 0.000174041162139
3816 0.000192657398658
3817 7.71655690754e-05
3818 0.000146119010856
3819 0.000178036125545
3820 0.000212808926694
3821 4.89926581985e-05
3822 0.000329583133937
3823 0.000332336264148
3824 0.000211957659487
3825 0.000442213650339
3826 0.00037801810694
3827 0.000355168455012
3828 0.000130017537131
3829 0.000266866387928
3830 0.000434254777391
3831 0.0011844744231
3832 0.000265952617774
3833 0.000140730358322
3834 0.0003507291313
3835 0.000112237010567
3836 0.000308545745771
3837 0.000338678606929
3838 0.000265068217015
3839 0.000546835887044
3840 9.94597285406e-05
3841 0.000170066978983
3842 0.000319452468019
3843 0.000396841532482
3844 0.000123785326456
3845 0.000124817779833
3846 0.000200855706058
3847 8.5358431765e-05
3848 0.000223122323472
3849 0.000141050552511
3850 0.000125081057449
3851 0.000258327982822
3852 0.000532342409922
3853 0.000219652206622
3854 4.89926581985e-05
3855 6.39834509353e-05
3856 0.000193733386774
3857 4.89926581985e-05
3858 0.000183597963683
3859 0.000294970325011
3860 0.000106349750759
3861 0.000334200513822
3862 0.000281052790433
3863 0.000241647788236
3864 0.000229276297575
3865 0.000147752894996
3866 7.99586908106e-05
3867 0.000234753691666
3868 0.000315142108862
3869 0.000282868152477
3870 0.000359381374674
3871 0.000301743471472
3872 0.000142515808063
3873 0.00019379432182
3874 0.000354755593963
3875 0.000224992555383
3876 7.03020831363e-05
3877 0.000132977537894
3878 0.000495621286007
3879 0.00014820898745
3880 6.39834509353e-05
3881 0.000152171016837
3882 0.000227241571993
3883 8.3438102065e-05
3884 0.000232399171552
3885 0.000310983707276
3886 7.48868498357e-05
3887 0.00028788203797
3888 0.000125147174263
3889 0.000165999159603
3890 0.000158895289767
3891 9.54319770862e-05
3892 0.000267413731993
3893 0.000211111327113
3894 0.000110026774742
3895 0.00020149929387
3896 0.000186187190203
3897 0.000244881556029
3898 9.58465720909e-05
3899 0.000249591777472
3900 0.000129886713363
3901 0.000372837818707
3902 0.000152007665675
3903 0.000391046145522
3904 0.00021770361579
3905 0.000142826833552
3906 0.000176768134651
3907 0.000478314536931
3908 0.00031358697407
3909 0.000129931578513
3910 0.000256079809586
3911 8.98468320744e-05
3912 0.000147752894996
3913 0.000238837696395
3914 0.000182248808428
3915 0.000126319670009
3916 0.000268581161383
3917 0.00013190161002
3918 0.000240486483168
3919 0.000543558983746
3920 0.000190963811452
3921 0.000243115146323
3922 0.000368352532761
3923 6.83525042441e-05
3924 0.000169246145419
3925 0.000438356593299
3926 0.000116252489222
3927 0.000391854074426
3928 0.000319386282407
3929 6.51716364694e-05
3930 0.00017569292756
3931 0.000465193595224
3932 0.000286475405128
3933 0.000185151049134
3934 0.000325246857359
3935 0.00012665679014
3936 4.89926581985e-05
3937 0.000103502874181
3938 0.00018610250521
3939 0.000726702362505
3940 0.000106639197082
3941 0.000134435724791
3942 0.000117583844036
3943 6.12671401718e-05
3944 0.000239138097872
3945 0.000153091894023
3946 0.000402478475597
3947 9.34925451633e-05
3948 0.000356047698292
3949 0.000553357180698
3950 0.000262540408943
3951 0.000233736822974
3952 0.000379789119063
3953 0.000106761994941
3954 9.35526317817e-05
3955 0.000111244394745
3956 7.04872589703e-05
3957 0.000304327538335
3958 0.000278220137528
3959 0.000134680092391
3960 5.97193292656e-05
3961 0.000255659315026
3962 0.000140365888532
3963 0.000367154350307
3964 0.000148072297674
3965 0.000226731389844
3966 9.00410697547e-05
3967 0.000426448951045
3968 0.000240647888903
3969 0.000435428777439
3970 0.000280250959224
3971 0.000106859488021
3972 0.000441759725553
3973 0.000227462624615
3974 0.000116859128076
3975 4.89926581985e-05
3976 0.00023894161731
3977 0.000182921308379
3978 0.000103040778589
3979 7.91678586179e-05
3980 0.000193144744593
3981 0.00217029778055
3982 0.000250936446076
3983 0.00041626219583
3984 9.70708490901e-05
3985 6.83724860453e-05
3986 0.000205444453111
3987 0.00028910022377
3988 0.000119229159145
3989 0.000229492819788
3990 0.000214973445815
3991 0.000190595594185
3992 0.000126563647525
3993 0.000125338388679
3994 0.000204311937631
3995 0.000337364039347
3996 0.000287752107491
3997 0.000168820378214
3998 0.000328126657625
3999 0.000433728826455
4000 0.000177661910437
4001 0.000299620622241
4002 0.000119229159145
4003 0.000245107420389
4004 0.00016961651373
4005 0.000317775499947
4006 0.000132422746045
4007 0.000101024174798
4008 0.000190595594185
4009 6.83724860453e-05
4010 0.00030359260785
4011 6.83724860453e-05
4012 0.000148052993174
4013 0.000119229159145
4014 0.000207076011
4015 0.000367909448083
4016 6.83724860453e-05
4017 0.000190595594185
4018 0.0003042739229
4019 0.000222954127712
4020 0.000249937758031
4021 0.000270044825732
4022 0.000334846187413
4023 6.83724860453e-05
4024 0.000539812177336
4025 6.83724860453e-05
4026 0.000190595594185
4027 0.000282221743184
4028 0.000269121883331
4029 0.000104216647915
4030 0.000119229159145
4031 0.000554143307475
4032 0.000358722594414
4033 0.000101024174798
4034 0.00012393488455
4035 9.38269084444e-05
4036 6.83724860453e-05
4037 0.000106113783039
4038 0.000148405222369
4039 0.000295913823371
