node,pagerank
1 0.00498646998611
2 0.00057757971951
3 0.000216952404565
4 0.000523193338525
5 0.00030734672695
6 0.000264637694485
7 0.000211582527922
8 0.000539510843701
9 0.000223589674319
10 0.00053500114618
11 0.000225476339495
12 0.000179792240188
13 0.000151549131884
14 0.000500192103249
15 0.000317133747824
16 0.000122980134956
17 0.000148727351399
18 0.000217877366679
19 8.53338343348e-05
20 0.000262142702285
21 0.000204673904498
22 0.000611521954463
23 0.000123928243176
24 0.000279109816298
25 0.000175317228118
26 0.000646831492709
27 0.000532635279226
28 8.43345601665e-05
29 0.000187101987324
30 0.000176311492246
31 0.000217804155035
32 0.000217467807011
33 0.000120053758961
34 8.85723557635e-05
35 0.000104430861676
36 8.81545223179e-05
37 0.000150948734835
38 7.6692255885e-05
39 0.000170032153647
40 0.000216012182445
41 0.000552732134029
42 0.000331748746955
43 8.89804586781e-05
44 8.47462265494e-05
45 0.000129186520073
46 0.000144874926472
47 0.000154756659761
48 0.000175076199739
49 0.000214137084753
50 0.000151871349709
51 0.000112122559631
52 0.000120074463259
53 0.000111277533821
54 0.000568662285463
55 0.000101819340797
56 0.000136710584135
57 0.00059454907696
58 0.000163286111925
59 0.000204321506268
60 0.000156233781034
61 0.000127217496021
62 0.000100894699692
63 0.000205061504021
64 8.61200744795e-05
65 0.000123020369956
66 0.00010204406987
67 0.000117973071727
68 0.000540519880264
69 0.000165653480971
70 0.000104340603425
71 0.000101058948254
72 0.000107293543623
73 0.000171583140522
74 0.000113757450003
75 8.32007848847e-05
76 0.000122838752875
77 8.99300686323e-05
78 0.000103993584067
79 0.000153801723235
80 9.77371464848e-05
81 0.000243386062994
82 0.000111595611766
83 0.0004895074933
84 0.000121679505445
85 0.000130341680704
86 0.000128586494854
87 0.000131675792184
88 0.00011888516622
89 0.000200979680194
90 0.000145754920325
91 0.000100762352273
92 0.000145908303151
93 0.000221081135923
94 0.000147119603511
95 0.000229349815533
96 0.000123926562761
97 0.000106275718141
98 0.000103134610238
99 0.000474260912942
100 0.000220913105851
101 0.000131918533181
102 0.000198793001825
103 0.00012318040249
104 0.000118311216294
105 0.000424965349436
106 0.000128331682435
107 9.59292005537e-05
108 0.00648221774711
109 0.000146515614623
110 0.000447926093337
111 0.00011598695593
112 0.000210919777468
113 0.000106112883737
114 0.000479475044937
115 8.39203213778e-05
116 0.000302115670586
117 0.000223493035879
118 7.96823662065e-05
119 0.000390787773651
120 0.000557970891614
121 8.39230782767e-05
122 0.000111754531781
123 0.000520927662139
124 0.000128076822594
125 9.44721902899e-05
126 9.69165519308e-05
127 9.84023203383e-05
128 0.000186336375527
129 0.00020192460065
130 8.76822072125e-05
131 0.000152386764897
132 0.000127074102389
133 0.000138997958198
134 0.000156261037683
135 0.000149043989996
136 0.00013526556456
137 0.000545325821549
138 0.000241899201883
139 5.75146741447e-05
140 0.000122144481463
141 0.000159606631366
142 0.000373322667155
143 0.000383933698438
144 0.000191713655091
145 0.00020422358216
146 6.74715473039e-05
147 9.99968632121e-05
148 0.000103879229178
149 0.000170908937342
150 0.00018775940366
151 0.000140556904518
152 0.000111890188228
153 8.60460419084e-05
154 4.92151348269e-05
155 6.10064635768e-05
156 8.04752505953e-05
157 0.000109353847959
158 8.05866334732e-05
159 0.000196683799939
160 0.000150810781148
161 5.67888038167e-05
162 0.000182048866534
163 0.000125188058873
164 9.33062866543e-05
165 5.71646817463e-05
166 7.86506372548e-05
167 9.24534801147e-05
168 0.000128272648391
169 0.000114212771726
170 0.000402081785453
171 0.000500614610118
172 0.000337343222531
173 0.000474452720072
174 0.000185550483769
175 8.82603562561e-05
176 0.000258929629209
177 0.000113305954458
178 0.000175269893472
179 0.000124071483619
180 8.15984969447e-05
181 0.000212472541211
182 0.000163178943555
183 7.99443988024e-05
184 5.13146115515e-05
185 0.000201105278254
186 0.000193215670826
187 0.00047664194087
188 0.000172280715271
189 0.000415642366086
190 0.000107004832718
191 7.84459727619e-05
192 5.83593383732e-05
193 9.94967046041e-05
194 8.63082125969e-05
195 0.000193814453738
196 0.000148337957906
197 0.000131674453021
198 0.000183707705321
199 0.000241288819726
200 0.000398164263475
201 0.00048631652843
202 7.77207564915e-05
203 8.29004607228e-05
204 0.000457233751763
205 0.000221017868687
206 6.12731251649e-05
207 7.35647207184e-05
208 5.41890879446e-05
209 7.35985042499e-05
210 4.43130816908e-05
211 4.43130816908e-05
212 0.000367190169211
213 0.000142318939407
214 0.000386732350543
215 0.00023828436353
216 4.43130816908e-05
217 6.03085047894e-05
218 0.000114594823283
219 0.000148337957906
220 0.000117377147138
221 8.55734873811e-05
222 8.13125713193e-05
223 0.000106780987541
224 0.000271497339219
225 0.00023135104454
226 0.000166851420205
227 0.00019105329748
228 0.000240716190225
229 5.8590404295e-05
230 8.32938081102e-05
231 0.000149764076824
232 0.000163459784073
233 0.000182220076029
234 7.71788296692e-05
235 4.89870552412e-05
236 6.44868006941e-05
237 0.000350441201765
238 9.79276385397e-05
239 0.00016931633727
240 0.000494271160469
241 6.58388032246e-05
242 5.42586933178e-05
243 0.000239294927435
244 0.000149514484746
245 7.71788296692e-05
246 9.09806488833e-05
247 0.000119039158222
248 6.0769617312e-05
249 0.000157945296262
250 0.000244132419483
251 6.4825001038e-05
252 0.000168376954949
253 0.000489605323627
254 8.12248186714e-05
255 0.000180132105618
256 5.42586933178e-05
257 7.71788296692e-05
258 0.000144001836423
259 0.000125069064964
260 0.000134937905501
261 0.000117200095248
262 0.00037446423772
263 8.55734873811e-05
264 0.000129840348437
265 8.7605890262e-05
266 0.000192738487172
267 0.000189003533034
268 5.75729740825e-05
269 9.24559896646e-05
270 8.76109833822e-05
271 6.1793731992e-05
272 0.00048985865816
273 0.000453735417953
274 0.000148337957906
275 0.000118258381984
276 0.000163178943555
277 0.000133842395108
278 0.000540138301443
279 0.000160935453469
280 5.72237777442e-05
281 0.000397428108553
282 0.000182978781917
283 7.71788296692e-05
284 8.38763188826e-05
285 0.000183690960814
286 0.000402715204316
287 5.38104859734e-05
288 4.43130816908e-05
289 5.89059101639e-05
290 8.24966862403e-05
291 0.000110891126181
292 0.000331234424793
293 4.43130816908e-05
294 7.63373929057e-05
295 5.82153036118e-05
296 9.62245158953e-05
297 0.000129840348437
298 0.000178864046938
299 9.64617330236e-05
300 0.000213609092145
301 9.66806144155e-05
302 5.68062514988e-05
303 0.000210280046634
304 0.000161738629601
305 0.000447949125032
306 5.60407258761e-05
307 0.000148337957906
308 7.24076817638e-05
309 0.000181341817338
310 0.00013526556456
311 0.000198881196764
312 8.32119082268e-05
313 0.000369341656567
314 0.000340364922744
315 0.000112412610594
316 0.000469548307879
317 5.11485518942e-05
318 8.57526895805e-05
319 9.56254820952e-05
320 0.000134888148036
321 0.000241989089116
322 7.1065696326e-05
323 0.000539176966235
324 0.000365063950386
325 0.000230326044782
326 0.000351247879801
327 0.000247184739883
328 8.17285659288e-05
329 0.000148337957906
330 0.000384026520923
331 0.000169537883725
332 0.000155486944257
333 0.000373056392574
334 0.000121495360035
335 0.00032206164509
336 4.43130816908e-05
337 5.76661810113e-05
338 0.000153630355154
339 8.37005409992e-05
340 0.000242227083441
341 7.5787033317e-05
342 0.000100230655071
343 0.000284451346153
344 0.00023610532565
345 8.79126890584e-05
346 0.000127114742536
347 0.000275526984833
348 8.90676719596e-05
349 0.00210266976625
350 7.89629488664e-05
351 0.000200437006131
352 0.000125429549793
353 0.000166010617221
354 0.00054523720081
355 0.000341529120764
356 0.000361606840916
357 8.74410808236e-05
358 0.000186721817744
359 4.5050572199e-05
360 0.000224062956806
361 0.000344186992736
362 0.000209488506034
363 0.000155321807835
364 0.000561966997635
365 0.00020008461176
366 6.30447733942e-05
367 0.000500454743031
368 0.00027604901242
369 0.000295404671613
370 0.00024027939127
371 0.000463153709378
372 5.87743431645e-05
373 0.00015906010108
374 0.000509104059921
375 0.000454929809719
376 0.000124364352111
377 0.000701772672065
378 6.74047354993e-05
379 0.000440552873282
380 6.51019162846e-05
381 0.000135769938863
382 0.000139085333607
383 0.00011634834449
384 7.87550650956e-05
385 9.11482583182e-05
386 7.02726940356e-05
387 9.59896171979e-05
388 0.00033532702427
389 0.000274951654674
390 0.000447626442587
391 6.10519997779e-05
392 0.000395566629704
393 0.00025212568003
394 0.000158389537947
395 0.000218239943113
396 0.000458603950696
397 0.000207331148101
398 0.00039654505774
399 0.000221225807804
400 0.000178518696022
401 0.000455447136576
402 7.23463452053e-05
403 0.000451004968132
404 0.000159628293322
405 0.000351206083843
406 0.000117595795292
407 8.71480914162e-05
408 0.000155598960937
409 0.0004003380396
410 0.000236828856927
411 0.000135162218198
412 9.2679026489e-05
413 0.000602226313836
414 0.000138579562828
415 0.00166482294964
416 0.000175005961354
417 0.000142634409565
418 0.000442247283192
419 0.000150841133309
420 0.000451601539785
421 0.000225645052236
422 0.000168008642097
423 0.000558367197713
424 0.00040264033388
425 0.000184702327139
426 0.000153259973668
427 0.000146006135463
428 0.000120231959405
429 0.000634962693131
430 0.000119006572312
431 0.000232808099016
432 0.000843870341035
433 0.000445439204502
434 0.00012293245419
435 0.000251367767625
436 0.000117234825019
437 0.000462371370392
438 0.000218591905263
439 0.00041198457722
440 0.000311425257673
441 0.000107649373304
442 0.000178518696022
443 0.000103708888213
444 6.97854672304e-05
445 0.000351013898281
446 0.00019324011319
447 0.000137132117477
448 4.5050572199e-05
449 5.65556332426e-05
450 0.000108382741041
451 0.000175309804222
452 0.00016306596143
453 0.000350513431369
454 0.000144381213897
455 8.6039016876e-05
456 0.000294851387379
457 0.000389016873886
458 0.000206840596719
459 0.000180726224272
460 0.000124165826894
461 0.000482667464794
462 0.00036293013417
463 0.000165250836532
464 0.000335985990139
465 0.000108522139805
466 0.000493681754366
467 0.000103703405946
468 0.000104494192619
469 6.97854672304e-05
470 0.00019291232689
471 0.000147185774432
472 0.000221601518195
473 9.35796702844e-05
474 0.000228920016098
475 0.000163685644567
476 0.000671720344155
477 0.000138896602318
478 0.000139404042083
479 9.92635467771e-05
480 0.000232472419199
481 9.91826000327e-05
482 0.000206183058591
483 0.000224645090685
484 0.00172537437896
485 0.000552148496482
486 6.88096476876e-05
487 0.00017640386514
488 0.000228784317635
489 0.000169034476439
490 0.000190625552051
491 0.000122129449702
492 0.000109001742677
493 0.000445681994884
494 0.000421862925682
495 0.000147271013596
496 0.000144878609543
497 0.000284484414391
498 0.000502015215082
499 0.000133297565053
500 8.21375002375e-05
501 0.000533849497897
502 0.000178518696022
503 9.99301365812e-05
504 0.000391193956154
505 0.000427290978275
506 0.000142080590686
507 0.000473915779621
508 0.000454051070419
509 0.000140422649585
510 0.000160473281901
511 0.000211937913539
512 0.000218399449877
513 0.00017953021391
514 0.000515683552521
515 0.000411666296336
516 0.000417470104182
517 0.000198280512498
518 0.000597854983638
519 0.000194420300873
520 0.000180299944939
521 0.000355804350692
522 0.000110621975754
523 0.000118839610812
524 0.000345215025239
525 0.000441692638779
526 0.000437311460145
527 0.000457913615618
528 0.000313809499206
529 0.00011588976872
530 0.000101867118319
531 6.65437583677e-05
532 0.000362097270261
533 0.000233710276112
534 8.50674022597e-05
535 9.88657594869e-05
536 0.000102750297469
537 0.000126699405288
538 0.000271842137422
539 0.000491105766787
540 0.000194445285768
541 8.74061976317e-05
542 9.76617517107e-05
543 0.000416835553119
544 0.000166504748989
545 0.000460433223129
546 0.000351268664558
547 0.00025309776346
548 0.000259566388019
549 0.000244246286659
550 0.000102095589027
551 4.5050572199e-05
552 0.00017735321677
553 9.11482583182e-05
554 0.000510661788984
555 0.000183754041837
556 0.000263501285229
557 0.000449940415321
558 0.000253930866893
559 0.000153756433594
560 0.000486238691534
561 0.000223142997039
562 0.000493486584494
563 7.16673187736e-05
564 0.000646270164191
565 0.000204351301295
566 0.000133092892928
567 0.000486208847188
568 0.00049895670001
569 0.000117903308152
570 0.000113488587204
571 0.000239824202294
572 4.95107477927e-05
573 0.000104494192619
574 0.000350823981821
575 0.000132158106955
576 0.000137799900821
577 0.000169368814271
578 0.000245676809084
579 0.000265941017242
580 0.000389894086545
581 0.000495204026347
582 8.04175703484e-05
583 0.000235919839275
584 0.00027668447595
585 0.000178909174166
586 4.61787586411e-05
587 8.11013239506e-05
588 9.66400446838e-05
589 0.000155566263717
590 0.000213586935595
591 0.000137078781026
592 0.000369271941009
593 0.000454133623355
594 6.78360034838e-05
595 0.000198001961986
596 0.000216700927063
597 0.00041030996973
598 0.000217625864912
599 0.000168010195225
600 0.000256583462433
601 0.000266937811057
602 0.000168814549387
603 4.61787586411e-05
604 0.000187577721606
605 0.000234739846799
606 0.000186015281819
607 0.000472259069458
608 4.61787586411e-05
609 4.61787586411e-05
610 0.00030980166619
611 6.47470781393e-05
612 0.000171513179999
613 0.000161915764675
614 4.61787586411e-05
615 0.000220978232329
616 0.000267071799996
617 0.000228603030632
618 0.000260074116722
619 0.000246773890994
620 0.000264281057415
621 0.000182218720744
622 0.000105006661447
623 0.000158513230802
624 0.000180924121666
625 4.61787586411e-05
626 0.000218469465977
627 0.000155463036323
628 0.000265941017242
629 0.000151168533109
630 9.45314005143e-05
631 0.000378063546073
632 0.000142028577366
633 0.000246995887927
634 0.00016222932148
635 0.00013595467412
636 0.000240501480704
637 0.000254443070728
638 0.000535586306444
639 4.61787586411e-05
640 0.000124737071461
641 0.00025601473623
642 0.000439759523004
643 8.04175703484e-05
644 0.000266937811057
645 0.000241838037825
646 0.000197717705309
647 0.000111361012517
648 0.000216298752702
649 5.50663213557e-05
650 8.01712215484e-05
651 0.000246842860394
652 0.000469737766152
653 5.09053786264e-05
654 0.000264866654677
655 0.00033928093272
656 8.48587556412e-05
657 5.48633445743e-05
658 0.000101915351556
659 0.000265941017242
660 0.000265941017242
661 6.66330607601e-05
662 0.000266937811057
663 0.00026635119142
664 0.000118220486676
665 0.000179819775383
666 0.000208789403846
667 0.000176340181589
668 7.20676100002e-05
669 4.61787586411e-05
670 0.000222568781667
671 0.000255606163116
672 6.55160918319e-05
673 0.000100809658558
674 5.57627938437e-05
675 4.61787586411e-05
676 0.000256325700676
677 0.000132904427772
678 0.000223402834937
679 0.000262765706769
680 9.95729713799e-05
681 0.000255690963406
682 0.000257138139706
683 0.00015896419786
684 0.000216788091265
685 0.000209495602241
686 0.000177309470188
687 0.00188806027001
688 0.000234115855779
689 0.000424562921209
690 0.000149823997665
691 9.46507423538e-05
692 0.000117068334227
693 4.68609362913e-05
694 0.000129210836467
695 0.000539991687325
696 0.000305277963586
697 0.000273102237246
698 0.0005058297996
699 0.0012437656239
700 6.13517427095e-05
701 8.05140606638e-05
702 0.00016765602158
703 0.000151587318804
704 0.00037766625357
705 8.10261774921e-05
706 0.000624424378228
707 0.000138465745173
708 0.000173729508728
709 0.000258921131075
710 0.000143045551191
711 8.59298034003e-05
712 0.000169696561059
713 0.000217675243946
714 0.000667290084152
715 0.000239755145404
716 9.95930659985e-05
717 0.000129304400736
718 0.000113237308426
719 0.000288973160529
720 0.000571323110104
721 0.000195318427883
722 7.4065761667e-05
723 0.000134613154973
724 0.000118669813776
725 0.000417968860868
726 0.000148846624104
727 0.000333713669733
728 0.000224113320379
729 0.000316991333826
730 0.000213312576978
731 0.000150421161949
732 0.000226605264051
733 0.000247474778245
734 0.000121537581811
735 0.000213181097475
736 8.02950599724e-05
737 0.000217269202988
738 0.00014058447449
739 0.00021303685783
740 0.000252801873446
741 0.000117301605365
742 0.0001566111035
743 0.000172042459576
744 7.47903061602e-05
745 5.53230556033e-05
746 0.000541753709316
747 0.000152307138619
748 0.000540911985811
749 0.000176356825262
750 7.14946995063e-05
751 5.51639183316e-05
752 0.000113962920072
753 0.000291841028215
754 0.000160977259443
755 0.000319799307014
756 0.000178249937703
757 9.9640252998e-05
758 0.000115441714651
759 0.000182558406177
760 0.000107312382143
761 0.000279761594115
762 9.23057732893e-05
763 0.000114664084933
764 0.000151055059187
765 0.000233323259885
766 0.000137710723671
767 0.000305650341235
768 0.000148027612522
769 0.000215640912843
770 0.000187080359705
771 0.00026281689004
772 0.000240132096716
773 0.000161643220224
774 0.000281817718126
775 0.000312073052387
776 7.14946995063e-05
777 0.000218059097517
778 0.000163979770937
779 0.000144525018604
780 0.000162285262711
781 0.00028242896874
782 0.000480569910381
783 0.000204199336058
784 0.000168617030132
785 0.000364948403603
786 6.78202849193e-05
787 0.000136655231513
788 0.000259864818266
789 9.00503078386e-05
790 0.000219190557123
791 7.44694490952e-05
792 0.000133254424846
793 0.000198869927459
794 0.000195235493645
795 0.000132206489103
796 0.000174876243167
797 0.00012772454184
798 0.000233547532601
799 0.000147012380046
800 0.000135516046111
801 0.000358931694425
802 4.68609362913e-05
803 0.00010355826781
804 0.000207744143768
805 0.000237992205734
806 0.000578284598502
807 0.000258213239215
808 0.000179041387078
809 0.000108931415274
810 0.000169399193827
811 0.00028123525285
812 0.000126151637433
813 9.09813974629e-05
814 0.000130333458796
815 0.000209222731725
816 0.000282516881721
817 0.000150167500259
818 0.000210953967831
819 0.000244054807623
820 0.000361998547896
821 0.000299119154893
822 9.73837208905e-05
823 0.000246443011413
824 0.000504746061001
825 0.000527110276938
826 0.000126950486855
827 0.000106023708126
828 0.000419901868239
829 0.000940521774574
830 0.000319160277407
831 0.000499910769471
832 0.000142181621471
833 8.61317708888e-05
834 0.000253970579994
835 0.000339305056863
836 0.000175773709818
837 0.000121896277076
838 0.000124384204153
839 0.000185393822656
840 0.000251370004235
841 0.000250298239581
842 5.93612719059e-05
843 0.000292442551355
844 0.000126552825905
845 0.000126643806081
846 0.000182606164511
847 9.19382535648e-05
848 0.000210155870083
849 0.000208331560741
850 0.000297586505201
851 0.000146310145784
852 5.85491059862e-05
853 0.000113237308426
854 0.000382416420146
855 6.03115496047e-05
856 0.000113237308426
857 0.000445943754601
858 0.000188262510833
859 0.000142781885692
860 7.14400327888e-05
861 5.56070275945e-05
862 0.000171247111273
863 0.000286124709489
864 0.000191275111087
865 0.000121836304509
866 9.1026524396e-05
867 0.000147118567773
868 0.000206929044919
869 9.1026524396e-05
870 0.000108632083579
871 0.00019399644804
872 0.000182613655816
873 0.000182273585149
874 0.000159119329698
875 0.000182273585149
876 4.88410497013e-05
877 0.000191275111087
878 0.000114430767674
879 0.000175536745886
880 0.000170110381789
881 9.25565154932e-05
882 0.000193151822734
883 0.000145703598824
884 4.88410497013e-05
885 0.000109689380849
886 0.000237052430855
887 0.000150669194166
888 0.000159119329698
889 0.000159282265226
890 0.000221163355973
891 0.000109286938177
892 4.88410497013e-05
893 4.88410497013e-05
894 0.000102647537105
895 0.000122186995341
896 0.000168424798776
897 0.00156537636661
898 0.000306451772186
899 0.000199644357761
900 6.79290548179e-05
901 0.000115464381552
902 0.000264363001844
903 0.00024982526422
904 0.000262935120636
905 8.32623705493e-05
906 0.000123162770539
907 0.000325378847681
908 8.42562470751e-05
909 0.000298200041883
910 0.000171468085736
911 9.61577712439e-05
912 4.25525488396e-05
913 0.000121127167535
914 0.00028984542281
915 0.000105811202431
916 0.000222679416264
917 0.000442274726187
918 0.00060774372265
919 4.25525488396e-05
920 0.000176289274386
921 9.93646619418e-05
922 0.000332824347174
923 0.000193653228888
924 9.95727377185e-05
925 0.000346007877368
926 0.00050620153577
927 0.000105904822797
928 0.000323866345811
929 0.000108118131714
930 8.51173450992e-05
931 0.000357471429134
932 0.000128390087949
933 0.000454407784605
934 0.000148084644036
935 0.000311124039022
936 7.88367264159e-05
937 0.000220389595597
938 9.21723829639e-05
939 0.000231572667704
940 0.000159211480851
941 0.000127548797705
942 0.000366909779377
943 0.000354322072601
944 0.000110675473744
945 0.000239080289318
946 5.58263161971e-05
947 0.000498704067821
948 0.000361879131825
949 0.000231831506056
950 0.000127605061469
951 0.000107442125708
952 0.000158275082364
953 0.000314822424983
954 0.000346713675377
955 0.000346272195707
956 0.000159397364883
957 0.000152459065556
958 0.000343026058719
959 0.0001770116715
960 0.00024313073544
961 0.000346728662202
962 0.000139540180172
963 0.00019234804947
964 0.000261292173544
965 0.000180929647401
966 0.000114816380746
967 0.000343786168153
968 0.000346928507167
969 0.000274567789055
970 0.000200644650798
971 0.000141748643648
972 0.000202496107824
973 9.99190035008e-05
974 0.000140579779602
975 0.000110688927484
976 0.000317462439147
977 0.000158640350082
978 0.000187714389835
979 0.00033343458699
980 0.000157103879629
981 0.000408651340717
982 0.000258332336588
983 0.000318948843826
984 0.000374005368335
985 0.000245264141444
986 8.38863740346e-05
987 9.19200538366e-05
988 8.98672359427e-05
989 0.000217641810875
990 0.000192837581008
991 0.000270547116591
992 0.000158761194226
993 0.000257164663197
994 0.000460430951819
995 0.0001533086753
996 0.000324515081678
997 7.01515631516e-05
998 0.00032795134931
999 7.95236552402e-05
1000 0.000316373266896
1001 0.000167915178686
1002 0.000227929391903
1003 0.000113785471876
1004 0.000342005511521
1005 0.00036201820612
1006 0.000117644410112
1007 0.000428891585716
1008 0.000109090330213
1009 9.01509401271e-05
1010 0.000305475077144
1011 0.000274543581222
1012 0.00024563016412
1013 0.00022646069876
1014 0.000108946079633
1015 0.000474925445748
1016 0.000194425117403
1017 0.000145754298679
1018 0.000449207636529
1019 0.000291971012093
1020 0.000315672745055
1021 0.000319804439451
1022 0.000314672021016
1023 5.48794502166e-05
1024 0.000105463450158
1025 0.000342006824436
1026 0.000179402401809
1027 0.000338522844989
1028 8.87094500131e-05
1029 0.000255354253906
1030 0.000615218478228
1031 0.000172829810252
1032 6.48954727394e-05
1033 0.000418810598141
1034 0.000158036786423
1035 5.54702880172e-05
1036 0.00017659570427
1037 0.000326716529
1038 0.000260612009018
1039 6.9269450258e-05
1040 0.000110415638727
1041 0.000388417440922
1042 0.000390682192238
1043 0.000109739925869
1044 0.000178921608529
1045 0.000145862204236
1046 0.000161181663176
1047 8.94440685725e-05
1048 0.000375305806907
1049 0.000366247843829
1050 0.000338261135177
1051 0.000126452181322
1052 0.00035908320284
1053 0.000819534240304
1054 0.000113538456989
1055 0.000259735617618
1056 0.000140145927569
1057 0.000435240659324
1058 8.87312601861e-05
1059 8.48565261335e-05
1060 0.000491498721583
1061 0.000272340484862
1062 0.00011490243839
1063 0.000157588447078
1064 0.000102358719641
1065 0.000224472335723
1066 5.07959355506e-05
1067 0.000360163621556
1068 0.000407522724462
1069 0.000247277320571
1070 0.000100833932853
1071 0.000912067986256
1072 8.03497043853e-05
1073 0.000179335502635
1074 0.000106750699358
1075 0.000262360169749
1076 0.000337570731993
1077 0.000421026025873
1078 0.000136786962997
1079 0.000532909225063
1080 0.000367879137086
1081 0.000368053414946
1082 0.000200477249561
1083 0.000301539577565
1084 0.000328402442137
1085 8.72087569145e-05
1086 0.000576362553236
1087 0.000636902696294
1088 0.000102720984113
1089 0.000148133476291
1090 0.000129282917912
1091 0.000123563982227
1092 0.000113517430832
1093 0.000248743742455
1094 8.91661984007e-05
1095 0.000105817243013
1096 0.000149972313698
1097 4.25525488396e-05
1098 0.000271406615736
1099 0.000214969625714
1100 0.000320991699295
1101 0.000342281595466
1102 0.000374929619645
1103 0.000302856190903
1104 7.65918955618e-05
1105 0.00157364642273
1106 0.000113785471876
1107 0.00019208852136
1108 0.000419749984586
1109 0.000252228499729
1110 0.000247634744329
1111 0.000307441153234
1112 0.000143524815391
1113 0.000251203289617
1114 0.000361674284938
1115 0.000234380287801
1116 0.000189850557284
1117 0.000121068726776
1118 0.000373670555347
1119 0.000268083771157
1120 4.25525488396e-05
1121 0.000289420834166
1122 0.000161497828664
1123 0.000327702456163
1124 0.000269132259276
1125 0.00041980179277
1126 0.000354413589453
1127 0.000592225638951
1128 0.000196883932519
1129 0.000350165999037
1130 0.000307235753051
1131 0.00024033639762
1132 0.000249441866122
1133 0.000434926883838
1134 8.40042454975e-05
1135 0.000120067147234
1136 0.000359991226941
1137 0.000312769547815
1138 0.000208608262036
1139 0.000207037213533
1140 0.000169597774185
1141 9.64918221491e-05
1142 0.000139145747217
1143 0.000216491072573
1144 0.00010032301159
1145 0.000194428279605
1146 4.25525488396e-05
1147 0.00045024533778
1148 5.51554691056e-05
1149 0.000310824790652
1150 0.000319513903724
1151 0.000123732408029
1152 7.05506601609e-05
1153 0.000114580652142
1154 0.000439283356568
1155 0.000102087315193
1156 0.000296714234828
1157 0.000313508742422
1158 7.35423802842e-05
1159 0.00028560492041
1160 0.000356329918416
1161 0.000328291566802
1162 0.000147326787712
1163 9.47725155435e-05
1164 0.000309567058318
1165 0.000115235658787
1166 0.000228487589992
1167 0.000333922159751
1168 0.000181960944791
1169 7.79578939324e-05
1170 0.000141654407586
1171 0.000219789231986
1172 0.000234700172372
1173 0.000345100590889
1174 0.000452208662295
1175 0.000176632107679
1176 0.000420431687074
1177 4.65194932289e-05
1178 0.000201300418879
1179 0.00013443423119
1180 0.000297973915118
1181 0.000225372963809
1182 0.000313821535335
1183 0.00025744973205
1184 0.000229521463786
1185 0.000466656972866
1186 0.000458297943167
1187 0.000136330824088
1188 0.000172751509206
1189 0.000221889836033
1190 0.000267320331844
1191 0.00018866455385
1192 0.000344042545705
1193 0.000416970317398
1194 0.000122632446817
1195 0.000100679251629
1196 0.000239380908702
1197 0.000127164353909
1198 0.000183013109146
1199 0.000314145356276
1200 0.000634372768945
1201 7.15278724032e-05
1202 0.00023767693475
1203 0.000158059714769
1204 0.000100987085482
1205 0.00154700617908
1206 0.000322252038035
1207 4.25525488396e-05
1208 0.000261347799062
1209 9.12252436102e-05
1210 0.000321527303722
1211 0.000288314270508
1212 0.000511974597203
1213 0.000201792552616
1214 0.000159904747056
1215 0.000374586942258
1216 0.000262922476851
1217 0.000266624157946
1218 0.000318462103353
1219 0.000164316952508
1220 0.000235725512077
1221 7.63834710294e-05
1222 0.000350298683907
1223 0.000460235534774
1224 0.000143693356399
1225 6.61941701851e-05
1226 0.000232111469024
1227 0.000238825069669
1228 0.000405351464617
1229 0.00016380595732
1230 0.000256461095329
1231 0.000378216322778
1232 0.000350038318535
1233 0.00020637499946
1234 4.80103281705e-05
1235 0.000134206304171
1236 0.000460138458345
1237 0.000354363486181
1238 0.000357952706934
1239 0.000479470425749
1240 6.25219869289e-05
1241 0.000148873655627
1242 0.00013055053941
1243 0.000320823508812
1244 0.000351665268642
1245 0.000102021475052
1246 0.000237632762276
1247 0.000235787268388
1248 0.000148753147292
1249 9.04181399117e-05
1250 0.000121255868638
1251 0.000428011906871
1252 0.000123303638367
1253 7.18821366455e-05
1254 8.03497043853e-05
1255 0.00011130805279
1256 0.000383856555075
1257 0.000413144309234
1258 0.000285475184675
1259 0.000292574168242
1260 0.000355794272632
1261 0.000265509543643
1262 0.000325005317584
1263 4.51886483196e-05
1264 6.44739204006e-05
1265 8.13343592592e-05
1266 0.000163214574173
1267 0.000140735954721
1268 0.000356701040174
1269 0.000119896885281
1270 0.000383743289988
1271 5.57976063914e-05
1272 0.000321678556324
1273 0.000337169507373
1274 0.000324263558584
1275 0.00020283027723
1276 0.000360679559235
1277 4.5218388965e-05
1278 0.00155444713835
1279 0.000163298017254
1280 0.000236110554644
1281 0.00031677742949
1282 0.000237826734578
1283 0.000322306273834
1284 0.00027221994153
1285 0.000300245840979
1286 0.000229486136094
1287 0.000129121615894
1288 0.000229172063919
1289 0.000328008122978
1290 0.000312749171261
1291 0.000318731815847
1292 0.000342253402707
1293 0.000272679450195
1294 0.000209059747225
1295 0.000132889756805
1296 8.02322343503e-05
1297 0.000180980362558
1298 9.51873680177e-05
1299 0.000312924143736
1300 0.000243503387592
1301 0.000195759799197
1302 7.86989409676e-05
1303 0.000323719079444
1304 0.000244278849377
1305 0.000284636001671
1306 0.000347461448117
1307 0.000169045578076
1308 0.000295402982857
1309 0.000156938251563
1310 0.000233156655313
1311 0.000174263606708
1312 0.000167724321678
1313 0.000318086926728
1314 0.000213561045246
1315 0.000187856548794
1316 0.000224746446778
1317 0.000184566352997
1318 0.000209779443364
1319 0.000245986929452
1320 0.000193526444172
1321 0.000361209696251
1322 0.000161563034292
1323 0.000435416365823
1324 0.000307434683811
1325 0.000233192948891
1326 0.000166665855656
1327 5.75277571652e-05
1328 0.000296636733027
1329 0.000191274607218
1330 0.00042185325612
1331 0.000382842959675
1332 0.000441356147544
1333 0.000290188638916
1334 0.000255644943072
1335 0.000377165587875
1336 0.000381816495801
1337 0.000221348884355
1338 0.00027930831958
1339 0.00037646753547
1340 0.000319206936639
1341 0.00021510363811
1342 0.000370751254647
1343 9.68933633889e-05
1344 0.000248267425397
1345 0.000322435842761
1346 0.00042249650368
1347 6.42564928387e-05
1348 0.000350686666201
1349 0.000244291285622
1350 0.000256719337448
1351 0.000191804133906
1352 0.000227740249542
1353 0.00190150008311
1354 6.07067608323e-05
1355 6.86414748323e-05
1356 0.00023831180309
1357 0.000176223687689
1358 0.000212687719186
1359 0.000725336608505
1360 0.000324821138199
1361 0.000323091936692
1362 0.000436357226078
1363 5.30427707752e-05
1364 0.000159451371469
1365 9.43966939275e-05
1366 0.000179420383741
1367 0.000371426424462
1368 0.000495884708909
1369 0.000159397364883
1370 0.00031155118683
1371 0.000342186912925
1372 0.000262077334383
1373 8.39936351097e-05
1374 0.00035486627316
1375 0.000243287695876
1376 0.000261446752847
1377 0.000541472255944
1378 0.000574987093297
1379 0.000250751940193
1380 0.000253570798541
1381 0.000304724051464
1382 0.000140511458367
1383 0.000216471659392
1384 6.66237971975e-05
1385 0.000133992593768
1386 0.000124501655145
1387 4.25525488396e-05
1388 0.000122911225527
1389 0.000303409095956
1390 0.000201539482674
1391 0.00056589722822
1392 0.000520753114404
1393 0.000189899257715
1394 0.000238087920114
1395 6.07067608323e-05
1396 4.74762152439e-05
1397 0.000334299231761
1398 9.88090202554e-05
1399 0.000198777714303
1400 0.000526889606035
1401 0.000152851290791
1402 7.8124649367e-05
1403 0.000253935517846
1404 0.000145754298679
1405 0.000251125744965
1406 0.000316745072427
1407 0.000192488480169
1408 0.000160082372505
1409 0.000214118683689
1410 0.0003687643846
1411 0.0001936960257
1412 7.7646757663e-05
1413 0.000159191641458
1414 0.000273844871099
1415 6.52311839797e-05
1416 0.000243681016178
1417 0.000339899334973
1418 5.621536114e-05
1419 0.000129010941436
1420 0.000184726303741
1421 0.000457778785581
1422 0.00021189512001
1423 0.000110140214806
1424 0.000285727673828
1425 0.000164004631461
1426 0.000239100610563
1427 0.000301637999821
1428 0.000380250312791
1429 0.000198259628335
1430 0.000226930305012
1431 4.85403383522e-05
1432 0.000686276876575
1433 0.000291536354347
1434 0.000203374984342
1435 0.000136752460764
1436 0.000268924082449
1437 0.000212843011211
1438 0.000237791365599
1439 0.000180545412676
1440 9.23799170846e-05
1441 0.000170885044407
1442 0.000156188173728
1443 7.93015247911e-05
1444 9.66972032665e-05
1445 0.00020647971753
1446 9.39848372379e-05
1447 0.000215164195943
1448 0.000438840632555
1449 0.000248817684896
1450 0.000329858070424
1451 0.000196983208437
1452 0.000176758748142
1453 0.000256785957557
1454 0.000197919833416
1455 0.000263642260387
1456 6.66897063025e-05
1457 0.000389894931525
1458 0.000209016228991
1459 0.000167857362388
1460 0.000432413511769
1461 0.000217032015106
1462 8.78508853853e-05
1463 0.000394829808687
1464 6.39467235159e-05
1465 0.000162294887983
1466 0.000362512751329
1467 4.25525488396e-05
1468 0.000393365675689
1469 0.000245444025799
1470 0.000382360456418
1471 0.000265924543711
1472 0.000524596068117
1473 0.000552122282389
1474 0.000371960802596
1475 7.1545679442e-05
1476 0.000319642287889
1477 7.36008548969e-05
1478 0.000101606422395
1479 0.000150783660243
1480 0.000396993738852
1481 0.000349562896264
1482 0.000122419939795
1483 0.00031896640071
1484 0.000334537056456
1485 0.000107998485296
1486 0.00020024057998
1487 8.86120460561e-05
1488 0.00030847126609
1489 0.000410818598068
1490 0.000122352151286
1491 7.28352696426e-05
1492 0.000370540853323
1493 0.000111136832413
1494 0.000188105467213
1495 0.000232136907833
1496 0.000346043244416
1497 0.000301997814003
1498 0.000185121863607
1499 6.54165711864e-05
1500 0.000188059565014
1501 0.000198742824938
1502 0.000111659191376
1503 0.000339817069131
1504 0.000170345761828
1505 0.000360323997613
1506 0.000526177165937
1507 6.973957553e-05
1508 0.000249034753305
1509 0.00018887472661
1510 0.000412153878115
1511 5.96143658685e-05
1512 0.000277289961795
1513 0.000217275123724
1514 0.000232428370347
1515 0.000209423980116
1516 0.000344430229024
1517 0.000461907779928
1518 0.000150741412838
1519 0.000122445511675
1520 0.000179136312698
1521 0.000380473078554
1522 6.75132415214e-05
1523 0.000471181117772
1524 0.000264198984644
1525 0.000172566706345
1526 0.000346052170937
1527 0.000152146713991
1528 0.0001039827716
1529 0.000261430451235
1530 0.000266145998971
1531 0.000314590118467
1532 0.000171019624932
1533 0.000148505128549
1534 0.000259131986681
1535 0.000290216391011
1536 0.000224901509513
1537 0.000863165252903
1538 0.000159528918832
1539 0.00024495819339
1540 0.000297483420362
1541 0.000302908949769
1542 0.000229819820228
1543 0.000204914186808
1544 0.000216934898122
1545 0.000141464845075
1546 0.000306782385897
1547 6.8320218303e-05
1548 0.00036263441959
1549 0.000276193832568
1550 0.000345831939603
1551 0.000189272727651
1552 0.000508412056958
1553 9.40523590303e-05
1554 0.000233527907529
1555 0.000481997273051
1556 0.000310221193417
1557 0.000106633383974
1558 0.000456185412116
1559 5.03945244904e-05
1560 0.000549561491412
1561 4.25525488396e-05
1562 0.000176133018705
1563 0.000127766910849
1564 0.000350117729661
1565 0.00015619452785
1566 0.000282768475672
1567 0.000167518221554
1568 0.000292835032276
1569 0.000204655738813
1570 0.00028379919915
1571 0.000389439851858
1572 0.000222092501101
1573 0.000185886259909
1574 0.000420928094296
1575 0.00037119813764
1576 0.000131568640509
1577 0.000292401587605
1578 0.000538000382348
1579 0.000188251058573
1580 6.90481705386e-05
1581 0.000315759334965
1582 4.25525488396e-05
1583 0.000218874306501
1584 0.000426051666557
1585 0.000661227923298
1586 0.000197516196664
1587 8.94440685725e-05
1588 0.000261896358976
1589 0.000201536933242
1590 0.00059817669647
1591 0.00034659345832
1592 0.000463044530656
1593 0.000129221490416
1594 0.00029111306787
1595 0.000117311989334
1596 0.000193726445284
1597 0.000343480122984
1598 0.000343998685554
1599 0.000426812091145
1600 0.000112213691779
1601 0.000363289105067
1602 0.000244861615347
1603 9.42696091787e-05
1604 0.000440941801176
1605 0.000465013286259
1606 0.000309180005022
1607 0.00018101684526
1608 9.53628900117e-05
1609 0.000359871233525
1610 0.000305553845317
1611 0.000532404387513
1612 0.000316632772966
1613 0.000558824449047
1614 0.000537189629936
1615 0.000241919148894
1616 0.00020894144984
1617 0.000299131624333
1618 0.000357440762238
1619 0.000125475538468
1620 0.000361796502049
1621 0.000423723217785
1622 0.000564476009795
1623 0.000530897423214
1624 0.000311921067559
1625 0.000244645379413
1626 0.000156796793177
1627 0.00022233042895
1628 8.87094500131e-05
1629 0.00037787005876
1630 0.000164189888591
1631 0.000350802621068
1632 7.30291635265e-05
1633 0.000283762628863
1634 0.000154871550467
1635 0.000243995889859
1636 0.000183178159767
1637 0.000342577909077
1638 0.000331717437338
1639 0.00018743128821
1640 0.000279891611015
1641 9.85137088813e-05
1642 0.000141491236904
1643 0.0002728256657
1644 0.000305715726126
1645 0.000235544850445
1646 0.000312691076448
1647 0.00011461265236
1648 0.000232363301225
1649 0.000182402011377
1650 0.000207306527777
1651 0.000153413381734
1652 5.11662717095e-05
1653 0.000273534188782
1654 0.000243411787782
1655 8.57271054343e-05
1656 0.00026232115251
1657 0.000275560051534
1658 9.61577712439e-05
1659 0.000125904156514
1660 0.00027923857604
1661 0.000169058106499
1662 0.000354882511983
1663 0.000433346330634
1664 0.00189598463672
1665 9.09715888407e-05
1666 0.000382223147466
1667 0.000321118947864
1668 0.000206291087968
1669 0.000374088712818
1670 0.000419548133542
1671 0.000101398378061
1672 0.000208169500958
1673 0.000181332256624
1674 0.000269544606679
1675 0.000181488895877
1676 0.000394548476133
1677 0.000164782179017
1678 0.000216825666186
1679 0.000139555817645
1680 0.00016853883849
1681 0.000268350614295
1682 0.00016225747176
1683 0.000189005631543
1684 0.000385511235784
1685 0.00626881219151
1686 0.000318434732147
1687 0.000222821292625
1688 0.000383960071732
1689 0.000358414721088
1690 0.000378667820857
1691 4.69259629556e-05
1692 0.000279378527677
1693 0.000293946791419
1694 8.05207569118e-05
1695 0.000233968630396
1696 0.000190784134463
1697 0.000115527654582
1698 7.91712480478e-05
1699 0.000161871473207
1700 0.000261633945544
1701 9.10887388366e-05
1702 0.0001008203663
1703 0.000276841350039
1704 0.000427026741044
1705 0.000161601979702
1706 0.00023739621595
1707 0.000230773315241
1708 0.000539314295733
1709 0.000108334420603
1710 0.000354266421397
1711 8.54840652829e-05
1712 7.79089930756e-05
1713 0.000323782473553
1714 6.44056943e-05
1715 0.000541621502074
1716 0.000288141969586
1717 0.000282430321265
1718 0.000420289135309
1719 0.000529643937021
1720 0.000173273778217
1721 0.000237867303102
1722 0.000349528537703
1723 0.000232239224049
1724 0.000175954061486
1725 0.00021389683635
1726 0.000347702748176
1727 0.000187228133243
1728 0.000193289477487
1729 0.000168502854687
1730 0.00037383525931
1731 0.000691413724891
1732 9.43014409343e-05
1733 0.000252733888358
1734 0.000270375759307
1735 0.00018496421647
1736 0.000335322649123
1737 0.000457483012823
1738 0.000249688752381
1739 0.000161920065443
1740 0.000125882971941
1741 0.000207848640988
1742 0.000328889661278
1743 0.000387185537336
1744 0.000189681165643
1745 0.00021455741465
1746 0.000132472468634
1747 0.000598683350256
1748 0.000167887536174
1749 0.000109880594767
1750 0.000128643753685
1751 0.000382955875954
1752 0.000251019267217
1753 0.000348645338998
1754 0.000274908200236
1755 0.000210339735366
1756 4.65178402605e-05
1757 0.000126647450524
1758 0.000392794512301
1759 0.000237285899288
1760 8.24740156886e-05
1761 6.9772700214e-05
1762 0.000422131664106
1763 6.28818642749e-05
1764 0.000183925729882
1765 0.000126159588152
1766 0.000241976230178
1767 0.00026851056385
1768 0.000234093561487
1769 0.000642883818467
1770 0.000112882459435
1771 0.000311900884174
1772 9.75531471414e-05
1773 0.000203706631395
1774 0.000146753120207
1775 0.000211617995046
1776 6.29383499395e-05
1777 9.61577712439e-05
1778 6.65293341757e-05
1779 0.000228479136099
1780 0.000171236939819
1781 0.000139693927202
1782 0.000172454847579
1783 0.000234986809482
1784 0.000572255878753
1785 0.000136737647484
1786 0.00022520673984
1787 0.000420087017908
1788 0.000264163557305
1789 0.000153578614396
1790 0.000317604931825
1791 0.000203595845619
1792 0.00041382488173
1793 8.06664036178e-05
1794 0.000429932669707
1795 0.000322821365483
1796 0.000287416733573
1797 0.00022521547741
1798 7.47375224113e-05
1799 0.000242402558938
1800 0.000449744017447
1801 0.00190570543161
1802 0.000147108138352
1803 0.000106451725468
1804 0.00022155099783
1805 0.000566217506785
1806 0.000116593359931
1807 0.000270659028289
1808 0.00030196314938
1809 0.000153345193547
1810 0.000347226427629
1811 0.000313129501802
1812 0.000218206554919
1813 0.000222565467734
1814 0.000497643972586
1815 0.000108924105437
1816 0.000154264380549
1817 0.000387994478245
1818 0.000108806987045
1819 0.000173875908799
1820 0.000293814988339
1821 0.00031014283029
1822 0.000111047185554
1823 0.00013323884837
1824 0.000383148636349
1825 0.000280880337064
1826 0.000247626111157
1827 0.000316557014922
1828 0.000610285332833
1829 0.000295144557913
1830 0.000137851221272
1831 0.000111984398634
1832 0.000334908598866
1833 0.000182024419853
1834 0.000557159896311
1835 4.25525488396e-05
1836 0.000568422688278
1837 0.000124282568915
1838 0.000266098139114
1839 0.000102027135216
1840 0.000490569404311
1841 0.000126093375424
1842 0.000224220104036
1843 0.000364793468563
1844 0.000189169910759
1845 0.000366100193608
1846 0.000340730134629
1847 0.000181112405344
1848 0.000200117965734
1849 0.000180877494671
1850 0.000352209916742
1851 0.000172088982341
1852 0.000207276363685
1853 0.000142636773522
1854 9.44674155095e-05
1855 5.52500528634e-05
1856 6.12239660266e-05
1857 5.67535219627e-05
1858 0.000309047732719
1859 0.000204304006645
1860 0.000227870877318
1861 0.000156596359617
1862 0.000347341375356
1863 0.000297125072445
1864 0.000230236050801
1865 0.000336894172889
1866 8.10746334422e-05
1867 0.000261095369637
1868 0.000393920349189
1869 0.000372978164943
1870 0.000118118224596
1871 0.000140264169456
1872 0.000341814832789
1873 0.000232447713396
1874 0.000217037158944
1875 7.37672554803e-05
1876 0.000154118070844
1877 0.000356747087085
1878 0.000216236051472
1879 0.000198592423353
1880 0.0004399225725
1881 0.000226079095187
1882 0.000271681267593
1883 0.000282602894169
1884 0.000120204331165
1885 0.000160765238891
1886 0.000152550844914
1887 0.000331969785875
1888 8.17532930409e-05
1889 0.00190189001483
1890 0.000215635313872
1891 0.000146561274291
1892 0.000229671214775
1893 0.000105574194743
1894 0.00040539347997
1895 0.000293380760259
1896 0.000256293334832
1897 0.00013292933534
1898 0.000204951970372
1899 0.000314581333207
1900 0.000340051359287
1901 0.000117528876855
1902 0.00011943565049
1903 0.000396336179009
1904 0.000227385431024
1905 0.000212642749751
1906 0.000121311187283
1907 0.00015338119105
1908 0.000156133181209
1909 0.00010899832524
1910 0.000284031719211
1911 0.000238961957927
1912 0.00023442479748
1913 0.00435497937664
1914 0.000105499739566
1915 0.000252352131096
1916 0.000127398502081
1917 0.000264952536714
1918 0.000367677615386
1919 0.000317873112017
1920 0.000285012022192
1921 0.000374050922383
1922 0.000243110884394
1923 0.000157910625512
1924 0.00026745856204
1925 7.60163234011e-05
1926 0.000257484965149
1927 0.000474271755957
1928 0.000278203962592
1929 0.000135396408062
1930 0.000297943873579
1931 0.000123285026705
1932 0.000204054463737
1933 0.000311238328409
1934 0.000122084207228
1935 0.000122645010444
1936 0.000252799307451
1937 0.000208635787078
1938 7.41773273059e-05
1939 0.00036791033107
1940 0.000263574019694
1941 0.000316897090879
1942 0.00190407058778
1943 0.000131111964959
1944 0.000375771544053
1945 0.000165927471218
1946 0.000448526834033
1947 0.000371101285914
1948 0.000380431372658
1949 0.00033355301917
1950 9.76675669782e-05
1951 9.32580733929e-05
1952 0.000305342761288
1953 8.86415864972e-05
1954 0.000249143221132
1955 0.000352188288394
1956 0.00031680585266
1957 0.00015142420867
1958 0.000208233951614
1959 0.000191279725963
1960 0.000389207936705
1961 0.000385630868981
1962 0.000113662417847
1963 0.000362880477772
1964 0.000186771506988
1965 0.000555358391147
1966 0.000160299408059
1967 0.000351172660653
1968 4.74336844726e-05
1969 0.000179514808744
1970 5.00078265958e-05
1971 0.000260724876006
1972 0.000346045720747
1973 0.000334620745172
1974 0.000305821006644
1975 8.59956535937e-05
1976 0.0002989916923
1977 0.000207911720089
1978 9.11823001273e-05
1979 0.000147178353389
1980 0.000346351883285
1981 0.000290849559352
1982 0.000197123822305
1983 0.000118420974432
1984 0.000399577978188
1985 0.000351209068283
1986 0.00178734588016
1987 0.000307334533627
1988 0.000140239943652
1989 0.000214828288566
1990 0.000191700976753
1991 0.000187194633634
1992 0.000253738982738
1993 0.000163208726419
1994 0.000400234985717
1995 0.000207478110797
1996 0.00029899143955
1997 8.0245057578e-05
1998 0.000271318163564
1999 0.000266942116541
2000 0.000176850212525
2001 0.000166475649368
2002 0.00029402554225
2003 0.000276627084252
2004 0.000191622386459
2005 0.000253349197318
2006 0.000307117059509
2007 0.000265461155354
2008 0.00050609627952
2009 8.70785667873e-05
2010 0.000236228762479
2011 0.000268615253164
2012 0.000244257765762
2013 0.000101734781248
2014 7.6535599391e-05
2015 8.30951729405e-05
2016 8.47401455455e-05
2017 0.000109888483966
2018 0.000128649066945
2019 0.000277042173822
2020 9.2454567411e-05
2021 0.00031112396818
2022 9.21149943665e-05
2023 0.000252361304894
2024 0.000215531925885
2025 0.000256426992873
2026 0.000167148001449
2027 0.000302636848559
2028 0.000243171829948
2029 0.000333179946751
2030 0.000168807586865
2031 0.000363630998855
2032 0.000274776642562
2033 0.000451532918717
2034 0.000338540300856
2035 0.000147510973779
2036 0.00025457048154
2037 0.000136280597775
2038 0.000364046271878
2039 0.000433413122259
2040 0.000345720731241
2041 0.000311607430418
2042 0.000134659751066
2043 0.0003183755245
2044 0.000341181030292
2045 9.73046797211e-05
2046 0.000342309197397
2047 0.000251440659581
2048 0.000847259931109
2049 9.86583112979e-05
2050 0.000314921206908
2051 0.00012866141679
2052 0.000122009076596
2053 0.000331094851688
2054 0.000358085591088
2055 0.000500381341158
2056 0.000166365410912
2057 0.000265204670522
2058 0.000187317357539
2059 0.000187393750197
2060 0.000372003782497
2061 0.000235435702462
2062 0.000256061712363
2063 0.000252503219946
2064 0.000286022025259
2065 0.000363835111355
2066 0.00010780342099
2067 8.4209516813e-05
2068 0.000116012520192
2069 0.000439071869045
2070 0.000341714798593
2071 0.000132505965809
2072 0.000375142181774
2073 0.000403644892967
2074 0.000378139021577
2075 0.000316374263939
2076 0.000185059935632
2077 0.000177096729092
2078 0.000255019224578
2079 0.000396780181167
2080 4.15725370079e-05
2081 9.89761712351e-05
2082 0.000528345141348
2083 0.000168805185147
2084 0.000293565453044
2085 0.000301625461547
2086 0.000194055721076
2087 0.000274200351517
2088 0.000486756388883
2089 0.000387162660233
2090 0.000207682698872
2091 0.000366227092447
2092 0.000284575821454
2093 0.000169949331667
2094 0.000352039891177
2095 0.000137883014375
2096 0.000306924147697
2097 0.000104789887054
2098 0.000197914703493
2099 0.00024054566224
2100 0.000120715720628
2101 9.65047335559e-05
2102 0.000245460227541
2103 0.000413732555467
2104 0.000363423201503
2105 0.000351356784448
2106 0.000122426013911
2107 0.000104598339957
2108 0.000306105339664
2109 0.000320778092841
2110 0.000271180260574
2111 0.000190312037201
2112 0.000566873659122
2113 0.000317398635073
2114 0.000145036295533
2115 0.000147662000837
2116 0.000273799692069
2117 0.000302247904061
2118 0.000496518851139
2119 0.00036416959684
2120 0.000153232988828
2121 0.000236286421366
2122 0.000313695371707
2123 0.000289204445879
2124 0.000394173012846
2125 0.000330504409182
2126 0.000377489556313
2127 0.000459600208992
2128 0.00036060431544
2129 0.000338372733787
2130 0.000338743152918
2131 0.000117317175796
2132 0.000386765313836
2133 0.000332574767301
2134 0.000579877959024
2135 0.000274518803794
2136 0.000280348253628
2137 0.000166482563806
2138 0.000170753614573
2139 0.000438408973958
2140 0.000345464058362
2141 0.000333869264428
2142 0.000133624165041
2143 0.000460003819018
2144 0.000348299773552
2145 0.000258272249287
2146 0.000271474259358
2147 0.000221902793174
2148 0.000169100117444
2149 0.000311801556733
2150 0.000402258511933
2151 0.000377683920417
2152 0.000272766796237
2153 0.000189498614639
2154 0.000422939165138
2155 0.000317164471762
2156 0.000218488097218
2157 0.000272398694006
2158 0.000203805383563
2159 0.000108156985074
2160 0.00025279649133
2161 0.000231273594752
2162 0.000271466655794
2163 0.000142982370322
2164 0.000117320947126
2165 0.000223132579879
2166 0.000264934940135
2167 9.48041976789e-05
2168 0.000105532286206
2169 8.29024621638e-05
2170 0.000342432120644
2171 0.000184178328575
2172 0.000318651323834
2173 0.00037711277159
2174 0.000271411452114
2175 0.000390453965792
2176 7.2482971959e-05
2177 0.000436611132022
2178 7.27108276432e-05
2179 6.65262506549e-05
2180 0.000226395366719
2181 0.000352407680961
2182 0.000174302531463
2183 7.37613331e-05
2184 0.00040781484436
2185 0.000365433304117
2186 9.20920904739e-05
2187 0.000117108428344
2188 0.000450598343465
2189 0.000377822405589
2190 0.000342248105927
2191 0.000327549666393
2192 0.000278831575598
2193 0.000245019398094
2194 0.000143489418361
2195 0.000339793060491
2196 4.15725370079e-05
2197 0.00033986840272
2198 0.000192064405011
2199 0.000192821811565
2200 0.00056492596065
2201 0.000339510218065
2202 0.0003669048874
2203 0.000252039283197
2204 0.000329769481647
2205 9.67658021606e-05
2206 9.25371203069e-05
2207 0.000407074820493
2208 0.000198580266549
2209 9.40694985834e-05
2210 0.000176531741842
2211 0.000221493806251
2212 0.000270437736867
2213 0.000279803757667
2214 0.000217075061046
2215 0.000187501638295
2216 0.000202837355252
2217 0.000269426700447
2218 0.000176693301606
2219 0.000399693216552
2220 6.10821848242e-05
2221 0.000375934406471
2222 0.000196050058088
2223 0.000205886024217
2224 0.00036798279421
2225 0.000398258566366
2226 0.000246734503102
2227 0.000240421217373
2228 9.74888575525e-05
2229 0.000272613521471
2230 0.000414216459273
2231 6.93322131065e-05
2232 0.000312707280428
2233 0.000287556797552
2234 0.00180038297186
2235 0.000111220823657
2236 0.000258118191126
2237 0.000317890911178
2238 0.000252549602437
2239 0.000142901462985
2240 0.000184382146807
2241 0.000391306456396
2242 0.000367533552456
2243 0.000246424303678
2244 0.000208725200509
2245 0.00038722965498
2246 0.000136226683868
2247 0.000327574481512
2248 0.000395554376792
2249 0.000171406271405
2250 0.000103542959106
2251 0.000354093936319
2252 0.000108701378871
2253 6.88542578078e-05
2254 0.000311483667358
2255 0.000312486817219
2256 0.000120668622782
2257 7.80263426576e-05
2258 0.000308127854739
2259 0.00013099989564
2260 0.000223946876826
2261 0.000186607009586
2262 0.000261134162007
2263 8.18398070271e-05
2264 0.000116700522077
2265 0.000245767340129
2266 0.000101288364137
2267 0.00175912694565
2268 0.000273191656929
2269 0.00045255003278
2270 4.15725370079e-05
2271 0.000102412857037
2272 0.000353018914601
2273 0.000154308633328
2274 0.000303365558792
2275 0.000137604276292
2276 0.000359145343644
2277 0.000305271793665
2278 0.000150038628121
2279 0.000348691407903
2280 0.000396214089828
2281 0.000211541012419
2282 0.000168817508187
2283 0.000482843292497
2284 0.000525880061069
2285 0.000282810689803
2286 0.000190266970064
2287 0.000212913643399
2288 0.000158262293139
2289 0.000104342531308
2290 0.000596094612425
2291 0.000354731717007
2292 0.000124568076822
2293 0.000441737385687
2294 0.000180758642789
2295 0.000388531950521
2296 0.000100103573389
2297 0.000185999976161
2298 0.000203629946132
2299 9.80063519101e-05
2300 0.000305771512147
2301 0.000277378103287
2302 0.000168667036342
2303 0.000393358729965
2304 0.000105784995995
2305 0.000230074833916
2306 8.32731050881e-05
2307 0.000234613296428
2308 0.000280170852126
2309 0.000308091282356
2310 0.000395229599908
2311 0.000123895759878
2312 0.000132238943422
2313 9.7156672704e-05
2314 0.000745929940902
2315 0.000176522047095
2316 0.000234667861894
2317 0.000119997650931
2318 0.000320435086847
2319 0.000198332754394
2320 0.00038190097457
2321 0.000171556682874
2322 0.000120428225273
2323 0.000312626237082
2324 0.000356312651318
2325 0.000393842707039
2326 0.000339503614744
2327 0.000349945174086
2328 0.000397560215189
2329 0.00051284561922
2330 0.000254421908914
2331 0.000175318526663
2332 0.000369966164961
2333 0.00032321713012
2334 0.00049729341134
2335 0.000292301708632
2336 0.000292461690579
2337 0.000461781322825
2338 0.000184531200074
2339 0.000334424674305
2340 0.00035794336225
2341 0.000383422831089
2342 0.000249002185528
2343 0.00026687022793
2344 0.000255742479641
2345 0.00038206641889
2346 0.000225872089593
2347 0.000193589611377
2348 0.000658430220661
2349 0.000301624523679
2350 0.000185441567123
2351 0.000109463070201
2352 0.000340798611972
2353 0.00032788590119
2354 0.000188287255799
2355 0.000345851051372
2356 0.000140689489166
2357 0.000333678574406
2358 0.000147888106689
2359 7.77805066284e-05
2360 0.000290087819821
2361 0.000134038504177
2362 0.000387897660984
2363 0.000135608686751
2364 0.000327682252077
2365 0.000317922103609
2366 0.000275408155446
2367 0.00019756807508
2368 0.00021368127823
2369 0.000273095100868
2370 0.000382986400202
2371 0.000311520395089
2372 0.000303213104691
2373 0.000331389431832
2374 0.000130981265111
2375 0.000327138370912
2376 9.85317356838e-05
2377 0.000357384050142
2378 0.000320827424945
2379 0.000251850524946
2380 0.000164296348748
2381 5.67622141684e-05
2382 0.000343382374868
2383 5.5997815518e-05
2384 8.80698773354e-05
2385 0.000588664065684
2386 0.000207332363114
2387 0.000278175531732
2388 0.000161596921349
2389 8.43677689836e-05
2390 0.000143084337312
2391 0.000184237283035
2392 0.000193507335569
2393 0.000221023743404
2394 0.00011697910851
2395 0.000328643079681
2396 0.000353975771732
2397 0.000240355783839
2398 0.000300141106207
2399 0.000350291536258
2400 0.000268533413347
2401 0.000104488640494
2402 0.000189432718328
2403 0.000151239690566
2404 0.000161991148044
2405 0.00034109157497
2406 0.000191027155577
2407 0.00021219827341
2408 0.000194405925458
2409 0.000302912021628
2410 0.00034831430279
2411 0.000408773288516
2412 0.000278324816969
2413 0.000285531650604
2414 9.9960944966e-05
2415 0.000355059508605
2416 0.000189665377676
2417 0.000190752338945
2418 0.000255416958608
2419 0.000239667392769
2420 0.00038038991027
2421 0.000251041923925
2422 0.000177001474641
2423 8.83789311885e-05
2424 0.000324611148332
2425 0.000120495045869
2426 0.000192298176559
2427 0.000168156219047
2428 9.60936931611e-05
2429 0.000377691666374
2430 0.000208614169443
2431 0.000295087046393
2432 8.92249555507e-05
2433 0.000128655899468
2434 0.000296101905743
2435 0.000323796060237
2436 0.000154576646797
2437 0.000313965571582
2438 0.000119396733179
2439 0.000242746500133
2440 0.000152740960851
2441 0.000272580133746
2442 7.56862315466e-05
2443 4.54531082942e-05
2444 0.000143006064568
2445 0.000170275220241
2446 0.000232173514607
2447 0.000316559901358
2448 0.000250739018752
2449 0.000286733281021
2450 0.000161838207097
2451 0.000166161426749
2452 0.000344166694918
2453 8.05851523707e-05
2454 0.000126933371287
2455 7.97850805194e-05
2456 0.000165039447836
2457 0.000135157306733
2458 4.15725370079e-05
2459 0.000317221209569
2460 0.000246444795987
2461 0.00033291647921
2462 0.00038913672406
2463 0.000230667186425
2464 0.000386048355907
2465 0.000389671960206
2466 0.000202389061154
2467 0.000122934782046
2468 0.000260503635318
2469 0.000387658835339
2470 0.000271059532404
2471 4.15725370079e-05
2472 0.00040251889283
2473 0.000271168596815
2474 0.000204621401149
2475 0.000224860762268
2476 0.000322781107343
2477 0.000120500198559
2478 0.000233362796808
2479 0.000251815774707
2480 0.000186757052654
2481 0.00015063171072
2482 7.26774509552e-05
2483 0.000318805747596
2484 8.67377452583e-05
2485 0.000257197664098
2486 0.000275751496089
2487 0.000184826197244
2488 0.000168817508187
2489 0.000333538872112
2490 0.000229176610714
2491 0.000148706779552
2492 0.000379254473372
2493 0.000347023781755
2494 6.06284189194e-05
2495 0.000209205962369
2496 0.000289177871714
2497 9.22036105081e-05
2498 0.000226972166074
2499 0.000330103757912
2500 0.000236564778673
2501 0.000350529766415
2502 0.000255357765702
2503 0.000187910917146
2504 0.000153708789135
2505 0.000299310712569
2506 7.48617135769e-05
2507 0.000260492939434
2508 0.000392412908567
2509 0.000313442920179
2510 0.000423987669283
2511 0.000435405599321
2512 0.000428805812635
2513 0.000326710567687
2514 0.000157192936914
2515 8.66634166808e-05
2516 0.000141821031914
2517 0.000285418553889
2518 6.67131535545e-05
2519 0.000184765141544
2520 0.000131268534766
2521 0.000325489261725
2522 0.000285438276911
2523 7.92454611507e-05
2524 0.000156323165424
2525 6.56722905776e-05
2526 0.000171557789786
2527 0.000402401718769
2528 9.61827196761e-05
2529 0.000117743718966
2530 0.000156361518415
2531 0.000121714123286
2532 0.000122977409802
2533 0.000221429594777
2534 0.000312551288756
2535 0.000171603505999
2536 0.000190819559655
2537 0.000149956729833
2538 0.000312769159215
2539 0.00027729693755
2540 0.000280872941907
2541 0.000243602017875
2542 5.5997815518e-05
2543 0.00039468954448
2544 0.000698308114253
2545 0.000124808302501
2546 7.24265183663e-05
2547 0.000288875095822
2548 0.000183750411329
2549 0.000123628249764
2550 0.000314453169981
2551 0.000332666416076
2552 0.000315161708894
2553 0.000231780038687
2554 0.000342692005448
2555 0.000201368719889
2556 0.000460669909073
2557 0.000267898859432
2558 0.000161038753022
2559 0.000295398760857
2560 0.000323837782714
2561 0.000404555090719
2562 0.000311677835408
2563 0.000144625501332
2564 0.000230979727061
2565 0.000368013621068
2566 8.0245057578e-05
2567 0.000160153150191
2568 0.000356249238205
2569 7.33599811477e-05
2570 4.15725370079e-05
2571 0.000220980064898
2572 0.000133300459098
2573 9.17995393596e-05
2574 0.000303049554701
2575 0.000218341278534
2576 0.000288080714786
2577 0.000147484422536
2578 0.000190722376135
2579 0.000322093657813
2580 0.000238668561202
2581 7.51584616168e-05
2582 0.000165022602555
2583 0.000320025605929
2584 0.000249543997855
2585 8.25522794962e-05
2586 0.000242492229746
2587 0.000361475295523
2588 0.000195261662627
2589 0.00029954838843
2590 0.000261248354186
2591 0.0003830812701
2592 0.000205004105426
2593 0.000386242011243
2594 0.000356708114471
2595 0.000324869816386
2596 8.67377452583e-05
2597 4.15725370079e-05
2598 0.000333127189373
2599 0.000496735732606
2600 7.43018260054e-05
2601 0.000357426437503
2602 0.000369546402097
2603 0.000389478785584
2604 0.000255992466967
2605 0.000386233132613
2606 8.8963852322e-05
2607 0.000168650056732
2608 0.000377775963451
2609 0.000327806198035
2610 0.000174277120538
2611 0.000251321299882
2612 0.000419644188497
2613 0.000159155103777
2614 8.91910654918e-05
2615 0.000184375540668
2616 0.000360667091312
2617 0.000329870303872
2618 0.000359060670416
2619 0.000214818907205
2620 0.000324279426286
2621 0.000272923697181
2622 0.000102302864296
2623 0.000192710085176
2624 0.000268048771396
2625 0.000371182243738
2626 0.000360691984645
2627 0.00018628817537
2628 0.000239416984194
2629 0.000239321151317
2630 0.000392790023271
2631 0.000339074229537
2632 0.000245679931871
2633 0.000101498418585
2634 0.000243693540161
2635 9.80981723939e-05
2636 0.000101024513234
2637 0.000199746206878
2638 0.000174065850537
2639 0.000323252272134
2640 0.000194434734619
2641 0.0002750075403
2642 0.000115389152644
2643 0.000474489015974
2644 0.000314169822058
2645 0.000242255001681
2646 0.000272051468588
2647 0.000278227467022
2648 0.000253139064642
2649 0.000255258709709
2650 0.000380171717975
2651 0.000190232759193
2652 8.52891496974e-05
2653 0.000183632392909
2654 0.000228016134326
2655 0.000297403447567
2656 0.000327226876141
2657 0.000155880819155
2658 0.000257349521359
2659 0.000196180322504
2660 0.000343909436074
2661 0.000198273686693
2662 0.000504026223641
2663 0.000243262001592
2664 0.000205630816645
2665 0.000372884253881
2666 0.000333994554485
2667 0.000275214122011
2668 0.000174739254351
2669 0.000282714802622
2670 0.000418969688132
2671 0.000255121036116
2672 0.000104900640345
2673 0.000216512531402
2674 0.000168399280028
2675 0.000368394489321
2676 0.000265443231092
2677 0.000381399297185
2678 0.000161806858223
2679 0.000111030557782
2680 0.000407503070231
2681 0.000251043268914
2682 0.000250295119396
2683 0.000150037564293
2684 0.000439793929982
2685 0.000186451917458
2686 0.000122903906037
2687 0.000186401793499
2688 0.000143137778288
2689 0.000125497984724
2690 0.000311367787778
2691 0.00023142535912
2692 0.000101983915582
2693 6.9706614622e-05
2694 0.000189651909407
2695 0.000413794949802
2696 8.88571377218e-05
2697 0.000168815413551
2698 0.000153908896374
2699 0.000318491376252
2700 0.000181985481108
2701 0.000152961769599
2702 0.000169672864018
2703 0.0001904751041
2704 0.000240803831702
2705 5.64306909498e-05
2706 0.000150161413919
2707 0.000335549463949
2708 0.00013020207662
2709 0.0002163429626
2710 0.000123822451776
2711 0.000124925531504
2712 0.000234975182637
2713 0.000245002691374
2714 0.000206311207009
2715 5.86554007395e-05
2716 0.000234225634605
2717 0.000523376111744
2718 0.000251158452888
2719 0.000250537040483
2720 0.000510727869014
2721 0.000291988164245
2722 0.000104900640345
2723 5.38618234728e-05
2724 0.000107150021304
2725 0.000532928620769
2726 0.000102265359776
2727 0.000155420171771
2728 0.000128053600265
2729 0.000297239951428
2730 0.000320169456118
2731 0.000602199651315
2732 0.000176326772202
2733 0.000176332061638
2734 0.000150718685213
2735 0.000255602884707
2736 0.000163652167485
2737 7.53287330157e-05
2738 0.00014165679545
2739 0.000467535722047
2740 0.000226439330016
2741 5.64306909498e-05
2742 0.000282524112324
2743 0.00169405328797
2744 0.000247697531417
2745 0.000125956075473
2746 0.000200340072221
2747 9.96634253825e-05
2748 0.000121421141603
2749 0.000412901531823
2750 0.000262615164828
2751 0.00038314599291
2752 0.000235872132024
2753 8.59485822212e-05
2754 0.0002689390224
2755 0.00167411491092
2756 0.000397477843071
2757 0.00024527547053
2758 0.000377906902268
2759 0.000335148197609
2760 0.000162152101456
2761 0.000132032321063
2762 0.000169793103072
2763 0.000168246763092
2764 0.000316696027075
2765 0.00023334145681
2766 0.000305030466406
2767 0.000112194432365
2768 0.000100932993626
2769 0.000209715535314
2770 0.00011692060867
2771 0.000237777562134
2772 0.000159065512463
2773 0.000245271367842
2774 0.000274911858025
2775 0.000157388227617
2776 0.00020773161342
2777 0.00013373880225
2778 0.000381517432001
2779 0.000509189213069
2780 0.000160952166351
2781 0.000375085750863
2782 0.00039031440898
2783 0.000430491181124
2784 0.000221486376315
2785 0.000225285428473
2786 0.000305556785958
2787 0.000458233299689
2788 0.000319343902803
2789 6.53922837933e-05
2790 0.000174811165364
2791 0.000101047071424
2792 0.000130933702412
2793 0.000101983915582
2794 0.000508200045544
2795 0.000126370141281
2796 0.000196240259833
2797 0.000302942965032
2798 0.000173337203543
2799 5.38901950676e-05
2800 0.000164199104094
2801 0.000376362555992
2802 0.000103890683175
2803 8.66233851821e-05
2804 0.000188412163415
2805 8.99890199562e-05
2806 0.000132906633547
2807 0.000275002276631
2808 0.000181057577797
2809 7.07189534712e-05
2810 0.000166017524349
2811 0.000336242887745
2812 8.04225308153e-05
2813 0.00020285556665
2814 0.000239753101844
2815 5.5524457653e-05
2816 0.000267892975122
2817 9.46545840491e-05
2818 0.000133942620375
2819 0.000154819003871
2820 0.000198383024904
2821 0.000151357080954
2822 0.000118636910867
2823 0.000151280303799
2824 0.000228237899779
2825 0.000104900640345
2826 0.000166226412517
2827 0.000116368392926
2828 0.000362157635892
2829 0.000407725596173
2830 0.00022179262852
2831 0.000161335386182
2832 0.000158295828677
2833 0.000225777315893
2834 0.000426939799387
2835 0.000130968632784
2836 0.000223713485378
2837 0.000257909284217
2838 0.000131609440352
2839 8.64948915573e-05
2840 0.00163058416521
2841 0.000210976608901
2842 0.000255185178065
2843 4.39038833154e-05
2844 0.000239931722547
2845 0.000224851148845
2846 0.000181804146239
2847 0.000189565999056
2848 0.000119267633026
2849 0.000180465911362
2850 0.000391998761229
2851 0.000164865933465
2852 0.000182921016195
2853 8.32467242854e-05
2854 0.000305812540338
2855 0.000213076293919
2856 5.9068165325e-05
2857 0.000162282752902
2858 6.1462556462e-05
2859 0.000164669761599
2860 0.000156707625014
2861 5.59533087107e-05
2862 0.000223472710847
2863 0.000317348517536
2864 0.000607502388763
2865 0.000346797870287
2866 0.000314269321891
2867 0.000354613647585
2868 0.000370055548718
2869 0.000169813367645
2870 0.000394604970483
2871 0.000185526251752
2872 0.000307226251845
2873 0.000352065857717
2874 0.000328750202172
2875 0.000248134430495
2876 0.000287093377863
2877 0.000121019274165
2878 0.000459000745258
2879 0.000101168935066
2880 0.000216293898099
2881 0.000309228144724
2882 0.000331562686275
2883 0.000106152756675
2884 0.000134149034928
2885 8.32553405809e-05
2886 8.41478974743e-05
2887 0.000163478458663
2888 0.000239909408224
2889 0.000132506907114
2890 0.000246382928458
2891 0.000431295682332
2892 0.000129947171724
2893 0.00021586089344
2894 0.000111597304498
2895 0.000321821892802
2896 9.82236393655e-05
2897 0.000248589887018
2898 0.000255935531386
2899 9.84684452865e-05
2900 8.22231448707e-05
2901 0.000102357821465
2902 0.000442087372903
2903 0.000156819215574
2904 0.000103672412597
2905 0.000419636924676
2906 0.000339438730099
2907 0.000401203301662
2908 0.000169547171984
2909 0.000146150035837
2910 0.000373136377767
2911 0.000373415932741
2912 0.000316516964454
2913 0.000280472398011
2914 0.000347406148292
2915 0.000298342028878
2916 0.00043459391809
2917 0.000392421641541
2918 0.000111916442354
2919 0.000167171361053
2920 0.000329757088206
2921 0.000342957348561
2922 0.00029703918369
2923 7.02718522665e-05
2924 0.00015070455696
2925 0.000227163470956
2926 0.000365103464184
2927 0.000140592395776
2928 0.000412615755061
2929 0.000404791271591
2930 0.000266222144491
2931 0.000176332061638
2932 0.000276784062084
2933 0.000294875950123
2934 0.000175351344882
2935 0.000184363875885
2936 0.000152635720303
2937 0.000373820334176
2938 0.000339086931779
2939 0.00016393121007
2940 0.000368265957523
2941 0.000298275953507
2942 0.000120513603818
2943 9.75958609089e-05
2944 0.000376196330769
2945 0.000477435249237
2946 0.000260254105311
2947 0.000368959155271
2948 0.000145167055256
2949 0.000135146813382
2950 0.000273042980919
2951 0.000316742965416
2952 0.000640244031413
2953 6.11779329663e-05
2954 0.000180550293562
2955 0.000133953326828
2956 0.000338640936357
2957 0.000428774179438
2958 0.000142082218871
2959 0.000302418908981
2960 0.000230322555931
2961 0.000401136880629
2962 0.000105779663467
2963 0.000205235333526
2964 5.95238847632e-05
2965 0.000164283006573
2966 0.000137958947347
2967 0.000467487967377
2968 0.000143003786899
2969 0.000127712123576
2970 0.000319335268785
2971 0.000246127758499
2972 6.8178514007e-05
2973 0.000229075365037
2974 0.000385138715324
2975 0.000277653778205
2976 6.93954306515e-05
2977 0.000263006650914
2978 0.000172010051634
2979 0.000215072607633
2980 0.00017060183273
2981 6.9402144433e-05
2982 0.000141416116186
2983 0.000204379754985
2984 0.000223299139408
2985 0.000183225749824
2986 0.000276081710768
2987 0.000429447627922
2988 0.000154912253988
2989 0.000299843212821
2990 0.000331798854077
2991 0.000116649639068
2992 0.000298900395378
2993 0.000391145755144
2994 0.000285950482586
2995 0.000355769619994
2996 0.000127602704559
2997 0.000265301774765
2998 0.000175536522822
2999 5.7103203844e-05
3000 0.000306952841908
3001 0.000402357015039
3002 0.000281907703344
3003 0.000481978312698
3004 8.64948915573e-05
3005 0.000256773147657
3006 0.000308844326901
3007 4.9067367408e-05
3008 0.000169141598582
3009 0.000216004232154
3010 0.000144414454655
3011 0.000228817610222
3012 0.000318584120337
3013 0.000151313173229
3014 0.000169565439564
3015 0.000228049126227
3016 0.000100584141096
3017 0.000200404800157
3018 0.000417787121838
3019 0.000221787110728
3020 0.000492133678751
3021 0.000337351869296
3022 0.000266024617173
3023 0.000362330729527
3024 0.000195523685785
3025 0.000124461088057
3026 0.000287899740607
3027 0.000440554486548
3028 0.000420196094785
3029 0.000170949220533
3030 0.000278884340427
3031 8.99531836541e-05
3032 4.39038833154e-05
3033 0.000179135738431
3034 0.00040033719547
3035 0.000304038651794
3036 0.000477845887082
3037 0.000224082837825
3038 0.000101983915582
3039 0.000493885695968
3040 0.000147533444665
3041 0.000232908784907
3042 0.000187291790284
3043 0.000146035417805
3044 0.000143786165686
3045 7.1578588794e-05
3046 0.000116882709467
3047 0.000252785898222
3048 0.00023741319139
3049 0.000139985434257
3050 0.000399017514891
3051 0.000143177632998
3052 0.000539121075208
3053 0.000251792342845
3054 0.000199412856429
3055 0.000386620825746
3056 0.000157388227617
3057 0.000360099276289
3058 0.000177682221441
3059 0.00011398082517
3060 7.98939171903e-05
3061 0.000425077782454
3062 0.000153525244141
3063 0.00024048542251
3064 0.000149112515808
3065 0.000294368010029
3066 0.000252610638866
3067 0.000201076411656
3068 0.000124004420246
3069 0.000143291579708
3070 0.000142650371644
3071 0.000329748160651
3072 4.39038833154e-05
3073 0.000380273600193
3074 0.000301856274605
3075 0.000157388227617
3076 0.000179224639448
3077 0.00049618613159
3078 0.000454776132327
3079 0.000420789520421
3080 0.000239590841899
3081 0.000210952252673
3082 0.000228158320251
3083 0.00152321281224
3084 0.000153149086745
3085 0.000394225428375
3086 0.00023362785381
3087 0.000280516293374
3088 0.000356753730397
3089 9.77575250867e-05
3090 0.000307697992346
3091 0.00054490925939
3092 0.000104900640345
3093 8.58246039963e-05
3094 0.000126952724605
3095 6.76003547983e-05
3096 0.000138231444128
3097 0.000344150261857
3098 0.000296179804816
3099 0.000471593686279
3100 0.000110374851094
3101 0.000237402744811
3102 0.00152049606162
3103 0.000265446507006
3104 0.000169863105679
3105 0.000415658096134
3106 0.000226652911655
3107 0.00033998629144
3108 0.000350463159387
3109 0.000285120886912
3110 0.000136188958228
3111 0.000145114095358
3112 0.000299956543458
3113 9.39496721992e-05
3114 0.000375976447004
3115 0.000277333799752
3116 0.000332812748638
3117 0.000533887830807
3118 0.000338257037915
3119 0.00030128744386
3120 0.000340936814115
3121 0.000349148606559
3122 8.65437408988e-05
3123 0.00018179933554
3124 0.000186204900637
3125 0.000221508359528
3126 5.0956657348e-05
3127 0.000138931328495
3128 0.000157388227617
3129 0.000160090018783
3130 0.000192229442886
3131 0.000126399123125
3132 0.000176332061638
3133 0.000423004194503
3134 0.000102278582223
3135 5.07823137488e-05
3136 0.000190226052213
3137 0.000433910140144
3138 0.000300847092566
3139 0.000171887166566
3140 0.000185234307351
3141 0.000412992839774
3142 0.000222167870975
3143 0.000264179416783
3144 6.61162046257e-05
3145 0.000143914485515
3146 0.000388567762093
3147 0.000319933933042
3148 0.000133942620375
3149 0.000204111681382
3150 0.000307330756506
3151 0.00048223244857
3152 0.000123366249197
3153 0.000468475800673
3154 0.000116963876459
3155 0.000576506187573
3156 0.000159213822746
3157 0.000127388488275
3158 0.000143664027234
3159 0.000260273314194
3160 9.01065504765e-05
3161 0.000193664752614
3162 7.98095872442e-05
3163 0.000412306531331
3164 0.000134299896258
3165 0.000116230971213
3166 9.00644597757e-05
3167 0.00020543180748
3168 0.000148832600621
3169 0.00036033793079
3170 0.000335005602712
3171 0.000158020838051
3172 0.00016476389055
3173 0.00040913886122
3174 0.000158511387577
3175 0.000336422038336
3176 7.2861326689e-05
3177 0.000222292898328
3178 0.000314306709732
3179 0.000212254369052
3180 0.000381977165534
3181 0.000176332061638
3182 0.000176332061638
3183 0.00044001262756
3184 4.39038833154e-05
3185 0.000298058068829
3186 0.000510592595725
3187 0.000182388552316
3188 0.000280130937485
3189 0.000304006696705
3190 0.000151974536164
3191 0.000125605225401
3192 0.000277137519633
3193 0.000122172587293
3194 0.000160279375923
3195 0.000133589415462
3196 0.000327946173898
3197 0.000312473086849
3198 9.11896436969e-05
3199 0.000485440471347
3200 0.000148446072595
3201 0.000225188933178
3202 0.000437439530281
3203 8.61710690095e-05
3204 0.000206876042731
3205 0.000272633057368
3206 0.000148660021368
3207 0.000301598178427
3208 0.000304454597877
3209 0.000140264083684
3210 0.000161869144258
3211 0.000124231835824
3212 0.00020327004724
3213 0.000225768703025
3214 0.00020710713029
3215 0.000450125492188
3216 0.000184491778616
3217 0.00014212772949
3218 7.63758014899e-05
3219 0.00018179933554
3220 0.000276239127006
3221 0.000283029401443
3222 0.000223604330028
3223 0.000158980717233
3224 0.000184330445639
3225 0.000302597670829
3226 0.000194909082792
3227 0.000368193386196
3228 7.45555860147e-05
3229 0.000187422360332
3230 0.00013504426459
3231 4.39038833154e-05
3232 0.000227684261688
3233 0.000460105922501
3234 0.000453522311607
3235 0.000180933982816
3236 8.03017649899e-05
3237 0.00016987286643
3238 0.000174051015623
3239 0.000205245598123
3240 0.000327920418269
3241 0.000376341614993
3242 0.000164148562788
3243 0.000140738664978
3244 0.00015067462541
3245 0.000140807004252
3246 0.000140565226464
3247 0.000134992462601
3248 0.000345337223413
3249 0.000264773820193
3250 0.000120169715714
3251 0.00017292850128
3252 0.000193035983984
3253 0.000447485182395
3254 0.000358270561772
3255 0.000116108579645
3256 0.000239545230291
3257 0.000492130385345
3258 0.000228186358064
3259 0.000288690436935
3260 0.000217996452609
3261 0.000186270404833
3262 0.000313805733889
3263 0.000161167418878
3264 0.000470493956655
3265 0.000231581123089
3266 0.000271028458795
3267 0.000105562824232
3268 0.000396211811794
3269 7.64448480613e-05
3270 0.000112877532665
3271 7.62721350251e-05
3272 0.000125624004178
3273 0.000320779861597
3274 0.000217707745686
3275 0.00040102093117
3276 0.000246792778332
3277 0.00016366710251
3278 0.000354446380172
3279 0.000179762355605
3280 0.000209298779318
3281 0.000575746080529
3282 0.000103337722219
3283 5.00685631452e-05
3284 0.000217279590692
3285 0.000318116289929
3286 0.000216614710408
3287 0.00014672728486
3288 0.00030535211637
3289 0.000277184692055
3290 0.000153148879668
3291 9.43381090808e-05
3292 0.00152911822841
3293 0.000112649521691
3294 0.000291322941902
3295 0.000153374945772
3296 0.000354225368607
3297 0.000258315129939
3298 0.000333106487228
3299 0.000273619131075
3300 0.000329251010738
3301 0.000176755075083
3302 0.000214498795116
3303 0.000452939304587
3304 0.000229742692913
3305 0.000196433790145
3306 7.31694906223e-05
3307 0.000154369135414
3308 0.000164105124594
3309 0.000114605553118
3310 0.000233399442052
3311 8.73479301778e-05
3312 0.000157945604961
3313 0.000150489410141
3314 0.000228527299504
3315 0.00021827948945
3316 0.000106485445957
3317 0.00022303777285
3318 8.55484577681e-05
3319 0.000262631097292
3320 0.000178316543915
3321 0.000597277317439
3322 0.000403705202863
3323 0.000138931328495
3324 7.83213432652e-05
3325 0.000433692949648
3326 0.000249320121181
3327 0.000132125794946
3328 0.000389459096544
3329 0.000159368092552
3330 0.00016784118943
3331 0.000465245924967
3332 0.000274791282443
3333 0.000340129533566
3334 8.38891525964e-05
3335 9.59584764225e-05
3336 0.000350903847919
3337 0.000125356837553
3338 0.000179443046568
3339 0.000127610809961
3340 0.000333963657684
3341 0.000147140406499
3342 0.000221279860474
3343 0.000444195694497
3344 0.000139429531802
3345 0.000467047139875
3346 0.000417390947998
3347 0.000263235602202
3348 0.000412229152836
3349 0.000378308800347
3350 0.000118988939422
3351 0.00043854020669
3352 0.000439645624728
3353 0.000109101224849
3354 0.000363084758221
3355 0.00018179933554
3356 0.000289490211195
3357 0.000167154157469
3358 0.000124703376429
3359 0.000102216883171
3360 0.000150075559247
3361 0.000539236715378
3362 0.000146961155883
3363 0.00035014600902
3364 0.00145465344261
3365 0.000244490760101
3366 0.000357110404607
3367 0.000420004364977
3368 9.20904380374e-05
3369 0.00012614546925
3370 0.000330644508832
3371 7.52837496917e-05
3372 0.000136298784272
3373 0.000156819215574
3374 0.000148286888359
3375 0.000162073054122
3376 5.92668405499e-05
3377 0.000120748071681
3378 0.000189029153843
3379 0.000357347745994
3380 0.000185809225943
3381 0.000157940742412
3382 0.000288387081615
3383 0.000228331063146
3384 0.000165478808294
3385 0.000244127569587
3386 0.000372257614916
3387 0.000294216124798
3388 0.000426139305215
3389 9.6719907542e-05
3390 9.42176810042e-05
3391 0.000158984372713
3392 0.000281726294739
3393 0.000160874532175
3394 0.000155411804115
3395 0.000210434284999
3396 0.000270803409803
3397 0.00041281165285
3398 0.00060097489417
3399 0.000105120923539
3400 0.000186411072404
3401 0.00020541891942
3402 0.000120748071681
3403 0.000169406461806
3404 0.000313665741398
3405 0.000149045702857
3406 0.00014684273374
3407 0.000398338683457
3408 7.64448480613e-05
3409 5.09286638637e-05
3410 0.000139117289563
3411 0.000144098074978
3412 0.00036404244571
3413 0.00033492348403
3414 5.84373489904e-05
3415 0.000121024855203
3416 0.000212902569972
3417 0.000287443059202
3418 0.000421162814433
3419 9.45654526821e-05
3420 0.000339044394639
3421 0.000192840895742
3422 0.000153303932988
3423 0.000252473615185
3424 0.000216445227501
3425 9.30637482306e-05
3426 0.000134228827742
3427 0.000526217634965
3428 0.000127610809961
3429 9.63211917385e-05
3430 7.40707489257e-05
3431 0.000146637509998
3432 0.000187992748188
3433 8.95841905592e-05
3434 0.000318135959847
3435 0.000543917755782
3436 0.000263091360823
3437 7.16934163225e-05
3438 0.0073345068188
3439 0.000233405235156
3440 0.000212652396909
3441 0.000254411157978
3442 0.000133033202969
3443 0.000543178551764
3444 0.000276526589286
3445 0.000120304146162
3446 0.000122836220101
3447 0.000220733550348
3448 0.000136377956934
3449 0.000400524955336
3450 0.000398483545578
3451 0.000174643522471
3452 4.64991937111e-05
3453 0.000163484127045
3454 4.64991937111e-05
3455 0.000186815867743
3456 0.000436448840203
3457 0.000437434721318
3458 8.90221648452e-05
3459 0.00022321046703
3460 0.000200233829488
3461 0.000321562402032
3462 0.0001040115613
3463 0.000194336082489
3464 0.00026408771984
3465 0.000362532991744
3466 0.000245352266175
3467 0.00031062002376
3468 5.70992940184e-05
3469 0.000329962230557
3470 0.000326021698031
3471 0.000203541527435
3472 0.000240789222935
3473 0.000197447755631
3474 0.000255500678896
3475 0.000219579310713
3476 0.000274411382695
3477 0.000229502112897
3478 0.000112070060486
3479 0.000246724719859
3480 0.000223136290542
3481 0.000241200837524
3482 0.000210199692388
3483 0.000181111912285
3484 0.000179850645828
3485 0.000162708731275
3486 0.000186046272543
3487 0.000317342928656
3488 0.000176234617572
3489 0.000390642525882
3490 0.000110771037015
3491 0.000293154520809
3492 0.00021674529343
3493 0.000116955331434
3494 0.000214067194695
3495 8.01635624601e-05
3496 0.000519717744709
3497 0.000239893578833
3498 0.000225453362777
3499 0.000216285006231
3500 0.000259518317143
3501 0.000282933028502
3502 0.000416516241621
3503 0.000155049503814
3504 0.000166673331232
3505 0.000152291603279
3506 0.00031167599981
3507 0.00051059131904
3508 0.000134470312131
3509 0.000313413300921
3510 0.000238978805222
3511 0.000240028263482
3512 0.000286453570363
3513 0.000150078980147
3514 0.000144482533348
3515 0.000343857291966
3516 0.000152155946265
3517 0.000209953556301
3518 0.000171339860842
3519 0.000271863378664
3520 0.000255089888067
3521 0.000126535812276
3522 0.000644145266317
3523 0.000132659038549
3524 0.000210199692388
3525 0.000197599066339
3526 0.000353502987615
3527 0.000338382139856
3528 0.000208121853332
3529 0.000310492946864
3530 0.000390923453973
3531 0.000157152238349
3532 0.000184831852438
3533 0.000200668672307
3534 0.000185779922932
3535 0.000270558622907
3536 0.000238764253251
3537 0.000261597937154
3538 0.000101569842237
3539 0.000302572179079
3540 0.000166697928561
3541 0.000304974988738
3542 0.000187857581923
3543 0.000299609392095
3544 0.000126992454907
3545 0.000135730468675
3546 0.000644978697312
3547 0.00033160141554
3548 0.00017599148976
3549 0.000130894418588
3550 0.000293261120312
3551 0.000207646541558
3552 0.000163639294982
3553 9.79368522977e-05
3554 0.000389526627936
3555 0.000253343522012
3556 0.000244503686384
3557 0.000182839898426
3558 0.000267495454332
3559 0.000399340367342
3560 0.000258912800756
3561 8.10565987175e-05
3562 0.000210973124487
3563 0.000223136290542
3564 0.000178792665086
3565 0.000222527201929
3566 8.75062179485e-05
3567 0.000159162875176
3568 0.000214242335215
3569 0.000396451519769
3570 0.000283812528636
3571 4.64991937111e-05
3572 0.000265648058029
3573 0.000110616896248
3574 0.000211394239986
3575 0.000155861905767
3576 5.679089788e-05
3577 0.000359625723003
3578 0.000430597984246
3579 0.000226725775625
3580 0.000245352266175
3581 0.000190223850721
3582 0.000187020550677
3583 5.8871965133e-05
3584 0.000152599792802
3585 0.000533389791724
3586 0.000169065291713
3587 0.000409056014889
3588 0.000246395651412
3589 8.00030721994e-05
3590 5.1563858867e-05
3591 0.000306921918785
3592 0.000211679575365
3593 0.000219919470619
3594 0.000478172764831
3595 0.000183864755701
3596 0.00021452656577
3597 0.000709800155515
3598 5.66513710948e-05
3599 0.000157650224709
3600 0.000375381597896
3601 0.000116202692677
3602 0.000244806203479
3603 0.00020882461813
3604 0.000107524764528
3605 0.00066056018418
3606 0.000353179428143
3607 0.000124517408507
3608 0.000127388963663
3609 0.0002329598727
3610 0.000256016875195
3611 0.000257427786836
3612 0.000491901714873
3613 0.000259908809396
3614 0.000223136290542
3615 0.000142534123911
3616 0.000246314933168
3617 0.000269755361695
3618 0.000388976475602
3619 0.000192356279634
3620 8.28934001569e-05
3621 0.000186710704734
3622 0.000158656418235
3623 0.000164296372935
3624 0.000219340017649
3625 0.000281279712612
3626 0.000340719145587
3627 0.000152425184689
3628 0.000182790604138
3629 0.00032068843499
3630 0.000423334641192
3631 0.00016677125945
3632 0.000131426857315
3633 0.000126139983548
3634 0.000570159785489
3635 0.00025966217511
3636 0.000250627645637
3637 0.000291010255344
3638 0.000102217686929
3639 0.000239049844905
3640 0.000183362321872
3641 0.000351713605864
3642 0.00015507778693
3643 0.0002240840845
3644 0.000264102338639
3645 0.000181122748421
3646 0.000220807382022
3647 0.000196559065887
3648 0.000176398007984
3649 0.000251441219209
3650 0.000223136290542
3651 4.64991937111e-05
3652 0.000303588859441
3653 0.000135466198078
3654 0.000104497743891
3655 0.000134367002715
3656 0.000219677717176
3657 0.000207019860731
3658 0.000202047238853
3659 0.000162952893691
3660 0.00015830064208
3661 0.000109875933896
3662 0.000109809482989
3663 0.000335494647129
3664 0.000181131885953
3665 0.000171319790423
3666 0.000122963435351
3667 0.000125604138807
3668 0.000225491958547
3669 0.000146044588074
3670 0.000141545801441
3671 0.000213633758429
3672 0.000138191049003
3673 0.000447296039933
3674 8.62930512027e-05
3675 0.000388121022227
3676 0.000217848641621
3677 0.000110771037015
3678 0.000461833086416
3679 9.42589168604e-05
3680 0.000273039405171
3681 0.000464663636486
3682 0.000115121369815
3683 0.00019163017153
3684 0.000174338288647
3685 0.000601155928828
3686 0.000197482524773
3687 6.98234809448e-05
3688 0.000275596103126
3689 4.82486463866e-05
3690 5.76325031065e-05
3691 0.000342538599949
3692 8.10565987175e-05
3693 0.00035637404519
3694 0.000276134965811
3695 9.84358001466e-05
3696 0.000223136290542
3697 0.000221768485167
3698 0.000196889541816
3699 0.000232812041595
3700 7.66195413197e-05
3701 0.000141545801441
3702 0.000239354018426
3703 0.000334611771294
3704 0.00016350336641
3705 4.6758486658e-05
3706 0.000422086770462
3707 0.000274437486373
3708 0.000225693572687
3709 0.000231644211467
3710 4.64991937111e-05
3711 0.000301908272942
3712 0.000311987124132
3713 9.10536995644e-05
3714 0.000298287439399
3715 0.000282162022778
3716 0.000176816058873
3717 0.000159986750273
3718 8.10565987175e-05
3719 0.000286448672912
3720 0.000265690474437
3721 0.000221386619191
3722 0.000299019344448
3723 0.000379478770796
3724 0.000146166866563
3725 0.000103557472461
3726 0.000283794870228
3727 0.000191564093068
3728 0.000144202245353
3729 0.00032334481787
3730 4.64991937111e-05
3731 0.000250193981983
3732 0.00033922948437
3733 5.1774588943e-05
3734 7.6727314198e-05
3735 0.000412899112703
3736 0.00019697555562
3737 0.0001173654011
3738 0.000343600570151
3739 0.000352091262505
3740 0.000228655028943
3741 0.000318800234727
3742 0.000177397548555
3743 0.000127166649888
3744 0.000283794870228
3745 8.10565987175e-05
3746 0.000142200689702
3747 0.000247586036148
3748 0.000303512288267
3749 4.64991937111e-05
3750 0.000146738907112
3751 0.000291610078266
3752 0.000151782147123
3753 0.000246287797002
3754 0.000292376215367
3755 0.000121210289532
3756 0.000104710837293
3757 0.0005600697783
3758 0.000260581735753
3759 0.000464979154332
3760 0.000285122916624
3761 0.000191538809753
3762 0.000248798350786
3763 0.000169556226248
3764 0.000160973356289
3765 0.000340168693846
3766 6.40178213923e-05
3767 0.00015724173411
3768 0.000141779769984
3769 0.000266135339517
3770 0.0001706205583
3771 0.000140066827848
3772 0.000140876014191
3773 0.000126598149759
3774 0.000179165729381
3775 0.000278779996021
3776 0.000164235480225
3777 0.000269669503778
3778 0.000136690489545
3779 0.000173551948736
3780 0.000235259559001
3781 0.000178181689089
3782 8.89580272179e-05
3783 0.000360754356277
3784 0.00019466700759
3785 0.000149114460688
3786 0.000188054826938
3787 0.00023637607126
3788 0.000125637556199
3789 0.000130177556601
3790 0.00021820608085
3791 0.000374499466053
3792 0.00030415919829
3793 0.000185594015859
3794 0.00051458132823
3795 0.000367900766243
3796 8.39428767497e-05
3797 0.000130474272668
3798 0.000376759948346
3799 4.64991937111e-05
3800 0.000280730746113
3801 0.000387994401022
3802 0.000125477601706
3803 0.000204871449778
3804 0.000256829483817
3805 0.000416636761574
3806 8.98318508609e-05
3807 0.000138507017212
3808 6.04722552013e-05
3809 6.02846014975e-05
3810 0.000247213844812
3811 0.000372728173378
3812 7.35289582058e-05
3813 0.000150310190804
3814 0.000141545801441
3815 0.000168112989044
3816 0.000186476712208
3817 7.34333144073e-05
3818 0.000139161276447
3819 0.000170055058304
3820 0.000202582877918
3821 4.64991937111e-05
3822 0.000315688237093
3823 0.000318184509145
3824 0.000202487777161
3825 0.000417442919547
3826 0.000362593385319
3827 0.000339891575309
3828 0.00012458591582
3829 0.000250744775335
3830 0.00041728488908
3831 0.00117233155213
3832 0.000252262878148
3833 0.000134157719635
3834 0.000335565275315
3835 0.000107038721393
3836 0.000298430154828
3837 0.000327844434277
3838 0.00025718357408
3839 0.000512231795118
3840 8.71056878883e-05
3841 0.000162966507954
3842 0.000332013737225
3843 0.000359057177659
3844 0.000118204816751
3845 0.000121196282512
3846 0.000190579919228
3847 0.000247586036148
3848 0.000217100563595
3849 0.000137978746299
3850 0.000120304146162
3851 0.00024793659946
3852 0.000499370383956
3853 0.000200629106997
3854 4.64991937111e-05
3855 5.28601849616e-05
3856 0.000185275883895
3857 4.64991937111e-05
3858 0.000174763125687
3859 0.000270997750314
3860 0.000102325454103
3861 0.000307935989416
3862 0.000279022692947
3863 0.000233601785625
3864 0.000221024479499
3865 0.000141545801441
3866 7.62099173799e-05
3867 0.00022418804543
3868 0.000304640056836
3869 0.000269319099537
3870 0.000344441753941
3871 0.000289030270876
3872 0.000135623881063
3873 0.000189947716372
3874 0.000336115446073
3875 0.000214198009996
3876 6.18114472999e-05
3877 0.0001274829534
3878 0.000464848647804
3879 0.000141581568712
3880 5.28601849616e-05
3881 0.000145055150266
3882 0.000217531943965
3883 7.94944215821e-05
3884 0.000223136290542
3885 0.000292653004631
3886 9.11645146952e-05
3887 0.000272836741444
3888 0.000144653157195
3889 0.000165469115438
3890 0.000148601805314
3891 9.10558563874e-05
3892 0.000271586163478
3893 0.00020097476965
3894 0.000105010644011
3895 0.000193672627631
3896 0.000178338805539
3897 0.000233968829715
3898 9.10187642249e-05
3899 0.000239602235774
3900 0.000124954406835
3901 0.000356999862653
3902 0.000147969973026
3903 0.000371925170643
3904 0.000207881661779
3905 0.000136821927562
3906 0.000169863563683
3907 0.000449040267354
3908 0.000303163961095
3909 0.000123451912431
3910 0.000245727268713
3911 8.60518674948e-05
3912 0.000141545801441
3913 0.000227387401802
3914 0.000173421215615
3915 0.000120316406809
3916 0.000258168617283
3917 0.000128358684759
3918 0.000228948358668
3919 0.000570145524711
3920 0.000183362321872
3921 0.000232929063235
3922 0.000384586330545
3923 5.74767745709e-05
3924 0.000168545055606
3925 0.000410352314979
3926 0.000109875554723
3927 0.000376451164179
3928 0.000307760964043
3929 6.19394482339e-05
3930 0.000167013901195
3931 0.000427818934972
3932 0.000278579881928
3933 0.000180803299488
3934 0.000312096008264
3935 0.000119956906493
3936 4.64991937111e-05
3937 9.88885575176e-05
3938 0.000178970904479
3939 0.000989507003476
3940 0.000102474027303
3941 0.000112848692631
3942 0.000112014575714
3943 4.99689267521e-05
3944 0.000227641494158
3945 0.000144898515848
3946 0.00038788271169
3947 8.89580272179e-05
3948 0.000340759343329
3949 0.000529563187308
3950 0.000261580257611
3951 0.000225203499195
3952 0.000363397562024
3953 0.000102877178443
3954 9.09424485605e-05
3955 0.000115804502292
3956 6.71250324275e-05
3957 0.000292543929318
3958 0.000270271659672
3959 0.000128472921385
3960 4.89448322318e-05
3961 0.000245185799442
3962 0.000131470809509
3963 0.000375244766099
3964 0.000142238139822
3965 0.000218190705772
3966 8.62597560105e-05
3967 0.000399232987633
3968 0.000230305205455
3969 0.000413048717086
3970 0.000267956216296
3971 0.000101924831208
3972 0.000416179163025
3973 0.000219008640219
3974 0.000111296805483
3975 4.64991937111e-05
3976 0.000231962599313
3977 0.000174879405195
3978 9.85403083354e-05
3979 7.52499823505e-05
3980 0.000188614972809
3981 0.00216403076591
3982 0.000251052435018
3983 0.000416324358042
3984 9.71268194535e-05
3985 6.83928354139e-05
3986 0.000205428057548
3987 0.000289170230042
3988 0.000119058230717
3989 0.000229536291692
3990 0.000213891421083
3991 0.000189883806007
3992 0.00012645297536
3993 0.000125421427581
3994 0.000204319537119
3995 0.00033757201313
3996 0.000287786868671
3997 0.000168497910352
3998 0.000328288827338
3999 0.000433596674725
4000 0.000177330552052
4001 0.000299531001822
4002 0.000119058230717
4003 0.000245103974569
4004 0.000169738418649
4005 0.000317485060322
4006 0.000132471793142
4007 0.000101060378482
4008 0.000189883806007
4009 6.83928354139e-05
4010 0.000303728196984
4011 6.83928354139e-05
4012 0.000147514750028
4013 0.000119058230717
4014 0.000206871187651
4015 0.000367909147634
4016 6.83928354139e-05
4017 0.000189883806007
4018 0.000304114209886
4019 0.000223073593246
4020 0.000250042730922
4021 0.000269742866774
4022 0.000335035610306
4023 6.83928354139e-05
4024 0.000539340642016
4025 6.83928354139e-05
4026 0.000189883806007
4027 0.000282378618468
4028 0.000268290088492
4029 0.000104261573774
4030 0.000119058230717
4031 0.000554221142963
4032 0.000357481192515
4033 0.000101060378482
4034 0.000123988584713
4035 9.38778547279e-05
4036 6.83928354139e-05
4037 0.00010614135201
4038 0.000148401830339
4039 0.000295661268177
