node,betweenness
1 0.110576677394
2 0.000602353625738
3 7.59502117851e-08
4 0.0023826628061
5 1.84033205479e-07
6 0.000418163797529
7 0.000528055241262
8 0.00154431847724
9 2.76049808219e-07
10 0.00860879726457
11 8.92510385292e-08
12 0.0
13 0.0
14 0.00219327513488
15 0.000102611769424
16 0.0
17 5.12138399114e-07
18 2.06441448222e-05
19 0.000204687184998
20 0.00382174639481
21 9.49041271085e-07
22 0.0010263439212
23 8.75093420624e-05
24 6.86034893759e-06
25 5.56867136656e-07
26 0.000327239765519
27 6.67438138365e-05
28 3.06722009132e-08
29 3.9348494629e-07
30 0.000362175172386
31 1.57277422537e-05
32 2.25752935695e-05
33 0.00184022960009
34 8.170227645e-05
35 0.00202101242243
36 0.0
37 2.72641785895e-08
38 0.0
39 0.00034827780369
40 9.8961350689e-07
41 0.00791890342155
42 6.20061400087e-05
43 8.15225300031e-08
44 0.0
45 4.02355311867e-05
46 8.39135302524e-07
47 0.000814045537922
48 0.000189384082709
49 2.40926172613e-05
50 1.84033205479e-07
51 3.46674901922e-06
52 9.20166027397e-08
53 0.0
54 0.00137911089285
55 1.51696020977e-06
56 6.55215121453e-07
57 0.00921782905639
58 1.53590271522e-06
59 0.0711602472642
60 6.53574303699e-06
61 2.58501353348e-07
62 6.13444018264e-08
63 1.20848252777e-05
64 0.0
65 1.03195743059e-05
66 0.00049216702086
67 1.03334562599e-06
68 0.00341927146565
69 1.47226564383e-07
70 4.91776666867e-06
71 0.0
72 0.0
73 1.22493604209e-05
74 1.02830573131e-06
75 0.0
76 1.97960816437e-06
77 0.0
78 6.12584293969e-06
79 0.0
80 2.1136229878e-08
81 8.68408700283e-05
82 6.13444018264e-08
83 3.39298294172e-05
84 9.20166027397e-08
85 1.37104022111e-06
86 2.66208202084e-06
87 1.3200363105e-05
88 3.40050045548e-05
89 3.55091003685e-05
90 2.2681752488e-05
91 0.0
92 2.76049808219e-07
93 4.19210809747e-06
94 3.21195448645e-06
95 3.10914667784e-06
96 1.0665836894e-06
97 7.83598640127e-07
98 4.08962678843e-08
99 0.00163732312057
100 8.16172660491e-07
101 5.31651482496e-07
102 9.41556584909e-07
103 0.0
104 4.31815994614e-05
105 0.000421847028586
106 3.10518565266e-06
107 7.18329660646e-07
108 0.453631418908
109 5.88913664346e-07
110 2.49395669759e-05
111 0.0
112 1.74646538279e-06
113 0.0
114 0.00180227106326
115 0.0
116 5.30993334226e-05
117 1.2385771105e-06
118 2.14500925053e-07
119 2.66818256707e-05
120 0.000563762186207
121 2.84213915983e-05
122 3.90232953186e-06
123 0.00051917640097
124 1.48409225757e-06
125 1.63585071537e-07
126 4.26902440857e-06
127 6.46324266817e-07
128 1.13192388707e-06
129 1.28547338703e-05
130 4.49858946727e-08
131 6.16681500497e-06
132 0.0
133 1.74263575655e-05
134 2.70572266135e-05
135 4.43502971933e-06
136 0.0
137 0.0205632346551
138 2.04595085073e-05
139 0.0
140 1.22688803653e-08
141 9.16271144741e-08
142 1.83157320017e-05
143 3.83256228935e-05
144 1.06494726537e-05
145 8.98894656893e-07
146 0.0
147 8.10095492891e-05
148 2.45377607306e-08
149 2.35485511515e-05
150 4.11543038602e-07
151 4.70272537095e-05
152 3.40802232369e-08
153 1.84033205479e-07
154 0.0
155 0.0
156 4.08962678843e-08
157 8.94776734285e-05
158 4.08962678843e-08
159 2.23099599563e-05
160 1.31405229257e-06
161 0.0
162 1.55990336484e-05
163 5.84232398347e-08
164 1.67455164664e-05
165 1.75269719504e-08
166 8.77376099082e-07
167 4.36713717764e-07
168 1.89397521127e-06
169 5.10230736799e-07
170 0.000293972474417
171 6.77815925227e-05
172 0.00827720317643
173 3.94772627905e-05
174 0.0022529194119
175 4.08962678843e-08
176 6.70477872435e-05
177 1.46722426925e-06
178 6.93876392612e-06
179 5.83866114148e-06
180 6.13444018264e-08
181 1.54065237272e-06
182 1.84033205479e-07
183 4.08962678843e-08
184 0.0
185 1.86075092159e-06
186 1.75282321048e-05
187 0.000877020752564
188 8.62015775853e-07
189 4.33036504496e-05
190 1.03195743059e-05
191 1.84033205479e-07
192 0.0
193 3.68066410959e-07
194 1.84033205479e-07
195 3.12354921705e-06
196 0.0
197 8.71068644149e-06
198 9.941355174e-07
199 0.000967758619492
200 5.92428351912e-05
201 7.22566803241e-05
202 0.0
203 2.15695115313e-06
204 0.000102566513882
205 3.65564134966e-06
206 0.0
207 1.63585071537e-07
208 0.0
209 1.90085897166e-08
210 0.0
211 0.0
212 7.8175108028e-06
213 5.78936743256e-06
214 0.000408474821962
215 3.09613755388e-05
216 0.0
217 0.0
218 2.06430946562e-05
219 0.0
220 1.50064799901e-06
221 0.0
222 4.79835152847e-07
223 6.06783990766e-06
224 4.21567903501e-06
225 2.24007701361e-05
226 1.45473867188e-07
227 3.36522287451e-07
228 5.07297266766e-05
229 0.0
230 2.81046532679e-07
231 1.52338597869e-06
232 2.72398484117e-05
233 3.85482346621e-06
234 0.0
235 0.0
236 5.35177578034e-08
237 2.36717774553e-05
238 9.20166027397e-08
239 8.13767025808e-06
240 7.09530223607e-05
241 6.13444018264e-08
242 0.0
243 1.40734833271e-05
244 4.6758066281e-07
245 0.0
246 1.84033205479e-07
247 2.6530034807e-05
248 9.81510429223e-08
249 6.01400605917e-06
250 3.6816030014e-06
251 2.17064806463e-08
252 8.38528934915e-07
253 8.23683419578e-05
254 4.08962678843e-08
255 2.80271900026e-07
256 0.0
257 0.0
258 8.10870379526e-06
259 4.6887696349e-06
260 2.76049808219e-07
261 3.85220066797e-06
262 2.61025301702e-05
263 0.0
264 2.04481339421e-08
265 0.0
266 2.35572085839e-05
267 3.35165402454e-07
268 0.0
269 3.48612908422e-08
270 6.6841199975e-05
271 4.08962678843e-08
272 0.00362946823238
273 0.000138672126824
274 0.0
275 7.49237391116e-06
276 1.84033205479e-07
277 8.21109702161e-06
278 0.000236230906959
279 5.46410606297e-06
280 0.0
281 6.58559513137e-05
282 1.01945066027e-06
283 0.0
284 4.8311374329e-07
285 1.15357785011e-06
286 0.000384031946689
287 0.0
288 0.0
289 3.83402511415e-09
290 2.05952504834e-06
291 5.59294620537e-07
292 5.24593582976e-05
293 0.0
294 0.0
295 3.06722009132e-08
296 2.45377460176e-06
297 2.04481339421e-08
298 6.47032497776e-06
299 3.59391445044e-08
300 4.93350342599e-06
301 1.03409134507e-07
302 1.66044976193e-07
303 1.11401018353e-06
304 5.08010435432e-06
305 0.000406624109533
306 0.0
307 0.0
308 9.3016661759e-06
309 0.000106750852845
310 0.0
311 1.51468047332e-05
312 2.01474260901e-07
313 7.69939589842e-05
314 3.57062828238e-05
315 3.762809573e-06
316 0.000500665259609
317 0.0
318 7.08292459753e-06
319 4.89502709324e-07
320 2.2681752488e-05
321 4.21845888427e-06
322 0.0
323 0.00214352217757
324 4.5003935126e-05
325 0.00025094334342
326 1.62598368011e-05
327 1.14363934577e-06
328 0.0
329 0.0
330 0.000100261443597
331 2.88705963848e-07
332 1.38169033773e-05
333 6.57489682184e-05
334 8.94362429803e-08
335 3.58969279549e-05
336 0.0
337 0.0
338 5.12637783166e-06
339 2.98021047131e-07
340 0.000246783904011
341 2.04786686826e-07
342 1.96575353067e-06
343 2.72939466998e-05
344 4.3712951742e-05
345 1.50353831186e-06
346 2.80980099932e-06
347 1.25250090961e-05
348 1.30184457261e-07
349 0.035404340209
350 1.53361004566e-08
351 8.00551301612e-05
352 5.02430157803e-06
353 1.26991804811e-06
354 0.00394684193562
355 5.07576133583e-06
356 1.48345010791e-05
357 6.13444018264e-08
358 5.03031551755e-05
359 0.0
360 9.9533463794e-06
361 0.000222581694655
362 6.07025078574e-06
363 3.03887987986e-06
364 0.00117863218683
365 2.04481339421e-07
366 3.58671233168e-08
367 0.00130576215617
368 2.34071522904e-05
369 1.48813719905e-05
370 7.14173503281e-05
371 0.000365242329738
372 5.61170593149e-08
373 4.84432449205e-06
374 0.000906321613602
375 0.00030319453122
376 5.40662202201e-05
377 0.00578177762866
378 0.0
379 0.000101328486189
380 0.0
381 2.84251532273e-08
382 3.78627535083e-08
383 1.55057321951e-07
384 6.13444018264e-08
385 4.08962678843e-08
386 1.46051971228e-07
387 6.13444018264e-08
388 0.000216737229221
389 0.00111014078789
390 0.00175592858306
391 2.87506183536e-07
392 0.000428456341429
393 0.000690787503072
394 0.0
395 0.000324345217669
396 0.000620749840633
397 6.06544295334e-06
398 0.000136703502168
399 0.000200921344095
400 4.08962678843e-08
401 0.000308414884144
402 0.0
403 0.000243044191843
404 1.61411391002e-06
405 0.000527077806544
406 7.7389843719e-05
407 1.22688803653e-07
408 2.80984086793e-05
409 9.37158381369e-05
410 0.000249336547328
411 2.34263341473e-06
412 6.13444018264e-08
413 0.000946639954701
414 2.06987463729e-06
415 0.047023306887
416 5.88684202215e-05
417 7.15579255692e-05
418 0.000173735635701
419 0.000391272598627
420 0.000789386417008
421 0.000622175677573
422 2.4489057123e-05
423 0.000434464940278
424 0.000239611437191
425 3.8232665222e-07
426 3.38006620014e-06
427 2.90704635593e-06
428 6.90970974254e-05
429 0.0634453493613
430 1.27014370448e-07
431 3.54313409904e-05
432 0.00166725126462
433 0.000120004124572
434 1.57732399194e-05
435 0.000118369816006
436 2.47469817296e-05
437 0.000274526268104
438 1.37002497412e-06
439 0.000969313302755
440 0.000162166428694
441 2.5397520968e-06
442 4.08962678843e-08
443 8.43579847174e-07
444 0.0
445 5.8560042285e-05
446 0.000158845871345
447 7.6411277193e-06
448 0.0
449 0.0
450 0.000122922166789
451 4.3120629383e-06
452 4.2605554595e-05
453 0.000120675813231
454 3.06722009132e-07
455 0.0
456 0.000150714832078
457 0.000321145172795
458 7.5948670789e-05
459 7.80995217237e-06
460 1.950011888e-05
461 0.000664705538907
462 0.000223745051861
463 1.27887797651e-05
464 0.000174599002052
465 1.27362878457e-05
466 0.000357925356653
467 2.47737007376e-08
468 0.0
469 0.0
470 7.37699654446e-05
471 2.09230544374e-06
472 4.72189264162e-05
473 8.2741242846e-05
474 5.33031299925e-05
475 2.64927989005e-06
476 0.00618261603715
477 0.0
478 6.28780118721e-07
479 5.35842197111e-07
480 0.000222775873534
481 3.55715991565e-05
482 1.55220511737e-05
483 3.28485432931e-05
484 0.0101678725168
485 0.00273597860144
486 0.0
487 2.76673534183e-07
488 7.20197645835e-06
489 1.60384021817e-06
490 3.6863169065e-06
491 1.15033763222e-06
492 1.44241187665e-07
493 0.00242301432231
494 3.43211436026e-05
495 6.36499006517e-06
496 2.10341449709e-06
497 4.7302915182e-05
498 0.00211714881336
499 9.78709503414e-07
500 0.0
501 0.000441867886966
502 4.08962678843e-08
503 4.76546267247e-07
504 0.000214940009538
505 0.000202107070443
506 8.77747895398e-08
507 0.000128565186527
508 0.000621497719701
509 6.12288520785e-05
510 1.74071634533e-07
511 6.72594949633e-05
512 1.73370449439e-05
513 3.17248518362e-05
514 0.00148155077641
515 0.000569515492323
516 0.000179997895789
517 7.49733838764e-05
518 0.00157784290704
519 4.36881894237e-05
520 2.23020212887e-06
521 0.000212926863366
522 1.07245228456e-06
523 2.59257092145e-07
524 4.21913810229e-05
525 0.00100903438946
526 0.000391570148588
527 0.00167248170589
528 8.65769502493e-05
529 4.21911462397e-06
530 2.42572619985e-07
531 4.49858946727e-08
532 0.000233401169281
533 1.49271377778e-06
534 3.41934573439e-07
535 2.23950518172e-05
536 4.96660295605e-06
537 8.40902218425e-07
538 6.64683656348e-05
539 0.00104854006961
540 1.08393524987e-05
541 1.19233831813e-06
542 1.35664706148e-05
543 0.000306745829222
544 1.47149658646e-05
545 9.72012234246e-05
546 7.12619444208e-05
547 0.000100279708807
548 1.04903458113e-05
549 8.52424005045e-06
550 3.12366153225e-05
551 0.0
552 4.18248092712e-07
553 4.08962678843e-08
554 0.000708115805458
555 7.4705197184e-05
556 1.99365734688e-05
557 0.000101765828489
558 2.73647114933e-05
559 3.01892406356e-05
560 0.000305875433181
561 1.24333434714e-05
562 0.000321256187104
563 5.02439862578e-08
564 0.0621719010037
565 5.39236798899e-06
566 1.01149308736e-06
567 0.00161427786409
568 0.103523018488
569 2.92790569517e-06
570 2.50069565895e-06
571 2.90737580424e-05
572 0.0
573 0.0
574 3.043763234e-06
575 2.6522775462e-06
576 8.13468713109e-08
577 1.11535276048e-08
578 7.4816922065e-08
579 2.12727070531e-07
580 1.24073606335e-05
581 0.00126621060692
582 0.0
583 3.02692016911e-08
584 3.64932888309e-07
585 1.54218341181e-05
586 0.0
587 0.0
588 3.26210040536e-07
589 3.33730147822e-07
590 7.6123202186e-06
591 0.000313893141001
592 0.000116041852992
593 1.24664708792e-05
594 2.22833452829e-07
595 0.0288031983829
596 1.11535276048e-08
597 0.00186673876499
598 1.91918007979e-06
599 1.63596647237e-07
600 2.09109897166e-07
601 3.0923164033e-07
602 0.00039681710424
603 0.0
604 3.21801060952e-07
605 0.000146511104975
606 3.74610924695e-07
607 0.000949786794184
608 0.0
609 0.0
610 0.000578358477821
611 2.0767002088e-06
612 2.24041719297e-07
613 4.54596522333e-07
614 0.0
615 9.74423759714e-06
616 3.426258331e-07
617 6.99088794185e-06
618 4.58762965805e-06
619 1.03457354034e-05
620 2.8751665031e-06
621 1.48345846477e-05
622 5.5502077843e-08
623 6.79417558623e-07
624 6.05364349755e-07
625 0.0
626 8.86555238225e-07
627 4.44625198159e-07
628 2.12727070531e-07
629 3.35074463758e-08
630 6.39986548559e-05
631 5.5845476886e-05
632 7.51995556581e-07
633 1.96050584732e-07
634 3.46693520131e-07
635 6.22858952709e-05
636 3.39680039004e-06
637 2.65842113752e-06
638 0.00221088787647
639 0.0
640 2.70024003884e-05
641 1.56752451777e-07
642 0.000523586628743
643 0.0
644 3.0923164033e-07
645 7.96891739226e-06
646 0.000143643592896
647 2.24609347541e-05
648 1.17630663263e-06
649 0.0
650 5.16788175056e-05
651 2.01573542926e-07
652 0.00151938100519
653 0.0
654 1.34137643115e-05
655 1.23295686257e-05
656 7.37455320658e-07
657 0.0
658 4.54014266487e-07
659 2.12727070531e-07
660 2.12727070531e-07
661 0.0
662 3.0923164033e-07
663 2.55246319675e-07
664 2.11618459312e-06
665 4.06166233374e-07
666 1.04099590978e-07
667 4.25746404433e-06
668 0.0
669 0.0
670 2.27295345812e-05
671 1.20567473847e-07
672 2.28115343084e-07
673 2.39872340475e-08
674 0.0
675 0.0
676 2.01573542926e-07
677 1.68291564277e-06
678 8.14388100391e-06
679 4.59270437545e-05
680 4.26525298715e-06
681 1.0102139344e-05
682 2.86862300644e-07
683 1.38540309828e-06
684 0.000113591651635
685 6.51107601637e-07
686 9.23417487233e-07
687 0.029722137285
688 3.72793926688e-06
689 1.38101761686e-05
690 8.29610005653e-08
691 4.75500358031e-08
692 2.89681897514e-07
693 0.0
694 3.18084758219e-07
695 1.47749146334e-05
696 5.99441104373e-06
697 2.12388763979e-06
698 0.00196462802329
699 0.115236381632
700 0.0
701 5.72855241116e-08
702 1.22483157818e-06
703 8.73914295861e-08
704 0.00227989215698
705 1.14655608176e-07
706 3.5277103595e-05
707 4.40248547497e-08
708 5.32089656795e-07
709 0.000611201286193
710 4.94405816391e-07
711 1.82284473663e-07
712 7.27798664384e-07
713 1.29719066846e-06
714 0.00501424948079
715 1.03082938085e-06
716 2.62045413965e-08
717 6.48003611674e-07
718 0.0
719 3.80295887726e-06
720 0.00328302412162
721 2.34725872953e-06
722 6.46475619248e-08
723 6.101076038e-07
724 2.08386055449e-07
725 1.18471421654e-05
726 5.25809158512e-08
727 2.43248814841e-06
728 3.27653286684e-06
729 8.50021498396e-06
730 1.80561335837e-05
731 6.01564983377e-07
732 6.62893593833e-07
733 1.10239784965e-06
734 4.4898259813e-07
735 3.73126113713e-06
736 1.90849250127e-08
737 2.00844492742e-06
738 5.47958863159e-07
739 1.91423481647e-06
740 5.39707095852e-06
741 5.15626287416e-07
742 1.01285720668e-06
743 1.3072199913e-06
744 0.0
745 0.0
746 0.00363606276475
747 3.20305412394e-07
748 0.00271490948802
749 1.42326575376e-06
750 0.0
751 0.0
752 1.23756575985e-07
753 2.514711825e-06
754 6.89166753433e-06
755 2.50004019302e-06
756 1.26818768321e-06
757 1.67893785475e-07
758 1.84033205479e-07
759 1.0272082054e-06
760 4.0601335866e-07
761 1.25644046028e-06
762 7.80521025938e-08
763 1.58278293919e-07
764 1.5018289984e-06
765 2.35334462294e-06
766 5.87276571403e-07
767 4.16291808055e-06
768 2.58814952468e-07
769 2.07407370017e-06
770 9.88931799402e-05
771 7.12391850583e-06
772 2.54681508249e-06
773 0.00047224690446
774 3.81701250888e-06
775 0.000987433975531
776 0.0
777 3.21651319156e-05
778 1.55352489583e-06
779 6.24669270864e-07
780 7.06453237296e-07
781 3.19006861183e-06
782 1.34964309175e-05
783 3.65570281441e-06
784 6.86839603365e-07
785 7.72876249344e-06
786 0.0
787 4.22692140204e-07
788 3.16701142394e-06
789 6.54340286149e-08
790 1.10083989659e-06
791 4.08962678843e-08
792 6.88420509386e-08
793 1.85931316066e-06
794 1.63876746732e-06
795 3.18848173299e-07
796 2.04205836492e-06
797 2.37198353729e-07
798 2.98765332088e-06
799 0.000742123402906
800 1.18828886421e-06
801 0.00106801000776
802 0.0
803 0.0
804 0.00126696200874
805 0.00036210957739
806 0.00305241721236
807 1.79617382268e-06
808 1.03367649108e-06
809 4.57270172307e-08
810 4.85592150519e-07
811 0.00108748037264
812 2.56868128726e-06
813 1.02196409681e-07
814 7.35492413327e-07
815 1.88475982476e-06
816 7.00439560653e-06
817 3.16069727506e-07
818 2.45691620538e-06
819 3.18036131289e-06
820 0.0010102653314
821 7.94344755029e-06
822 1.97384634112e-07
823 2.24987896603e-06
824 0.00188510043961
825 1.55611887462e-05
826 9.27801592759e-06
827 2.90727529079e-07
828 8.9374033231e-06
829 0.00396330770989
830 8.70126608897e-06
831 0.00237153624675
832 9.13972827559e-07
833 4.90755214612e-08
834 2.87822091046e-06
835 3.92173612267e-06
836 1.3675280124e-06
837 8.32555510661e-07
838 5.90704831952e-07
839 9.69026206335e-07
840 1.49412567274e-06
841 0.000634145856677
842 0.0
843 4.49474473326e-06
844 3.1244271523e-07
845 1.6462671467e-07
846 1.56371418105e-06
847 2.18586778092e-07
848 1.30261538488e-06
849 3.48397676695e-06
850 6.92130164025e-06
851 1.25497987768e-06
852 0.0
853 0.0
854 6.09372427328e-06
855 0.0
856 0.0
857 0.000500193812749
858 0.000366169654814
859 0.0
860 0.0
861 0.0578702093496
862 1.15678014873e-07
863 0.0112539225321
864 1.51318852149e-07
865 1.35078314999e-07
866 0.0
867 9.61062295281e-08
868 1.43136937595e-07
869 0.0
870 8.18449972933e-08
871 2.29019100152e-07
872 1.33321833303e-06
873 2.04481339421e-08
874 0.0
875 2.04481339421e-08
876 0.0
877 1.51318852149e-07
878 0.0
879 1.00928807792e-07
880 1.26778430441e-07
881 5.38848844326e-08
882 1.51316191172e-07
883 6.58748638912e-08
884 0.0
885 3.06722009132e-08
886 5.7254775038e-07
887 1.53361004566e-08
888 0.0
889 0.0
890 7.37303947692e-07
891 1.52128518019e-07
892 0.0
893 0.0
894 1.04406114086e-07
895 2.45377607306e-08
896 9.61062295281e-08
897 9.39921129473e-05
898 1.72163530682e-05
899 1.15075012274e-06
900 0.0
901 1.73056428637e-06
902 7.50988893008e-07
903 7.65057468731e-07
904 1.13165449042e-06
905 4.64172640487e-07
906 3.39168291704e-06
907 1.07642256694e-05
908 1.65169697853e-06
909 0.000385058718968
910 1.06432537169e-06
911 0.0
912 0.0
913 8.35306271537e-07
914 2.64392544453e-05
915 1.13469313863e-06
916 9.79408297424e-05
917 0.000703938656909
918 0.00031489313087
919 0.0
920 1.82549900181e-06
921 1.66809765559e-06
922 0.000374617024527
923 3.56808443711e-06
924 8.05812790198e-07
925 1.26771617663e-05
926 0.000746403944049
927 1.21765235995e-06
928 2.37671183027e-05
929 2.72641785895e-08
930 3.73175380288e-07
931 0.000134656161292
932 1.6122459932e-06
933 8.30924823196e-06
934 3.88599623344e-06
935 8.51891297372e-06
936 3.73324502544e-07
937 3.74404552634e-06
938 8.5882162557e-08
939 6.51154730244e-07
940 1.81808832547e-06
941 1.24645587252e-06
942 1.44570673249e-05
943 1.08012697319e-05
944 9.53952700728e-07
945 0.000195546797254
946 0.0
947 8.51065385065e-05
948 1.95321424123e-05
949 5.53954839856e-06
950 1.97813652032e-06
951 4.96601503973e-07
952 0.000108455284356
953 2.37276095353e-06
954 4.27140426829e-05
955 1.27970957422e-05
956 2.09593372907e-07
957 4.49858946727e-07
958 1.06521682513e-05
959 1.30057272426e-07
960 2.40834073408e-06
961 2.02445371457e-05
962 5.99577746083e-06
963 8.77110668772e-05
964 5.41323604737e-06
965 4.44055030911e-06
966 3.51105582183e-07
967 8.86087776032e-06
968 4.07412788022e-05
969 3.55219136502e-05
970 8.61589857346e-07
971 4.83582806626e-07
972 2.12435579458e-06
973 1.6496740124e-07
974 9.7645248653e-06
975 2.39795566346e-07
976 2.99840219008e-06
977 1.67709133559e-06
978 2.74495312497e-06
979 2.37731135313e-05
980 7.88713737769e-08
981 0.000408355189961
982 1.3652460159e-06
983 1.40128412783e-05
984 2.4405413235e-06
985 2.46450429825e-06
986 1.1090678362e-07
987 1.90700127871e-07
988 1.05629217621e-06
989 1.10154877561e-06
990 1.76982915555e-06
991 0.00106711969001
992 1.19287914045e-05
993 8.23033003837e-07
994 4.34372767872e-05
995 7.08686362768e-06
996 3.86962869709e-05
997 4.23090019851e-07
998 7.87748807696e-06
999 3.55309593133e-07
1000 4.9413280908e-06
1001 1.60629522907e-06
1002 2.3432339008e-05
1003 4.08962678843e-08
1004 1.90125425353e-05
1005 1.11862538615e-05
1006 7.54111406393e-08
1007 2.72768700624e-05
1008 2.10588195435e-06
1009 3.32074378369e-06
1010 0.000105516769898
1011 1.67060414266e-05
1012 7.18496695254e-06
1013 1.51021230305e-05
1014 0.000112704837712
1015 5.29006843202e-05
1016 9.16688836309e-07
1017 0.0
1018 3.25124177793e-05
1019 7.49283333726e-06
1020 0.000213267581473
1021 9.76594962352e-06
1022 1.18112107226e-05
1023 1.53361004566e-08
1024 1.12805538914e-06
1025 1.25516756135e-05
1026 6.67428429012e-05
1027 1.25133742304e-05
1028 0.0
1029 0.000235748921705
1030 0.000620200385225
1031 1.0939751659e-06
1032 1.00639137542e-07
1033 0.000111034155653
1034 1.09112396881e-06
1035 0.0
1036 4.54710791544e-06
1037 2.69809370176e-06
1038 9.8972178982e-06
1039 2.04481339421e-07
1040 3.57939369114e-07
1041 4.61394055296e-06
1042 1.70565531702e-05
1043 6.38812827891e-07
1044 1.04387723775e-06
1045 4.54909616292e-07
1046 1.37002497412e-06
1047 0.0
1048 7.38850449857e-06
1049 3.72190339175e-05
1050 4.44172412336e-05
1051 5.63253144043e-07
1052 1.04060247542e-05
1053 3.91413764334e-05
1054 1.39251792146e-06
1055 7.82631453503e-06
1056 1.35158574988e-06
1057 7.74709517345e-06
1058 2.39243167123e-07
1059 1.12955852786e-06
1060 3.29151337807e-05
1061 0.000368857577056
1062 1.7882822593e-07
1063 5.46070929237e-06
1064 1.6692425487e-07
1065 6.82515744713e-06
1066 0.0
1067 1.97956088332e-05
1068 1.51851535691e-05
1069 7.39355201687e-06
1070 1.70081218939e-07
1071 0.000531592357784
1072 0.0
1073 1.79010559571e-06
1074 1.23557849345e-06
1075 0.000693839632113
1076 4.03728777424e-05
1077 2.26591932066e-05
1078 0.000154907090815
1079 4.97321476483e-05
1080 1.01143908801e-05
1081 4.02605509285e-05
1082 7.95688958407e-07
1083 2.75638308367e-06
1084 1.24870906244e-05
1085 2.69081057396e-07
1086 0.141759049693
1087 0.000630791249565
1088 7.2590569079e-07
1089 0.000129312450073
1090 7.14722422848e-07
1091 7.56962953966e-07
1092 2.1761056166e-06
1093 4.21617142513e-06
1094 4.73015561569e-07
1095 7.68951634294e-07
1096 8.66151277387e-06
1097 0.0
1098 1.28814302615e-06
1099 0.000534087517679
1100 3.72360955005e-06
1101 4.72019377883e-06
1102 1.79810896417e-05
1103 3.64321473179e-06
1104 1.14733365225e-06
1105 7.51043048767e-05
1106 4.08962678843e-08
1107 8.44707665939e-06
1108 2.06483318703e-05
1109 1.80683524404e-06
1110 0.000205374948435
1111 3.6476447766e-05
1112 1.53361004566e-08
1113 2.19388463689e-06
1114 8.25108420219e-06
1115 8.56096551382e-05
1116 6.13666859164e-07
1117 6.31640778601e-07
1118 1.89110271693e-05
1119 8.83079423023e-07
1120 0.0
1121 7.3209045167e-06
1122 3.45941257302e-06
1123 1.73668117964e-05
1124 1.44190841225e-05
1125 4.33987814349e-05
1126 1.07028031551e-05
1127 0.00090139117338
1128 3.26713626809e-06
1129 0.000106086558
1130 1.01921466253e-05
1131 5.86628884903e-06
1132 4.97739748644e-06
1133 1.81913290764e-05
1134 1.8875200562e-07
1135 6.38558521234e-07
1136 1.09876695564e-05
1137 0.000521177286907
1138 5.94383084638e-07
1139 2.19525323679e-06
1140 1.4862897478e-06
1141 8.10511209416e-07
1142 6.20994428044e-07
1143 3.4213547751e-06
1144 2.5794236461e-06
1145 8.85532571175e-07
1146 0.0
1147 6.06012060149e-05
1148 2.04481339421e-07
1149 0.000229904898851
1150 0.000101161126256
1151 2.00630361496e-06
1152 6.16553442967e-07
1153 1.49104589719e-06
1154 1.56335568209e-05
1155 8.32531167645e-07
1156 3.88910362336e-05
1157 1.05707663879e-05
1158 7.15684687975e-08
1159 2.19662135372e-05
1160 2.10057577836e-05
1161 2.84150633194e-05
1162 4.63589118234e-06
1163 2.94453128767e-07
1164 6.09809325778e-06
1165 2.97538896348e-07
1166 0.00315173807064
1167 2.33482853169e-05
1168 2.03559454057e-06
1169 2.36322005131e-07
1170 3.48809114676e-06
1171 1.36788325935e-05
1172 0.00238336599383
1173 1.34868216922e-05
1174 0.000925566368557
1175 6.30609469882e-07
1176 5.44886381243e-05
1177 0.0
1178 3.20013296195e-06
1179 0.000292573282349
1180 5.73368832851e-05
1181 2.12470354766e-06
1182 4.39279498712e-06
1183 0.000203635475254
1184 7.42121836626e-06
1185 2.72057252839e-05
1186 1.9708572376e-05
1187 4.47846691176e-08
1188 4.90063695457e-05
1189 1.82513624975e-06
1190 2.13946551666e-05
1191 2.44712344448e-06
1192 2.08886017399e-05
1193 5.03107973724e-05
1194 0.000526548177813
1195 1.22688803653e-07
1196 3.02230042586e-06
1197 5.42883289627e-05
1198 0.000162146691981
1199 2.32731874581e-06
1200 7.10896821884e-05
1201 9.20166027397e-08
1202 1.93477439143e-06
1203 1.50293784475e-06
1204 3.92852027858e-07
1205 6.547016806e-05
1206 9.08398266271e-06
1207 0.0
1208 5.1295686751e-06
1209 0.0
1210 8.75994670459e-06
1211 8.48135311351e-05
1212 3.84477480015e-05
1213 3.53901657207e-06
1214 1.68776413413e-06
1215 3.09828129936e-05
1216 1.06672269678e-05
1217 1.32387571114e-06
1218 0.000243728031383
1219 6.30970990215e-07
1220 3.44300595945e-06
1221 2.67848790291e-07
1222 5.20259211252e-05
1223 4.69973701896e-05
1224 9.51312839527e-06
1225 0.0
1226 2.51637407707e-06
1227 0.000193261650819
1228 1.95840855918e-05
1229 2.3821474409e-06
1230 8.16023295443e-06
1231 1.53640779552e-05
1232 1.35223967136e-05
1233 9.81331766415e-07
1234 0.0
1235 5.70123662573e-07
1236 5.53820035861e-05
1237 1.02140374849e-05
1238 0.000185907713982
1239 8.3206486259e-05
1240 7.11511710333e-08
1241 2.93308257971e-06
1242 1.96580313855e-06
1243 1.17403544861e-05
1244 1.7785445338e-05
1245 1.05970955209e-06
1246 6.67605666228e-06
1247 1.33135817653e-05
1248 5.72846728486e-06
1249 6.74788420091e-07
1250 2.62197199833e-07
1251 2.87945180195e-05
1252 1.40643395587e-07
1253 0.0
1254 0.0
1255 3.27170143074e-07
1256 4.09410730327e-05
1257 0.000163328353731
1258 3.04957316049e-06
1259 1.10144821177e-05
1260 1.51204005711e-05
1261 2.75972058024e-06
1262 1.58788449853e-05
1263 0.0
1264 4.49858946727e-07
1265 1.22688803653e-07
1266 3.67933913888e-06
1267 1.74860149001e-06
1268 8.0617649499e-06
1269 1.40074586107e-06
1270 1.56238492679e-05
1271 0.0
1272 6.06821827239e-06
1273 2.63009066962e-05
1274 2.90465000654e-05
1275 0.000234080792445
1276 2.16205642586e-05
1277 0.0
1278 9.35618227129e-05
1279 4.6208499153e-06
1280 1.19805180995e-06
1281 8.75763594929e-06
1282 4.98753282118e-06
1283 1.32516611283e-05
1284 2.58288823485e-05
1285 1.86502841975e-05
1286 1.58876911885e-06
1287 1.00305677918e-06
1288 1.51536112754e-06
1289 6.13248214775e-06
1290 0.000583246411048
1291 1.39621754525e-05
1292 9.22939036858e-06
1293 2.74590347739e-06
1294 9.71203972977e-07
1295 3.29103310923e-06
1296 1.88122832268e-07
1297 5.92457504677e-06
1298 9.20166027397e-08
1299 6.06063292038e-06
1300 2.13686285414e-06
1301 3.50373307497e-05
1302 1.77898765297e-07
1303 7.4994849171e-06
1304 8.90131029068e-06
1305 9.71368120326e-06
1306 4.58025983921e-05
1307 2.89121765944e-06
1308 0.00014372457497
1309 1.6037211229e-06
1310 3.97373539264e-06
1311 8.42687763389e-07
1312 1.3477366086e-05
1313 0.000270132631088
1314 4.41153676491e-05
1315 4.12709037985e-06
1316 1.40612348491e-06
1317 8.61191187177e-07
1318 0.000686489871027
1319 5.11163533524e-06
1320 1.65172407333e-07
1321 0.000115681846615
1322 3.09615660282e-06
1323 3.06684883099e-05
1324 4.70879398727e-06
1325 7.0579178019e-06
1326 1.14421608801e-06
1327 0.0
1328 0.000180768235284
1329 0.000103056157184
1330 0.000426278416223
1331 0.000378203372376
1332 2.70694271493e-05
1333 1.64119939714e-05
1334 5.90374330919e-07
1335 0.000840539223562
1336 1.39595444315e-05
1337 1.08884622732e-06
1338 1.97439902867e-05
1339 0.00043450805291
1340 1.27227761271e-05
1341 1.9572023491e-06
1342 1.3592975746e-05
1343 8.80199220146e-07
1344 4.26048906e-05
1345 1.32541496526e-05
1346 2.89584235969e-05
1347 0.0
1348 0.00017016502475
1349 6.86774868373e-06
1350 1.62576653051e-05
1351 5.70360945556e-06
1352 2.11215693182e-06
1353 0.00109575205303
1354 6.13444018264e-08
1355 1.9347080576e-07
1356 2.63183919391e-06
1357 1.91478900125e-06
1358 2.65285334268e-05
1359 0.000193052221347
1360 8.81714079675e-06
1361 0.000276390901491
1362 0.0019554873732
1363 0.0
1364 1.80826997283e-07
1365 6.88225765253e-07
1366 9.21161734776e-07
1367 3.03211579131e-05
1368 4.96965700561e-05
1369 2.09593372907e-07
1370 0.00030059422083
1371 9.40970554301e-06
1372 2.03611703841e-05
1373 0.0
1374 3.88067181767e-05
1375 6.62567153979e-05
1376 3.7312589902e-06
1377 0.0012311437902
1378 7.63752009237e-05
1379 5.34834841831e-07
1380 1.27007251869e-06
1381 4.15958062807e-06
1382 3.3029131143e-07
1383 1.25890442076e-06
1384 0.0
1385 6.84124707695e-06
1386 3.71475122343e-06
1387 0.0
1388 1.92739679866e-06
1389 5.49817040886e-06
1390 9.55056017193e-07
1391 5.05012230238e-05
1392 0.00018033340344
1393 6.51445876325e-06
1394 1.69662058958e-05
1395 0.0
1396 0.0
1397 3.52092720574e-06
1398 1.70063839533e-06
1399 2.28642540755e-06
1400 4.84024093228e-05
1401 1.32786277737e-06
1402 6.56921308504e-07
1403 3.46301385745e-06
1404 0.0
1405 5.00742797065e-06
1406 0.00400372958319
1407 4.23070349123e-06
1408 5.34954869525e-06
1409 0.000107636700529
1410 2.96392221017e-05
1411 5.08302547922e-05
1412 1.54751446669e-06
1413 9.60509498276e-06
1414 5.39203716344e-06
1415 3.14586676033e-09
1416 7.05716022537e-06
1417 1.66329419678e-05
1418 1.84033205479e-07
1419 2.91829982062e-06
1420 0.00140410429731
1421 0.00613639835811
1422 6.39003786666e-05
1423 2.64216649751e-06
1424 1.03245316505e-05
1425 3.61055622178e-06
1426 0.000138365130494
1427 6.00284590606e-06
1428 5.23235756777e-05
1429 1.14876300622e-05
1430 1.65022489165e-05
1431 0.0
1432 0.00015920761525
1433 4.47195272123e-06
1434 1.08973659711e-06
1435 2.2790605621e-06
1436 9.50634741405e-05
1437 1.42485208598e-05
1438 2.12057279458e-05
1439 5.03925129805e-07
1440 2.68631496622e-08
1441 9.54240510611e-05
1442 2.91501952891e-06
1443 8.17925357686e-08
1444 1.09202772458e-07
1445 8.90502642772e-06
1446 2.86603433172e-06
1447 6.59069570897e-05
1448 3.83468099898e-05
1449 1.06755620882e-05
1450 1.63135410251e-05
1451 0.000640350119936
1452 3.52540459235e-06
1453 1.62200835224e-06
1454 1.02583274489e-05
1455 5.39664851144e-06
1456 0.0
1457 1.68594788902e-05
1458 1.84954788622e-06
1459 0.000113844634912
1460 3.19234590326e-05
1461 2.69325664501e-05
1462 1.03395168739e-06
1463 8.49166052915e-06
1464 2.77447887196e-07
1465 3.3979489423e-06
1466 0.0241073828842
1467 0.0
1468 5.30573130659e-05
1469 5.81015694763e-07
1470 3.58361330623e-05
1471 9.29798024046e-06
1472 5.58800288491e-05
1473 7.91447332809e-05
1474 6.79620816353e-05
1475 2.04481339421e-08
1476 0.000124178486539
1477 3.96065306049e-07
1478 3.65965094429e-06
1479 6.14473574659e-07
1480 1.75648207939e-05
1481 7.34579718551e-05
1482 1.1574069352e-06
1483 9.24798048672e-06
1484 0.000615027555084
1485 1.23766062308e-06
1486 0.000133310241814
1487 0.0
1488 8.25071197642e-05
1489 2.33268224172e-05
1490 3.61141500131e-07
1491 2.32835533248e-08
1492 1.28166068126e-05
1493 4.76920065136e-06
1494 1.37140788358e-07
1495 9.76985568099e-05
1496 1.44535348099e-05
1497 1.50181853615e-05
1498 1.00244888655e-05
1499 8.17738900538e-08
1500 1.01948553512e-06
1501 3.18946551724e-06
1502 2.19752831405e-06
1503 1.8576696137e-05
1504 1.60979680423e-06
1505 1.43371054266e-05
1506 0.00369009245426
1507 1.87459513152e-08
1508 8.34613302447e-06
1509 2.52730325191e-06
1510 0.000498546817873
1511 3.06722009132e-08
1512 0.000148478381546
1513 5.2831179529e-05
1514 0.000211479183079
1515 7.58979280067e-06
1516 2.75487769322e-05
1517 1.78393985996e-05
1518 6.62477301283e-07
1519 0.000277818675847
1520 1.96241153962e-05
1521 2.04910919162e-05
1522 0.0
1523 0.000620028316833
1524 0.000260452301739
1525 1.06494463357e-06
1526 1.70507812134e-05
1527 3.30090318718e-06
1528 3.10200051899e-06
1529 5.46903948608e-05
1530 3.65846779371e-05
1531 5.28242025166e-06
1532 8.28673735784e-06
1533 8.07694370905e-07
1534 5.76807207781e-06
1535 0.00560767450641
1536 5.50271964228e-06
1537 0.000683724185928
1538 0.000460750191164
1539 7.72542413619e-06
1540 3.69401757663e-06
1541 0.000419678264097
1542 2.71294903748e-06
1543 2.62374652986e-06
1544 1.32773577861e-05
1545 5.03411860643e-06
1546 0.000205981136851
1547 0.0
1548 9.44218411006e-06
1549 9.40052367597e-06
1550 0.000237874492061
1551 7.87313088797e-07
1552 3.47979422317e-05
1553 2.49674297022e-06
1554 0.000754950289276
1555 0.0002071780181
1556 0.000274429460907
1557 9.48085762705e-07
1558 3.777729876e-05
1559 0.0
1560 0.000196943502702
1561 0.0
1562 1.5066996054e-05
1563 1.21666396956e-06
1564 1.64484679388e-05
1565 2.86428923957e-06
1566 7.06689359797e-06
1567 4.22035900141e-06
1568 7.2450384595e-05
1569 1.76590975545e-07
1570 2.34167165515e-05
1571 2.13821827408e-05
1572 9.44905298499e-06
1573 8.66417801393e-07
1574 3.01927649e-05
1575 0.000265824212099
1576 3.4626321013e-06
1577 1.13116427517e-05
1578 0.0387492827731
1579 3.45234592563e-06
1580 9.43760028099e-09
1581 6.33566109533e-06
1582 0.0
1583 2.41952916134e-06
1584 2.3755113843e-05
1585 0.000272431233117
1586 5.75202982491e-06
1587 0.0
1588 2.67918721433e-06
1589 5.27174732434e-05
1590 5.1332125884e-05
1591 0.000321745124613
1592 6.23645706234e-05
1593 2.04254933446e-07
1594 0.000553415516407
1595 3.91591445934e-06
1596 5.26099173071e-06
1597 1.10432246785e-05
1598 1.38427376286e-05
1599 7.21222405316e-05
1600 1.11211292627e-06
1601 2.30693514087e-05
1602 5.7283446461e-07
1603 3.06955083491e-07
1604 1.58033925812e-05
1605 9.72979820677e-05
1606 8.36657799262e-06
1607 1.41354055776e-06
1608 2.04481339421e-07
1609 1.47810013204e-05
1610 1.47823673711e-05
1611 0.000182384835191
1612 3.06450809749e-05
1613 8.71871799504e-05
1614 0.000500519216015
1615 1.81350999854e-05
1616 1.74600844304e-06
1617 1.13895653328e-05
1618 0.000441611849484
1619 0.000158563380956
1620 1.07558438563e-05
1621 0.00011921424321
1622 0.000847667841796
1623 0.000332227213488
1624 6.85027546125e-06
1625 4.76554078219e-06
1626 7.40782190497e-07
1627 0.000127535455184
1628 0.0
1629 2.1054870746e-05
1630 8.60580963378e-07
1631 6.49459323303e-05
1632 1.36320892948e-08
1633 6.53617939334e-06
1634 1.89919537588e-06
1635 5.78490407729e-06
1636 1.74254652065e-06
1637 1.11077667701e-05
1638 4.00031393577e-05
1639 2.54667164254e-06
1640 2.44496384382e-05
1641 7.48716288959e-08
1642 2.55139599562e-06
1643 0.00162535131231
1644 5.82723817586e-06
1645 1.3019123887e-05
1646 1.65689251855e-05
1647 3.45807553119e-06
1648 4.77414074108e-06
1649 1.54266685435e-07
1650 2.87582790401e-06
1651 9.94949230882e-06
1652 0.0
1653 5.05759679717e-06
1654 2.61376547263e-06
1655 6.97707448144e-07
1656 2.94817652187e-06
1657 0.00148163349337
1658 0.0
1659 4.25920790747e-06
1660 4.33570913906e-06
1661 6.57747268948e-06
1662 2.68685037082e-05
1663 2.01993723906e-05
1664 0.00108319629653
1665 3.06722009132e-07
1666 1.38043446429e-05
1667 0.00584666322945
1668 5.80732629798e-06
1669 9.66481879317e-06
1670 1.57895314356e-05
1671 3.44164663457e-06
1672 1.66754334631e-05
1673 3.15879458266e-06
1674 1.04052946133e-05
1675 4.1487780528e-05
1676 2.95025167598e-05
1677 1.12958053771e-06
1678 6.6710200716e-06
1679 1.16737388566e-05
1680 3.61461471244e-06
1681 3.43736618955e-05
1682 3.1610605683e-06
1683 8.36467200178e-06
1684 0.000156194354543
1685 0.315608885018
1686 1.28320418843e-05
1687 7.29907560911e-06
1688 0.000906083009782
1689 0.000549463258695
1690 1.25145861013e-05
1691 0.0
1692 4.00288782875e-06
1693 0.000325450499098
1694 6.13444018264e-08
1695 3.45428668671e-05
1696 2.24291464069e-06
1697 2.0709771563e-06
1698 2.26944489438e-05
1699 1.25889193363e-06
1700 1.84784378178e-05
1701 9.77304499791e-07
1702 1.01011948187e-06
1703 0.000415129230229
1704 3.82489217896e-05
1705 2.02300448903e-06
1706 5.66108288663e-05
1707 7.45115944416e-06
1708 3.58379734962e-05
1709 4.33650923676e-07
1710 3.20318800954e-05
1711 9.49001669243e-07
1712 1.84033205479e-07
1713 8.82952582217e-06
1714 1.84033205479e-07
1715 3.59200196805e-05
1716 6.61326416347e-06
1717 8.98235164773e-06
1718 2.41326338188e-05
1719 0.0367707381018
1720 1.34247188632e-05
1721 2.46970203849e-05
1722 1.0412621907e-05
1723 9.23764577278e-06
1724 1.40799570904e-06
1725 1.20418092734e-05
1726 3.17695774503e-05
1727 0.000844989375324
1728 1.17695762843e-05
1729 1.61533272768e-06
1730 2.89884650005e-05
1731 0.000139859678602
1732 8.99717893455e-08
1733 5.87213255826e-06
1734 1.77208604871e-06
1735 2.94345989604e-06
1736 9.84979637491e-06
1737 2.6341533884e-05
1738 2.98948261641e-06
1739 2.92840927841e-06
1740 1.08794785102e-06
1741 5.14469208681e-05
1742 1.37518851174e-05
1743 1.97461958184e-05
1744 6.6114323667e-06
1745 1.25379612296e-05
1746 8.62717379124e-05
1747 7.22630917226e-05
1748 1.42028796106e-06
1749 1.93212890853e-07
1750 1.41232024949e-06
1751 2.40980877164e-05
1752 3.35059175485e-06
1753 1.02131381964e-05
1754 5.61466764458e-06
1755 7.93947662134e-06
1756 0.0
1757 3.58821939286e-07
1758 1.58409360495e-05
1759 0.00129121087456
1760 6.18312621584e-08
1761 6.13444018264e-08
1762 8.13295731275e-05
1763 0.0
1764 2.32680029843e-06
1765 5.32424491106e-07
1766 1.79835792045e-05
1767 3.56386870889e-06
1768 1.43283478282e-05
1769 0.000114996575193
1770 6.13612715216e-05
1771 1.79265356074e-05
1772 2.35364996878e-07
1773 4.04161539367e-06
1774 6.11176608031e-07
1775 7.37015502233e-06
1776 1.17576770167e-08
1777 0.0
1778 2.2688234575e-07
1779 7.06972708563e-05
1780 8.87098586674e-06
1781 6.40659490471e-05
1782 5.80894564692e-06
1783 0.000212508282981
1784 0.000192352263908
1785 4.42864431758e-07
1786 9.32572991994e-06
1787 4.18495385568e-05
1788 1.04636915744e-05
1789 1.44159344292e-07
1790 9.7996423962e-06
1791 2.82193268877e-05
1792 3.54369601545e-05
1793 8.38246939985e-07
1794 1.92338084433e-05
1795 5.74618569924e-05
1796 5.43087707558e-06
1797 3.20845260647e-06
1798 1.88122832268e-07
1799 9.57321196062e-07
1800 2.27936948166e-05
1801 0.000155381423133
1802 1.20039891531e-06
1803 4.37052960261e-08
1804 4.56678988336e-05
1805 4.55400853204e-05
1806 2.19341192206e-06
1807 0.000307776993873
1808 1.94880556271e-05
1809 7.81384729457e-05
1810 1.20954707003e-05
1811 9.87466714546e-06
1812 4.17581301242e-06
1813 3.63814116083e-06
1814 0.000319850246033
1815 6.94121201273e-07
1816 1.20616804087e-06
1817 1.28625549876e-05
1818 2.66685101239e-05
1819 6.72541970259e-06
1820 9.65319401059e-06
1821 1.22547615594e-05
1822 2.30689257865e-07
1823 6.69495871772e-07
1824 1.76442469202e-05
1825 0.000145316725231
1826 0.000196255544055
1827 7.45399883991e-06
1828 8.69378751082e-05
1829 3.25582145689e-05
1830 1.54997876667e-06
1831 3.74992097786e-06
1832 2.80732971525e-05
1833 1.61130940991e-06
1834 4.16819346178e-05
1835 0.0
1836 0.000808529271418
1837 4.91436631272e-05
1838 6.58124814774e-06
1839 2.0857096621e-07
1840 3.20772714597e-05
1841 5.54197541868e-07
1842 2.35418308496e-06
1843 1.3141588436e-05
1844 9.85723871399e-06
1845 0.000383095564596
1846 3.07075245696e-05
1847 0.000137510696268
1848 0.00054252517102
1849 9.75661341528e-07
1850 8.32132974582e-06
1851 8.34973077627e-06
1852 1.12287236411e-05
1853 7.49538914497e-05
1854 9.45702602342e-08
1855 0.0
1856 1.4487475694e-06
1857 0.0
1858 8.39364964893e-06
1859 1.31261047465e-05
1860 6.45684762978e-06
1861 8.89321175617e-06
1862 3.77528453354e-05
1863 4.53582453023e-06
1864 0.000172702687714
1865 2.32986775546e-05
1866 3.983402716e-08
1867 0.000125806884167
1868 2.32116307632e-05
1869 1.49300069493e-05
1870 4.02909659091e-07
1871 1.7996746615e-06
1872 2.47893315786e-05
1873 1.09678426627e-05
1874 6.68634677167e-07
1875 1.66813692381e-07
1876 7.03501122299e-06
1877 2.39995447162e-05
1878 2.68957799632e-06
1879 3.44268567659e-06
1880 1.80440654047e-05
1881 6.80358710444e-07
1882 4.57765806701e-05
1883 1.09567509456e-05
1884 8.62886496498e-05
1885 3.92100535241e-07
1886 7.58667765388e-06
1887 1.7573240806e-05
1888 6.11299068247e-08
1889 0.000122188006263
1890 2.81892132202e-06
1891 4.90755214612e-07
1892 5.74211341625e-06
1893 9.62635228661e-09
1894 3.27384894047e-05
1895 2.31933602914e-05
1896 3.05790867916e-06
1897 1.03993366906e-06
1898 3.23762218587e-05
1899 8.12482494442e-06
1900 3.17103266604e-05
1901 1.65909356797e-06
1902 3.85201539677e-06
1903 2.01098588915e-05
1904 2.23450706626e-06
1905 3.07651772984e-06
1906 3.70544972649e-08
1907 1.00411764194e-06
1908 1.73580102086e-06
1909 3.33856568005e-06
1910 0.00019651476293
1911 8.76191661667e-06
1912 0.000184118324964
1913 0.219087827214
1914 1.45703473481e-05
1915 1.53312258002e-06
1916 4.49364596236e-07
1917 5.35186461675e-05
1918 1.48235099236e-05
1919 5.8013316531e-06
1920 5.32022207398e-06
1921 4.17703884978e-05
1922 3.78817497712e-06
1923 8.51668120592e-07
1924 1.32481991159e-05
1925 2.47439604006e-08
1926 5.73919926992e-06
1927 0.000470508068979
1928 2.77195915932e-06
1929 4.8272186787e-07
1930 2.7354601467e-06
1931 6.43124469485e-07
1932 1.44580628972e-06
1933 3.22515188769e-05
1934 3.87971508377e-07
1935 9.84683873387e-07
1936 2.7203347405e-06
1937 3.09833579376e-06
1938 6.13444018264e-08
1939 8.69506557774e-06
1940 7.1982236252e-05
1941 1.56025880641e-05
1942 0.00314836606626
1943 3.89243338687e-06
1944 1.77319592831e-05
1945 1.95302905857e-06
1946 0.000155232300813
1947 8.88318251135e-06
1948 0.000127635434839
1949 6.13393733191e-05
1950 2.03998905093e-07
1951 1.16611751339e-07
1952 7.67444138373e-05
1953 2.49093508022e-06
1954 1.3437684166e-06
1955 0.000682038293114
1956 5.20643323748e-05
1957 6.6456435312e-07
1958 1.24796411469e-06
1959 7.54413780606e-07
1960 0.000111051356947
1961 1.04794121691e-05
1962 4.90755214612e-07
1963 1.41564995691e-05
1964 1.19756186379e-06
1965 0.000117524090344
1966 2.18510240652e-06
1967 2.19821610619e-05
1968 0.0
1969 1.65105647779e-06
1970 0.0
1971 0.000343623614882
1972 8.16887612595e-06
1973 9.8143958412e-05
1974 8.47771684891e-05
1975 2.70997916304e-07
1976 1.04165622125e-05
1977 4.53134805947e-05
1978 1.06135552366e-07
1979 1.71278826629e-07
1980 1.44625792332e-05
1981 5.17634408479e-06
1982 2.11442955685e-06
1983 9.95283609232e-06
1984 3.31564365561e-05
1985 9.44603700162e-06
1986 0.000144876624488
1987 1.16077898786e-05
1988 0.000316664352574
1989 1.45471432066e-05
1990 1.47735813717e-06
1991 1.69491616624e-06
1992 5.51443278533e-05
1993 2.01182144701e-07
1994 2.03576302746e-05
1995 5.23339754207e-06
1996 8.10121144378e-05
1997 2.45377607306e-08
1998 2.01752776723e-06
1999 5.57350712252e-05
2000 1.06486449471e-06
2001 9.67977304975e-07
2002 6.48598091865e-05
2003 2.65833963909e-05
2004 0.000449985171064
2005 5.7506744032e-05
2006 4.34359142278e-06
2007 2.68224840432e-06
2008 0.00120209380965
2009 2.80431551207e-07
2010 3.90459480031e-05
2011 3.23871385325e-06
2012 1.32813101917e-06
2013 7.96195667717e-08
2014 4.73482621361e-08
2015 6.75385930498e-08
2016 1.37002497412e-07
2017 1.01519494807e-07
2018 6.44116219178e-07
2019 5.81708910818e-05
2020 4.75494760955e-07
2021 7.65326025501e-06
2022 1.90310411306e-07
2023 2.81073881224e-06
2024 3.02163488467e-06
2025 5.4335514218e-05
2026 4.18898290081e-07
2027 0.000151080607477
2028 3.81927242644e-05
2029 1.45453536638e-05
2030 6.89412901099e-06
2031 8.52094071135e-06
2032 0.000237860981625
2033 0.000197825768177
2034 1.19144958154e-05
2035 8.89493826483e-07
2036 3.14815973191e-06
2037 1.14168808927e-06
2038 3.07997932731e-05
2039 0.000497932020327
2040 4.64848983288e-05
2041 1.82496810412e-05
2042 8.07701290715e-07
2043 7.9628441364e-05
2044 1.23132575256e-05
2045 7.98213105515e-07
2046 5.10614519564e-06
2047 1.70409240649e-06
2048 0.00154658859322
2049 2.12107416735e-06
2050 8.54649187464e-06
2051 2.11568606336e-07
2052 2.72166381101e-07
2053 2.80700631341e-05
2054 5.59305564923e-05
2055 0.000323303348902
2056 1.91973736315e-06
2057 2.48322059542e-05
2058 3.85640604205e-06
2059 1.8608127392e-05
2060 7.12209079976e-06
2061 2.63359130379e-05
2062 2.70558636183e-06
2063 9.6844130776e-05
2064 8.278360002e-06
2065 1.58471068604e-05
2066 3.90732373457e-05
2067 1.26924488541e-07
2068 3.00934790219e-06
2069 0.00135631749866
2070 1.66600266979e-05
2071 4.06362280143e-07
2072 0.000122483397551
2073 0.000222410896712
2074 1.60852864918e-05
2075 3.32912491966e-06
2076 3.56084552155e-06
2077 1.15002867165e-06
2078 1.64436248917e-06
2079 2.1599650521e-05
2080 0.0
2081 3.15548786951e-07
2082 0.000403506225518
2083 1.52312392326e-06
2084 3.93320233647e-06
2085 2.77701050188e-05
2086 7.62857976863e-06
2087 2.59321655036e-06
2088 0.000169490266296
2089 1.97636374547e-05
2090 1.03086641181e-06
2091 1.25743141405e-05
2092 6.1618280506e-06
2093 6.63278381139e-06
2094 2.38924740323e-05
2095 4.90755214612e-08
2096 1.14320152425e-05
2097 6.67222219839e-07
2098 7.29162564561e-07
2099 1.42757326663e-06
2100 3.46249781444e-06
2101 0.0
2102 5.9190935405e-05
2103 0.000205785055448
2104 1.25252502358e-05
2105 1.21954025433e-05
2106 4.69158923416e-07
2107 4.08962678843e-08
2108 1.36851635385e-05
2109 3.76983409403e-06
2110 1.80108084706e-06
2111 0.000448512836606
2112 0.000370619756639
2113 5.78137332218e-06
2114 2.30187564949e-07
2115 1.67471680972e-06
2116 2.90740131798e-06
2117 0.000107112559321
2118 0.00077111339632
2119 7.12972238711e-06
2120 1.12811603226e-06
2121 3.61007985305e-06
2122 7.22896535406e-06
2123 2.73760830947e-06
2124 1.9593202207e-05
2125 4.71112606209e-06
2126 5.26499608519e-05
2127 3.12823313045e-05
2128 0.000116150183415
2129 0.000256382143823
2130 9.770311896e-06
2131 4.58676906586e-07
2132 1.88386296695e-05
2133 0.000219622357918
2134 0.00097374513434
2135 3.0032036864e-05
2136 3.08998245299e-05
2137 6.94010485619e-07
2138 3.38186258178e-05
2139 0.000113846216657
2140 5.41050493851e-06
2141 4.95138388506e-06
2142 4.08374290785e-07
2143 0.00491341845405
2144 0.000554445984861
2145 4.41664007096e-05
2146 1.63331273799e-05
2147 3.97243325629e-06
2148 4.97917633773e-06
2149 3.79318871383e-05
2150 6.49628740628e-05
2151 1.84477193214e-05
2152 1.76150318809e-05
2153 3.89630340262e-06
2154 0.000108429308779
2155 1.28767939902e-05
2156 9.5668807592e-05
2157 8.19110028463e-06
2158 2.54914687654e-05
2159 8.69850183678e-08
2160 2.2472765332e-06
2161 3.57295011374e-06
2162 1.09862379259e-05
2163 1.01158624863e-06
2164 2.55215317248e-05
2165 2.16441740701e-06
2166 4.78998344996e-06
2167 2.93342202009e-07
2168 0.0
2169 0.0
2170 3.17036291013e-05
2171 7.92860441971e-07
2172 7.99928584217e-05
2173 1.82220398525e-05
2174 8.0377625764e-06
2175 0.00018497701242
2176 1.98492957338e-07
2177 0.00037141190982
2178 5.95651932019e-08
2179 6.13444018264e-08
2180 1.88685270985e-06
2181 5.23725379744e-05
2182 1.90689425355e-06
2183 6.30705430034e-08
2184 8.4486351807e-05
2185 1.14477659773e-05
2186 1.4600308315e-05
2187 5.00145986283e-07
2188 9.95901904687e-05
2189 1.65095058325e-05
2190 0.000777016862329
2191 9.37619785495e-06
2192 1.97310530534e-05
2193 1.55521998121e-06
2194 1.43271566193e-06
2195 4.42063157882e-05
2196 0.0
2197 1.22697242362e-05
2198 2.23413188153e-06
2199 1.09874891906e-05
2200 0.000539888351279
2201 7.40504859546e-06
2202 6.93326584999e-06
2203 2.71552751836e-06
2204 9.55943159161e-05
2205 0.0
2206 1.64269416236e-07
2207 2.153215694e-05
2208 4.33267189214e-06
2209 8.93911267185e-07
2210 2.06577692473e-06
2211 1.62612369792e-05
2212 2.10891698202e-05
2213 2.18487153393e-06
2214 4.31327774072e-06
2215 5.19825280362e-06
2216 2.21039312111e-05
2217 3.27252291113e-06
2218 1.1071735069e-06
2219 2.19479358928e-05
2220 0.0
2221 7.83544555146e-06
2222 6.31118223577e-06
2223 8.80780814443e-06
2224 0.000128819504016
2225 8.44637955078e-05
2226 5.72135449076e-05
2227 2.2502061446e-05
2228 2.71741094281e-07
2229 6.29386687151e-06
2230 4.53854265944e-05
2231 1.02240669711e-08
2232 7.74645346612e-06
2233 3.40851867261e-05
2234 0.000126865124672
2235 2.67871286877e-06
2236 2.44144417158e-05
2237 8.92133006845e-06
2238 2.33775943273e-06
2239 1.34567287257e-06
2240 3.25893031955e-05
2241 2.04570852734e-05
2242 3.49302107116e-05
2243 1.090097565e-05
2244 1.08847015238e-05
2245 1.75920777754e-05
2246 4.2064732681e-08
2247 4.15204467542e-05
2248 0.000232409212652
2249 8.25873537856e-07
2250 2.01488555185e-06
2251 0.000131620744862
2252 5.40083018245e-07
2253 1.11535276048e-08
2254 5.13816318661e-06
2255 5.35333015158e-05
2256 5.23472228919e-07
2257 3.50539439008e-08
2258 5.7265656384e-06
2259 6.25917191901e-07
2260 1.85957445671e-05
2261 2.98199722034e-06
2262 1.96463813625e-06
2263 1.27266609964e-06
2264 1.1655436347e-07
2265 7.65611463929e-05
2266 4.39923931799e-07
2267 0.00422632156359
2268 6.09491549077e-05
2269 0.000902483780429
2270 0.0
2271 1.20670840044e-07
2272 8.48205055392e-06
2273 3.14656918334e-06
2274 1.06643197249e-05
2275 6.48183590206e-07
2276 1.35109237993e-05
2277 4.93536842929e-06
2278 2.24883078438e-06
2279 5.91503104888e-05
2280 8.59537767052e-05
2281 5.57802232036e-06
2282 2.42456445314e-07
2283 0.000216207595237
2284 0.000511689497404
2285 7.19907830785e-05
2286 1.3227094058e-05
2287 2.28169110779e-06
2288 4.27321777902e-06
2289 6.7487927955e-06
2290 0.00104984997214
2291 5.03650953654e-06
2292 1.13700073177e-06
2293 0.00026219514891
2294 1.30636311032e-05
2295 0.000106380548
2296 4.302466628e-06
2297 4.68095024026e-06
2298 1.85190151633e-06
2299 2.05562627025e-05
2300 4.16503531834e-06
2301 2.36948710933e-05
2302 5.30775133898e-07
2303 0.000226355873913
2304 2.31834539483e-06
2305 9.99760665149e-06
2306 1.99430344659e-07
2307 1.46670234812e-06
2308 2.29136759622e-06
2309 3.72567733386e-06
2310 3.51934674523e-05
2311 8.84750558596e-07
2312 1.26165379075e-06
2313 1.63248512428e-07
2314 0.000134117821213
2315 8.27089717369e-07
2316 6.14642099055e-06
2317 1.21428277993e-06
2318 9.63242016549e-06
2319 7.21627351925e-06
2320 0.000123947810137
2321 2.21286412255e-07
2322 6.48205845966e-07
2323 1.8437867248e-05
2324 1.3220994595e-05
2325 5.40022831025e-05
2326 0.000276838512685
2327 7.01301645831e-06
2328 0.000186150022461
2329 0.000359297253261
2330 5.99049250275e-06
2331 1.89377104724e-05
2332 1.69587591206e-05
2333 3.41128015867e-05
2334 0.000321913508875
2335 2.02953725703e-05
2336 7.41361452017e-06
2337 0.000215322261948
2338 2.53271887269e-05
2339 1.01734247292e-05
2340 1.68997518689e-05
2341 1.12679054011e-05
2342 6.75756908395e-06
2343 6.32724739674e-06
2344 3.7993138018e-05
2345 0.000144048344495
2346 2.29928448297e-05
2347 1.32784976319e-06
2348 0.00317079437339
2349 8.4865470199e-06
2350 6.70419494488e-07
2351 6.1468419105e-06
2352 2.50466296246e-05
2353 4.35068237315e-06
2354 1.10087633221e-06
2355 6.19533770328e-06
2356 3.19805486004e-05
2357 3.78235725756e-06
2358 1.92849939675e-06
2359 1.12464736682e-07
2360 2.11624691949e-06
2361 8.57343107615e-07
2362 1.49007626083e-05
2363 3.8075686443e-07
2364 5.60152494128e-06
2365 8.77934432101e-05
2366 3.5034049948e-06
2367 8.25360781177e-06
2368 1.16876834553e-05
2369 0.000156651644166
2370 1.18519974932e-05
2371 3.97265977386e-06
2372 6.05563881542e-06
2373 3.67780291609e-05
2374 8.70272424604e-07
2375 3.5707159059e-06
2376 0.0
2377 2.28566274743e-05
2378 3.43553360806e-05
2379 4.20840792409e-05
2380 6.81794774072e-06
2381 0.0
2382 1.24233951229e-05
2383 0.0
2384 1.19352658355e-06
2385 0.000395468264829
2386 6.99960613162e-05
2387 3.38794315473e-06
2388 1.07454166892e-05
2389 2.06526152816e-07
2390 9.75828585344e-05
2391 1.77111390631e-06
2392 0.00207381832726
2393 6.8584377061e-06
2394 5.40850370298e-06
2395 0.00010921415612
2396 2.64090875886e-05
2397 1.00284277e-05
2398 9.26504456074e-06
2399 0.000172436567682
2400 0.000150302904189
2401 4.20929406551e-07
2402 1.31840794876e-05
2403 5.48568097485e-07
2404 9.34958049917e-07
2405 1.75360480906e-05
2406 2.69330216391e-06
2407 5.29473887727e-06
2408 1.54327871375e-06
2409 3.62438905123e-06
2410 8.20210027244e-06
2411 2.2860630519e-05
2412 7.17495771434e-06
2413 8.87971229111e-06
2414 1.92080718021e-05
2415 8.64311152777e-06
2416 1.54661906116e-06
2417 3.25889747716e-06
2418 0.000149412165187
2419 1.15486375104e-06
2420 0.000227676742078
2421 7.79443029329e-06
2422 8.48597558599e-07
2423 3.06722009132e-08
2424 5.77192107656e-06
2425 3.80650666438e-07
2426 1.25569635608e-05
2427 2.19034433882e-06
2428 1.26119664559e-06
2429 2.30590996773e-05
2430 2.45505232982e-05
2431 5.8749793662e-06
2432 0.0
2433 2.69681127742e-06
2434 8.89694635536e-06
2435 1.65880480167e-05
2436 3.99536133194e-07
2437 3.47795491317e-05
2438 8.17925357686e-08
2439 1.08573430069e-05
2440 3.47618277017e-07
2441 4.85507115477e-06
2442 0.0
2443 1.46058099587e-09
2444 1.18528845527e-05
2445 1.07608950747e-07
2446 2.992936173e-05
2447 4.11956933916e-06
2448 4.73259992425e-05
2449 5.5573775677e-06
2450 1.2498222465e-05
2451 5.79850655359e-07
2452 0.000153437025772
2453 7.13307334507e-07
2454 4.31485862951e-06
2455 9.81675481264e-07
2456 1.62955806798e-06
2457 8.00451497772e-07
2458 0.0
2459 8.48933659798e-05
2460 5.67742563673e-05
2461 6.12084612473e-06
2462 0.0001195195082
2463 1.43226474658e-05
2464 5.89971239562e-05
2465 1.00164172572e-05
2466 5.08814633649e-06
2467 2.76791554254e-07
2468 2.07701267923e-06
2469 0.00122140080625
2470 1.65726648396e-06
2471 0.0
2472 0.000106109306185
2473 0.00021572856896
2474 1.00142971749e-05
2475 4.50367911777e-06
2476 6.82748450155e-05
2477 3.11359706963e-06
2478 1.31367842047e-06
2479 2.57772386913e-05
2480 6.39566512357e-07
2481 3.03542495589e-06
2482 1.75269719504e-08
2483 6.56853697751e-06
2484 0.0
2485 2.7523097713e-06
2486 3.00928564953e-06
2487 1.24024082701e-06
2488 2.42456445314e-07
2489 7.17966971349e-06
2490 2.86392033612e-06
2491 8.57414156611e-07
2492 0.000163806590409
2493 6.54837138869e-06
2494 1.40179401571e-07
2495 4.11228395693e-05
2496 8.78789073678e-06
2497 3.12312960587e-08
2498 3.31966379242e-06
2499 0.000214918350252
2500 1.34201077396e-05
2501 5.94681702227e-06
2502 0.000153784904913
2503 5.02562882675e-05
2504 1.58189313234e-07
2505 4.34891099282e-06
2506 0.0
2507 8.28582534826e-06
2508 1.49238052832e-05
2509 6.91742027185e-05
2510 0.000203650266992
2511 0.00022042252099
2512 0.00019235266172
2513 0.000437892953072
2514 3.73965812357e-07
2515 1.73301110336e-07
2516 7.10430561768e-07
2517 1.97149492821e-05
2518 0.0
2519 1.41068027979e-05
2520 1.95946541052e-06
2521 6.92911496334e-06
2522 6.19291343988e-06
2523 3.98574081126e-07
2524 1.90577746358e-06
2525 3.36606215715e-07
2526 3.61838626674e-06
2527 5.76253375059e-05
2528 1.22688803653e-07
2529 7.97477223744e-08
2530 0.000100597967799
2531 2.11286083431e-05
2532 3.28928666898e-06
2533 1.21000241083e-06
2534 7.34411159588e-05
2535 1.58671055624e-06
2536 1.06943740517e-06
2537 8.0097544703e-06
2538 1.27099154418e-05
2539 6.41800963018e-05
2540 3.10334906457e-06
2541 1.10750901705e-05
2542 0.0
2543 0.00134101918544
2544 0.00609745420645
2545 1.55141435175e-05
2546 1.36540068952e-06
2547 4.85651004602e-06
2548 6.40806495716e-05
2549 4.08962678843e-08
2550 2.95445862797e-06
2551 1.88367401896e-05
2552 1.1355758623e-05
2553 4.93659865263e-06
2554 1.84914417868e-05
2555 1.25877995465e-06
2556 6.34001564979e-05
2557 7.21318401275e-06
2558 3.38509214838e-06
2559 5.5507920167e-06
2560 4.48388952792e-06
2561 5.0555417184e-05
2562 8.11348344062e-06
2563 1.38824772977e-06
2564 2.01498956951e-06
2565 1.16042496819e-05
2566 2.45377607306e-08
2567 2.21148770746e-06
2568 5.7866203824e-05
2569 3.52234337811e-08
2570 0.0
2571 4.04844766427e-06
2572 1.76539780935e-05
2573 1.12212394709e-06
2574 5.56285129528e-06
2575 1.80931001415e-06
2576 1.19206893411e-05
2577 3.65862891403e-06
2578 1.76349748091e-06
2579 4.24884514288e-06
2580 9.88043448144e-07
2581 2.73297174804e-08
2582 8.53023856512e-06
2583 1.44863670267e-05
2584 4.37519769443e-05
2585 7.96066076497e-07
2586 9.82687750837e-07
2587 5.9563358114e-06
2588 1.77452515782e-06
2589 6.09100775907e-05
2590 4.14342994424e-05
2591 1.1911485324e-05
2592 8.39548215004e-07
2593 7.32907680438e-05
2594 6.26866485854e-06
2595 0.00159092486993
2596 0.0
2597 0.0
2598 6.7840521185e-05
2599 0.000189030966618
2600 2.71945022898e-08
2601 1.54661196104e-05
2602 9.0240382398e-06
2603 1.91451629398e-05
2604 1.30499037672e-05
2605 1.75248291159e-05
2606 1.28532215629e-05
2607 3.73171712392e-07
2608 1.77217073279e-05
2609 7.71214766446e-05
2610 1.89931883315e-07
2611 1.76602324812e-05
2612 4.78530883042e-05
2613 2.2631188995e-06
2614 1.07440705234e-07
2615 2.44829043285e-06
2616 8.39134817427e-06
2617 9.92246065487e-05
2618 0.000148408583131
2619 3.76087356321e-06
2620 5.39044597776e-06
2621 2.93582216687e-06
2622 2.45377607306e-08
2623 3.29479142786e-06
2624 1.0318488443e-05
2625 2.9093385506e-05
2626 1.31726876986e-05
2627 2.0571180002e-06
2628 1.24664348332e-06
2629 1.99632141582e-06
2630 0.000142084654628
2631 6.32226387421e-06
2632 4.50465787183e-06
2633 3.27170143074e-08
2634 1.05646863878e-06
2635 3.06722009132e-07
2636 1.53785354511e-05
2637 3.55545400387e-05
2638 3.27537764766e-06
2639 3.52731690656e-06
2640 1.09118618326e-06
2641 6.32668312422e-05
2642 1.26997937989e-06
2643 0.000555811422509
2644 5.83429678837e-05
2645 4.6362352414e-06
2646 2.9622989914e-06
2647 8.44531818988e-06
2648 5.44087056405e-05
2649 2.78801882503e-06
2650 7.97279712733e-05
2651 3.79861248376e-07
2652 3.03995591273e-07
2653 7.27437372908e-07
2654 2.9474285225e-05
2655 2.48388691194e-06
2656 4.02253059508e-06
2657 1.97568807908e-06
2658 2.01770457372e-06
2659 9.16421728365e-07
2660 4.05893795814e-05
2661 3.68118203622e-05
2662 4.49473353657e-05
2663 1.29207302821e-05
2664 4.96310005282e-06
2665 1.66201037349e-05
2666 3.26551547436e-05
2667 7.21752496912e-06
2668 4.3113567723e-06
2669 1.61152341609e-05
2670 2.33702448574e-05
2671 6.04292405871e-07
2672 0.0
2673 3.92287574114e-06
2674 1.89010185961e-06
2675 1.74387403942e-05
2676 2.65746392182e-05
2677 1.38759320682e-05
2678 2.20859908648e-05
2679 4.54119446849e-07
2680 2.8231955525e-05
2681 6.61454845334e-06
2682 5.36160067886e-06
2683 9.26365773523e-07
2684 3.80619737277e-05
2685 2.76498529229e-06
2686 9.17216486915e-07
2687 3.39325545002e-06
2688 8.24519281876e-07
2689 1.50030879896e-06
2690 1.19413207627e-05
2691 1.62555041938e-05
2692 0.0
2693 1.84033205479e-08
2694 3.22659820478e-05
2695 3.78568268183e-05
2696 7.63497236458e-08
2697 6.58863372235e-06
2698 1.91706566911e-06
2699 1.11219122441e-05
2700 5.50240695171e-08
2701 3.993666617e-06
2702 4.08817784097e-07
2703 5.1358251243e-06
2704 2.9348076995e-07
2705 0.0
2706 1.87920581894e-06
2707 1.85930843819e-05
2708 2.62218718352e-05
2709 5.22480882662e-06
2710 1.61861585962e-06
2711 9.71453699212e-07
2712 1.06314184223e-05
2713 6.61073827242e-06
2714 2.12691043195e-05
2715 6.13444018264e-08
2716 1.02865669933e-05
2717 0.000108413911769
2718 1.61611738675e-06
2719 1.4935500463e-05
2720 5.43316011568e-05
2721 1.63932833735e-05
2722 0.0
2723 0.0
2724 1.00283933777e-06
2725 9.89431899404e-05
2726 3.69368677231e-06
2727 1.42945512965e-06
2728 1.85965291981e-06
2729 7.94844858396e-06
2730 0.00180397997339
2731 0.000128430611199
2732 4.58317619976e-06
2733 1.75269719504e-08
2734 1.39069823282e-06
2735 2.34127499131e-05
2736 8.09617367056e-06
2737 0.0
2738 4.31369767277e-06
2739 5.38880249175e-05
2740 9.1659096072e-06
2741 0.0
2742 1.30948375415e-05
2743 6.48161908257e-05
2744 7.4829402831e-06
2745 2.54059915179e-06
2746 1.28326372581e-05
2747 9.86219354107e-08
2748 7.34995339142e-07
2749 4.91732557255e-05
2750 5.13239897737e-06
2751 1.30744287158e-05
2752 1.40465343151e-05
2753 3.62467959741e-06
2754 7.80263449306e-06
2755 7.7666909842e-05
2756 1.76488345863e-05
2757 4.84160033654e-06
2758 1.42866076029e-05
2759 1.86944066926e-05
2760 6.94721735869e-06
2761 2.63774057955e-06
2762 5.41218613747e-06
2763 3.78669864318e-06
2764 2.04617259756e-05
2765 3.73501302151e-05
2766 4.97333325222e-06
2767 2.09477795362e-06
2768 0.0
2769 1.12608617519e-05
2770 7.14092688736e-07
2771 5.52816202685e-07
2772 7.40372932808e-07
2773 2.15954271519e-05
2774 7.92187430745e-06
2775 2.45377607306e-08
2776 1.32080994794e-05
2777 1.09738318823e-07
2778 1.61827016739e-05
2779 5.87868940576e-05
2780 4.60951942577e-07
2781 4.12482738269e-05
2782 3.10498295536e-05
2783 2.61365588281e-05
2784 9.97838313122e-06
2785 1.18291459086e-05
2786 1.71475718079e-05
2787 0.000576132794817
2788 3.04321243923e-05
2789 0.0
2790 2.42352349128e-06
2791 6.54247340085e-07
2792 1.9048092156e-06
2793 0.0
2794 4.64650142425e-05
2795 5.19843137957e-07
2796 7.34435098005e-06
2797 1.63267281902e-05
2798 1.64957100153e-06
2799 1.02240669711e-08
2800 1.36320892948e-08
2801 1.55648454708e-05
2802 1.79273429763e-07
2803 2.88865690838e-07
2804 5.80845450607e-06
2805 5.84848089413e-07
2806 8.09746104109e-07
2807 1.71945981309e-05
2808 3.82627693525e-06
2809 0.0
2810 2.19839143051e-06
2811 1.74150894605e-05
2812 3.41970697166e-07
2813 1.60963199956e-05
2814 2.59294732574e-05
2815 0.0
2816 3.91222690436e-06
2817 3.181145409e-07
2818 0.0
2819 5.1642463215e-06
2820 8.51104496778e-06
2821 1.83362666022e-06
2822 1.64588649082e-06
2823 8.02045819848e-06
2824 8.46834466963e-06
2825 0.0
2826 1.19670158395e-05
2827 9.917938225e-06
2828 9.7875047047e-06
2829 0.00237313980289
2830 1.62352019385e-06
2831 1.69321366958e-06
2832 2.230763059e-06
2833 1.11610277786e-05
2834 2.48493847722e-05
2835 4.29410812785e-07
2836 5.14982852666e-06
2837 1.74128006865e-05
2838 7.89039559683e-07
2839 0.0
2840 8.70626946555e-05
2841 9.44355441296e-06
2842 1.45816630481e-05
2843 0.0
2844 2.69414908971e-06
2845 8.59160402736e-06
2846 6.54416381424e-06
2847 3.08142213147e-06
2848 1.95805488306e-06
2849 5.60330886652e-06
2850 1.5006033374e-05
2851 1.82588859831e-06
2852 2.42458169653e-06
2853 3.52268348287e-08
2854 8.39389583766e-06
2855 6.23852870268e-06
2856 0.0
2857 5.30273628369e-06
2858 0.0
2859 3.47492135931e-06
2860 2.65315899746e-06
2861 0.0
2862 5.98107917808e-07
2863 0.00235047940276
2864 0.000127574551783
2865 1.63779648875e-05
2866 1.54090961285e-05
2867 1.41834977287e-05
2868 1.81889481393e-05
2869 8.59182015574e-06
2870 0.000252676941842
2871 7.06054619098e-06
2872 2.26398983165e-05
2873 1.09679090513e-05
2874 1.75586518499e-05
2875 7.36231451765e-06
2876 1.58370576275e-05
2877 1.04552325692e-06
2878 4.5614354247e-05
2879 1.01401159077e-06
2880 8.83253162228e-08
2881 0.00142485487265
2882 2.55730673813e-05
2883 1.19636189372e-06
2884 2.96091216833e-05
2885 3.73085498381e-07
2886 0.0
2887 2.97666406958e-07
2888 6.424719213e-06
2889 6.23088556585e-07
2890 2.75622256327e-06
2891 3.85442270698e-05
2892 6.98135487467e-07
2893 1.56744308698e-05
2894 8.96796731463e-07
2895 2.681107964e-05
2896 1.11818642179e-06
2897 7.22681724777e-06
2898 4.16664121161e-06
2899 4.62074715056e-08
2900 8.76348597521e-09
2901 8.11839603536e-08
2902 6.45534108912e-05
2903 0.0
2904 7.28736970875e-07
2905 6.73379806353e-05
2906 1.03084792998e-05
2907 1.92833851787e-05
2908 2.14559261573e-06
2909 5.80212298023e-07
2910 1.84366827939e-05
2911 1.67940997872e-05
2912 5.33090796096e-06
2913 5.49762212812e-06
2914 2.14728281479e-05
2915 0.00135579315184
2916 3.94458342892e-05
2917 1.3935436259e-05
2918 1.99841142481e-07
2919 1.12055313115e-06
2920 1.29800517732e-05
2921 1.46026061381e-05
2922 2.25845345642e-05
2923 0.0
2924 3.71372833218e-06
2925 5.45961334939e-06
2926 1.70956764249e-05
2927 4.34522846271e-07
2928 2.88509753844e-05
2929 3.40131328997e-05
2930 5.27148176835e-06
2931 1.75269719504e-08
2932 7.47882661343e-06
2933 8.61862420298e-06
2934 1.0256199753e-06
2935 3.6340516588e-06
2936 6.41048999086e-07
2937 3.09662310513e-05
2938 1.5116542576e-05
2939 9.05121360951e-06
2940 1.21647802037e-05
2941 6.35153759487e-06
2942 1.80114883533e-06
2943 7.25567952714e-07
2944 2.16517861929e-05
2945 6.01706420082e-05
2946 6.26825380629e-06
2947 7.31972389317e-05
2948 4.541274939e-07
2949 1.28597471599e-06
2950 4.05398861213e-06
2951 1.95353663354e-05
2952 0.000191696532053
2953 6.13444018264e-08
2954 1.33537653076e-06
2955 1.51564489941e-06
2956 2.85027281714e-05
2957 2.53000128221e-05
2958 2.41317192137e-06
2959 2.0225070755e-05
2960 2.96295707869e-07
2961 2.57322618028e-05
2962 9.82950242051e-07
2963 1.34634113057e-05
2964 3.27170143074e-08
2965 2.10504486534e-05
2966 4.18034781737e-06
2967 3.87349030522e-05
2968 2.87376734272e-06
2969 1.71528150413e-05
2970 1.20475604174e-05
2971 1.19685618542e-06
2972 1.58623522154e-07
2973 2.55505664058e-07
2974 2.1732502562e-05
2975 5.49455644816e-06
2976 6.13444018264e-08
2977 3.95561248827e-05
2978 2.09976852482e-06
2979 4.0306342338e-06
2980 3.37949222218e-05
2981 0.0
2982 2.99355998028e-06
2983 4.88732871694e-08
2984 1.49388224257e-06
2985 3.70761415622e-06
2986 4.52601899508e-06
2987 2.30619260593e-05
2988 1.63900576264e-06
2989 1.0661213159e-05
2990 2.64605206893e-05
2991 3.91501175688e-07
2992 5.42647109892e-06
2993 3.97341129465e-05
2994 8.67356739133e-06
2995 1.43363611501e-05
2996 4.17991801899e-06
2997 1.69372365134e-05
2998 1.63701918017e-06
2999 4.08962678843e-08
3000 1.97023271067e-05
3001 0.000438585535965
3002 2.24783271076e-05
3003 7.5417288443e-05
3004 0.0
3005 4.41595002683e-06
3006 5.04403185406e-05
3007 0.0
3008 6.32452949784e-06
3009 5.70525407463e-08
3010 2.69341997161e-06
3011 1.59947120855e-05
3012 4.14327289971e-05
3013 2.57792545771e-07
3014 2.63260274295e-06
3015 5.14082666138e-06
3016 1.0310812024e-06
3017 6.25069740209e-06
3018 0.000780800705264
3019 7.42483483099e-06
3020 0.000125087091605
3021 0.000118136306772
3022 1.98304474965e-06
3023 1.43908948364e-05
3024 4.75150338613e-06
3025 4.0716804228e-06
3026 1.61059608314e-05
3027 4.35538144376e-05
3028 7.96931809484e-05
3029 1.24222413699e-06
3030 0.000259085917167
3031 6.84640182102e-08
3032 0.0
3033 1.33283926627e-06
3034 1.53758135177e-05
3035 4.46810116401e-05
3036 4.42246857848e-05
3037 1.18166130149e-05
3038 0.0
3039 6.54814593017e-05
3040 1.19775831636e-06
3041 1.90403528348e-06
3042 4.66010154277e-06
3043 2.56907925947e-06
3044 3.75819857745e-06
3045 1.63585071537e-07
3046 6.58429912937e-07
3047 9.62856944431e-06
3048 1.70489214006e-06
3049 1.48678553726e-06
3050 2.40578897575e-05
3051 1.89197885106e-06
3052 0.00190543957131
3053 1.4630413695e-05
3054 1.57791433587e-07
3055 2.80134187125e-05
3056 2.45377607306e-08
3057 1.61147558892e-05
3058 6.94890647228e-06
3059 5.60361655982e-08
3060 0.0
3061 4.38697464496e-05
3062 1.33648029725e-06
3063 2.19573411691e-05
3064 1.31160173429e-07
3065 5.0368920858e-06
3066 5.42177644155e-06
3067 1.14728637225e-06
3068 2.31726043598e-06
3069 8.98473720711e-07
3070 1.99568010177e-06
3071 6.10598489217e-06
3072 0.0
3073 5.49991293273e-05
3074 1.53843915356e-05
3075 2.45377607306e-08
3076 8.64188893876e-06
3077 6.26700356668e-05
3078 4.68207780067e-05
3079 2.20800298776e-05
3080 2.10578740075e-05
3081 1.0607210715e-05
3082 8.97406168784e-06
3083 7.08085126176e-05
3084 2.62758521157e-07
3085 5.05461006718e-05
3086 6.31459524326e-06
3087 6.76604281201e-06
3088 2.27484793872e-05
3089 8.48615339585e-07
3090 3.21660355127e-05
3091 0.000104218628906
3092 0.0
3093 1.99345093087e-07
3094 2.95445070878e-06
3095 2.4892084671e-08
3096 1.92334067028e-06
3097 7.7325273188e-06
3098 4.01556151808e-05
3099 1.0035314204e-05
3100 4.31601684279e-07
3101 9.15233004642e-05
3102 0.000370439072494
3103 1.86926673971e-06
3104 2.21004885418e-06
3105 4.08341792185e-05
3106 1.85362334186e-06
3107 1.15909751856e-05
3108 4.71874628393e-05
3109 3.48906295383e-06
3110 1.20144342975e-06
3111 4.98438918895e-06
3112 0.000145100288457
3113 9.54129409904e-08
3114 2.62434079224e-05
3115 1.3789547996e-05
3116 2.60093035433e-05
3117 5.95219671684e-05
3118 0.000349500064885
3119 2.04309797325e-05
3120 2.1997495205e-05
3121 1.27431100392e-05
3122 1.22688803653e-07
3123 2.89681897514e-08
3124 3.91053938422e-06
3125 1.20003283069e-05
3126 0.0
3127 1.75269719504e-08
3128 2.45377607306e-08
3129 1.83156856882e-07
3130 4.89675722081e-06
3131 6.16405404813e-07
3132 1.75269719504e-08
3133 0.00225981376207
3134 4.71621603566e-07
3135 0.0
3136 2.87455838614e-06
3137 5.50094851474e-05
3138 2.7601475853e-05
3139 2.867506919e-06
3140 2.41955026837e-06
3141 6.52870872459e-05
3142 5.28925064637e-07
3143 3.96206750384e-06
3144 2.04481339421e-08
3145 4.93868407568e-06
3146 3.31244841572e-05
3147 2.00970590995e-05
3148 0.0
3149 1.95853148814e-05
3150 7.79018012315e-06
3151 5.61477951617e-05
3152 1.35467451156e-06
3153 5.58613642438e-05
3154 1.04639211084e-06
3155 0.000142438111554
3156 1.10361500048e-06
3157 7.74995731945e-07
3158 3.00898152646e-06
3159 7.21286944093e-06
3160 3.80335291324e-07
3161 6.01564617151e-06
3162 3.85593382909e-07
3163 5.92420599539e-05
3164 9.90266106145e-07
3165 2.60929456349e-06
3166 1.40894860651e-06
3167 3.90368647582e-06
3168 1.29242468907e-06
3169 6.09253032561e-05
3170 5.9794186461e-06
3171 3.04849703916e-06
3172 4.02042293414e-06
3173 3.12749072617e-05
3174 0.000656350683566
3175 1.15257276107e-05
3176 7.66805022831e-09
3177 4.99793651241e-06
3178 1.4494068192e-05
3179 2.36877457012e-05
3180 5.9844906409e-05
3181 1.75269719504e-08
3182 1.75269719504e-08
3183 1.81223839581e-05
3184 0.0
3185 1.73906214468e-05
3186 7.01271220372e-05
3187 5.61889024885e-05
3188 7.96344901678e-06
3189 2.07284914929e-05
3190 1.53256027659e-06
3191 9.3559949992e-07
3192 1.47668732616e-05
3193 1.01006541035e-06
3194 2.62543888918e-06
3195 1.40635109581e-06
3196 1.37018865614e-05
3197 2.10973640778e-05
3198 7.38461603434e-07
3199 6.4214349016e-05
3200 2.53457722497e-06
3201 7.09891050025e-07
3202 6.57307617876e-05
3203 1.7047365373e-07
3204 1.32650683446e-05
3205 1.42790043739e-05
3206 1.19879653532e-05
3207 5.28756095668e-06
3208 9.98356879716e-06
3209 2.73479185666e-06
3210 3.99253459414e-06
3211 1.37294147717e-06
3212 8.5770765168e-06
3213 7.17465392356e-06
3214 6.72736122409e-06
3215 6.67318739641e-05
3216 6.41495343849e-06
3217 3.55797530593e-07
3218 1.91092680293e-07
3219 2.89681897514e-08
3220 1.23663982251e-05
3221 8.08294581847e-06
3222 7.62130108212e-06
3223 1.36482770244e-05
3224 7.09269393287e-06
3225 1.78546119906e-05
3226 7.48676885744e-06
3227 1.19002344347e-05
3228 1.84033205479e-07
3229 2.54707507936e-06
3230 6.79906241427e-07
3231 0.0
3232 4.98521868243e-06
3233 3.43096509352e-05
3234 5.76616518578e-05
3235 3.31070870085e-06
3236 1.77163438313e-07
3237 2.69057435891e-06
3238 3.40260490855e-06
3239 3.86770982236e-06
3240 6.05484953915e-06
3241 2.66550965954e-05
3242 5.71628113415e-07
3243 2.69591462721e-06
3244 5.20093469637e-07
3245 1.1470606461e-06
3246 1.95183045824e-05
3247 6.97042363264e-07
3248 5.98346483627e-06
3249 0.000100015357515
3250 1.39575286904e-06
3251 5.90487043373e-07
3252 4.46937784736e-07
3253 2.1962158254e-05
3254 4.55101504548e-05
3255 1.58314722063e-06
3256 8.96887024331e-06
3257 6.53849312055e-05
3258 1.09432671979e-05
3259 0.000133914655193
3260 8.51056814315e-06
3261 6.64147353477e-06
3262 2.28065274176e-05
3263 3.93800484315e-07
3264 0.000297188162351
3265 3.03349882178e-06
3266 0.000104796642742
3267 1.53361004566e-08
3268 2.50409679927e-05
3269 0.0
3270 7.424133202e-07
3271 2.45377607306e-08
3272 1.84033205479e-07
3273 2.23679142825e-05
3274 3.55389607535e-06
3275 5.43697137564e-05
3276 1.25888277821e-05
3277 8.78659246391e-06
3278 2.53065719436e-05
3279 1.86726116627e-05
3280 2.44750366519e-05
3281 0.000102509942252
3282 6.40545204482e-08
3283 0.0
3284 1.6513553444e-07
3285 6.69752853185e-06
3286 2.6075291197e-06
3287 6.2674079835e-06
3288 1.92246720254e-05
3289 1.76438525523e-05
3290 3.76953914904e-05
3291 3.08912880626e-07
3292 0.000122092364316
3293 1.74077354291e-06
3294 0.00120547354981
3295 2.74968359868e-06
3296 2.76458118239e-05
3297 2.35545907096e-05
3298 5.57050303037e-06
3299 1.81997680756e-05
3300 3.79214610492e-05
3301 1.77935722422e-06
3302 5.89242948836e-06
3303 8.78532441705e-05
3304 8.32170581177e-06
3305 4.51289628331e-05
3306 1.19767641661e-07
3307 3.11665860208e-06
3308 3.70626283431e-06
3309 7.37593402913e-08
3310 1.10994554664e-06
3311 3.06722009132e-08
3312 1.96616672521e-08
3313 1.36614290885e-06
3314 9.63712616819e-06
3315 2.25513705762e-07
3316 3.08367414175e-07
3317 4.52979344241e-06
3318 0.0
3319 1.36087336173e-06
3320 1.45542526651e-05
3321 0.000114959603699
3322 3.27264712611e-05
3323 1.75269719504e-08
3324 1.6417942724e-07
3325 3.21117612299e-05
3326 1.31588746706e-06
3327 4.15013813176e-06
3328 3.58411732174e-05
3329 7.243465647e-06
3330 3.85027677007e-06
3331 8.87978029212e-05
3332 4.14489763012e-05
3333 2.02589857744e-05
3334 1.57450631355e-07
3335 6.73814699427e-08
3336 3.94408172409e-05
3337 0.0
3338 2.83958892788e-06
3339 1.21573450892e-07
3340 1.09326108392e-05
3341 4.17854931392e-06
3342 1.256508991e-05
3343 0.00101418245834
3344 2.60144081174e-06
3345 0.00189313929283
3346 3.44865553333e-05
3347 1.08831262524e-05
3348 3.87295178619e-05
3349 1.5757037395e-05
3350 2.0928331088e-06
3351 0.000537496278796
3352 2.39027191764e-05
3353 2.93015018248e-08
3354 4.63655906862e-05
3355 2.89681897514e-08
3356 2.0586581744e-05
3357 6.15561735275e-07
3358 2.06253760167e-06
3359 7.62170927576e-07
3360 1.73498511202e-06
3361 0.000920872253628
3362 1.34363443896e-05
3363 3.27533627582e-05
3364 8.87780539641e-05
3365 5.51182776293e-06
3366 2.19978306253e-05
3367 6.8336606687e-05
3368 4.2447658916e-08
3369 5.52099616438e-08
3370 1.54056138328e-05
3371 4.52337508417e-08
3372 1.74783540096e-07
3373 0.0
3374 6.82953675513e-06
3375 2.52709723905e-06
3376 3.06722009132e-08
3377 0.0
3378 9.24110171434e-06
3379 1.69586760247e-05
3380 2.41197569339e-06
3381 4.62047304109e-06
3382 0.000298110274046
3383 1.28435117417e-07
3384 3.02315616712e-06
3385 6.39001674871e-06
3386 0.000164881828459
3387 4.50362893499e-05
3388 0.00378191732454
3389 4.10075194316e-07
3390 7.36132821917e-08
3391 4.82058940372e-06
3392 3.91599848527e-06
3393 1.35678284974e-06
3394 6.98419902825e-06
3395 1.62904999987e-05
3396 1.57695278019e-05
3397 5.21380531105e-05
3398 0.000121921768888
3399 5.5502077843e-08
3400 1.8640899012e-06
3401 7.0174110753e-06
3402 0.0
3403 1.38875115994e-06
3404 0.00164074001977
3405 1.7451279559e-05
3406 1.78517520519e-06
3407 0.000113351206626
3408 0.0
3409 0.0
3410 1.14990227504e-05
3411 5.11713665437e-06
3412 4.88376975372e-05
3413 2.66073928498e-05
3414 0.0
3415 3.56322924268e-07
3416 1.05010054653e-05
3417 7.86986448239e-06
3418 2.59686252381e-05
3419 5.18169877304e-07
3420 1.59407479291e-05
3421 9.59251380862e-06
3422 3.13143024279e-06
3423 1.01755395069e-05
3424 1.44013286193e-07
3425 1.53361004566e-08
3426 5.37104318214e-07
3427 6.80433788106e-05
3428 1.21573450892e-07
3429 3.93387574223e-07
3430 3.06722009132e-08
3431 2.19016711981e-06
3432 1.00805497807e-05
3433 1.72124311102e-06
3434 9.46595211742e-06
3435 4.91700580427e-05
3436 8.00810877037e-06
3437 1.22859885693e-07
3438 0.237262956406
3439 3.05645235313e-06
3440 3.14901262709e-07
3441 0.000566545989823
3442 3.05699602435e-07
3443 2.12385096853e-05
3444 3.57581606347e-06
3445 3.06722009132e-08
3446 0.0
3447 3.27754375473e-07
3448 1.7307884801e-07
3449 8.71378500783e-06
3450 6.67385244142e-06
3451 2.9947941217e-07
3452 0.0
3453 4.27731468764e-07
3454 0.0
3455 0.000748586466591
3456 8.93082881464e-06
3457 0.00112716046484
3458 1.18565655333e-07
3459 9.22494822624e-07
3460 2.19472654243e-06
3461 5.40645930727e-06
3462 1.7429599884e-07
3463 7.46576620237e-07
3464 2.31474025274e-06
3465 8.40872077477e-06
3466 6.85349544215e-08
3467 5.11555140692e-06
3468 0.0
3469 7.89478653229e-06
3470 4.18129213476e-06
3471 2.32128135993e-06
3472 2.41749570265e-06
3473 2.1880831119e-07
3474 3.4023127798e-07
3475 1.80910575235e-06
3476 4.56545099542e-06
3477 8.26576491277e-07
3478 2.59691301065e-07
3479 5.47979007628e-07
3480 8.40497973077e-08
3481 2.02535194194e-06
3482 7.52863113325e-08
3483 1.28234585434e-06
3484 1.57773286975e-06
3485 1.54453086765e-06
3486 1.23388254734e-06
3487 2.34623185712e-06
3488 0.000304002024292
3489 5.22853773453e-06
3490 0.0
3491 1.51506066701e-06
3492 1.39830484669e-06
3493 3.79341653646e-07
3494 5.2588057274e-07
3495 1.06330296499e-07
3496 0.00130778576175
3497 5.5955344812e-06
3498 1.44655986407e-06
3499 1.77497251936e-07
3500 3.02766268935e-06
3501 1.36317794746e-06
3502 0.000596992889362
3503 2.04481339421e-07
3504 9.43799123977e-07
3505 7.09550247793e-07
3506 4.88306885927e-06
3507 1.85943686646e-05
3508 5.91243187127e-07
3509 6.21120256598e-06
3510 8.16157324595e-07
3511 1.62429357034e-06
3512 7.88508507413e-06
3513 1.19556176854e-06
3514 9.20166027397e-08
3515 4.62903168094e-06
3516 1.01715303153e-06
3517 5.1518675127e-08
3518 7.16236115881e-07
3519 1.41722687542e-06
3520 6.24724197648e-07
3521 5.63459343713e-07
3522 5.16860563146e-05
3523 5.59061719185e-07
3524 7.52863113325e-08
3525 1.48104240782e-06
3526 0.00070738756943
3527 1.1573092604e-05
3528 6.18671210112e-07
3529 2.37163111477e-06
3530 9.28818186465e-06
3531 6.8910211385e-07
3532 2.87442339987e-07
3533 1.78809330302e-06
3534 1.20758935159e-06
3535 4.21194267296e-06
3536 2.69556555376e-06
3537 1.47854614212e-06
3538 1.02240669711e-07
3539 1.7387876294e-06
3540 1.48263576891e-06
3541 0.000477170390969
3542 5.1263328799e-08
3543 5.30596652486e-06
3544 8.7025353074e-07
3545 2.8627387519e-07
3546 4.34606853152e-05
3547 2.7929229803e-06
3548 2.33677604513e-06
3549 5.32235714894e-07
3550 1.59539262179e-06
3551 0.00042522461573
3552 6.82967673668e-07
3553 7.60520098545e-08
3554 7.61493558891e-06
3555 2.60021984574e-06
3556 4.58220109028e-06
3557 0.000357067804736
3558 1.34566460326e-06
3559 9.22366770032e-06
3560 4.5670431473e-06
3561 0.0
3562 0.00126314831546
3563 8.40497973077e-08
3564 1.55949474592e-06
3565 2.1813378833e-06
3566 0.0
3567 1.37002497412e-06
3568 9.91261254333e-08
3569 1.15980892434e-05
3570 1.01677183151e-06
3571 0.0
3572 6.76136648702e-07
3573 0.0
3574 3.23003378949e-06
3575 4.08227397576e-07
3576 0.0
3577 6.54386220997e-06
3578 0.00073988478084
3579 8.89600971496e-07
3580 6.85349544215e-08
3581 3.48786741813e-07
3582 1.89875529463e-08
3583 0.0
3584 1.1582863516e-06
3585 2.39019159788e-05
3586 2.40703748119e-07
3587 1.31092947472e-05
3588 3.12289920929e-07
3589 3.06722009132e-08
3590 0.0
3591 3.68757654619e-06
3592 4.80973949619e-07
3593 0.000715156569925
3594 1.6676785176e-05
3595 1.89875529463e-08
3596 1.10279653038e-07
3597 5.12530691359e-05
3598 0.0
3599 1.37002497412e-07
3600 3.13202048053e-06
3601 6.44116219178e-07
3602 2.66801368498e-06
3603 1.71587953901e-06
3604 1.15760406621e-07
3605 6.80249067337e-05
3606 5.99293631028e-06
3607 5.52099616438e-08
3608 2.30041506849e-07
3609 8.49843308563e-07
3610 0.000123729324727
3611 3.71708126242e-06
3612 1.47134143354e-05
3613 5.96277459144e-06
3614 8.40497973077e-08
3615 5.13403072054e-07
3616 2.94576102679e-06
3617 9.59017481887e-07
3618 1.19651526582e-05
3619 4.25793784496e-07
3620 8.17925357686e-08
3621 6.8044352752e-07
3622 1.73132845247e-06
3623 4.32762658917e-07
3624 7.3474056025e-07
3625 1.38390049358e-06
3626 6.51516336065e-06
3627 1.18862081444e-06
3628 4.68648756239e-07
3629 5.26316957243e-06
3630 7.19313078307e-06
3631 8.29281960723e-08
3632 2.0964784679e-07
3633 3.37394210045e-07
3634 0.00127128297502
3635 8.19154524814e-07
3636 1.8798265016e-06
3637 9.99765628874e-07
3638 1.63585071537e-07
3639 6.33892152207e-07
3640 8.76348597521e-09
3641 4.74537090171e-06
3642 2.76049808219e-07
3643 2.81060128899e-06
3644 1.9353352704e-06
3645 3.80335291324e-07
3646 2.93022780776e-06
3647 3.94674229322e-07
3648 7.36132821917e-08
3649 2.56410865525e-06
3650 8.40497973077e-08
3651 0.0
3652 0.00042342422097
3653 3.61931970776e-07
3654 0.0
3655 2.76530665213e-07
3656 1.32191432132e-07
3657 7.07798721722e-07
3658 1.3886141868e-07
3659 5.25134904016e-07
3660 9.99232145306e-07
3661 4.60083013698e-07
3662 1.55990050359e-07
3663 3.01025743248e-06
3664 3.04595244587e-07
3665 9.61062295281e-07
3666 1.22688803653e-07
3667 9.56494421282e-09
3668 1.8207042651e-06
3669 9.43760028099e-09
3670 0.0
3671 1.31467199267e-06
3672 8.72112912633e-07
3673 2.11203580168e-05
3674 1.84033205479e-07
3675 0.000768590126265
3676 1.3437345162e-07
3677 0.0
3678 0.0011006384712
3679 2.8627387519e-07
3680 1.54251958974e-06
3681 2.27165302955e-05
3682 7.84526505966e-08
3683 5.04192559774e-07
3684 1.00240682869e-06
3685 0.00153820460427
3686 2.63254233495e-07
3687 0.0
3688 1.30016394758e-06
3689 0.0
3690 0.0
3691 9.07427241696e-06
3692 0.0
3693 0.000349772534077
3694 3.77974555213e-06
3695 3.06722009132e-07
3696 8.40497973077e-08
3697 2.65290194883e-07
3698 1.15026095968e-06
3699 1.08761499957e-06
3700 0.0
3701 0.0
3702 6.93775973037e-07
3703 4.35538726671e-06
3704 6.6639717292e-07
3705 0.0
3706 2.52683296456e-05
3707 2.1252708889e-06
3708 1.61553962352e-06
3709 3.86492201983e-08
3710 0.0
3711 1.18148511746e-06
3712 2.94250884936e-06
3713 6.25655180346e-08
3714 8.16133768956e-07
3715 2.81759024632e-06
3716 5.61707948283e-08
3717 0.0
3718 0.0
3719 1.50193938931e-06
3720 4.34648611584e-06
3721 9.34479721156e-07
3722 0.000430260991611
3723 6.67254866403e-06
3724 0.000196537233361
3725 2.49467234094e-07
3726 6.34588396527e-07
3727 9.77286199872e-07
3728 2.53556860883e-07
3729 1.97049136195e-06
3730 0.0
3731 1.09125523213e-06
3732 5.13240117135e-06
3733 0.0
3734 0.0
3735 7.77742072223e-06
3736 1.02775255988e-07
3737 4.52612070742e-07
3738 7.62466399324e-06
3739 7.40545744194e-06
3740 2.20889894455e-07
3741 2.16865985923e-06
3742 0.000158490322989
3743 8.17925357686e-08
3744 6.34588396527e-07
3745 0.0
3746 1.99369305936e-07
3747 0.0
3748 4.2702696756e-06
3749 0.0
3750 2.45377607306e-08
3751 0.000448765622979
3752 6.13444018264e-08
3753 1.46287643919e-06
3754 1.36253402531e-06
3755 3.24156035019e-07
3756 6.31944710879e-08
3757 0.0017882816516
3758 2.55489321893e-07
3759 1.74224827951e-05
3760 1.61645869384e-06
3761 2.00302206836e-06
3762 1.04611293003e-06
3763 6.90426930349e-07
3764 1.20084543477e-06
3765 9.57783602368e-06
3766 0.0
3767 1.22688803653e-08
3768 1.06549383649e-06
3769 3.19765712395e-06
3770 4.01245443118e-07
3771 1.03788885566e-06
3772 6.69676386605e-07
3773 4.6056987403e-07
3774 1.98735777021e-07
3775 7.25796402562e-07
3776 1.32299426606e-06
3777 1.11833588651e-06
3778 3.4094080031e-07
3779 2.58950456252e-07
3780 5.15727788029e-06
3781 1.96241496003e-06
3782 1.75269719504e-08
3783 8.20099376322e-06
3784 2.23070552096e-08
3785 1.13104708346e-06
3786 9.55548532534e-07
3787 1.88291252364e-06
3788 7.15684687975e-08
3789 5.74206800561e-08
3790 4.948448414e-07
3791 6.42998958962e-06
3792 3.56480905459e-06
3793 9.81799405901e-07
3794 1.98208396929e-05
3795 6.12355540656e-06
3796 4.2300672688e-08
3797 7.85268484949e-07
3798 0.000475193213559
3799 0.0
3800 2.21657771933e-06
3801 8.99525439008e-06
3802 6.13444018264e-08
3803 9.56568431437e-07
3804 4.74822402918e-06
3805 6.85798035146e-06
3806 2.03020758426e-07
3807 1.13633201479e-07
3808 0.0
3809 0.0
3810 2.06053898294e-06
3811 6.54717367727e-06
3812 0.0
3813 4.0282823866e-07
3814 0.0
3815 1.08521167993e-07
3816 7.22938338294e-08
3817 6.13444018264e-08
3818 7.20816749494e-07
3819 6.50186993009e-07
3820 1.55894040139e-07
3821 0.0
3822 7.43514952351e-06
3823 2.9409761328e-06
3824 2.6425287596e-06
3825 8.35842104125e-06
3826 1.02754055419e-05
3827 4.27132751737e-06
3828 2.06526152816e-07
3829 2.42521442757e-06
3830 1.35167823632e-05
3831 0.00617725283761
3832 4.18262178114e-06
3833 6.47705503348e-07
3834 3.12364000631e-06
3835 6.77266981781e-08
3836 8.58529039949e-07
3837 4.5639111435e-06
3838 4.67273566293e-07
3839 2.00374916729e-05
3840 1.06330296499e-07
3841 7.87872797195e-08
3842 3.17780908094e-06
3843 8.56864753325e-06
3844 2.2848797979e-07
3845 0.0
3846 7.26791484764e-07
3847 0.0
3848 2.38425241765e-06
3849 2.45377607306e-08
3850 3.06722009132e-08
3851 1.22240218268e-06
3852 0.00115145459404
3853 1.79345851185e-06
3854 0.0
3855 0.0
3856 1.40978924404e-06
3857 0.0
3858 2.05911278858e-08
3859 1.92617349881e-06
3860 4.90755214612e-07
3861 2.34228182591e-06
3862 0.000998218086749
3863 8.84517226688e-07
3864 3.66459771863e-07
3865 0.0
3866 1.11535276048e-08
3867 1.44340946601e-06
3868 1.71929310006e-06
3869 4.44274692766e-07
3870 8.68711840683e-06
3871 4.11991143931e-06
3872 8.76348597521e-09
3873 0.000418574834418
3874 5.01086683359e-06
3875 8.42356894344e-08
3876 0.0
3877 1.02240669711e-08
3878 0.00159298964233
3879 5.03941639449e-07
3880 0.0
3881 1.03672039087e-06
3882 2.5472665348e-06
3883 1.05648692034e-07
3884 8.40497973077e-08
3885 3.08729164548e-06
3886 0.0
3887 0.000407523034995
3888 3.47618277017e-07
3889 7.63007512241e-07
3890 6.4484494994e-08
3891 1.62903467072e-07
3892 4.61595604543e-06
3893 7.21098030128e-08
3894 2.63099323389e-07
3895 4.0297429676e-07
3896 1.71076302945e-06
3897 1.41284680507e-06
3898 0.0
3899 6.36149413746e-07
3900 0.0
3901 6.71810139663e-06
3902 6.61643191128e-07
3903 8.62417071511e-06
3904 1.10585635518e-06
3905 6.04149411927e-07
3906 2.58961010567e-07
3907 1.42168730486e-05
3908 3.22400720396e-06
3909 3.98738611872e-07
3910 3.0314148031e-06
3911 0.0
3912 0.0
3913 1.15837350981e-07
3914 2.0634870393e-07
3915 8.20310973312e-07
3916 1.97043178994e-06
3917 4.78486334246e-07
3918 2.40318685856e-07
3919 2.06567049084e-05
3920 8.76348597521e-09
3921 1.99484382014e-07
3922 3.05234426635e-06
3923 0.0
3924 1.1655436347e-07
3925 5.80758264794e-06
3926 2.45377607306e-08
3927 6.60028234138e-06
3928 6.67282055157e-06
3929 7.66805022831e-09
3930 9.29378573304e-07
3931 2.04347973781e-05
3932 5.18343966509e-06
3933 6.95236554033e-08
3934 3.11149339951e-06
3935 2.35505798104e-07
3936 0.0
3937 1.22688803653e-08
3938 1.09869367565e-06
3939 3.80868174159e-05
3940 0.0
3941 3.2400997692e-07
3942 7.77029089802e-07
3943 0.0
3944 0.000284428440324
3945 1.08312735294e-06
3946 8.79098937826e-06
3947 1.75269719504e-08
3948 4.95956592573e-06
3949 0.00111920362847
3950 1.84573620448e-06
3951 3.71424998233e-06
3952 3.54979163725e-06
3953 2.04481339421e-08
3954 3.06722009132e-08
3955 4.08962678843e-08
3956 0.0
3957 4.76676772926e-06
3958 9.50725875926e-07
3959 6.65646901387e-07
3960 0.0
3961 9.8487861752e-07
3962 0.000142155995661
3963 0.000523349094662
3964 9.61062295281e-08
3965 2.16613898894e-06
3966 0.0
3967 9.83362739098e-06
3968 1.6995408988e-06
3969 9.5668474648e-06
3970 1.18146341154e-06
3971 2.34821476621e-07
3972 1.06623085472e-05
3973 3.81876101135e-07
3974 4.36226857432e-08
3975 0.0
3976 3.86492201983e-08
3977 3.05719229055e-07
3978 4.93601475014e-08
3979 1.22688803653e-07
3980 1.05765538514e-06
3981 0.0248200336362
3982 5.5502077843e-08
3983 1.58589884531e-06
3984 0.0
3985 0.0
3986 9.61062295281e-08
3987 3.69234875755e-07
3988 0.0
3989 2.52534454186e-07
3990 0.000488505919878
3991 0.0
3992 2.04481339421e-08
3993 0.0
3994 6.44116219178e-08
3995 6.54924518547e-07
3996 6.39150243792e-07
3997 1.53361004566e-07
3998 3.09351054925e-07
3999 2.20985904675e-06
4000 1.22688803653e-07
4001 6.12421611567e-07
4002 0.0
4003 4.8053114764e-07
4004 0.0
4005 8.72112912633e-07
4006 0.0
4007 0.0
4008 0.0
4009 0.0
4010 2.46838188302e-07
4011 0.0
4012 2.04481339421e-08
4013 0.0
4014 1.02240669711e-07
4015 1.46510879695e-06
4016 0.0
4017 0.0
4018 6.92315392041e-07
4019 2.97958523157e-08
4020 2.07694617612e-07
4021 5.60278870015e-07
4022 6.35060617003e-07
4023 0.0
4024 4.47741104283e-06
4025 0.0
4026 0.0
4027 3.96839856577e-07
4028 5.76637377169e-07
4029 0.0
4030 0.0
4031 4.54211478095e-06
4032 0.00171012242748
4033 0.0
4034 0.0
4035 0.0
4036 0.0
4037 0.0
4038 7.15684687975e-08
4039 6.33892152207e-07
