node,betweenness
1 0.107101947676
2 0.000349883380418
3 0.000199730856798
4 0.000181957721197
5 0.000762097570434
6 0.000275878059325
7 0.00158928802846
8 2.96461961889e-05
9 0.00128461358031
10 0.0156050009999
11 0.000180046265063
12 0.000923127611882
13 0.000258325341574
14 0.000304682923694
15 0.000328884094522
16 0.00142545305328
17 0.00494252027942
18 0.000316036518329
19 3.14444117669e-05
20 0.000641584590914
21 0.000405138496697
22 0.000821316790613
23 0.000128299885361
24 0.000738514400127
25 0.000336978905469
26 0.00110063752937
27 0.000264575367522
28 0.000800687198775
29 0.000266001321424
30 0.000178122926732
31 8.44407914311e-05
32 2.85686138554e-05
33 0.00112907300864
34 0.0
35 0.00337140126469
36 0.000132033578713
37 0.000477026851728
38 0.0
39 0.0051658746302
40 0.000103890743932
41 0.00246958653136
42 5.32764745167e-05
43 0.0
44 0.0
45 0.0012671706454
46 7.82644934486e-05
47 0.0
48 0.0
49 2.55378676158e-05
50 1.84033205479e-07
51 8.12380556813e-05
52 5.95969155242e-07
53 0.0
54 0.00107590099363
55 1.51813148328e-06
56 5.98752919463e-05
57 0.0115056102912
58 0.000241491276953
59 0.00677147337066
60 9.14748929602e-05
61 1.08374399325e-07
62 4.44196793018e-07
63 2.19429016833e-05
64 4.99568483996e-09
65 2.85891711886e-06
66 6.47710664265e-05
67 6.16625536169e-05
68 0.000592094689888
69 1.96302085845e-07
70 5.72883597078e-05
71 0.0
72 0.0
73 3.36501000219e-06
74 0.000123480879496
75 0.0
76 5.51622400046e-05
77 2.92921173236e-07
78 1.45334803563e-06
79 0.0
80 4.90012093009e-05
81 5.52485023701e-05
82 6.34238730748e-08
83 0.000264041963255
84 5.95969155242e-07
85 0.000181216898619
86 7.8949433519e-05
87 0.0
88 6.30412737689e-05
89 2.5204761576e-05
90 7.5613646733e-06
91 0.0
92 2.76049808219e-07
93 9.97502524818e-07
94 9.40614161339e-08
95 5.15544670929e-05
96 3.6538298848e-06
97 8.12682237698e-07
98 4.08962678843e-08
99 0.00511379186327
100 0.000689467503775
101 8.94634304309e-07
102 7.93110952682e-07
103 0.0
104 4.95462335296e-06
105 0.000195218992593
106 1.82789654044e-06
107 4.09069757131e-07
108 0.287406454036
109 8.04809322422e-07
110 0.000325916366996
111 0.0
112 1.61760990299e-05
113 0.0
114 0.000409357085227
115 0.0
116 9.83104760519e-06
117 1.13231911085e-06
118 2.09519607973e-06
119 0.000258181542142
120 0.000725518572928
121 3.47457622659e-06
122 8.33539462945e-06
123 0.000388374059973
124 5.36159414992e-06
125 9.20919025543e-07
126 8.21556096642e-07
127 1.91535364104e-07
128 1.96240945081e-06
129 1.04949580751e-05
130 4.69180018169e-08
131 5.78969854912e-06
132 0.0
133 1.83369017335e-05
134 1.98208480229e-05
135 2.32500116735e-06
136 0.0
137 0.0035498239638
138 2.64842660974e-05
139 0.0
140 1.22688803653e-08
141 9.02639055446e-08
142 5.50289520804e-06
143 0.000532180519559
144 9.55494602333e-05
145 8.21517396777e-07
146 0.0
147 4.7434199765e-06
148 2.45377607306e-08
149 1.1174653123e-05
150 3.81133942697e-07
151 7.41325605685e-06
152 3.40802232369e-08
153 1.99554658724e-07
154 0.0
155 0.0
156 4.18217896945e-07
157 9.03855976709e-06
158 4.08962678843e-08
159 1.87363185674e-05
160 2.92017748493e-06
161 0.0
162 1.08513244806e-05
163 5.84232398347e-08
164 2.04028445767e-06
165 1.75269719504e-08
166 7.15887632005e-07
167 4.36713717764e-07
168 3.26189479221e-06
169 4.70217328766e-06
170 0.00140007806216
171 0.00049083953741
172 0.00215448023188
173 0.000441605032034
174 0.000288511605383
175 4.08962678843e-08
176 8.29804871419e-06
177 1.80271427644e-06
178 1.06442736818e-06
179 7.16723741859e-06
180 6.13444018264e-08
181 9.178979186e-07
182 1.84033205479e-07
183 4.08962678843e-08
184 0.0
185 2.99861410558e-06
186 1.04480295365e-05
187 0.000388930148295
188 4.07827450915e-07
189 0.000354640088785
190 2.85891711886e-06
191 1.85411731363e-07
192 0.0
193 3.68066410959e-07
194 4.07020914308e-06
195 7.14722897772e-07
196 0.0
197 1.03896503754e-06
198 1.81725485078e-06
199 0.000413001404688
200 0.000375486918461
201 0.00719842736333
202 0.0
203 2.17531677135e-07
204 0.00728546425335
205 3.59824559436e-06
206 0.0
207 1.63585071537e-07
208 6.38952955831e-09
209 7.18916261644e-07
210 0.0
211 0.0
212 0.000164376061978
213 2.4410210833e-06
214 0.000439500837693
215 1.89477339199e-06
216 0.0
217 0.0
218 3.20278657132e-06
219 0.0
220 4.13681689985e-06
221 0.0
222 4.15039994558e-07
223 4.69129038181e-06
224 2.9232031045e-06
225 1.44131236409e-05
226 5.29473525167e-07
227 3.172186436e-07
228 2.8191285931e-06
229 0.0
230 7.65048328217e-07
231 3.05200966596e-06
232 1.948971904e-05
233 2.66005011339e-06
234 0.0
235 0.0
236 8.09392277757e-07
237 0.000302695405835
238 5.95969155242e-07
239 8.72704273335e-06
240 0.00283584237931
241 6.13444018264e-08
242 0.0
243 3.53629115422e-06
244 4.6758066281e-07
245 0.0
246 3.64408486539e-06
247 8.7234907455e-06
248 6.13444018264e-08
249 1.09049859486e-05
250 9.29821170528e-05
251 4.1375413573e-07
252 1.81618827315e-06
253 0.000174866991957
254 4.08962678843e-08
255 1.37668591782e-07
256 0.0
257 0.0
258 5.93448786524e-06
259 2.97315453021e-06
260 2.76049808219e-07
261 3.03638021225e-06
262 0.00030578878519
263 0.0
264 2.04481339421e-08
265 0.0
266 1.53773134846e-05
267 1.85634028601e-07
268 0.0
269 3.11634872482e-08
270 8.49974310259e-06
271 3.36756844108e-06
272 0.000506381238477
273 0.000715863646662
274 0.0
275 4.40761406563e-06
276 1.84033205479e-07
277 2.70165386654e-06
278 0.000459733406736
279 9.71242300641e-07
280 0.0
281 0.000417174218018
282 2.37300088086e-06
283 0.0
284 7.23098335739e-07
285 2.14827057271e-06
286 0.000526652197531
287 0.0
288 0.0
289 2.9675519835e-07
290 1.75269719504e-08
291 8.39168340887e-07
292 0.000423394152315
293 0.0
294 0.0
295 3.79888086311e-07
296 8.6246797826e-07
297 2.04481339421e-08
298 3.35236162037e-06
299 4.1245876771e-07
300 3.09758479391e-06
301 1.04494876133e-07
302 0.000495294700347
303 3.97113230031e-05
304 1.98683031488e-06
305 0.00770727993441
306 0.0
307 0.0
308 1.75100445296e-06
309 1.38100105885e-05
310 0.0
311 1.98403911379e-05
312 6.01239136235e-07
313 7.50031389519e-05
314 0.000305582438321
315 9.6772386515e-07
316 0.0086842113361
317 0.0
318 1.36342712868e-06
319 6.65179777945e-07
320 7.5613646733e-06
321 6.31586195631e-06
322 0.0
323 0.000861386426812
324 0.000137440710063
325 0.000107146738162
326 7.74251458045e-05
327 1.09493309472e-06
328 0.0
329 0.0
330 0.000284632854555
331 2.88332352201e-07
332 8.38037660499e-06
333 0.000347340429559
334 9.47705387913e-08
335 2.54255359637e-05
336 0.0
337 2.92921173236e-07
338 3.37640434228e-06
339 5.02082584201e-07
340 5.42379089058e-05
341 6.66556054478e-08
342 2.46346729973e-07
343 6.22302869816e-05
344 3.84795876086e-05
345 3.13280257835e-06
346 4.09618518726e-06
347 7.67663214948e-06
348 4.10860535183e-06
349 0.0241494017777
350 1.53361004566e-08
351 0.000220500217153
352 4.98302291533e-07
353 3.37861915567e-05
354 0.00109817782605
355 4.20736838389e-05
356 8.60097532904e-05
357 6.13444018264e-08
358 6.16609816593e-05
359 0.0
360 7.60093356025e-05
361 0.00205602425106
362 0.000107403752997
363 7.07573659949e-05
364 0.00184639877195
365 2.04481339421e-07
366 2.31343042989e-08
367 0.000779806375077
368 4.50842828999e-05
369 5.33538156323e-05
370 7.09047353457e-05
371 0.00326128437659
372 5.57941940421e-08
373 7.42821087762e-05
374 0.00350701868927
375 0.000349662470137
376 2.30860196889e-05
377 0.00277685543348
378 0.0
379 9.15240644967e-05
380 0.0
381 3.64617793563e-05
382 3.91048765953e-05
383 1.71499950594e-05
384 6.30724131455e-08
385 4.25105942481e-08
386 9.51379886774e-09
387 6.13444018264e-08
388 0.000280704243202
389 8.66166435025e-05
390 0.00349442718789
391 3.17598794784e-07
392 0.00026845071003
393 4.30150222886e-05
394 0.0
395 3.99076407837e-05
396 0.00402618232536
397 6.24016745975e-05
398 0.000820945424108
399 1.40732989055e-05
400 4.08962678843e-08
401 0.00314138638849
402 0.0
403 0.0176429815284
404 3.52896502829e-05
405 0.00604552524377
406 5.73844065197e-05
407 1.24099019787e-07
408 6.08808906174e-05
409 0.00674206614351
410 1.41869088705e-05
411 3.87304120609e-05
412 6.13444018264e-08
413 0.00165893449527
414 8.69131931771e-05
415 0.0403252499967
416 4.4491874931e-05
417 0.000666219367324
418 0.000108389118187
419 4.92404528431e-05
420 0.0167111163437
421 0.000287897552138
422 4.48253825887e-05
423 0.00259929912212
424 0.00252092083757
425 5.6329081787e-05
426 6.89808297879e-05
427 2.99482129146e-05
428 1.7668396147e-05
429 0.0133334804436
430 7.87335269284e-05
431 3.86793018121e-05
432 0.00108465267053
433 0.000512654816142
434 4.13684377244e-05
435 0.000136138243824
436 2.24922914725e-05
437 0.000721265248846
438 0.000313798636396
439 0.00101068341537
440 0.00186705052513
441 3.39769543096e-05
442 4.08962678843e-08
443 1.6258395568e-05
444 0.0
445 0.000324194268635
446 4.79360547059e-05
447 3.78891118343e-05
448 0.0
449 0.0
450 3.85855212116e-05
451 7.04875964518e-05
452 0.000653502947812
453 0.000510790080714
454 1.08714103408e-06
455 0.0
456 0.000121249734528
457 0.000163744723705
458 5.06776485468e-05
459 4.20491074835e-05
460 2.38720472302e-05
461 0.000498479795098
462 0.00238015399328
463 8.2270210302e-05
464 0.000568032296455
465 6.13444018264e-07
466 0.00740568695685
467 2.47737007376e-08
468 0.0
469 0.0
470 7.21873710376e-05
471 3.7209211545e-05
472 3.52830041838e-05
473 5.98042651527e-05
474 2.29731872386e-05
475 2.90354992188e-05
476 0.00240643505956
477 0.0
478 4.33919865256e-05
479 2.72188901973e-06
480 1.6027264435e-05
481 9.30431982974e-06
482 8.52101456777e-05
483 1.72064630068e-05
484 0.067603533188
485 0.00186515426587
486 0.0
487 5.15348727782e-05
488 9.35262500239e-06
489 3.61129560968e-05
490 3.78418046419e-05
491 3.27457766557e-05
492 2.82111775649e-05
493 0.00016078659147
494 0.000401039560906
495 3.15749060805e-05
496 3.34025111719e-05
497 0.000747443081773
498 0.0198898892702
499 4.81144698553e-06
500 0.0
501 0.0119958292976
502 4.08962678843e-08
503 6.40239795036e-07
504 0.00196455118249
505 0.00107799883786
506 1.07539131003e-05
507 0.000963479499338
508 7.22782172959e-05
509 4.02663539794e-05
510 1.7099249828e-07
511 3.84545310091e-05
512 2.63268933705e-06
513 4.64336856568e-06
514 0.0154560119863
515 9.08305332744e-05
516 0.000165084597723
517 2.12762119807e-05
518 0.00127949905612
519 2.73542773544e-05
520 6.24764243656e-06
521 0.00192415413952
522 6.40064422104e-07
523 2.59257092145e-07
524 0.000411098583331
525 0.000103208729992
526 0.00019165005872
527 0.00106262876624
528 0.00176558986539
529 1.0482980707e-06
530 2.17173050986e-07
531 3.79751058926e-08
532 0.00105335077552
533 3.05271683663e-06
534 3.23321844501e-07
535 5.45843673292e-06
536 8.11029745959e-06
537 7.20343637124e-07
538 0.00176014666428
539 0.00241323891837
540 1.34063871982e-05
541 5.67259728559e-06
542 1.60715367901e-06
543 0.00238917801375
544 1.6084867403e-05
545 6.97851034662e-05
546 0.000342464693439
547 3.22574952978e-05
548 1.31195277497e-05
549 1.62741001016e-05
550 4.72213498188e-06
551 0.0
552 1.2928089472e-05
553 4.25105942481e-08
554 0.00403897119265
555 6.31596495626e-06
556 2.80228609504e-05
557 0.000862090418743
558 4.41466783279e-05
559 1.7322094263e-05
560 0.00315615775798
561 3.46407547983e-05
562 0.00322130171003
563 5.02439862578e-08
564 0.020252911837
565 8.66368702492e-07
566 6.81140582105e-07
567 0.0056869077268
568 0.110785618698
569 1.03380501673e-06
570 7.49571230234e-07
571 1.40755973453e-05
572 0.0
573 0.0
574 3.58180087235e-06
575 1.85335028454e-05
576 8.13468713109e-08
577 1.11535276048e-08
578 7.4816922065e-08
579 2.12727070531e-07
580 2.63723554966e-05
581 0.00655581678813
582 0.0
583 3.02692016911e-08
584 3.64932888309e-07
585 1.24079538222e-05
586 0.0
587 0.0
588 1.18703931312e-06
589 3.6991038686e-07
590 7.65363972514e-06
591 0.000262734479559
592 0.00211755536072
593 0.000717313684307
594 4.22143410558e-07
595 0.0288035854688
596 1.11535276048e-08
597 0.00133924253985
598 8.26990296289e-06
599 1.63596647237e-07
600 2.09109897166e-07
601 3.0923164033e-07
602 0.000194232210062
603 0.0
604 6.27456571135e-07
605 9.85065777545e-05
606 5.05287925767e-07
607 0.00113432883078
608 0.0
609 0.0
610 0.000136883814029
611 1.39800453401e-06
612 2.24041719297e-07
613 4.54596522333e-07
614 0.0
615 9.08283201423e-06
616 3.426258331e-07
617 7.11282741599e-06
618 1.24437753155e-05
619 1.54134648337e-05
620 1.05624469611e-05
621 3.94149688902e-05
622 5.5502077843e-08
623 6.77226687129e-07
624 6.05364349755e-07
625 0.0
626 1.30543593193e-06
627 4.93195293236e-07
628 2.12727070531e-07
629 3.35074463758e-08
630 4.15154922007e-05
631 0.000130747743949
632 1.81318566329e-06
633 1.96050584732e-07
634 3.58053594543e-07
635 6.19933528247e-05
636 3.10828060094e-05
637 9.18289621695e-06
638 0.00128789996925
639 0.0
640 9.62303095147e-05
641 1.56752451777e-07
642 0.00031073248563
643 0.0
644 3.0923164033e-07
645 0.00044096347593
646 9.67460437102e-05
647 3.79777222257e-05
648 1.17630663263e-06
649 0.0
650 2.56670225479e-05
651 2.01573542926e-07
652 0.00567779856082
653 0.0
654 6.68305783621e-05
655 2.34908373555e-05
656 5.67035748089e-07
657 0.0
658 1.64512577339e-06
659 2.12727070531e-07
660 2.12727070531e-07
661 0.0
662 3.0923164033e-07
663 2.55246319675e-07
664 4.57631095882e-06
665 6.37530156862e-07
666 1.04099590978e-07
667 4.56276301063e-05
668 0.0
669 0.0
670 1.91133970594e-05
671 1.20567473847e-07
672 1.44766456734e-06
673 2.39872340475e-08
674 0.0
675 0.0
676 2.01573542926e-07
677 2.03410541109e-07
678 8.08889471111e-06
679 8.1073297795e-05
680 2.71518192971e-06
681 4.7557776231e-05
682 2.86862300644e-07
683 3.13135066981e-06
684 9.86329639206e-05
685 6.51107601637e-07
686 3.59704034155e-06
687 0.0184761623615
688 1.06211164062e-05
689 0.00117356049907
690 8.29610005653e-08
691 1.10639108137e-07
692 2.89681897514e-07
693 0.0
694 3.81335533555e-07
695 0.00370624232404
696 0.000559984228359
697 3.96358093327e-06
698 0.0046451246214
699 0.0530479985864
700 0.0
701 5.72855241116e-08
702 1.97592288449e-06
703 8.73914295861e-08
704 0.00160685305231
705 1.14655608176e-07
706 0.00404613532774
707 1.1105015182e-07
708 5.3720169028e-07
709 0.000167586402504
710 6.06150389745e-07
711 2.76490682595e-07
712 2.45645849497e-06
713 1.30303299245e-06
714 0.0108860136621
715 1.03082938085e-06
716 2.62045413965e-08
717 6.48003611674e-07
718 0.0
719 2.05500417372e-05
720 0.0019500246302
721 4.74693346143e-05
722 6.46475619248e-08
723 1.91328322954e-05
724 2.2434175051e-07
725 0.00120063893027
726 5.25809158512e-08
727 7.18440488583e-06
728 4.44425489759e-05
729 3.26956769693e-05
730 1.88443609875e-05
731 8.18650730584e-07
732 7.90780035437e-07
733 1.10239784965e-06
734 4.40541009913e-06
735 5.32920598427e-05
736 0.0
737 7.49036103579e-05
738 7.01418810852e-07
739 5.7123187745e-06
740 0.00013477909101
741 5.08140236257e-06
742 9.77228064804e-06
743 1.20807311869e-05
744 0.0
745 0.0
746 0.00540410929433
747 4.03881310467e-05
748 0.00603537058263
749 1.6453769654e-05
750 0.0
751 0.0
752 1.32704661748e-06
753 2.66482833967e-06
754 5.36941792414e-05
755 4.6308693491e-06
756 7.36456393749e-06
757 2.53191732725e-07
758 1.84033205479e-07
759 9.6078786542e-06
760 1.34098017777e-05
761 0.00102257558402
762 8.50028880597e-08
763 1.58679237722e-07
764 5.21150311153e-06
765 2.14919281693e-05
766 5.93460651632e-07
767 4.95419093079e-05
768 2.58814952468e-07
769 2.46574159862e-05
770 8.55639420404e-05
771 0.00019685759498
772 4.24401338763e-05
773 7.3739710228e-05
774 1.07416424191e-05
775 0.000204674878238
776 0.0
777 3.31867485409e-05
778 4.57807168545e-05
779 6.78438832221e-07
780 4.60058800681e-06
781 8.26961684899e-06
782 0.00248512354115
783 7.16406455404e-05
784 6.86499756773e-07
785 0.000909913113148
786 0.0
787 4.48252307632e-07
788 1.73457872792e-05
789 6.54340286149e-08
790 1.11325483505e-06
791 1.08667566359e-05
792 6.88420509386e-08
793 9.10938695169e-06
794 6.69527396526e-06
795 3.34558792073e-06
796 1.44468845555e-05
797 2.43374453947e-07
798 2.69770906567e-05
799 0.000209362648283
800 1.73524670007e-05
801 0.000301622657226
802 0.0
803 0.0
804 0.000224210643913
805 0.000142187111273
806 0.00147442431394
807 1.79617382268e-06
808 3.43621381887e-06
809 7.24541315133e-07
810 6.74248172325e-06
811 0.000151498208962
812 2.68104753786e-06
813 1.77197688656e-07
814 9.79724786253e-06
815 9.80875653144e-06
816 1.59806865792e-05
817 4.05750494365e-05
818 3.52526945303e-05
819 0.000346261312511
820 0.00012540940605
821 3.20580143827e-05
822 1.0415476228e-06
823 2.26839529091e-06
824 0.00429335138018
825 0.00530584711629
826 9.61858451521e-06
827 1.80211757741e-06
828 0.000743720934255
829 0.0140919732553
830 0.000384713382253
831 0.00423822427306
832 1.51412280796e-05
833 4.90755214612e-08
834 0.000126031046766
835 0.000428771044873
836 7.09242955982e-06
837 2.41796371414e-06
838 6.33336427924e-07
839 1.0060746952e-06
840 1.49412567274e-06
841 9.10659532455e-05
842 0.0
843 2.40001492382e-05
844 2.14475517554e-06
845 1.65430582685e-07
846 5.45719497796e-06
847 4.37405650404e-05
848 8.24314149631e-06
849 0.000217847304311
850 4.11385885271e-05
851 3.75052336705e-05
852 2.40566281672e-09
853 0.0
854 0.00060441231912
855 0.0
856 0.0
857 0.000686140552187
858 0.000202789176581
859 0.0
860 0.0
861 0.0113462911378
862 1.15678014873e-07
863 0.000522912798527
864 1.5181819608e-07
865 1.36459460888e-07
866 0.0
867 9.61062295281e-08
868 1.43136937595e-07
869 0.0
870 8.16808452518e-08
871 2.29019100152e-07
872 1.33321833303e-06
873 2.04481339421e-08
874 0.0
875 2.04481339421e-08
876 0.0
877 1.5181819608e-07
878 0.0
879 1.01428151722e-07
880 1.26778430441e-07
881 1.12725263056e-07
882 1.51316191172e-07
883 6.63742078214e-08
884 0.0
885 3.06722009132e-08
886 5.7254775038e-07
887 1.53361004566e-08
888 0.0
889 0.0
890 7.37803291622e-07
891 4.98488155418e-06
892 0.0
893 0.0
894 1.05787259975e-07
895 2.45377607306e-08
896 9.61062295281e-08
897 0.00026631366186
898 0.000128634585651
899 1.18092054003e-05
900 0.0
901 2.14208257138e-06
902 7.50988893008e-07
903 2.23269215951e-05
904 1.59274570964e-06
905 4.38612473059e-07
906 6.32860275406e-06
907 0.00244505524452
908 1.66856150271e-06
909 0.000216213166396
910 1.09715012312e-06
911 0.0
912 0.0
913 1.01311367849e-06
914 0.000119892548485
915 1.13149085709e-06
916 2.81101949789e-05
917 0.000194793408232
918 0.000731744948565
919 0.0
920 1.9924489823e-05
921 1.52465665156e-06
922 8.14287591531e-05
923 7.68052454167e-06
924 8.10520434783e-07
925 0.000531044667703
926 0.000184790736799
927 2.58811164374e-06
928 0.00271177681595
929 2.72641785895e-08
930 3.7845231808e-07
931 0.00237140520386
932 1.64826262217e-05
933 9.63632149244e-05
934 2.63726718011e-05
935 0.00225118869306
936 3.83398146289e-07
937 1.68048084948e-05
938 8.81970456448e-08
939 1.03710639558e-06
940 6.83037164592e-06
941 1.42072039863e-06
942 0.00242354163035
943 5.57921530143e-05
944 1.02775623461e-06
945 1.31781906594e-05
946 0.0
947 0.000100713237237
948 3.15316547342e-05
949 2.48862963916e-05
950 1.28008945315e-05
951 5.08598738403e-07
952 6.93057718453e-05
953 0.00241019965666
954 3.56162851834e-05
955 0.00236163252301
956 2.12260520813e-07
957 4.49858946727e-07
958 4.77169327066e-05
959 1.30057272426e-07
960 5.80441273831e-05
961 2.46847775684e-05
962 6.08347285765e-06
963 8.24581288508e-05
964 5.59313321173e-06
965 5.3072945206e-06
966 3.5623721981e-06
967 1.61018530624e-05
968 7.09951257056e-05
969 0.000139543539055
970 9.09993176212e-06
971 4.83582806626e-07
972 1.67701023101e-05
973 1.60236794226e-07
974 9.82040976267e-06
975 5.03298089116e-07
976 0.00265990229934
977 1.13391300198e-05
978 0.00010105515095
979 3.32411216472e-05
980 7.88713737769e-08
981 9.64086881031e-05
982 2.01391444414e-05
983 0.000101947866295
984 7.21350062526e-05
985 1.18731533465e-06
986 1.1090678362e-07
987 2.29331684005e-07
988 1.08400629814e-06
989 1.5010539909e-05
990 3.4652268867e-06
991 0.000768103996841
992 1.20331953718e-05
993 1.20258579696e-06
994 4.54695775788e-05
995 1.28926486271e-05
996 0.000170992078987
997 4.23090019851e-07
998 0.00029751433166
999 3.60662313561e-07
1000 0.00257621294122
1001 2.57547879566e-06
1002 4.17391140285e-05
1003 4.08962678843e-08
1004 0.000464776176963
1005 1.98590624403e-05
1006 1.03818920098e-07
1007 3.96114595658e-05
1008 5.20307401264e-06
1009 3.3605743784e-06
1010 3.14613279099e-05
1011 4.46194827266e-05
1012 2.17161152068e-05
1013 3.50323481886e-05
1014 4.33152383327e-05
1015 0.000404210246759
1016 9.65223162071e-07
1017 0.0
1018 5.41777767715e-05
1019 2.96178244881e-05
1020 4.08818108735e-05
1021 0.000135608300628
1022 4.74063103989e-05
1023 0.0
1024 1.09300587124e-06
1025 0.00376838754654
1026 9.24538150138e-05
1027 0.00267376956939
1028 0.0
1029 0.000119670039166
1030 0.0046355976075
1031 1.21043576274e-06
1032 1.00639137542e-07
1033 0.00383570533055
1034 1.11181332843e-06
1035 0.0
1036 8.8626491818e-06
1037 2.75634163254e-05
1038 2.17686865371e-05
1039 2.04481339421e-07
1040 1.05786394719e-06
1041 8.4785755766e-05
1042 0.000225037822542
1043 6.19483771712e-06
1044 1.04965162773e-06
1045 5.00574649394e-07
1046 1.39211123501e-06
1047 0.0
1048 0.000115375581824
1049 5.43414707035e-05
1050 0.00255230068283
1051 5.66174306035e-07
1052 0.000112160931693
1053 0.000212083998643
1054 1.4292854452e-06
1055 6.69024790809e-05
1056 1.37146786548e-06
1057 8.16456117385e-05
1058 2.9961794566e-07
1059 1.13550707591e-06
1060 6.10286122755e-05
1061 2.57050130094e-05
1062 1.7882822593e-07
1063 9.38397968296e-06
1064 1.63902133165e-07
1065 1.2395603682e-05
1066 0.0
1067 7.57111838299e-05
1068 0.00403300302731
1069 6.09577979523e-05
1070 1.69812022967e-07
1071 0.00616939864
1072 0.0
1073 1.80215223557e-06
1074 3.80994834692e-06
1075 0.000228973119664
1076 0.00220781775393
1077 2.57235988562e-05
1078 9.6425508558e-05
1079 5.76200576157e-05
1080 2.1305242759e-05
1081 0.0003076508443
1082 2.29883820416e-06
1083 3.53625690262e-05
1084 2.10555996731e-05
1085 4.56703410114e-07
1086 0.0867340592668
1087 0.00145011768355
1088 7.31182628582e-07
1089 0.000101729556531
1090 8.9487582917e-07
1091 7.79908830197e-07
1092 2.33786522186e-06
1093 0.000106290804517
1094 3.43126676042e-06
1095 8.97250746843e-06
1096 1.79891010319e-05
1097 0.0
1098 1.28814302615e-06
1099 0.000406477158441
1100 4.53897124135e-05
1101 0.000124827969317
1102 2.2415029737e-05
1103 4.57744104347e-05
1104 6.65596855409e-06
1105 0.000156639266021
1106 4.08962678843e-08
1107 8.77129323892e-06
1108 2.00513690476e-05
1109 1.91970888483e-06
1110 7.13922585101e-05
1111 0.000346791913163
1112 1.53361004566e-08
1113 6.26882020665e-05
1114 2.42736856899e-05
1115 7.11510554256e-05
1116 1.70404065142e-06
1117 1.64163382367e-06
1118 2.10615583874e-05
1119 8.83079423023e-07
1120 0.0
1121 2.97102835439e-05
1122 8.00977875489e-06
1123 4.50712063388e-05
1124 0.000393529881361
1125 5.53557187845e-05
1126 1.90813276029e-05
1127 0.00022858306911
1128 4.969068615e-06
1129 0.000430323823829
1130 4.65480833462e-05
1131 8.52361928955e-05
1132 1.20852505553e-05
1133 2.48300445284e-05
1134 1.90546307885e-06
1135 6.61302954293e-07
1136 9.32721768579e-05
1137 0.000252755972148
1138 5.94383084638e-07
1139 2.19525323679e-06
1140 1.45559068669e-06
1141 8.11259941593e-07
1142 8.14258771028e-07
1143 1.89598032448e-05
1144 8.64999557234e-06
1145 8.85532571175e-07
1146 0.0
1147 7.81854226159e-05
1148 3.68033273756e-06
1149 0.000157062408269
1150 1.17629038489e-05
1151 5.59931100758e-06
1152 6.4173622635e-07
1153 3.77474985509e-06
1154 3.35444761135e-05
1155 4.10894500845e-06
1156 3.85009564879e-05
1157 0.000119631814132
1158 3.48159084326e-06
1159 0.000367626399638
1160 0.000366497586588
1161 0.00355989936366
1162 9.31861362299e-06
1163 5.34619380392e-06
1164 9.04866847507e-06
1165 3.51753800474e-07
1166 0.0012719862338
1167 6.72067793744e-05
1168 2.77833408901e-06
1169 2.36322005131e-07
1170 1.65098708544e-05
1171 1.78367188481e-05
1172 0.00116874293761
1173 1.63215919762e-05
1174 0.000338364568125
1175 6.30609469882e-07
1176 6.88384971299e-05
1177 0.0
1178 3.23058545991e-06
1179 0.000230595536239
1180 2.05124751228e-05
1181 3.51791544909e-05
1182 0.00253048960389
1183 0.000239623149663
1184 2.36215523619e-05
1185 3.91730568703e-05
1186 2.56431255517e-05
1187 4.47846691176e-08
1188 3.78885783608e-05
1189 8.238253943e-06
1190 4.06036202917e-05
1191 6.16240505383e-06
1192 1.81136684486e-05
1193 0.000290579437553
1194 0.00034890111631
1195 1.28395259637e-07
1196 8.10930303666e-05
1197 1.05538674487e-05
1198 9.41771681924e-05
1199 0.00232309875304
1200 9.42511818791e-05
1201 9.16565525407e-08
1202 4.75862654431e-05
1203 1.53605556742e-06
1204 3.92852027858e-07
1205 0.00011975276989
1206 1.17230155956e-05
1207 0.0
1208 0.000248078744386
1209 0.0
1210 0.000235853582546
1211 7.20302208291e-05
1212 4.61818762039e-05
1213 8.5497966382e-06
1214 9.83080749659e-06
1215 4.73363754582e-05
1216 4.85947787975e-05
1217 1.8026537812e-06
1218 0.000173468701794
1219 6.30970990215e-07
1220 6.39671605513e-05
1221 1.90796145526e-06
1222 0.000372731124917
1223 7.07618154872e-05
1224 2.11415780394e-05
1225 0.0
1226 1.08000716785e-05
1227 7.13139418569e-05
1228 0.000246602175858
1229 1.05849040279e-05
1230 3.48541868079e-05
1231 1.69769171804e-05
1232 0.000189108800036
1233 9.81331766415e-07
1234 0.0
1235 5.5088961767e-06
1236 0.000105230500647
1237 0.000182580748738
1238 0.000309681502479
1239 8.32407096423e-05
1240 7.07924318413e-08
1241 2.93308257971e-06
1242 2.055792706e-06
1243 0.000291015718377
1244 2.97871372525e-05
1245 1.10940099448e-06
1246 4.99656977685e-05
1247 0.00021852330813
1248 1.07235297573e-05
1249 6.77344436834e-07
1250 7.41136798449e-06
1251 3.33054407824e-05
1252 1.40643395587e-07
1253 0.0
1254 0.0
1255 3.27170143074e-07
1256 4.58133673713e-05
1257 4.78746939317e-05
1258 2.46784633145e-05
1259 0.00016267409763
1260 3.88707308102e-05
1261 1.19791588008e-05
1262 0.000282477222995
1263 0.0
1264 5.69816630574e-07
1265 1.22688803653e-07
1266 3.19430616699e-06
1267 1.77746485093e-06
1268 1.29591333285e-05
1269 8.61972993272e-06
1270 2.14513229881e-05
1271 0.0
1272 0.000316106243579
1273 0.000443842045647
1274 0.000319065220478
1275 0.000175502146152
1276 0.000154220970985
1277 0.0
1278 0.00020236572702
1279 1.29568047793e-05
1280 7.24612116664e-06
1281 0.0002712133318
1282 4.36319689204e-06
1283 0.000254120155769
1284 2.53261260586e-05
1285 0.000140396306236
1286 6.7850397384e-05
1287 2.13198436225e-06
1288 0.000142639474977
1289 0.000366431410991
1290 0.000435025482311
1291 0.000337748214713
1292 1.24498790457e-05
1293 2.64454199963e-05
1294 9.63702886286e-07
1295 1.28237120211e-05
1296 1.98148365863e-07
1297 1.82182716929e-05
1298 1.04962572771e-07
1299 0.000183123521052
1300 2.09357904081e-06
1301 1.45095898701e-05
1302 1.80258165367e-07
1303 1.20299796834e-05
1304 2.75557953182e-05
1305 1.3612358461e-05
1306 6.57013497361e-05
1307 1.00791510693e-05
1308 0.000107407323963
1309 1.95983597635e-06
1310 2.02825060181e-05
1311 7.16357841635e-06
1312 1.3184276431e-05
1313 0.000442075333321
1314 1.58885740096e-05
1315 4.54627655235e-06
1316 1.36171590602e-06
1317 1.19830075478e-05
1318 0.000561060425616
1319 8.3051898501e-06
1320 1.65172407333e-07
1321 0.000250820798841
1322 6.50552345528e-06
1323 0.000293432312352
1324 0.000251364105992
1325 3.42348198737e-05
1326 1.14421608801e-06
1327 0.0
1328 9.34154220984e-05
1329 7.79557442158e-05
1330 6.25999287863e-05
1331 3.09805818368e-05
1332 2.77804906495e-05
1333 1.9622143591e-05
1334 5.90374330919e-07
1335 0.00020440669104
1336 2.25271242689e-05
1337 4.35558430175e-05
1338 2.84537606217e-05
1339 0.000587035361935
1340 1.69978913398e-05
1341 2.74787145655e-06
1342 1.44290081549e-05
1343 6.00510895359e-06
1344 5.26424136185e-05
1345 0.000309175453311
1346 0.00029089278602
1347 0.0
1348 0.000186653814847
1349 2.33498567941e-05
1350 2.43640729147e-05
1351 5.42410530562e-06
1352 2.4946683801e-06
1353 0.000398858822829
1354 6.13444018264e-08
1355 2.01234446859e-07
1356 1.6723778197e-05
1357 6.91726071337e-06
1358 7.72877400456e-05
1359 0.000361583411671
1360 0.000312183087731
1361 0.000216695117618
1362 0.000468316821673
1363 0.0
1364 1.80826997283e-07
1365 7.40230452145e-07
1366 9.1453798827e-07
1367 5.68663382152e-05
1368 7.0195599829e-05
1369 2.12260520813e-07
1370 0.000195725362234
1371 1.21978200653e-05
1372 2.0320742572e-05
1373 4.90723945314e-06
1374 0.000404357029655
1375 2.64612623575e-05
1376 0.000254943494983
1377 0.000208283196886
1378 0.000105904234679
1379 5.34834841831e-07
1380 2.72341207213e-06
1381 0.000271322454494
1382 3.28655663951e-07
1383 1.67581870391e-06
1384 3.41002237446e-06
1385 6.89550320769e-06
1386 1.30310003276e-05
1387 0.0
1388 1.91667600645e-06
1389 0.000248739381245
1390 8.90384883952e-07
1391 6.56701017681e-05
1392 6.18516465504e-05
1393 1.08069857597e-05
1394 1.94187494768e-05
1395 0.0
1396 3.41002237446e-06
1397 5.32183979845e-05
1398 2.20866771209e-06
1399 5.74569332505e-06
1400 5.94456460872e-05
1401 1.15745772218e-05
1402 6.32722309185e-07
1403 0.000213843942295
1404 0.0
1405 9.18175076861e-06
1406 0.00341122539914
1407 2.57026256433e-05
1408 9.46679783018e-06
1409 8.96531438006e-05
1410 4.1295699552e-05
1411 3.76268701403e-05
1412 1.57221823274e-06
1413 9.35949886345e-06
1414 8.49169393917e-06
1415 3.14586676033e-09
1416 1.74464757098e-05
1417 2.20391098079e-05
1418 2.13222254945e-07
1419 3.1456903996e-06
1420 0.00115149691809
1421 0.00444809881208
1422 4.82842642214e-05
1423 2.49893620141e-06
1424 2.00989064048e-05
1425 3.61055622178e-06
1426 0.000155165879892
1427 1.86975775062e-05
1428 8.46019599073e-05
1429 2.92836559554e-05
1430 4.87435212141e-05
1431 0.0
1432 0.000296130622188
1433 6.40324527875e-06
1434 1.08973659711e-06
1435 2.2915916056e-06
1436 8.66422712555e-05
1437 1.87144794502e-05
1438 2.92185737738e-05
1439 4.87536100475e-06
1440 2.54197519722e-08
1441 4.40188406827e-05
1442 3.00370557014e-06
1443 1.79397911878e-06
1444 5.02250363673e-06
1445 1.54140286513e-05
1446 2.89230610082e-06
1447 2.28673883833e-05
1448 5.42468624326e-05
1449 2.12533934372e-05
1450 0.000455224137767
1451 0.00051313362511
1452 1.0462435256e-05
1453 1.62200835224e-06
1454 6.58977758352e-05
1455 3.85625304039e-05
1456 1.03365689987e-06
1457 3.07467466078e-05
1458 1.90266817633e-06
1459 2.8475437973e-05
1460 6.13765666878e-05
1461 3.95426454432e-05
1462 1.03834218057e-06
1463 0.000226517048666
1464 3.07076313931e-07
1465 2.1574463813e-05
1466 0.00733736856056
1467 0.0
1468 7.386666599e-05
1469 5.81015694763e-07
1470 7.73822609939e-05
1471 0.000245893238846
1472 7.56918087041e-05
1473 0.0011624178761
1474 0.000160054039508
1475 2.04481339421e-08
1476 0.000184017169944
1477 4.00108200456e-07
1478 8.25756790806e-06
1479 5.55621391364e-06
1480 0.0002211308856
1481 0.000600817690644
1482 1.37467897004e-06
1483 7.05279861259e-05
1484 0.000480348125776
1485 1.25083180306e-06
1486 3.4081693697e-05
1487 0.0
1488 0.000133348205894
1489 3.41113676514e-05
1490 5.47830689805e-06
1491 6.32112056876e-07
1492 2.44975166551e-05
1493 2.91976152317e-05
1494 1.37140788358e-07
1495 7.27378576331e-05
1496 0.000167798535844
1497 2.81229909163e-05
1498 1.62749001728e-05
1499 8.26565433174e-08
1500 1.01948553512e-06
1501 7.64560213315e-06
1502 1.1896769942e-05
1503 0.000276970544406
1504 8.94011974093e-06
1505 3.1997582424e-05
1506 0.00297550480547
1507 2.69165360389e-08
1508 2.6907937631e-05
1509 1.98090221613e-05
1510 0.000142995751489
1511 3.06722009132e-08
1512 0.000117208035064
1513 2.34859107697e-05
1514 7.40676611891e-05
1515 1.67325881897e-05
1516 0.000103610500965
1517 2.37161872212e-05
1518 7.1870703415e-07
1519 0.000215760344574
1520 2.70989633811e-05
1521 2.67559771854e-05
1522 3.41002237446e-06
1523 0.000133616135228
1524 6.93747857024e-05
1525 1.04631344506e-06
1526 3.27303152896e-05
1527 5.34380991759e-06
1528 3.10604341339e-06
1529 0.00106875258085
1530 4.47193541297e-05
1531 1.04290894725e-05
1532 2.80531360467e-05
1533 8.10567104224e-07
1534 6.28238641513e-06
1535 0.00265698615209
1536 6.61278388392e-06
1537 0.0011129308029
1538 0.000358491412777
1539 0.000346983034594
1540 0.000238939631992
1541 0.000187719785868
1542 7.63591558623e-06
1543 2.69492606025e-06
1544 6.40781901843e-05
1545 5.06446271581e-06
1546 0.000139243342097
1547 0.0
1548 1.46786053433e-05
1549 9.61853640146e-06
1550 0.000119897214922
1551 2.96412183236e-06
1552 4.20522748179e-05
1553 2.50723917839e-06
1554 0.000551719901461
1555 4.91078163107e-05
1556 0.000219908097639
1557 1.0069395909e-06
1558 5.96891651391e-05
1559 0.0
1560 6.96500893904e-05
1561 0.0
1562 1.50475791143e-05
1563 1.26858497664e-06
1564 1.88752351473e-05
1565 2.88927576591e-06
1566 1.70231551758e-05
1567 9.6449455729e-06
1568 5.56094473176e-05
1569 1.76590975545e-07
1570 3.50425466984e-05
1571 2.52449060986e-05
1572 1.38207512902e-05
1573 7.13525776652e-06
1574 0.000271040280775
1575 0.000153447956798
1576 3.57825787707e-06
1577 2.02423530769e-05
1578 0.0133487668141
1579 2.44310707207e-06
1580 9.43760028099e-09
1581 0.000278737123883
1582 0.0
1583 3.89744117366e-06
1584 0.000307515351947
1585 0.000296034537577
1586 5.83655952047e-06
1587 0.0
1588 5.17344068066e-06
1589 4.01358255822e-05
1590 8.30781389644e-05
1591 0.000391327384119
1592 0.00048641222498
1593 8.27566918278e-07
1594 0.000437661453346
1595 1.03563301278e-05
1596 1.62804440613e-05
1597 0.000169192727414
1598 1.90825189353e-05
1599 6.53982730219e-05
1600 4.33591719464e-06
1601 2.37120516303e-05
1602 5.7283446461e-07
1603 3.39441594298e-06
1604 2.437627838e-05
1605 9.01745385873e-05
1606 0.000305604053999
1607 1.48025784948e-05
1608 2.04481339421e-07
1609 2.79566273145e-05
1610 0.000262470618605
1611 5.57578042475e-05
1612 0.000191113895917
1613 0.000104394991536
1614 6.33651991943e-05
1615 0.000181505358299
1616 1.74600844304e-06
1617 2.3874984745e-05
1618 9.28105836353e-05
1619 5.57531172708e-05
1620 1.28419258583e-05
1621 0.00012927660924
1622 0.000234952645738
1623 9.32754620383e-05
1624 2.25182069933e-05
1625 1.42354686814e-05
1626 1.14294157771e-05
1627 6.88430353892e-05
1628 0.0
1629 0.000211575360915
1630 1.39677622305e-06
1631 8.67539974556e-05
1632 1.19928695529e-06
1633 0.000192980649918
1634 7.82197385933e-06
1635 2.55459120106e-05
1636 4.36523205147e-06
1637 0.0001965415709
1638 0.000291732782021
1639 1.2963282639e-05
1640 0.000250883311199
1641 7.48716288959e-08
1642 2.58272214382e-06
1643 0.00121670720443
1644 1.02796877069e-05
1645 1.49997240729e-05
1646 4.2398131509e-05
1647 3.48107620424e-06
1648 5.91170723119e-06
1649 1.54266685435e-07
1650 1.5300015882e-05
1651 1.26004737374e-05
1652 0.0
1653 5.72172202213e-06
1654 0.000149048414094
1655 1.09465754663e-05
1656 5.35608291302e-05
1657 0.00126051994558
1658 0.0
1659 5.56767886281e-06
1660 4.33775114059e-06
1661 4.08027814047e-05
1662 9.33089799573e-05
1663 2.51551352702e-05
1664 0.000299822069008
1665 3.09448426991e-07
1666 1.62074681967e-05
1667 0.0027715463726
1668 1.34606638593e-05
1669 1.42300729874e-05
1670 2.62509979483e-05
1671 3.48661543825e-06
1672 3.27498050246e-05
1673 1.49180874964e-05
1674 2.94683561356e-05
1675 3.71190813798e-05
1676 5.72577828886e-05
1677 1.12958053771e-06
1678 1.87960142415e-05
1679 1.17638813182e-05
1680 1.3616906423e-05
1681 8.76387350189e-05
1682 1.40069675112e-05
1683 2.77851850808e-05
1684 4.34039869279e-05
1685 0.315978185265
1686 0.000250175965813
1687 1.71157794009e-05
1688 0.000616204755396
1689 0.000577498399241
1690 2.5683656445e-05
1691 0.0
1692 1.25638576474e-05
1693 6.8944244846e-05
1694 6.13444018264e-08
1695 0.000136223833202
1696 1.70122416283e-05
1697 1.80532934205e-06
1698 1.89903891421e-05
1699 1.25889193363e-06
1700 2.95083328583e-05
1701 2.45977828926e-06
1702 1.01539641967e-06
1703 0.000205914686293
1704 7.30989652119e-05
1705 7.15132088322e-06
1706 4.21837305582e-05
1707 1.05606352564e-05
1708 5.40178209429e-05
1709 4.33650923676e-07
1710 7.96759678139e-05
1711 9.96828717711e-07
1712 1.92867939308e-07
1713 1.00280292811e-05
1714 1.9155951186e-07
1715 4.36671588146e-05
1716 2.65593969269e-05
1717 1.14249332522e-05
1718 2.80313824193e-05
1719 0.0120914760108
1720 1.01213485944e-05
1721 5.17145891363e-05
1722 1.66111871029e-05
1723 2.31840783418e-05
1724 2.09932239423e-06
1725 1.0659099914e-05
1726 3.53890854543e-05
1727 0.000676759686372
1728 1.40552650979e-05
1729 7.54789420076e-06
1730 0.000105726863142
1731 0.000191105566677
1732 8.99717893455e-08
1733 2.49135528571e-05
1734 2.29210103259e-06
1735 3.72763338243e-06
1736 1.3704746978e-05
1737 4.84439524513e-05
1738 7.32809305869e-06
1739 8.19815219806e-06
1740 1.42043532021e-06
1741 1.90273553454e-05
1742 1.55882636785e-05
1743 8.12302925283e-05
1744 2.75439605982e-05
1745 5.66920872111e-05
1746 2.82352267679e-05
1747 9.42603097369e-05
1748 1.42028796106e-06
1749 1.82660450972e-07
1750 1.99617189542e-06
1751 2.56455456076e-05
1752 4.49236065071e-05
1753 2.69234424052e-05
1754 6.82006306309e-06
1755 8.14110729353e-06
1756 0.0
1757 5.27694936525e-06
1758 3.17107623424e-05
1759 0.00105268186679
1760 6.18312621584e-08
1761 1.82533528038e-06
1762 0.000141209910671
1763 0.0
1764 1.84765222554e-05
1765 2.04788462839e-06
1766 3.01003095712e-05
1767 1.55628309507e-05
1768 1.87282550066e-05
1769 0.000161128028076
1770 1.07401683975e-05
1771 3.87990543293e-05
1772 7.40877930967e-07
1773 1.35678547517e-05
1774 1.01813944838e-05
1775 1.82140401997e-05
1776 2.55601674277e-09
1777 0.0
1778 2.19072401066e-07
1779 7.24888748778e-05
1780 1.21680488581e-05
1781 3.22693309854e-05
1782 2.15866046179e-05
1783 5.42861575477e-05
1784 0.000691388974126
1785 4.42864431758e-07
1786 1.44232542148e-05
1787 0.000369621219483
1788 1.20057493064e-05
1789 1.44159344292e-07
1790 1.24780107837e-05
1791 4.20528708642e-05
1792 4.43437823571e-05
1793 8.453593344e-07
1794 2.34155516187e-05
1795 0.000174466823647
1796 5.23067790642e-06
1797 9.59357616263e-06
1798 1.90983318668e-07
1799 9.57321196062e-07
1800 2.74964156801e-05
1801 0.000249774505307
1802 7.82853829288e-06
1803 4.37052960261e-08
1804 3.52459172671e-05
1805 7.23373657888e-05
1806 2.10476248064e-06
1807 0.000245246275666
1808 3.17752707749e-05
1809 3.87465806246e-05
1810 2.06433411356e-05
1811 1.98715849342e-05
1812 7.59354585209e-06
1813 1.82345166492e-05
1814 0.000123459129879
1815 7.01795777501e-07
1816 8.04113670322e-06
1817 1.69455047234e-05
1818 1.83985209598e-05
1819 8.89835691138e-06
1820 1.3490700067e-05
1821 6.91323515074e-05
1822 2.04187040294e-07
1823 6.75136736308e-07
1824 2.92279733296e-05
1825 3.68301747733e-05
1826 0.00015144545525
1827 8.62635532505e-06
1828 0.000128505427783
1829 0.000102053770111
1830 6.62596015827e-06
1831 5.26029169815e-06
1832 5.58997165467e-05
1833 1.6692946936e-06
1834 5.36830086515e-05
1835 0.0
1836 0.000281885502732
1837 8.98067524107e-06
1838 6.58124814774e-06
1839 2.0857096621e-07
1840 4.7939823302e-05
1841 5.75473491884e-07
1842 6.03126630994e-06
1843 2.0930942616e-05
1844 1.21520434746e-05
1845 0.000113366158658
1846 4.23632716876e-05
1847 5.72402153962e-05
1848 0.000417745671622
1849 2.07565980925e-05
1850 1.06492034911e-05
1851 4.48714731742e-05
1852 1.30466571673e-05
1853 3.93223769023e-05
1854 1.3284018032e-07
1855 0.0
1856 2.84853870912e-06
1857 0.0
1858 2.14768793441e-05
1859 1.32610260274e-05
1860 6.60376325893e-06
1861 9.02576376152e-06
1862 0.000304942843076
1863 8.00415919234e-06
1864 6.75463295552e-05
1865 2.23954854547e-05
1866 3.983402716e-08
1867 9.74942043771e-05
1868 3.94485596745e-05
1869 2.34948413173e-05
1870 1.38618876488e-06
1871 1.0501988279e-05
1872 9.79349051227e-05
1873 1.34899709736e-05
1874 1.01390537374e-06
1875 1.56841067607e-07
1876 1.64348562312e-05
1877 4.55704474916e-05
1878 2.9153324902e-06
1879 1.92389418207e-05
1880 2.04932500802e-05
1881 6.80358710444e-07
1882 0.00011266165645
1883 4.16589377975e-05
1884 4.24558736047e-05
1885 3.57847569908e-07
1886 6.73902493336e-06
1887 2.89553160801e-05
1888 7.24746972583e-08
1889 0.000202547093831
1890 2.81892132202e-06
1891 4.90755214612e-07
1892 7.22453517813e-06
1893 9.62635228661e-09
1894 9.42396408709e-05
1895 0.000108595059312
1896 3.20186546221e-06
1897 1.05350084364e-06
1898 3.24628767705e-05
1899 1.52047234522e-05
1900 7.14909684881e-05
1901 1.6040041575e-06
1902 1.32003672223e-05
1903 2.70444445067e-05
1904 1.02354429417e-05
1905 1.21386973297e-05
1906 4.19139361546e-08
1907 1.70807778398e-06
1908 9.73973698145e-06
1909 3.33856568005e-06
1910 0.000100104588574
1911 1.41850445002e-05
1912 9.64499302262e-05
1913 0.284152760762
1914 6.08916376299e-06
1915 3.03502227239e-05
1916 4.49364596236e-07
1917 3.37745531531e-05
1918 1.64542816403e-05
1919 1.38230707703e-05
1920 3.85730185797e-05
1921 2.58500436507e-05
1922 3.01128915034e-05
1923 8.51668120592e-07
1924 2.21089067509e-05
1925 2.47439604006e-08
1926 1.26442040812e-05
1927 0.000119285207875
1928 2.82992623176e-05
1929 9.28559738006e-06
1930 2.64007725214e-06
1931 6.5430913965e-07
1932 3.699518309e-05
1933 0.000698874777216
1934 3.87971508377e-07
1935 1.282723958e-05
1936 3.49136661049e-05
1937 3.11674855864e-06
1938 6.13444018264e-08
1939 7.36414224209e-06
1940 2.58632969443e-05
1941 0.000669796086949
1942 0.000671520525361
1943 1.16645098583e-05
1944 3.79577717661e-05
1945 2.50049324655e-06
1946 4.98211148147e-05
1947 7.36508654702e-06
1948 0.000811667477543
1949 2.25681654403e-05
1950 2.03998905093e-07
1951 1.24715155831e-07
1952 4.67413697449e-05
1953 1.80981732382e-05
1954 1.32544406973e-06
1955 0.00122839787739
1956 0.000771734661945
1957 6.75240683082e-07
1958 2.05869608667e-05
1959 6.36238632037e-06
1960 7.94500898902e-05
1961 1.22295274196e-05
1962 8.17245746813e-07
1963 7.46879880348e-06
1964 1.15946411089e-06
1965 0.00202209948322
1966 1.03803868542e-05
1967 3.07244743316e-05
1968 0.0
1969 1.7628959043e-05
1970 0.0
1971 4.41619931732e-05
1972 6.9577542406e-06
1973 7.0275174353e-05
1974 5.95008906989e-05
1975 2.73879341526e-07
1976 2.6092817639e-05
1977 2.16714714058e-05
1978 1.06135552366e-07
1979 1.71278826629e-07
1980 1.565155487e-05
1981 2.61374014071e-05
1982 1.87875867108e-05
1983 2.00937316038e-05
1984 4.38487165221e-05
1985 1.78396569395e-05
1986 0.000147643942689
1987 6.54026866927e-06
1988 8.04667066076e-06
1989 3.81393872291e-06
1990 1.81272080866e-06
1991 8.84137691559e-06
1992 3.11937259612e-05
1993 2.01182144701e-07
1994 1.78521649915e-05
1995 2.92244986699e-06
1996 4.01381717898e-05
1997 2.45377607306e-08
1998 1.98422519379e-06
1999 2.37647199115e-05
2000 2.6420930687e-05
2001 1.10161106504e-05
2002 4.84191247755e-05
2003 1.5641278707e-05
2004 5.3665787904e-05
2005 2.94633881557e-05
2006 3.28477347047e-06
2007 2.60057509743e-05
2008 0.000472249596971
2009 2.80431551207e-07
2010 6.08023639777e-06
2011 6.9799559293e-06
2012 0.00109942486176
2013 8.08975751431e-08
2014 3.2795729456e-06
2015 4.05467604594e-06
2016 1.39081968661e-07
2017 4.08793207442e-06
2018 6.54275792962e-07
2019 2.82065466499e-05
2020 9.18318351095e-06
2021 2.84573998861e-06
2022 1.01263240426e-07
2023 2.91596634224e-05
2024 1.91683283374e-05
2025 2.57014486756e-05
2026 2.02140509047e-05
2027 0.00114440036406
2028 4.88072848645e-06
2029 1.61784366774e-05
2030 7.31486731247e-06
2031 7.12903274078e-06
2032 6.44334864676e-05
2033 6.12324283083e-05
2034 4.98058220374e-06
2035 9.00380249953e-07
2036 1.91793478699e-05
2037 1.20242014781e-06
2038 3.79215957188e-05
2039 0.000124116698543
2040 1.57385276642e-05
2041 2.6666638401e-05
2042 8.2949319766e-07
2043 0.00078634062315
2044 1.46973139921e-05
2045 6.83412318469e-07
2046 4.68462979033e-06
2047 1.08732137909e-06
2048 0.000659851728902
2049 5.99646144636e-06
2050 8.59456749043e-06
2051 2.11568606336e-07
2052 2.72166381101e-07
2053 1.26582136187e-05
2054 3.72091692517e-05
2055 0.00014764919035
2056 1.79775168075e-06
2057 4.64712294166e-05
2058 3.32676719838e-06
2059 1.56472617887e-05
2060 5.75543111464e-06
2061 2.55827064806e-05
2062 2.28458878323e-05
2063 6.98440088435e-05
2064 7.31050996382e-06
2065 1.74650147686e-05
2066 1.64741934743e-05
2067 1.29547586266e-07
2068 2.86234241963e-05
2069 6.97470622179e-05
2070 1.7258367379e-05
2071 1.55316418729e-05
2072 3.33795124347e-05
2073 9.36084529197e-05
2074 8.71996868377e-06
2075 2.91998344149e-06
2076 2.6563981899e-05
2077 1.18961875774e-06
2078 1.40369135827e-06
2079 2.25496321283e-05
2080 0.0
2081 4.95850017702e-06
2082 0.000164476372318
2083 1.52312392326e-06
2084 1.26959180237e-05
2085 2.26867211011e-05
2086 1.31558327153e-05
2087 2.40944469013e-06
2088 8.34480791205e-05
2089 2.03953238805e-05
2090 1.61561292414e-05
2091 1.43596394294e-05
2092 2.25453001672e-05
2093 5.83278760206e-06
2094 1.63917992531e-05
2095 4.90755214612e-08
2096 1.0319457355e-05
2097 5.30427616624e-06
2098 1.48131851649e-05
2099 1.38356604563e-06
2100 2.53714294233e-06
2101 0.0
2102 4.97424068322e-05
2103 7.4044800679e-05
2104 1.04942231492e-05
2105 4.88333532334e-06
2106 8.48200127968e-06
2107 4.08962678843e-08
2108 1.99279558452e-05
2109 2.73163212943e-06
2110 1.69726253437e-06
2111 2.36775032507e-06
2112 0.000189458434258
2113 1.40348311095e-05
2114 2.30187564949e-07
2115 8.83302198865e-06
2116 2.72910038398e-06
2117 8.28644832495e-05
2118 0.000203491359555
2119 6.74977971776e-06
2120 8.25523960748e-06
2121 1.17301188673e-05
2122 6.65495166468e-06
2123 2.33006564949e-06
2124 1.94377858423e-05
2125 4.5127368619e-06
2126 3.24625128865e-05
2127 5.03805716312e-05
2128 3.36413112453e-05
2129 0.000973252558689
2130 1.78203998069e-05
2131 4.81508495237e-07
2132 2.59536392979e-05
2133 0.000118415526381
2134 0.000283842535529
2135 1.96531871306e-05
2136 9.65402183527e-06
2137 9.40253172025e-06
2138 1.2540987181e-05
2139 4.19686759404e-05
2140 4.88229480796e-06
2141 1.34762405924e-05
2142 6.06539828652e-07
2143 0.000111837623296
2144 0.000190695632863
2145 1.33557125555e-05
2146 1.96316198332e-05
2147 2.42337388328e-05
2148 4.15639952131e-06
2149 1.78131595454e-05
2150 4.69219248974e-05
2151 2.76270134713e-05
2152 7.82204955373e-06
2153 1.20453084806e-05
2154 3.192739135e-05
2155 7.36390621492e-06
2156 2.87781399637e-05
2157 8.34441382251e-06
2158 2.68215443902e-05
2159 8.69850183678e-08
2160 4.04072965093e-05
2161 1.0924143259e-05
2162 3.33989881395e-05
2163 1.01375177806e-05
2164 9.558336532e-06
2165 1.79180397406e-06
2166 3.71420323024e-06
2167 1.55882305954e-05
2168 0.0
2169 0.0
2170 1.95212446369e-05
2171 7.92860441971e-07
2172 4.75340477882e-05
2173 1.97626363375e-05
2174 1.63181774799e-05
2175 4.79315522382e-05
2176 2.04627397521e-07
2177 0.00013149024526
2178 7.31675734576e-08
2179 6.13444018264e-08
2180 1.40992913772e-06
2181 1.55835030186e-05
2182 1.90689425355e-06
2183 6.30705430034e-08
2184 2.31636562624e-05
2185 1.86596649945e-05
2186 3.87832612185e-06
2187 5.26270720308e-06
2188 3.68821386629e-05
2189 2.66978832345e-05
2190 0.000279665633052
2191 3.8675784225e-06
2192 8.25008099947e-06
2193 1.54926609739e-06
2194 1.45569559951e-06
2195 2.26195926412e-05
2196 0.0
2197 1.05465111885e-05
2198 1.80607023103e-05
2199 7.94139197768e-06
2200 0.000227107666531
2201 1.6051845654e-05
2202 6.48476325675e-06
2203 3.950963708e-05
2204 3.5760816698e-05
2205 0.0
2206 1.72872594541e-07
2207 2.11617061643e-05
2208 4.498993582e-06
2209 6.56134409252e-06
2210 5.56127046354e-06
2211 2.39264688e-05
2212 1.89508328442e-05
2213 1.96844521074e-06
2214 1.13872322438e-06
2215 5.43958452845e-06
2216 1.78443592827e-05
2217 2.83758470386e-06
2218 1.1071735069e-06
2219 2.39606643242e-05
2220 0.0
2221 7.25803198993e-06
2222 5.69402369306e-06
2223 8.79827746343e-06
2224 5.30082505967e-05
2225 2.81282091509e-05
2226 5.96151310807e-06
2227 3.81526053862e-05
2228 2.71741094281e-07
2229 2.28897683214e-05
2230 4.68248043101e-05
2231 1.02240669711e-08
2232 2.34221802172e-05
2233 3.07091622712e-05
2234 0.000155456376199
2235 1.87640415815e-05
2236 5.14024982058e-05
2237 3.05124630767e-05
2238 2.35423335538e-06
2239 8.4703574699e-06
2240 1.16401559093e-05
2241 1.17039548466e-05
2242 1.80883764333e-05
2243 1.42805325102e-05
2244 2.3173189751e-05
2245 1.76886345755e-05
2246 4.2064732681e-08
2247 2.34771100454e-05
2248 8.08648592283e-05
2249 8.36001890158e-07
2250 1.41503979136e-06
2251 4.02771698906e-05
2252 5.41493234379e-07
2253 1.30124488723e-08
2254 4.10288997456e-06
2255 2.09978477192e-05
2256 5.23472228919e-07
2257 4.0057409629e-08
2258 1.32528632317e-05
2259 5.84512860815e-07
2260 1.556013343e-05
2261 3.09641613916e-06
2262 1.70038825537e-06
2263 2.70329993359e-05
2264 1.1655436347e-07
2265 2.29097896847e-05
2266 5.0073730283e-07
2267 0.000397902589563
2268 2.29355867162e-05
2269 0.000332065203198
2270 0.0
2271 2.93865162327e-06
2272 2.52441280222e-05
2273 8.58180731054e-06
2274 1.01486218303e-05
2275 1.10863615717e-05
2276 5.88066991751e-06
2277 3.8384676735e-06
2278 6.97496479255e-06
2279 5.07003524003e-05
2280 2.40871882985e-05
2281 4.40112149561e-06
2282 2.42456445314e-07
2283 9.93851637782e-05
2284 0.000147271885104
2285 3.3317470117e-05
2286 5.34058787476e-06
2287 1.76452039717e-05
2288 1.09486443399e-05
2289 2.61564913753e-05
2290 0.000271912853965
2291 4.72669476191e-06
2292 1.23117998604e-06
2293 8.62241991261e-05
2294 5.6847008209e-06
2295 5.65691334964e-05
2296 3.54569399359e-06
2297 9.92282515609e-06
2298 3.19478916157e-05
2299 8.08430279351e-06
2300 1.26573579223e-05
2301 4.47924865916e-05
2302 5.65105880355e-07
2303 7.17927650095e-05
2304 9.69398917889e-06
2305 7.69902345332e-06
2306 5.74487510002e-06
2307 9.09620265403e-07
2308 2.01405345661e-06
2309 2.75530628251e-06
2310 2.58739815929e-05
2311 4.35804284428e-06
2312 1.01701281849e-05
2313 1.88349392528e-07
2314 0.000170989624674
2315 8.28408951817e-07
2316 3.48959846776e-06
2317 1.25158567768e-06
2318 2.63839369365e-05
2319 1.64758949602e-05
2320 3.78802438966e-05
2321 2.21286412255e-07
2322 6.55265320779e-07
2323 4.40609158623e-05
2324 5.92510862557e-06
2325 5.25386648622e-05
2326 0.000725506358507
2327 6.36220629099e-06
2328 8.70213563165e-05
2329 0.000208012402408
2330 5.58471251963e-06
2331 5.74349652528e-06
2332 1.98469497234e-05
2333 2.6189829442e-05
2334 0.000193122071499
2335 1.46812150684e-05
2336 2.43649799756e-05
2337 8.45752237789e-05
2338 1.07042542312e-05
2339 1.05803016858e-05
2340 2.82803915612e-05
2341 9.31408276189e-06
2342 1.46792469986e-05
2343 1.57460217241e-05
2344 1.80840710086e-05
2345 0.000104100203231
2346 1.80557927021e-05
2347 1.8083932001e-05
2348 0.00116622942657
2349 7.4807788122e-06
2350 7.28738832271e-07
2351 4.85998120144e-05
2352 1.48762569773e-05
2353 4.12072360852e-06
2354 1.10127071495e-06
2355 4.90734271644e-06
2356 9.75231477424e-06
2357 3.47887438655e-06
2358 6.82514715654e-06
2359 1.15335533812e-07
2360 1.9227414703e-06
2361 8.62104355733e-07
2362 1.71731284314e-05
2363 5.60107314277e-07
2364 4.45205752475e-06
2365 4.75558027088e-05
2366 3.99413295316e-05
2367 9.85547302393e-06
2368 1.25248579275e-05
2369 4.79803463015e-05
2370 3.29290978397e-05
2371 2.91233172112e-06
2372 2.23707064845e-05
2373 2.62843214645e-05
2374 1.60243071583e-05
2375 3.26393745967e-06
2376 0.0
2377 3.58909181967e-05
2378 3.7446468672e-05
2379 3.01334284046e-05
2380 3.69198125441e-06
2381 0.0
2382 1.54461036916e-05
2383 0.0
2384 1.8407177618e-05
2385 0.000213598254607
2386 3.03140749954e-05
2387 3.07955791688e-06
2388 2.61324606516e-05
2389 2.06526152816e-07
2390 2.18147194441e-05
2391 2.36746322922e-05
2392 3.68412276058e-05
2393 6.73823203564e-06
2394 1.12144000003e-05
2395 6.27819157741e-05
2396 1.90068323825e-05
2397 0.000560395514526
2398 1.65346768239e-05
2399 4.27404238582e-05
2400 4.34568880206e-05
2401 6.16311719598e-07
2402 3.57267787748e-06
2403 7.67165438046e-06
2404 9.42622381247e-07
2405 2.94713031714e-05
2406 1.07913077118e-05
2407 1.05188074622e-05
2408 1.09515252759e-06
2409 2.60942131064e-06
2410 1.64004186994e-05
2411 2.99519982476e-05
2412 1.54548077556e-05
2413 8.93128317807e-06
2414 4.72826464618e-06
2415 1.86432378549e-05
2416 1.19762162047e-06
2417 1.1536264717e-05
2418 5.52801491474e-05
2419 1.11474487117e-06
2420 7.75356368033e-05
2421 4.7446099062e-06
2422 8.48597558599e-07
2423 3.06722009132e-08
2424 1.31457084425e-05
2425 4.14079438281e-07
2426 1.09793413141e-05
2427 2.21358503155e-06
2428 1.27027076995e-06
2429 3.21729193976e-05
2430 2.15311646702e-05
2431 4.85941754735e-06
2432 0.0
2433 2.48384487166e-05
2434 9.26920435882e-06
2435 3.86218922065e-05
2436 1.87495208625e-05
2437 1.40304764792e-05
2438 8.17925357686e-08
2439 3.77840665094e-05
2440 3.47618277017e-07
2441 2.13347751821e-05
2442 0.0
2443 1.46058099587e-09
2444 1.68362802796e-05
2445 1.07608950747e-07
2446 1.37136877921e-05
2447 3.74697783908e-06
2448 2.47277750211e-05
2449 2.20211346547e-05
2450 1.42901101025e-05
2451 5.79850655359e-07
2452 4.02966032292e-05
2453 2.63059549763e-07
2454 2.1307830849e-06
2455 5.84786891025e-07
2456 8.79001174352e-06
2457 8.39027000595e-07
2458 0.0
2459 2.47658877661e-05
2460 3.68076390827e-05
2461 1.37926548589e-05
2462 3.13773712434e-05
2463 1.30776424416e-05
2464 1.46661382477e-05
2465 8.29192945311e-06
2466 2.36806443492e-06
2467 2.76791554254e-07
2468 1.82654120035e-06
2469 0.00033936125766
2470 1.53409507132e-06
2471 0.0
2472 3.02286012261e-05
2473 0.000171378011823
2474 1.157812516e-05
2475 1.31462320938e-05
2476 1.98632668775e-05
2477 1.99634717186e-05
2478 1.272572635e-06
2479 4.66422254682e-05
2480 2.36410557795e-05
2481 5.09171072119e-06
2482 1.75269719504e-08
2483 5.36381160222e-06
2484 0.0
2485 2.3534668303e-06
2486 2.59316877278e-06
2487 1.40090999959e-06
2488 2.42456445314e-07
2489 2.38904111358e-05
2490 2.35184125115e-06
2491 8.77885540668e-07
2492 6.55958169028e-05
2493 1.40596071779e-05
2494 3.39585081539e-08
2495 7.44877084856e-06
2496 3.0963208978e-06
2497 4.26900780876e-08
2498 3.33623409885e-06
2499 4.8457585335e-05
2500 1.15554880111e-05
2501 5.51777947123e-06
2502 9.83275940587e-05
2503 1.04710572956e-05
2504 7.28242971546e-06
2505 3.88877705937e-06
2506 0.0
2507 1.661129011e-05
2508 2.1848852256e-05
2509 3.07303769237e-05
2510 9.55914933261e-05
2511 6.05394994926e-05
2512 0.000110688541083
2513 0.000204823201742
2514 4.17144914466e-07
2515 1.7445855188e-07
2516 7.28705674249e-07
2517 1.46500410646e-05
2518 0.0
2519 9.3770258723e-06
2520 3.06602184947e-06
2521 6.79231340846e-06
2522 5.08009917111e-06
2523 5.85584107199e-07
2524 1.70881431255e-05
2525 3.69068005768e-07
2526 1.05433508984e-05
2527 7.39345714112e-05
2528 1.28980537174e-07
2529 7.97477223744e-08
2530 2.31853061355e-05
2531 1.57636708288e-05
2532 3.10630014614e-06
2533 1.06933218832e-06
2534 2.05809346048e-05
2535 1.68617959014e-06
2536 1.11831325213e-06
2537 1.47093331948e-05
2538 3.63971780653e-05
2539 4.09654423994e-05
2540 2.2932895138e-06
2541 2.79844814249e-05
2542 0.0
2543 0.000254635373319
2544 0.00167459854603
2545 1.43095937375e-05
2546 9.7516391938e-06
2547 4.25820307531e-06
2548 1.62608000662e-05
2549 4.08962678843e-08
2550 2.78740972282e-06
2551 2.52713922035e-05
2552 1.06563029695e-05
2553 1.57199556809e-06
2554 1.17059744533e-05
2555 6.1020505406e-06
2556 3.50890931115e-05
2557 2.7881136648e-06
2558 6.90119830558e-06
2559 5.5507920167e-06
2560 3.47909379602e-06
2561 4.87989301324e-05
2562 1.5791462852e-05
2563 1.39529881044e-06
2564 1.50412595639e-06
2565 9.59534851192e-06
2566 2.45377607306e-08
2567 7.12010594888e-06
2568 2.75990518295e-05
2569 1.07778362136e-05
2570 0.0
2571 1.222619031e-05
2572 8.58905035195e-06
2573 6.5330244349e-06
2574 1.34774885406e-05
2575 1.56719753806e-06
2576 2.96370967037e-05
2577 2.77887821101e-06
2578 9.79080148997e-06
2579 1.20707631979e-05
2580 9.49452542375e-07
2581 3.33509385358e-08
2582 7.28315395243e-06
2583 1.42868233248e-05
2584 1.68558588633e-05
2585 8.944432841e-06
2586 1.24571067601e-05
2587 4.84747122661e-06
2588 1.77767102458e-06
2589 2.17201160017e-05
2590 9.99392401713e-06
2591 3.67543493544e-05
2592 7.74046169738e-07
2593 4.52729590827e-05
2594 5.00316216454e-06
2595 4.50679601652e-05
2596 0.0
2597 0.0
2598 2.86396867467e-05
2599 6.548763179e-05
2600 3.04540451414e-08
2601 2.62782836449e-05
2602 7.56793789592e-06
2603 2.62273605091e-05
2604 5.25541934251e-05
2605 2.44271321658e-05
2606 5.81788048766e-06
2607 3.30853477179e-07
2608 3.03712553182e-05
2609 4.65548697316e-05
2610 2.2614477337e-07
2611 2.65264348292e-05
2612 5.60514757927e-05
2613 7.29179892551e-06
2614 1.07440705234e-07
2615 2.44829043285e-06
2616 1.63846624518e-05
2617 4.00638163023e-05
2618 6.03452018781e-05
2619 1.99933474831e-05
2620 4.41860189757e-06
2621 3.44752815598e-05
2622 2.45377607306e-08
2623 3.35617565336e-06
2624 5.85891497971e-06
2625 2.76334026493e-05
2626 5.64975218848e-06
2627 2.84181833804e-05
2628 3.39773904301e-06
2629 1.73124635751e-05
2630 4.30277224442e-05
2631 1.38345100575e-05
2632 4.40009240658e-06
2633 3.27170143074e-08
2634 1.15116818842e-06
2635 3.14678502113e-07
2636 1.65446811704e-06
2637 2.02496427728e-05
2638 8.65223755717e-06
2639 3.19310184325e-06
2640 3.67360779406e-05
2641 3.54999523252e-05
2642 1.05077110494e-05
2643 0.000197293047964
2644 1.68965626557e-05
2645 1.18189716218e-05
2646 3.91767465508e-05
2647 1.53349063991e-05
2648 2.37789548924e-05
2649 2.45708668723e-05
2650 2.58954052703e-05
2651 3.79861248376e-07
2652 5.19157069225e-06
2653 2.23996227629e-05
2654 6.50623083793e-06
2655 2.2000029697e-06
2656 3.79088236096e-06
2657 6.66333826893e-06
2658 4.08643631213e-05
2659 2.86632382676e-05
2660 8.91565476706e-05
2661 1.39989485431e-05
2662 3.63423908148e-05
2663 9.60906531865e-06
2664 3.61135554852e-06
2665 9.37501088264e-06
2666 2.0975691026e-05
2667 5.15113183517e-06
2668 4.3142779343e-06
2669 1.540644441e-05
2670 2.54931052404e-05
2671 6.04292405871e-07
2672 0.0
2673 7.56089923736e-06
2674 1.89488890068e-06
2675 1.17742636683e-05
2676 7.80133052094e-06
2677 1.95046917488e-05
2678 1.62596123075e-05
2679 4.51034900554e-07
2680 1.94446792258e-05
2681 3.90887366771e-06
2682 2.59971475926e-06
2683 9.26365773523e-07
2684 2.19100800787e-05
2685 4.746989045e-06
2686 9.17216486915e-07
2687 3.39725617188e-06
2688 3.69739627159e-07
2689 1.50030879896e-06
2690 1.47860473375e-05
2691 1.28176657109e-05
2692 0.0
2693 1.84033205479e-08
2694 1.7097068211e-05
2695 2.46535404267e-05
2696 7.63497236458e-08
2697 3.75419420612e-06
2698 2.76218352246e-06
2699 1.39163074134e-05
2700 5.50240695171e-08
2701 3.98904685341e-06
2702 3.24490588164e-06
2703 5.13890578707e-06
2704 2.9348076995e-07
2705 0.0
2706 8.20431390144e-07
2707 9.3560188869e-06
2708 1.36659586496e-05
2709 4.96079298406e-06
2710 1.61861585962e-06
2711 9.71453699212e-07
2712 1.06524296029e-05
2713 5.64836479226e-06
2714 6.96003579191e-06
2715 6.13444018264e-08
2716 1.02909594644e-05
2717 6.47251940057e-05
2718 8.68602153162e-06
2719 1.25979054579e-05
2720 4.05165343204e-05
2721 9.23981552982e-06
2722 0.0
2723 0.0
2724 1.00283933777e-06
2725 8.1640605982e-05
2726 3.64379244029e-06
2727 1.43810282587e-06
2728 1.84942885284e-06
2729 7.94844858396e-06
2730 1.96681268794e-05
2731 9.91736264792e-05
2732 1.50326179681e-06
2733 1.75269719504e-08
2734 4.71947666467e-06
2735 2.31255475615e-05
2736 4.72206333016e-06
2737 0.0
2738 3.07720974319e-06
2739 3.51763288162e-05
2740 9.15925422646e-06
2741 0.0
2742 8.94410559011e-06
2743 5.97927745013e-05
2744 5.27691592787e-06
2745 2.56397338712e-06
2746 7.03259536634e-06
2747 9.86720124734e-08
2748 7.35703947148e-07
2749 3.66999244705e-05
2750 1.22584946644e-05
2751 1.60912033091e-05
2752 1.04245894641e-05
2753 3.71682655983e-06
2754 6.08140791637e-06
2755 5.76724550822e-05
2756 1.88724862721e-05
2757 2.93704279462e-06
2758 1.09685934388e-05
2759 1.87094768837e-05
2760 7.17427608456e-06
2761 2.6074090669e-06
2762 1.63630616817e-06
2763 3.78983735642e-06
2764 1.10666034754e-05
2765 2.91626694228e-05
2766 0.000421983913118
2767 8.738892217e-07
2768 0.0
2769 6.72250253518e-06
2770 7.13983340426e-07
2771 1.13667494797e-06
2772 7.40372932808e-07
2773 1.57795422089e-05
2774 1.21675232215e-05
2775 2.45377607306e-08
2776 9.55213530984e-06
2777 1.09738318823e-07
2778 1.13510281757e-05
2779 4.36466668571e-05
2780 4.60951942577e-07
2781 4.01155961879e-05
2782 3.53009856518e-05
2783 2.60301160843e-05
2784 1.0024435923e-05
2785 9.14295935557e-06
2786 1.55601982785e-05
2787 3.10309400215e-05
2788 2.05457910891e-05
2789 0.0
2790 2.43853043581e-06
2791 6.54637568811e-07
2792 1.90876691895e-06
2793 0.0
2794 3.3984062363e-05
2795 4.15694504193e-07
2796 7.30754433895e-06
2797 1.24448776334e-05
2798 4.47663488953e-06
2799 1.02240669711e-08
2800 1.36320892948e-08
2801 9.93161127719e-06
2802 1.79273429763e-07
2803 4.02386645832e-07
2804 5.70430148333e-06
2805 5.84659337407e-07
2806 8.09746104109e-07
2807 1.23515458897e-05
2808 3.8287546506e-06
2809 0.0
2810 2.21075940781e-06
2811 1.1451088068e-05
2812 3.41970697166e-07
2813 1.07268337744e-05
2814 2.62272812964e-05
2815 0.0
2816 1.0487521277e-05
2817 3.181145409e-07
2818 0.0
2819 4.16678522929e-06
2820 5.45430400721e-06
2821 1.83362666022e-06
2822 7.90322413237e-07
2823 4.80972734576e-06
2824 5.08297360729e-06
2825 0.0
2826 1.19922136505e-05
2827 7.60056616533e-06
2828 1.51585389171e-05
2829 1.21931784621e-05
2830 1.62352019385e-06
2831 1.69321366958e-06
2832 2.23387297403e-06
2833 8.52858686776e-06
2834 2.10395692171e-05
2835 4.29410812785e-07
2836 2.43525958946e-06
2837 1.2675502025e-05
2838 7.89039559683e-07
2839 0.0
2840 6.72710755212e-05
2841 6.99036476834e-06
2842 1.39597766803e-05
2843 0.0
2844 2.69953999633e-06
2845 1.01521145554e-05
2846 3.44761696595e-06
2847 1.43777603797e-06
2848 1.96046100728e-06
2849 6.0385029554e-06
2850 1.82543991506e-05
2851 9.62508930276e-07
2852 1.0154318995e-05
2853 3.52268348287e-08
2854 9.3582014942e-06
2855 6.1658048172e-06
2856 0.0
2857 4.68884431581e-06
2858 0.0
2859 3.47690021098e-06
2860 2.64707641849e-06
2861 0.0
2862 5.98107917808e-07
2863 6.31985994793e-06
2864 0.000101243762182
2865 8.74821736199e-06
2866 1.54283874156e-05
2867 1.6442149429e-05
2868 1.18628284467e-05
2869 5.32332559245e-06
2870 0.00134603485317
2871 4.40523389235e-06
2872 1.1740479773e-05
2873 1.47818258172e-05
2874 9.34949758681e-06
2875 3.89500654675e-06
2876 1.43569621297e-05
2877 1.03870721227e-06
2878 3.3827928122e-05
2879 1.01997085061e-06
2880 8.83253162228e-08
2881 5.90693976151e-06
2882 2.83191615332e-05
2883 1.15546562583e-06
2884 1.85739318741e-05
2885 3.3356775638e-07
2886 0.0
2887 2.97666406958e-07
2888 3.46083102472e-06
2889 6.23088556585e-07
2890 2.75622256327e-06
2891 2.11633451718e-05
2892 6.71253517533e-07
2893 1.69610445607e-05
2894 9.01757007226e-07
2895 1.88087022843e-05
2896 5.99966454205e-07
2897 5.570463248e-06
2898 1.04731470882e-05
2899 4.62074715056e-08
2900 8.76348597521e-09
2901 8.11839603536e-08
2902 4.01744471834e-05
2903 0.0
2904 7.3837927449e-07
2905 4.10657306027e-05
2906 1.5512832394e-05
2907 1.99599561706e-05
2908 1.3063942929e-06
2909 2.19304544533e-07
2910 2.17734187548e-05
2911 1.23574308356e-05
2912 4.42086880338e-06
2913 1.077512568e-05
2914 2.29817744924e-05
2915 1.19174792525e-05
2916 3.25631305261e-05
2917 1.92838917987e-05
2918 7.71433830795e-06
2919 1.12163887277e-06
2920 1.00758064813e-05
2921 1.26771171736e-05
2922 1.39794434916e-05
2923 0.0
2924 3.7193640439e-06
2925 3.51806125474e-06
2926 0.000112813448595
2927 4.34522846271e-07
2928 1.73348159977e-05
2929 1.98393237506e-05
2930 3.36121995411e-06
2931 1.75269719504e-08
2932 6.83269481193e-06
2933 8.61862420298e-06
2934 1.04851589311e-06
2935 3.6340516588e-06
2936 6.53954700751e-07
2937 1.81313474834e-05
2938 1.36432081911e-05
2939 9.08209206116e-06
2940 9.04035329564e-06
2941 5.47659432926e-06
2942 1.80114883533e-06
2943 7.25567952714e-07
2944 1.53569833956e-05
2945 3.41925361621e-05
2946 4.65814964432e-06
2947 4.64605232656e-05
2948 4.56269429368e-07
2949 1.27778677527e-06
2950 4.05398861213e-06
2951 1.92540542483e-05
2952 0.00011438479921
2953 6.13444018264e-08
2954 1.12972638094e-06
2955 1.51647387781e-06
2956 1.6246737337e-05
2957 2.54554026248e-05
2958 2.41492461857e-06
2959 2.41745779374e-05
2960 2.96295707869e-07
2961 1.54200970958e-05
2962 8.26342590215e-07
2963 1.37312704902e-05
2964 3.27170143074e-08
2965 1.65621536441e-05
2966 2.43633591854e-06
2967 3.60174849945e-05
2968 1.29620699392e-06
2969 1.16196026155e-05
2970 7.07596904748e-06
2971 1.76904236065e-06
2972 1.73959622611e-07
2973 2.55505664058e-07
2974 1.69845884572e-05
2975 3.45882022281e-06
2976 6.13444018264e-08
2977 3.31095426827e-05
2978 9.5766489222e-07
2979 4.04115256357e-06
2980 1.93753003e-05
2981 0.0
2982 1.5392741663e-06
2983 4.88732871694e-08
2984 1.49388224257e-06
2985 3.71272357927e-06
2986 9.59428365663e-06
2987 1.53788821106e-05
2988 1.12615585179e-06
2989 1.47860738408e-05
2990 1.36550003016e-05
2991 3.91501175688e-07
2992 9.14361569463e-06
2993 2.41144863176e-05
2994 1.23543535738e-05
2995 7.84284073804e-06
2996 2.31119475993e-06
2997 1.42109935236e-05
2998 1.63701918017e-06
2999 4.08962678843e-08
3000 1.9759850489e-05
3001 1.62792020285e-05
3002 2.28222516241e-05
3003 5.20216514414e-05
3004 0.0
3005 1.20051935368e-05
3006 4.83080120639e-05
3007 0.0
3008 4.32350663803e-06
3009 5.70525407463e-08
3010 2.69620835351e-06
3011 8.58510288262e-06
3012 4.70916096403e-05
3013 2.57792545771e-07
3014 1.15391444861e-06
3015 9.94465884188e-06
3016 1.03449769844e-06
3017 6.89079742416e-06
3018 3.73558965131e-05
3019 8.6512831709e-06
3020 0.000107990595973
3021 7.49671234508e-05
3022 2.52562749744e-06
3023 1.67051793438e-05
3024 2.41898297144e-06
3025 1.80668357801e-06
3026 9.78000169006e-06
3027 3.34372993683e-05
3028 3.85787016852e-05
3029 1.24222413699e-06
3030 3.11851283528e-06
3031 6.94455286394e-08
3032 0.0
3033 1.33538558889e-06
3034 2.17051317552e-05
3035 3.5164387332e-05
3036 3.49894096247e-05
3037 5.97771492273e-06
3038 0.0
3039 4.16565103889e-05
3040 4.47713252855e-07
3041 9.976534401e-06
3042 4.04929362006e-06
3043 2.578056489e-06
3044 2.63836989191e-06
3045 1.63585071537e-07
3046 6.58429912937e-07
3047 9.03043496441e-06
3048 8.79003200281e-06
3049 2.79287628717e-06
3050 2.20883830126e-05
3051 1.89197885106e-06
3052 6.32781048539e-05
3053 9.45639500659e-06
3054 1.57791433587e-07
3055 1.59140405112e-05
3056 2.45377607306e-08
3057 1.04654804209e-05
3058 7.0084129669e-06
3059 5.60361655982e-08
3060 0.0
3061 2.64663470511e-05
3062 1.34001109305e-06
3063 2.1720702094e-05
3064 1.31160173429e-07
3065 1.0931229057e-05
3066 2.85297746657e-06
3067 1.14728637225e-06
3068 2.30185430766e-06
3069 8.98473720711e-07
3070 1.99066986635e-06
3071 4.9890150238e-06
3072 0.0
3073 3.1134442008e-05
3074 7.92577502708e-06
3075 2.45377607306e-08
3076 5.2403516182e-06
3077 3.90472373636e-05
3078 3.77058177686e-05
3079 2.51827883422e-05
3080 2.68929255188e-05
3081 4.59987864528e-06
3082 8.98174106954e-06
3083 5.39358885927e-05
3084 2.62758521157e-07
3085 3.40837749407e-05
3086 3.6607623348e-06
3087 6.76604281201e-06
3088 2.27683072263e-05
3089 8.50643253695e-07
3090 1.64728406721e-05
3091 7.1617744208e-05
3092 0.0
3093 1.99345093087e-07
3094 1.31097326087e-06
3095 5.05350768299e-08
3096 1.91634284145e-06
3097 1.34989879795e-05
3098 3.66605570695e-05
3099 1.49296130536e-05
3100 4.31601684279e-07
3101 5.48764002561e-05
3102 0.000181043868027
3103 1.55576803859e-06
3104 2.21004885418e-06
3105 2.5069627033e-05
3106 1.85362334186e-06
3107 7.25839435969e-06
3108 3.46317539688e-05
3109 9.98999355236e-06
3110 1.08689284469e-06
3111 2.45506897611e-06
3112 8.46624157617e-05
3113 3.00163646999e-06
3114 1.72002817632e-05
3115 9.23923676877e-06
3116 1.96008544733e-05
3117 4.66408467364e-05
3118 0.00221534230158
3119 1.42205929848e-05
3120 1.27271916061e-05
3121 8.75050498723e-06
3122 1.22688803653e-07
3123 2.89681897514e-08
3124 2.29188927684e-06
3125 1.80878277755e-05
3126 0.0
3127 1.75269719504e-08
3128 2.45377607306e-08
3129 1.83156856882e-07
3130 4.50176017989e-06
3131 6.16405404813e-07
3132 1.75269719504e-08
3133 1.52191386806e-05
3134 4.71621603566e-07
3135 0.0
3136 2.04599155824e-06
3137 4.71806070287e-05
3138 1.25468584064e-05
3139 2.85728285203e-06
3140 2.43541299737e-06
3141 4.99023804987e-05
3142 5.28925064637e-07
3143 1.03779622335e-05
3144 2.04481339421e-08
3145 3.12227475639e-06
3146 2.32258080594e-05
3147 1.2277334559e-05
3148 0.0
3149 6.13650160204e-06
3150 1.36943513526e-05
3151 4.02218524203e-05
3152 1.35467451156e-06
3153 4.01165791321e-05
3154 1.04639211084e-06
3155 8.89870319629e-05
3156 1.10361500048e-06
3157 7.74995731945e-07
3158 2.64935336012e-06
3159 5.49269202359e-06
3160 3.80335291324e-07
3161 3.5619292455e-06
3162 3.85593382909e-07
3163 4.68583278791e-05
3164 6.54836293579e-07
3165 2.59629585831e-06
3166 1.41935121942e-06
3167 2.76657008178e-06
3168 1.29242468907e-06
3169 5.11333601608e-05
3170 3.4430549721e-06
3171 2.07032735897e-06
3172 4.02042293414e-06
3173 1.94251752181e-05
3174 0.000175258837114
3175 1.44428667167e-05
3176 7.66805022831e-09
3177 5.01256424015e-06
3178 1.44795726416e-05
3179 1.77516568725e-05
3180 5.42868383083e-05
3181 1.75269719504e-08
3182 1.75269719504e-08
3183 1.97073939695e-05
3184 0.0
3185 9.39559736157e-06
3186 0.00198915901987
3187 2.64728906056e-05
3188 7.97063013092e-06
3189 0.000606838904437
3190 1.53256027659e-06
3191 9.38252748755e-07
3192 1.0856244448e-05
3193 8.33296531196e-07
3194 2.65224138816e-06
3195 5.51687296493e-07
3196 8.71183506979e-06
3197 1.26206629221e-05
3198 3.68066410959e-07
3199 5.91819231135e-05
3200 2.60440492499e-06
3201 7.09891050025e-07
3202 5.28635381981e-05
3203 1.42168138952e-07
3204 7.77061199323e-06
3205 1.09284503381e-05
3206 1.18683720731e-05
3207 3.94962231325e-06
3208 7.21946734987e-06
3209 2.71062255599e-06
3210 8.06562374803e-07
3211 1.37768650531e-06
3212 8.59520174046e-06
3213 4.84967760705e-06
3214 3.78899832706e-06
3215 5.17929830233e-05
3216 6.0538529362e-06
3217 3.55797530593e-07
3218 1.91092680293e-07
3219 2.89681897514e-08
3220 9.02717812496e-06
3221 4.10354305342e-06
3222 7.63164208495e-06
3223 8.71217744443e-06
3224 4.31881981041e-06
3225 1.25087720341e-05
3226 9.56648177576e-06
3227 1.67246330143e-05
3228 2.89681897514e-07
3229 1.91071900078e-06
3230 6.84380465765e-07
3231 0.0
3232 4.9932801588e-06
3233 3.04212656356e-05
3234 5.84139141866e-05
3235 3.32687740688e-06
3236 2.60117028541e-07
3237 2.69476236122e-06
3238 3.27919038334e-06
3239 1.71172130571e-06
3240 5.11750423769e-06
3241 2.02681944418e-05
3242 5.71628113415e-07
3243 2.71150104457e-06
3244 4.72471737906e-07
3245 1.1470606461e-06
3246 1.15231904393e-05
3247 1.1090722622e-06
3248 4.53210506216e-06
3249 4.54604188353e-05
3250 1.39575286904e-06
3251 7.84333736433e-06
3252 4.46937784736e-07
3253 1.53212412073e-05
3254 2.66537657751e-05
3255 1.58603401601e-06
3256 8.98907678074e-06
3257 4.94299650321e-05
3258 4.16055204529e-06
3259 8.96675188707e-05
3260 8.51056814315e-06
3261 4.23752738881e-06
3262 1.36405585243e-05
3263 3.24159847117e-06
3264 0.000189425948452
3265 3.03751120251e-06
3266 4.33470324896e-05
3267 1.53361004566e-08
3268 1.85613162214e-05
3269 0.0
3270 7.424133202e-07
3271 2.45377607306e-08
3272 1.84033205479e-07
3273 1.25969450431e-05
3274 3.55957181185e-06
3275 4.45784140989e-05
3276 1.24929467347e-05
3277 4.42802195612e-06
3278 1.58150312454e-05
3279 1.32871685525e-05
3280 9.41675642771e-06
3281 7.41424747728e-05
3282 5.86959065239e-08
3283 0.0
3284 1.6513553444e-07
3285 1.13823814185e-05
3286 2.6075291197e-06
3287 1.62958851465e-06
3288 1.42150905342e-05
3289 0.00101093679932
3290 2.06829646465e-05
3291 2.88991114535e-07
3292 8.08927260113e-05
3293 1.74934369664e-06
3294 5.84595004122e-06
3295 2.75162424122e-06
3296 2.80696555261e-05
3297 1.19783204174e-05
3298 6.61384227982e-06
3299 1.00490057135e-05
3300 1.9795810944e-05
3301 1.79080501462e-06
3302 3.48278726927e-06
3303 6.36852001e-05
3304 8.29879033696e-06
3305 4.64704855701e-05
3306 1.19767641661e-07
3307 6.19424662017e-06
3308 3.71185727079e-06
3309 7.37593402913e-08
3310 1.10994554664e-06
3311 3.06722009132e-08
3312 1.96616672521e-08
3313 1.36806003842e-06
3314 9.42087549296e-06
3315 2.25513705762e-07
3316 3.06663403013e-07
3317 3.17605048118e-06
3318 0.0
3319 1.36087336173e-06
3320 1.19462320529e-05
3321 6.84132589752e-05
3322 2.17606439301e-05
3323 1.75269719504e-08
3324 1.6417942724e-07
3325 3.26148085117e-05
3326 1.31588746706e-06
3327 3.04443071944e-06
3328 3.98999295592e-05
3329 5.83986407532e-06
3330 3.85027677007e-06
3331 5.26804145582e-05
3332 5.23248356854e-05
3333 1.40155661086e-05
3334 1.57450631355e-07
3335 6.73814699427e-08
3336 2.59782077879e-05
3337 0.0
3338 2.83958892788e-06
3339 1.21573450892e-07
3340 1.55781559751e-05
3341 3.21507928026e-06
3342 9.57310898059e-06
3343 4.39668981095e-05
3344 2.56054454386e-06
3345 1.36680459982e-05
3346 2.17137439902e-05
3347 1.08831262524e-05
3348 2.08334081003e-05
3349 1.79965096937e-05
3350 8.44605303877e-07
3351 3.67404395183e-05
3352 1.78759784765e-05
3353 2.93015018248e-08
3354 2.80208437378e-05
3355 2.89681897514e-08
3356 1.99430360391e-05
3357 6.15561735275e-07
3358 1.41627178019e-06
3359 7.62170927576e-07
3360 1.73498511202e-06
3361 4.35359962146e-05
3362 7.59484841335e-06
3363 1.49697528614e-05
3364 6.31046752385e-05
3365 1.13967037245e-05
3366 2.20287925248e-05
3367 5.48546263746e-05
3368 3.74734837771e-08
3369 5.52099616438e-08
3370 1.54203270195e-05
3371 4.52337508417e-08
3372 1.74783540096e-07
3373 0.0
3374 3.49646228829e-06
3375 2.52300761226e-06
3376 3.06722009132e-08
3377 0.0
3378 4.25692591976e-06
3379 1.21430963233e-05
3380 2.41038954041e-06
3381 2.70385022757e-06
3382 7.39678281704e-06
3383 1.28435117417e-07
3384 3.02773277034e-06
3385 1.02161769716e-05
3386 9.17980361931e-05
3387 3.74088140398e-05
3388 2.5358163738e-05
3389 4.10075194316e-07
3390 7.36132821917e-08
3391 2.36500839785e-06
3392 2.61438197203e-06
3393 1.36798280102e-06
3394 4.72503626336e-06
3395 6.25369236045e-06
3396 1.00198988349e-05
3397 2.90609376583e-05
3398 8.5888412086e-05
3399 5.90328736417e-08
3400 1.22160688843e-06
3401 4.55860740176e-06
3402 0.0
3403 1.38875115994e-06
3404 2.49011100959e-05
3405 1.78969794542e-05
3406 1.79036395779e-06
3407 9.42257797542e-05
3408 0.0
3409 0.0
3410 1.00944956518e-05
3411 5.25209433839e-06
3412 3.33682964237e-05
3413 2.71803175529e-05
3414 0.0
3415 3.59754100564e-07
3416 7.6821390387e-06
3417 3.76157537816e-06
3418 1.47677043835e-05
3419 5.1597900581e-07
3420 0.0025833656725
3421 9.85118270299e-06
3422 2.3090744121e-06
3423 8.36892333572e-06
3424 1.44013286193e-07
3425 1.53361004566e-08
3426 5.4787526954e-07
3427 6.04540652978e-05
3428 1.21573450892e-07
3429 3.93387574223e-07
3430 3.06722009132e-08
3431 1.9993142278e-06
3432 7.20875324038e-06
3433 1.72124311102e-06
3434 5.75385048072e-06
3435 4.10038571343e-05
3436 3.33973467982e-06
3437 1.16550675134e-07
3438 0.209065360694
3439 3.05645235313e-06
3440 3.14901262709e-07
3441 0.000418669605472
3442 3.05699602435e-07
3443 2.12385096853e-05
3444 3.57581606347e-06
3445 3.06722009132e-08
3446 0.0
3447 3.27754375473e-07
3448 1.7307884801e-07
3449 8.71378500783e-06
3450 6.70620652348e-06
3451 2.9947941217e-07
3452 0.0
3453 4.27731468764e-07
3454 0.0
3455 0.00106379796725
3456 8.93082881464e-06
3457 0.00083455434794
3458 1.18565655333e-07
3459 9.22494822624e-07
3460 2.19472654243e-06
3461 5.40645930727e-06
3462 1.7429599884e-07
3463 7.46576620237e-07
3464 2.31474025274e-06
3465 8.40872077477e-06
3466 6.85349544215e-08
3467 5.11555140692e-06
3468 0.0
3469 7.89478653229e-06
3470 4.18129213476e-06
3471 2.32128135993e-06
3472 2.41749570265e-06
3473 2.1880831119e-07
3474 3.4023127798e-07
3475 1.80910575235e-06
3476 4.56545099542e-06
3477 8.26576491277e-07
3478 2.59691301065e-07
3479 5.47979007628e-07
3480 8.40497973077e-08
3481 2.0264672947e-06
3482 7.52863113325e-08
3483 1.28234585434e-06
3484 1.57773286975e-06
3485 1.54453086765e-06
3486 1.23388254734e-06
3487 2.34623185712e-06
3488 0.000480629621534
3489 5.22853773453e-06
3490 0.0
3491 1.51506066701e-06
3492 1.4066788444e-06
3493 3.79341653646e-07
3494 5.2588057274e-07
3495 1.06330296499e-07
3496 0.000954974880148
3497 5.5955344812e-06
3498 1.44655986407e-06
3499 1.77497251936e-07
3500 3.02766268935e-06
3501 1.36317794746e-06
3502 0.000490561663346
3503 2.04481339421e-07
3504 9.43799123977e-07
3505 7.09550247793e-07
3506 4.88306885927e-06
3507 1.85943686646e-05
3508 5.91243187127e-07
3509 6.21120256598e-06
3510 8.16157324595e-07
3511 1.62429357034e-06
3512 7.88508507413e-06
3513 1.19556176854e-06
3514 9.20166027397e-08
3515 4.62903168094e-06
3516 1.01715303153e-06
3517 5.1518675127e-08
3518 7.16236115881e-07
3519 1.41722687542e-06
3520 6.24724197648e-07
3521 5.63459343713e-07
3522 5.16860563146e-05
3523 5.59061719185e-07
3524 7.52863113325e-08
3525 1.48104240782e-06
3526 0.00052639270822
3527 1.1573092604e-05
3528 6.18671210112e-07
3529 2.37163111477e-06
3530 9.28818186465e-06
3531 6.8910211385e-07
3532 2.87442339987e-07
3533 1.78809330302e-06
3534 1.20758935159e-06
3535 4.21194267296e-06
3536 2.69556555376e-06
3537 1.47854614212e-06
3538 1.02240669711e-07
3539 1.7387876294e-06
3540 1.48263576891e-06
3541 0.000391433114998
3542 5.1263328799e-08
3543 5.30596652486e-06
3544 8.7025353074e-07
3545 2.8627387519e-07
3546 4.34897774331e-05
3547 2.7929229803e-06
3548 2.33677604513e-06
3549 5.32235714894e-07
3550 1.59539262179e-06
3551 0.000322014146417
3552 6.82967673668e-07
3553 7.60520098545e-08
3554 7.61493558891e-06
3555 2.60021984574e-06
3556 4.58220109028e-06
3557 0.000265991707754
3558 1.34566460326e-06
3559 9.22366770032e-06
3560 4.5670431473e-06
3561 0.0
3562 0.000861970107114
3563 8.40497973077e-08
3564 1.55949474592e-06
3565 2.1813378833e-06
3566 0.0
3567 1.37002497412e-06
3568 9.91261254333e-08
3569 1.15980892434e-05
3570 1.01677183151e-06
3571 0.0
3572 6.76136648702e-07
3573 0.0
3574 3.23003378949e-06
3575 4.08227397576e-07
3576 0.0
3577 6.54386220997e-06
3578 0.000584852563393
3579 8.89600971496e-07
3580 6.85349544215e-08
3581 3.48786741813e-07
3582 1.89875529463e-08
3583 0.0
3584 1.1582863516e-06
3585 2.39019159788e-05
3586 2.40703748119e-07
3587 1.31437467547e-05
3588 3.12289920929e-07
3589 3.06722009132e-08
3590 0.0
3591 3.68757654619e-06
3592 4.80973949619e-07
3593 0.000506167231858
3594 1.6676785176e-05
3595 1.89875529463e-08
3596 1.10279653038e-07
3597 5.12998918218e-05
3598 0.0
3599 1.37002497412e-07
3600 3.13202048053e-06
3601 6.44116219178e-07
3602 2.66801368498e-06
3603 1.71587953901e-06
3604 1.15760406621e-07
3605 6.80525426965e-05
3606 5.99293631028e-06
3607 5.52099616438e-08
3608 2.30041506849e-07
3609 8.49843308563e-07
3610 0.000100274853561
3611 3.71708126242e-06
3612 1.47134143354e-05
3613 5.96277459144e-06
3614 8.40497973077e-08
3615 5.13403072054e-07
3616 2.94576102679e-06
3617 9.59017481887e-07
3618 1.19651526582e-05
3619 4.25793784496e-07
3620 8.17925357686e-08
3621 6.8044352752e-07
3622 1.73132845247e-06
3623 4.32762658917e-07
3624 7.3474056025e-07
3625 1.38390049358e-06
3626 6.51516336065e-06
3627 1.18862081444e-06
3628 4.68648756239e-07
3629 5.26316957243e-06
3630 7.19313078307e-06
3631 8.29281960723e-08
3632 2.0964784679e-07
3633 3.37394210045e-07
3634 0.00101107633333
3635 8.19154524814e-07
3636 1.8798265016e-06
3637 9.99765628874e-07
3638 1.63585071537e-07
3639 6.33892152207e-07
3640 8.76348597521e-09
3641 4.74537090171e-06
3642 2.76049808219e-07
3643 2.81060128899e-06
3644 1.9353352704e-06
3645 3.80335291324e-07
3646 2.93022780776e-06
3647 3.94674229322e-07
3648 7.36132821917e-08
3649 2.56410865525e-06
3650 8.40497973077e-08
3651 0.0
3652 0.000338522179542
3653 3.61931970776e-07
3654 0.0
3655 2.76530665213e-07
3656 1.32191432132e-07
3657 7.07798721722e-07
3658 1.3886141868e-07
3659 5.25134904016e-07
3660 9.99232145306e-07
3661 4.60083013698e-07
3662 1.55990050359e-07
3663 3.01025743248e-06
3664 3.04595244587e-07
3665 9.61062295281e-07
3666 1.22688803653e-07
3667 9.56494421282e-09
3668 1.8207042651e-06
3669 9.43760028099e-09
3670 0.0
3671 1.31467199267e-06
3672 8.72112912633e-07
3673 2.11203580168e-05
3674 1.84033205479e-07
3675 0.000535898085468
3676 1.3437345162e-07
3677 0.0
3678 0.000830915200663
3679 2.8627387519e-07
3680 1.54251958974e-06
3681 2.27165302955e-05
3682 7.84526505966e-08
3683 5.04192559774e-07
3684 1.00240682869e-06
3685 0.00118223312244
3686 2.63254233495e-07
3687 0.0
3688 1.30016394758e-06
3689 0.0
3690 0.0
3691 9.07427241696e-06
3692 0.0
3693 0.000286627515679
3694 3.78086090489e-06
3695 3.06722009132e-07
3696 8.40497973077e-08
3697 2.65290194883e-07
3698 1.15026095968e-06
3699 1.08761499957e-06
3700 0.0
3701 0.0
3702 6.93775973037e-07
3703 4.35538726671e-06
3704 6.6639717292e-07
3705 0.0
3706 2.52683296456e-05
3707 2.1252708889e-06
3708 1.61553962352e-06
3709 3.86492201983e-08
3710 0.0
3711 1.18148511746e-06
3712 2.94250884936e-06
3713 6.25655180346e-08
3714 8.16133768956e-07
3715 2.81759024632e-06
3716 5.61707948283e-08
3717 0.0
3718 0.0
3719 1.50193938931e-06
3720 4.34648611584e-06
3721 9.34479721156e-07
3722 0.000328329986289
3723 6.67254866403e-06
3724 0.000312613777028
3725 2.49467234094e-07
3726 6.34588396527e-07
3727 9.77286199872e-07
3728 2.53556860883e-07
3729 1.97049136195e-06
3730 0.0
3731 1.09125523213e-06
3732 5.13240117135e-06
3733 0.0
3734 0.0
3735 7.83202874746e-06
3736 1.02775255988e-07
3737 4.52612070742e-07
3738 7.62466399324e-06
3739 7.40545744194e-06
3740 2.20889894455e-07
3741 2.16865985923e-06
3742 0.000126326047849
3743 8.17925357686e-08
3744 6.34588396527e-07
3745 0.0
3746 1.99369305936e-07
3747 0.0
3748 4.2702696756e-06
3749 0.0
3750 2.45377607306e-08
3751 0.000337215596041
3752 6.13444018264e-08
3753 1.46287643919e-06
3754 1.36253402531e-06
3755 3.24156035019e-07
3756 6.31944710879e-08
3757 0.00131721008406
3758 2.55489321893e-07
3759 1.74224827951e-05
3760 1.61645869384e-06
3761 2.00302206836e-06
3762 1.04611293003e-06
3763 6.90426930349e-07
3764 1.20084543477e-06
3765 9.57783602368e-06
3766 0.0
3767 1.22688803653e-08
3768 1.06549383649e-06
3769 3.19765712395e-06
3770 4.01245443118e-07
3771 1.03788885566e-06
3772 6.69676386605e-07
3773 4.6056987403e-07
3774 1.98735777021e-07
3775 7.25796402562e-07
3776 1.32299426606e-06
3777 1.11833588651e-06
3778 3.4094080031e-07
3779 2.58950456252e-07
3780 5.15727788029e-06
3781 1.96241496003e-06
3782 1.75269719504e-08
3783 8.20099376322e-06
3784 2.23070552096e-08
3785 1.13104708346e-06
3786 9.55548532534e-07
3787 1.88291252364e-06
3788 7.15684687975e-08
3789 4.62671524513e-08
3790 4.948448414e-07
3791 6.42998958962e-06
3792 3.56480905459e-06
3793 9.81799405901e-07
3794 1.98208396929e-05
3795 6.12355540656e-06
3796 4.2300672688e-08
3797 7.85268484949e-07
3798 0.000352523499525
3799 0.0
3800 2.21657771933e-06
3801 8.99525439008e-06
3802 6.13444018264e-08
3803 9.56568431437e-07
3804 4.74822402918e-06
3805 6.85798035146e-06
3806 2.03020758426e-07
3807 1.13633201479e-07
3808 0.0
3809 0.0
3810 2.06053898294e-06
3811 6.54717367727e-06
3812 0.0
3813 4.0282823866e-07
3814 0.0
3815 1.08521167993e-07
3816 7.22938338294e-08
3817 6.13444018264e-08
3818 7.20816749494e-07
3819 6.50186993009e-07
3820 1.55894040139e-07
3821 0.0
3822 7.43514952351e-06
3823 2.9409761328e-06
3824 2.6425287596e-06
3825 8.35842104125e-06
3826 1.02754055419e-05
3827 4.27132751737e-06
3828 2.06526152816e-07
3829 2.42521442757e-06
3830 1.35167823632e-05
3831 0.00442732057805
3832 4.18262178114e-06
3833 6.47705503348e-07
3834 3.12364000631e-06
3835 6.77266981781e-08
3836 8.58529039949e-07
3837 4.5639111435e-06
3838 4.67273566293e-07
3839 2.00374916729e-05
3840 1.06330296499e-07
3841 7.87872797195e-08
3842 3.21605859902e-06
3843 8.56864753325e-06
3844 2.2848797979e-07
3845 0.0
3846 7.26791484764e-07
3847 0.0
3848 2.38425241765e-06
3849 2.45377607306e-08
3850 3.06722009132e-08
3851 1.22240218268e-06
3852 0.000893032039407
3853 1.79345851185e-06
3854 0.0
3855 0.0
3856 1.40978924404e-06
3857 0.0
3858 2.05911278858e-08
3859 1.92617349881e-06
3860 4.90755214612e-07
3861 2.34228182591e-06
3862 0.00150862820542
3863 8.84517226688e-07
3864 3.66459771863e-07
3865 0.0
3866 1.11535276048e-08
3867 1.44340946601e-06
3868 1.71929310006e-06
3869 4.44274692766e-07
3870 8.68711840683e-06
3871 4.11991143931e-06
3872 8.76348597521e-09
3873 0.000304198720701
3874 5.01086683359e-06
3875 8.42356894344e-08
3876 0.0
3877 1.02240669711e-08
3878 0.00119534532103
3879 5.03941639449e-07
3880 0.0
3881 1.03672039087e-06
3882 2.5472665348e-06
3883 1.05648692034e-07
3884 8.40497973077e-08
3885 3.08729164548e-06
3886 0.0
3887 0.000315616063566
3888 3.47618277017e-07
3889 7.63007512241e-07
3890 6.4484494994e-08
3891 1.62903467072e-07
3892 4.61595604543e-06
3893 7.21098030128e-08
3894 2.63099323389e-07
3895 4.0297429676e-07
3896 1.71076302945e-06
3897 1.41284680507e-06
3898 0.0
3899 6.36149413746e-07
3900 0.0
3901 6.71810139663e-06
3902 6.61643191128e-07
3903 8.62417071511e-06
3904 1.10585635518e-06
3905 6.04149411927e-07
3906 2.58961010567e-07
3907 1.42168730486e-05
3908 3.22400720396e-06
3909 3.98738611872e-07
3910 3.0314148031e-06
3911 0.0
3912 0.0
3913 1.15837350981e-07
3914 2.0634870393e-07
3915 8.20310973312e-07
3916 1.97043178994e-06
3917 4.78486334246e-07
3918 2.40318685856e-07
3919 2.06567049084e-05
3920 8.76348597521e-09
3921 1.99484382014e-07
3922 3.05234426635e-06
3923 0.0
3924 1.1655436347e-07
3925 5.80758264794e-06
3926 2.45377607306e-08
3927 6.60028234138e-06
3928 6.67282055157e-06
3929 7.66805022831e-09
3930 9.29378573304e-07
3931 2.04347973781e-05
3932 5.18343966509e-06
3933 6.95236554033e-08
3934 3.11149339951e-06
3935 2.35505798104e-07
3936 0.0
3937 1.22688803653e-08
3938 1.09869367565e-06
3939 3.80879327687e-05
3940 0.0
3941 3.2400997692e-07
3942 7.77029089802e-07
3943 0.0
3944 0.000227813113663
3945 1.08312735294e-06
3946 8.79098937826e-06
3947 1.75269719504e-08
3948 4.95956592573e-06
3949 0.000867538583449
3950 1.84573620448e-06
3951 3.71424998233e-06
3952 3.54979163725e-06
3953 2.04481339421e-08
3954 3.06722009132e-08
3955 4.08962678843e-08
3956 0.0
3957 4.76676772926e-06
3958 9.50725875926e-07
3959 6.65646901387e-07
3960 0.0
3961 9.8487861752e-07
3962 0.000226736676534
3963 0.000417303181551
3964 9.61062295281e-08
3965 2.16613898894e-06
3966 0.0
3967 9.83362739098e-06
3968 1.6995408988e-06
3969 9.5668474648e-06
3970 1.18146341154e-06
3971 2.34821476621e-07
3972 1.06623085472e-05
3973 3.81876101135e-07
3974 4.36226857432e-08
3975 0.0
3976 3.86492201983e-08
3977 3.05719229055e-07
3978 4.93601475014e-08
3979 1.22688803653e-07
3980 1.05765538514e-06
3981 0.0248200336362
3982 5.5502077843e-08
3983 1.58589884531e-06
3984 0.0
3985 0.0
3986 9.61062295281e-08
3987 3.69234875755e-07
3988 0.0
3989 2.52534454186e-07
3990 0.000488505919878
3991 0.0
3992 2.04481339421e-08
3993 0.0
3994 6.44116219178e-08
3995 6.54924518547e-07
3996 6.39150243792e-07
3997 1.53361004566e-07
3998 3.09351054925e-07
3999 2.20985904675e-06
4000 1.22688803653e-07
4001 6.12421611567e-07
4002 0.0
4003 4.8053114764e-07
4004 0.0
4005 8.72112912633e-07
4006 0.0
4007 0.0
4008 0.0
4009 0.0
4010 2.46838188302e-07
4011 0.0
4012 2.04481339421e-08
4013 0.0
4014 1.02240669711e-07
4015 1.46510879695e-06
4016 0.0
4017 0.0
4018 6.92315392041e-07
4019 2.97958523157e-08
4020 2.07694617612e-07
4021 5.60278870015e-07
4022 6.35060617003e-07
4023 0.0
4024 4.47741104283e-06
4025 0.0
4026 0.0
4027 3.96839856577e-07
4028 5.76637377169e-07
4029 0.0
4030 0.0
4031 4.54211478095e-06
4032 0.00171012242748
4033 0.0
4034 0.0
4035 0.0
4036 0.0
4037 0.0
4038 7.15684687975e-08
4039 6.33892152207e-07
