node,betweenness
1 0.0687113647629
2 0.00820497562903
3 0.00392283926247
4 0.00860253995379
5 0.00524832039536
6 0.0035668591245
7 0.00250322952911
8 0.00612971271408
9 0.00196013284137
10 0.00495800670924
11 0.00283041418874
12 0.00237381626949
13 0.00112541385556
14 0.00510846811856
15 0.00123721461163
16 0.00160201708541
17 0.00418536659695
18 0.000665351686101
19 0.000672313753974
20 0.000657964410585
21 0.000294413419122
22 0.0158566162217
23 0.000695170212124
24 0.000724585914037
25 0.00125359114722
26 0.00464218085228
27 0.00362253321253
28 0.00104483914067
29 0.000531864033091
30 0.000349324046237
31 0.000252177105085
32 0.000363481582681
33 0.00136814101085
34 0.000861386496907
35 0.00196818577537
36 0.000412835212634
37 0.000285562444308
38 0.000951112320797
39 0.00199876349076
40 6.66311763999e-05
41 0.00418289789719
42 0.000797572704667
43 0.000373698882152
44 0.000489156862353
45 0.000714783567142
46 4.91297384039e-05
47 2.76412801644e-05
48 3.54392529635e-05
49 0.000130595645569
50 9.64526908412e-05
51 4.95775408984e-05
52 4.24292281448e-05
53 0.000128163454268
54 0.0104711987298
55 2.87268093892e-05
56 3.4123712111e-05
57 0.00236242549769
58 0.000174576254767
59 0.00318392388831
60 0.000571635690168
61 3.20910650751e-05
62 0.00012099964166
63 0.000135658339378
64 3.82439653452e-05
65 6.61775824101e-05
66 3.69989126532e-05
67 3.42324909573e-05
68 0.00181285429096
69 7.2908001479e-05
70 5.25353828283e-05
71 9.83937555256e-05
72 0.000108362904627
73 9.97806737677e-05
74 7.47131113431e-05
75 1.98747225394e-05
76 3.8373909044e-05
77 9.9838786088e-06
78 3.1260334452e-05
79 3.39679753676e-05
80 2.47448906348e-05
81 0.000206285059357
82 0.000158893967256
83 0.00627974106129
84 0.000102454842538
85 9.45761980294e-05
86 7.31933124049e-05
87 8.32263466013e-05
88 3.98560343884e-05
89 0.000238301427232
90 5.34345235496e-05
91 0.000204829989398
92 6.2497030472e-05
93 0.000130429896802
94 5.36634710185e-05
95 0.000139571733254
96 0.000107591918163
97 1.57946098322e-05
98 0.000184524251283
99 0.00312850961201
100 0.000483641406302
101 7.50355181096e-06
102 1.25936058587e-06
103 0.000215371512105
104 2.76928056515e-06
105 0.00268664959846
106 3.56840099352e-06
107 3.48219029859e-05
108 0.189790011129
109 4.35688847655e-06
110 0.00242126177091
111 4.22234584253e-05
112 8.15057834489e-06
113 8.67384852474e-05
114 0.00201178193589
115 3.97094234697e-05
116 0.000530755445767
117 5.13245168188e-06
118 3.44466471227e-05
119 0.00239990206795
120 0.00126058391905
121 0.000254399187266
122 1.68415112837e-05
123 0.00188888542128
124 2.38144795314e-06
125 7.74804958867e-05
126 5.10308982397e-05
127 3.20174724063e-05
128 1.30308929741e-05
129 0.00265631877299
130 4.37813341914e-05
131 9.41921121859e-06
132 6.31329833474e-05
133 7.89391661945e-06
134 6.64044594591e-06
135 2.55942798885e-06
136 0.0
137 0.00362958179913
138 1.47759095693e-05
139 0.000140544410696
140 1.37905460488e-05
141 1.79527760481e-07
142 0.00168601999574
143 0.000874091155076
144 2.41710253059e-05
145 6.78647979255e-06
146 0.00017442692837
147 3.92523504732e-06
148 3.29221399255e-05
149 0.000111315493531
150 3.27846470164e-06
151 9.10765428449e-06
152 3.40802232369e-08
153 0.0
154 0.0
155 0.0
156 3.89118853302e-07
157 6.80347972469e-06
158 1.61648578027e-07
159 0.000120253192725
160 6.41198149893e-06
161 0.0
162 0.000116795064675
163 3.89952443831e-07
164 1.68478271674e-06
165 1.36320892948e-08
166 7.47728644372e-07
167 4.36713717764e-07
168 2.59232668593e-06
169 1.40171909552e-06
170 0.00107673326672
171 0.000513088376515
172 0.00571045081943
173 0.00141803363741
174 0.000221505127292
175 1.75747695168e-07
176 1.71871115418e-05
177 1.83823761408e-06
178 9.98750186325e-07
179 8.87779602951e-06
180 1.33590054052e-07
181 9.19964351582e-05
182 1.97709992433e-07
183 7.42040982439e-07
184 0.0
185 2.87183130323e-05
186 0.000124476868968
187 0.0010872035795
188 9.26095941588e-06
189 0.000619330525735
190 1.7754044402e-06
191 3.02183662994e-07
192 0.0
193 1.55496869809e-06
194 4.73291805515e-07
195 4.28322366872e-06
196 0.0
197 5.18539850045e-07
198 1.42351976248e-05
199 0.000299378391428
200 0.000458388777398
201 0.000348195795698
202 0.0
203 8.34814304951e-07
204 0.000371788046362
205 0.000109912366138
206 0.0
207 1.63585071537e-07
208 0.0
209 9.50860383162e-07
210 0.0
211 0.0
212 0.000674746997869
213 1.25830876869e-05
214 0.000794894828962
215 1.40765229576e-05
216 0.0
217 0.0
218 2.06223902262e-06
219 0.0
220 4.4109905189e-06
221 0.0
222 3.74222726643e-07
223 6.38556674541e-06
224 6.92079613999e-05
225 0.000798930957007
226 6.80316091463e-07
227 2.02457078594e-06
228 5.18078373389e-06
229 0.0
230 3.87449280809e-06
231 5.12100427823e-06
232 0.000121555399918
233 8.18919089977e-05
234 0.0
235 0.0
236 9.56334411575e-07
237 0.000379198314265
238 4.02436279812e-07
239 0.000100421843654
240 0.000290276160852
241 6.13444018264e-08
242 0.0
243 0.000101096746139
244 2.06326352299e-06
245 0.0
246 3.8688321461e-07
247 3.88157667968e-06
248 1.43404758902e-07
249 9.09656725207e-05
250 0.000153539294717
251 2.04743085127e-08
252 1.47492224248e-05
253 0.000716293425659
254 4.08962678843e-08
255 3.75453764796e-07
256 0.0
257 0.0
258 1.01494029073e-05
259 3.07355482586e-06
260 4.21854235743e-07
261 1.16182173332e-05
262 0.000380950126431
263 0.0
264 7.65975283269e-08
265 0.0
266 0.000108941088998
267 6.17602452522e-07
268 0.0
269 3.44209095036e-08
270 3.32820172233e-06
271 2.64366129473e-07
272 0.00189994494633
273 0.00123752423696
274 0.0
275 7.87832710098e-06
276 1.97709992433e-07
277 1.80581918111e-06
278 0.00163713531051
279 7.68664949965e-07
280 0.0
281 0.0012334691492
282 1.52119810588e-05
283 0.0
284 1.06337111067e-06
285 1.68969064357e-05
286 0.000664942233353
287 0.0
288 0.0
289 2.0965129187e-07
290 3.19091522829e-08
291 6.98307564369e-07
292 0.000265839221422
293 0.0
294 0.0
295 3.1205683086e-07
296 1.03515522216e-06
297 7.65975283269e-08
298 5.58628720672e-05
299 2.73157914835e-07
300 0.000109326494302
301 9.82971010219e-08
302 7.00075740052e-06
303 9.6228184098e-05
304 0.000101283316436
305 0.000703182307532
306 0.0
307 0.0
308 7.30091264512e-07
309 0.000166043684283
310 0.0
311 9.80458352257e-06
312 8.29447391e-07
313 0.000704770808396
314 0.000643611446407
315 3.43823361889e-06
316 0.00595460172062
317 0.0
318 1.0108755465e-06
319 8.04347572025e-07
320 4.25433255959e-06
321 0.000475872540196
322 0.0
323 0.00245892824627
324 0.000119155185003
325 0.000309079762509
326 0.000226772387131
327 5.45131592941e-06
328 0.0
329 0.0
330 0.000728051891327
331 3.60590009904e-07
332 9.17865724145e-05
333 0.000956816286644
334 1.4604179014e-06
335 0.00158908551278
336 0.0
337 2.05420643468e-07
338 3.2197218966e-06
339 5.1631612841e-07
340 0.000290117134127
341 1.17341400689e-07
342 3.47553501473e-07
343 7.7323859732e-05
344 1.32698041954e-05
345 8.98253788659e-07
346 3.78991127185e-06
347 0.000170698578936
348 1.94080439472e-07
349 0.021460793262
350 1.53361004566e-08
351 0.000515116080898
352 3.10016309715e-07
353 0.000261907709783
354 0.000695834243444
355 0.00027157466905
356 0.000153584903491
357 6.13444018264e-08
358 4.52225846373e-05
359 0.0
360 0.000399286751328
361 0.000892636615324
362 0.000388962571196
363 0.000194009909596
364 0.000688512692766
365 2.04481339421e-07
366 6.75518710589e-09
367 0.00063768094143
368 0.000459567336205
369 0.00011387289837
370 0.000115414114343
371 0.00249377223793
372 1.96263384051e-08
373 5.94371204005e-05
374 0.00155193402289
375 0.00103869736942
376 2.73299230527e-05
377 0.00188812598521
378 0.0
379 0.000643438260114
380 0.0
381 2.61605818133e-05
382 2.50874418729e-05
383 1.02171974336e-05
384 0.0
385 1.16138005906e-06
386 1.75705133279e-08
387 6.13444018264e-08
388 0.000101738337603
389 1.10506620841e-05
390 0.003293496617
391 1.10317642095e-07
392 0.000743021527694
393 5.29883622465e-06
394 0.0
395 0.000106484472429
396 0.00362844553934
397 5.93417706797e-05
398 0.000832963538942
399 3.48183716357e-05
400 4.08962678843e-08
401 0.00194746729602
402 0.0
403 0.00747914377951
404 2.74772249602e-05
405 0.00671152963309
406 4.0061780486e-05
407 1.44547524059e-07
408 4.51330894202e-05
409 0.00271829991053
410 3.38214801188e-05
411 2.38520364294e-05
412 6.13444018264e-08
413 0.000591937059907
414 5.32402378274e-05
415 0.0310468678509
416 3.57731909971e-05
417 2.84001586647e-05
418 0.000102679374233
419 3.6241237095e-05
420 0.00387977537588
421 0.000108324362521
422 3.91630621871e-05
423 0.00192194990088
424 0.00419877838356
425 3.67629733137e-05
426 5.43299274655e-05
427 1.92584019262e-05
428 2.07450990603e-05
429 0.0134970828734
430 6.15659398745e-05
431 1.53055927973e-05
432 0.00391404991265
433 0.0033084255767
434 3.70795811408e-05
435 0.00011306828958
436 1.84536455069e-05
437 0.000466214960433
438 0.000244318407144
439 0.00206078586123
440 0.000955606563576
441 2.41216926735e-05
442 4.08962678843e-08
443 1.03422165184e-05
444 0.0
445 0.000419879942456
446 3.25009754386e-05
447 2.58774768715e-05
448 0.0
449 0.0
450 3.55260607046e-05
451 6.63362696837e-05
452 2.44771195068e-05
453 0.00120911440975
454 7.05901370418e-07
455 0.0
456 0.00011533326985
457 0.000141700719241
458 4.2742234173e-05
459 3.12700405388e-05
460 1.80962363448e-05
461 0.00153755102297
462 0.00400250237266
463 6.68020932453e-05
464 0.00146370883332
465 5.7254775038e-07
466 0.00335162784292
467 2.47737007376e-08
468 0.0
469 0.0
470 9.84287961714e-05
471 2.50571308624e-05
472 6.04985283185e-06
473 1.08815667107e-05
474 1.32608160088e-05
475 2.45206231428e-05
476 0.00131904157261
477 0.0
478 3.17104248254e-05
479 3.0720786152e-06
480 1.07689740229e-05
481 1.79111309979e-05
482 6.84550245414e-05
483 8.13844823052e-06
484 0.0184449921616
485 0.000838512256275
486 7.94645515932e-08
487 3.34414269299e-05
488 6.54023950212e-06
489 2.62702783767e-05
490 3.26696359593e-05
491 2.3640857041e-05
492 2.03331953707e-05
493 0.00172357384904
494 0.00266490819884
495 2.11438747025e-05
496 1.80677730833e-05
497 0.0017207140285
498 0.00214284415077
499 6.98901644976e-06
500 0.0
501 0.00668227862388
502 4.08962678843e-08
503 8.20567741634e-07
504 0.00253395905872
505 0.00224433997785
506 4.60834367593e-06
507 0.00202265722144
508 0.000862456029826
509 2.30404698427e-05
510 2.01079375892e-07
511 4.39670701477e-05
512 4.41910791902e-06
513 4.68521118057e-06
514 0.001618354586
515 0.00194084535765
516 0.000334762290436
517 1.69681629169e-05
518 0.000635706431394
519 1.74045559673e-05
520 3.77798371892e-06
521 0.000468915622636
522 6.40101261446e-07
523 2.59257092145e-07
524 0.00110963420542
525 0.00134772077467
526 0.000703514173953
527 0.000509460528021
528 0.00119521881694
529 1.14223360812e-06
530 3.09220869975e-07
531 3.79751058926e-08
532 0.00237179658603
533 2.4260570075e-06
534 3.85329683347e-07
535 6.78465598792e-06
536 2.54780081004e-06
537 3.92579028524e-07
538 0.000958204480588
539 0.00282312239743
540 3.68234237919e-05
541 4.83775491127e-06
542 4.8051561669e-06
543 0.000871452180605
544 9.74974134088e-06
545 0.000928747544483
546 0.000439512502166
547 3.09802432172e-05
548 1.67234486126e-05
549 2.22417292843e-05
550 6.67365922695e-06
551 0.0
552 5.46491900285e-06
553 1.16138005906e-06
554 0.00817342042624
555 1.03744161624e-05
556 3.16284641997e-05
557 0.00115895529922
558 2.05027849916e-05
559 1.58856151009e-05
560 0.0101067134869
561 1.47909985284e-05
562 0.00189414797371
563 4.4304290208e-08
564 0.0213126686075
565 6.78082720673e-07
566 7.82158006246e-07
567 0.00267933034375
568 0.0021339542905
569 1.03380501673e-06
570 6.69601375697e-07
571 1.73244408293e-05
572 0.0
573 0.0
574 0.000163262833874
575 1.88067066622e-05
576 8.13468713109e-08
577 1.11535276048e-08
578 7.4816922065e-08
579 2.12727070531e-07
580 0.00019625897489
581 0.00397696465173
582 0.0
583 3.02692016911e-08
584 3.64932888309e-07
585 2.21950372242e-05
586 0.0
587 0.0
588 1.88385439348e-06
589 3.33730147822e-07
590 1.21242211611e-05
591 5.50937760367e-05
592 0.00143806223404
593 0.00594180534848
594 8.14755922429e-08
595 0.0287902776109
596 1.11535276048e-08
597 0.00343922303452
598 2.3334203493e-06
599 1.63596647237e-07
600 2.09109897166e-07
601 3.0923164033e-07
602 0.000105092677712
603 0.0
604 3.21801060952e-07
605 0.000143204073041
606 3.74610924695e-07
607 0.00227075726846
608 0.0
609 0.0
610 0.000260956469916
611 4.99843274141e-09
612 2.24041719297e-07
613 4.54596522333e-07
614 0.0
615 5.44316275614e-06
616 3.426258331e-07
617 2.11925167673e-05
618 8.45996158952e-06
619 1.99859184604e-05
620 3.4432958456e-06
621 5.48021124887e-05
622 8.80346723859e-08
623 7.07198122708e-07
624 6.05364349755e-07
625 0.0
626 8.86555238225e-07
627 1.84936181528e-06
628 2.12727070531e-07
629 3.35074463758e-08
630 2.93224576216e-05
631 0.00013619682648
632 9.65344155545e-07
633 1.96050584732e-07
634 3.46693520131e-07
635 6.74829864146e-05
636 1.50804047466e-05
637 3.07530947994e-06
638 0.00103559136021
639 0.0
640 4.15999846379e-05
641 1.56752451777e-07
642 0.00166297166839
643 0.0
644 3.0923164033e-07
645 9.75523054608e-05
646 3.50237747869e-05
647 4.35305731711e-06
648 1.17630663263e-06
649 0.0
650 2.42187284614e-05
651 2.01573542926e-07
652 0.00366819643328
653 0.0
654 0.000103886043837
655 1.73168173647e-05
656 3.72380401304e-06
657 0.0
658 5.6075924591e-07
659 2.12727070531e-07
660 2.12727070531e-07
661 0.0
662 3.0923164033e-07
663 2.55246319675e-07
664 3.29175109901e-06
665 4.06166233374e-07
666 1.04099590978e-07
667 6.15310138958e-05
668 0.0
669 0.0
670 2.5629757471e-05
671 1.20567473847e-07
672 3.31389850064e-07
673 2.39872340475e-08
674 0.0
675 0.0
676 2.01573542926e-07
677 8.09827904172e-07
678 1.26723940262e-05
679 8.20152233469e-05
680 2.3673303446e-06
681 2.69592078862e-05
682 2.86862300644e-07
683 5.71729992733e-06
684 3.26890141533e-05
685 6.51107601637e-07
686 1.05023591182e-06
687 0.0152248457639
688 1.07770047523e-05
689 0.00352426303168
690 8.29610005653e-08
691 7.02650252019e-07
692 2.89681897514e-07
693 0.0
694 4.90789245881e-06
695 0.00206215250035
696 0.0027090272113
697 4.63792708042e-06
698 0.00436691825793
699 0.022630955704
700 0.0
701 2.92048134539e-07
702 2.48626826129e-06
703 8.73914295861e-08
704 0.00351506385977
705 1.14655608176e-07
706 0.00600733288472
707 2.84951034049e-06
708 5.78821511888e-07
709 0.000287680728012
710 1.71850066432e-06
711 1.58767736552e-07
712 9.94713152337e-05
713 1.366836355e-06
714 0.00374023282363
715 1.0634264664e-06
716 1.92617643928e-06
717 4.92848714039e-07
718 0.0
719 8.62145177197e-05
720 0.00469111349582
721 0.00022806209827
722 1.78280741921e-06
723 1.24893237457e-05
724 2.05510817762e-06
725 0.0027665372998
726 6.39102138795e-08
727 0.000238512312249
728 3.23899417008e-05
729 9.91051625936e-05
730 1.98727302998e-05
731 8.45939272981e-07
732 4.9032716652e-06
733 1.12458997979e-06
734 2.93023023831e-05
735 0.000163470702613
736 2.58041584807e-08
737 9.73497776175e-05
738 4.02170955316e-06
739 7.54321277144e-06
740 0.000200620395138
741 2.45806713546e-05
742 4.57108576938e-05
743 4.98715318661e-05
744 0.0
745 0.0
746 0.0034974071348
747 1.95788559305e-05
748 0.00442233908391
749 1.64773706681e-05
750 0.0
751 0.0
752 3.55444806754e-05
753 0.000183906868815
754 3.20683373942e-05
755 1.0684377301e-05
756 8.17450119967e-06
757 9.63237723042e-07
758 3.67097522799e-07
759 8.6622019018e-06
760 1.45042302274e-05
761 5.96724318301e-05
762 1.9185965812e-07
763 2.29228688901e-06
764 2.16565499193e-05
765 1.1163067127e-05
766 1.39744043904e-06
767 3.8838421789e-05
768 2.58814952468e-07
769 0.00015892712169
770 3.83860924563e-05
771 0.000271715527393
772 0.000209603839687
773 2.02524194195e-05
774 0.000232846899961
775 0.000218228941272
776 0.0
777 3.80496981479e-05
778 7.92444012533e-05
779 9.79811245005e-06
780 2.04227992101e-06
781 0.000874888545179
782 0.00358655919712
783 3.66431821562e-05
784 1.07789028732e-06
785 0.00265468212531
786 0.0
787 5.06206836902e-06
788 1.56236508076e-05
789 6.54340286149e-08
790 1.15763909534e-06
791 0.0
792 6.88420509386e-08
793 3.06714972358e-05
794 1.51937927732e-05
795 4.58409966727e-06
796 4.02974177965e-05
797 5.05738736374e-07
798 2.56111080986e-05
799 0.000127556927281
800 7.54599731197e-05
801 0.000510400273224
802 0.0
803 0.0
804 0.000122781779431
805 7.05754744788e-05
806 0.00459491679568
807 1.79617382268e-06
808 5.17716870849e-06
809 2.62729838056e-06
810 6.95893118915e-06
811 4.10366439552e-05
812 2.87465337252e-06
813 4.44268446993e-07
814 2.54338567499e-05
815 5.10599778987e-06
816 0.000411057061788
817 1.88953080168e-05
818 4.25045850109e-05
819 0.000657625140711
820 0.000369452288506
821 0.00010034749597
822 4.84821882663e-07
823 3.05224697806e-06
824 0.00198344763054
825 0.00308617878133
826 1.06229742663e-05
827 9.09286621702e-07
828 0.00189246464693
829 0.00153479040536
830 0.000555737199784
831 0.00243708792396
832 1.43787657394e-05
833 5.62323683409e-08
834 6.82416504154e-05
835 0.000974390713994
836 6.94058705029e-06
837 4.16463825279e-06
838 2.80613983525e-06
839 2.17872703905e-06
840 1.52672275829e-06
841 1.43105416205e-05
842 0.0
843 7.13152339797e-05
844 2.96313214794e-06
845 3.03718469327e-06
846 6.44896540447e-06
847 2.13941194445e-05
848 9.63050008845e-05
849 0.000239429709294
850 7.87558384375e-05
851 1.71460759769e-05
852 1.71240170879e-07
853 0.0
854 0.00216186614899
855 2.49039081346e-07
856 0.0
857 0.000299929546032
858 7.21139959132e-05
859 0.0
860 0.0
861 0.000592339189446
862 1.15678014873e-07
863 0.000382384819987
864 1.66231648801e-07
865 1.63307829531e-07
866 0.0
867 9.61062295281e-08
868 1.43136937595e-07
869 0.0
870 1.22682594612e-07
871 2.29019100152e-07
872 2.44219084352e-06
873 2.04481339421e-08
874 0.0
875 2.04481339421e-08
876 0.0
877 1.66231648801e-07
878 0.0
879 1.15841604444e-07
880 1.26778430441e-07
881 5.23474903052e-07
882 1.51316191172e-07
883 8.07876605431e-08
884 0.0
885 3.06722009132e-08
886 5.7254775038e-07
887 1.53361004566e-08
888 0.0
889 0.0
890 7.52216744344e-07
891 2.69941597823e-06
892 0.0
893 0.0
894 1.32635628618e-07
895 2.45377607306e-08
896 9.61062295281e-08
897 0.0109155311123
898 0.0013890177644
899 3.20865506937e-06
900 0.0
901 2.17713707386e-06
902 7.90512052016e-07
903 0.000745150934299
904 2.15890719077e-06
905 1.21760359803e-06
906 1.88717412336e-05
907 0.00269284264913
908 1.30162306004e-06
909 0.000239713176388
910 1.06813753117e-06
911 0.0
912 0.0
913 1.6726112843e-06
914 0.00138786604628
915 1.32113845628e-06
916 5.02988653245e-05
917 0.000140942640608
918 0.000809156311848
919 0.0
920 3.876170375e-05
921 1.7022480622e-06
922 4.5752592794e-05
923 1.34150683884e-05
924 8.67406325123e-07
925 0.000146274239895
926 9.66971529223e-05
927 7.06406669086e-06
928 0.00280823851738
929 2.72641785895e-08
930 3.78816244824e-07
931 0.00154246159617
932 8.83095515992e-06
933 0.00085049158063
934 1.0222328638e-05
935 0.0024136513262
936 4.21032861356e-06
937 3.25969902966e-05
938 8.80345977088e-08
939 1.45709912995e-06
940 3.85213522265e-06
941 2.01859594994e-06
942 0.0011179676205
943 0.00112874497335
944 4.84474369909e-06
945 0.000232899506463
946 0.0
947 0.000159942745429
948 4.5782043745e-05
949 1.17603692266e-05
950 5.52947914839e-06
951 6.67822320607e-07
952 3.98386083606e-05
953 0.00238142168179
954 3.00245481073e-05
955 0.00089834933406
956 2.12203772985e-07
957 9.3120567791e-07
958 0.00135181888106
959 1.30057272426e-07
960 0.000892752528846
961 4.19558975704e-05
962 6.36764580333e-06
963 4.49929023014e-05
964 2.38251924733e-05
965 8.95728338126e-06
966 1.0624697886e-06
967 1.13798984659e-05
968 5.97609420263e-05
969 0.00132020866917
970 1.93594075571e-06
971 6.7848451995e-07
972 7.02562861673e-06
973 2.82558240679e-07
974 1.5829388541e-05
975 2.05643322219e-06
976 0.000755569966747
977 1.31250199173e-05
978 7.78101409421e-06
979 3.94421547555e-05
980 7.88713737769e-08
981 0.000103347516446
982 0.000209801542378
983 0.0012082586127
984 0.00125836359406
985 0.000630180580009
986 1.67409671791e-07
987 2.32279958238e-07
988 1.32479876048e-06
989 0.00048128737775
990 2.4059808362e-06
991 0.000553838248654
992 1.92825880466e-05
993 1.63254494319e-06
994 3.28181258434e-05
995 1.07480068115e-05
996 0.00168402428754
997 4.2223801427e-07
998 0.000130823564884
999 3.14773034858e-07
1000 0.00292731086962
1001 3.26849433379e-06
1002 4.38222607828e-05
1003 4.08962678843e-08
1004 0.00152105105893
1005 1.43273503453e-05
1006 9.81323128073e-08
1007 4.36776813093e-05
1008 3.90381077331e-06
1009 2.77712145621e-06
1010 0.000890002070972
1011 0.000170061946739
1012 1.73710295211e-05
1013 5.81315405011e-05
1014 3.12670119618e-05
1015 8.67053239784e-05
1016 2.27283714807e-06
1017 0.0
1018 7.039807099e-05
1019 0.000861391936264
1020 0.000869414525438
1021 0.000824624659055
1022 2.02865476438e-05
1023 0.0
1024 1.52474508027e-06
1025 0.00316935438956
1026 6.49829092977e-05
1027 0.00299283541471
1028 0.0
1029 0.000180589260815
1030 0.00412913499805
1031 2.79675567875e-06
1032 9.45214162514e-08
1033 0.0033157454478
1034 1.40142154339e-06
1035 0.0
1036 6.83813510219e-06
1037 0.000687701543141
1038 0.000100677344204
1039 2.04481339421e-07
1040 3.48752221846e-07
1041 0.00105740824487
1042 0.000951407843047
1043 3.18207227534e-06
1044 1.0494568836e-06
1045 1.13044104337e-06
1046 1.52883435763e-06
1047 0.0
1048 0.000132517908222
1049 0.000142473400597
1050 0.00286202926453
1051 5.65809160786e-07
1052 0.00158201166656
1053 0.000844580964514
1054 1.40302369051e-06
1055 8.61416809981e-05
1056 2.46167540331e-06
1057 0.000995595344613
1058 4.62606487593e-07
1059 3.85345485041e-06
1060 8.34423304871e-05
1061 0.000175239611126
1062 6.41668953195e-07
1063 7.6404577112e-06
1064 2.84316282003e-07
1065 1.68250800339e-05
1066 0.0
1067 0.00110795661091
1068 0.00262584945517
1069 0.000250254700965
1070 2.97526702765e-07
1071 0.00354219337642
1072 0.0
1073 2.22282950279e-06
1074 1.98795238279e-06
1075 8.28884318108e-05
1076 0.0024562293121
1077 3.06838058692e-05
1078 5.813771508e-05
1079 3.8042063827e-05
1080 1.48744690211e-05
1081 0.000289642570472
1082 2.87153696719e-06
1083 1.13845144322e-05
1084 1.49898103132e-05
1085 3.07736318192e-07
1086 0.0126150316333
1087 0.000459736333541
1088 7.31546555326e-07
1089 1.56506589197e-05
1090 1.68962820224e-06
1091 2.33042207694e-06
1092 6.85331880566e-06
1093 0.000246399984263
1094 2.77244414795e-06
1095 3.5029887443e-06
1096 1.16574226995e-05
1097 0.0
1098 1.31945170992e-06
1099 4.94742870738e-05
1100 0.000145684168931
1101 0.000307318333298
1102 2.6016260331e-05
1103 0.00021528650589
1104 3.25504136819e-06
1105 0.00015058205792
1106 4.08962678843e-08
1107 1.01964683357e-05
1108 2.4729282479e-05
1109 0.000540210934998
1110 5.98522098947e-05
1111 0.00179895471103
1112 1.53361004566e-08
1113 0.000199270014589
1114 0.00123218421541
1115 6.06955429842e-05
1116 9.22568671997e-07
1117 8.5534588338e-07
1118 3.63867838325e-05
1119 9.22602582031e-07
1120 0.0
1121 0.000199876250845
1122 5.4427462559e-06
1123 0.000305570713485
1124 0.0020117457545
1125 6.53971238945e-05
1126 1.60331405753e-05
1127 0.000121070996394
1128 9.94569141518e-06
1129 0.00107988055049
1130 0.00013647798945
1131 0.000183256727057
1132 1.09932434727e-05
1133 2.32377569457e-05
1134 1.91675028522e-06
1135 1.41196095164e-06
1136 0.0002523427616
1137 0.000195338284711
1138 6.45006659215e-07
1139 2.19525323679e-06
1140 2.06318567802e-06
1141 7.6034519377e-07
1142 1.37518179269e-06
1143 7.75257582089e-06
1144 4.7619076145e-06
1145 1.24162863452e-06
1146 0.0
1147 7.56856090158e-05
1148 1.16163582518e-06
1149 0.00029549784411
1150 1.4542405054e-05
1151 4.1335058379e-06
1152 6.18979270208e-07
1153 2.77125367113e-05
1154 5.52541919952e-05
1155 2.20362588522e-06
1156 0.000789091411881
1157 0.000873811535723
1158 1.16283450142e-06
1159 0.000208009162478
1160 0.000574355626878
1161 0.00258861809741
1162 6.88441617414e-06
1163 2.1108483328e-06
1164 7.80248373088e-06
1165 7.1775183825e-07
1166 0.000159366580979
1167 0.000193977456368
1168 3.14357682797e-06
1169 2.45538786517e-07
1170 9.32485438528e-06
1171 2.86953095855e-05
1172 0.000814595543485
1173 1.88124519629e-05
1174 0.000236713021112
1175 1.13795337842e-06
1176 4.86041527263e-05
1177 0.0
1178 3.20013296195e-06
1179 2.23985712034e-05
1180 0.000678518211702
1181 0.000750193997675
1182 0.00122441938483
1183 0.000286081393287
1184 1.80099574959e-05
1185 3.72454357532e-05
1186 2.07336919602e-05
1187 4.47846691176e-08
1188 6.0467107227e-06
1189 4.17727099985e-06
1190 2.68233309275e-05
1191 2.94862541892e-06
1192 1.56882742026e-05
1193 4.97881478157e-05
1194 2.5152961665e-05
1195 1.28531127636e-07
1196 0.000256347710678
1197 1.7896162828e-05
1198 6.06919551635e-06
1199 0.00260313930938
1200 8.10836701731e-05
1201 1.23901525882e-07
1202 0.000137764611619
1203 1.53103389254e-06
1204 4.97606825817e-07
1205 0.000146515255491
1206 1.23569381475e-05
1207 0.0
1208 0.00100878378705
1209 0.0
1210 0.00116732486094
1211 0.00120404988871
1212 0.000103809503199
1213 1.12489596233e-05
1214 3.410604309e-05
1215 6.02091558754e-05
1216 0.0006208721278
1217 2.36377553968e-06
1218 0.00059722835541
1219 6.30970990215e-07
1220 0.000261092112467
1221 1.62154459859e-06
1222 0.00144909670501
1223 7.19620780961e-05
1224 5.74791392827e-06
1225 0.0
1226 6.14842411648e-06
1227 6.72666384728e-05
1228 0.00128907996153
1229 5.93356103683e-06
1230 0.000202308694251
1231 1.5857421563e-05
1232 0.000961215057741
1233 1.04491054348e-06
1234 0.0
1235 2.15692631694e-06
1236 0.00016608302043
1237 0.00190555452619
1238 0.000403340007497
1239 0.000275117798183
1240 7.46947758985e-08
1241 2.94238910221e-06
1242 2.28937998866e-06
1243 0.000204932086241
1244 2.77915188317e-05
1245 1.29838610754e-06
1246 0.000959507146881
1247 8.17488216531e-05
1248 7.72045771115e-06
1249 6.91812505899e-07
1250 3.68749605292e-06
1251 2.32147774313e-05
1252 3.50641024736e-07
1253 0.0
1254 0.0
1255 3.27170143074e-07
1256 4.09034454805e-05
1257 3.3306238184e-05
1258 0.000181557467018
1259 0.000975046129038
1260 0.000814340822643
1261 0.000102714295273
1262 0.000236746652226
1263 0.0
1264 2.39403694222e-07
1265 3.15566990341e-07
1266 1.47568627306e-06
1267 1.75468905971e-06
1268 9.55421722174e-06
1269 4.95048681432e-06
1270 1.76303722263e-05
1271 0.0
1272 0.000228858802317
1273 0.00297699087759
1274 0.000397884716284
1275 3.8520186144e-05
1276 0.000247144526758
1277 0.0
1278 0.000138021134177
1279 6.80994822598e-06
1280 0.000542852075287
1281 0.00105252798812
1282 0.0001044785792
1283 0.000194135564525
1284 2.62751278741e-05
1285 7.77864954648e-05
1286 0.000188627037263
1287 4.79509568154e-06
1288 6.93325232927e-05
1289 0.00024825670725
1290 0.002537811716
1291 0.000214384809824
1292 9.75277602708e-06
1293 0.000163459671246
1294 0.000220904067902
1295 5.78507688714e-06
1296 1.97048822438e-07
1297 1.09067627982e-05
1298 2.90488557333e-07
1299 0.00082221641524
1300 3.09748705955e-05
1301 8.37081004686e-06
1302 1.84720629484e-07
1303 1.24062755216e-05
1304 5.28537089581e-05
1305 0.000144626880356
1306 7.04510494952e-05
1307 7.86587689637e-06
1308 3.16142620508e-05
1309 2.87492466936e-06
1310 0.000161172235058
1311 2.7581828173e-06
1312 1.34403340321e-05
1313 0.00137338514886
1314 1.16602416547e-05
1315 1.79518642637e-05
1316 0.000158188108072
1317 2.56233918433e-06
1318 8.38865206707e-05
1319 0.000149137064007
1320 1.65172407333e-07
1321 0.000131545446471
1322 9.8087293825e-06
1323 0.000287430070342
1324 0.000965479726684
1325 0.000150909698826
1326 1.42928370651e-06
1327 0.0
1328 0.000635710871174
1329 2.20661700209e-05
1330 4.53372476184e-05
1331 3.78592943108e-05
1332 3.30814811816e-05
1333 0.000322967011674
1334 6.09689221731e-07
1335 0.000126317208731
1336 2.14815640085e-05
1337 0.000151228583882
1338 0.000143226796073
1339 0.000282658332467
1340 3.43921151079e-05
1341 1.85556741906e-06
1342 1.56782881543e-05
1343 2.51367743339e-06
1344 4.19446747382e-05
1345 0.000225522361883
1346 3.95309042556e-05
1347 0.0
1348 0.000989162685193
1349 1.67810069768e-05
1350 0.000321231439298
1351 7.25614729256e-06
1352 2.03269313531e-06
1353 0.0128443074681
1354 6.13444018264e-08
1355 1.95418247088e-07
1356 0.000100372500263
1357 3.53810081352e-06
1358 4.14385665386e-05
1359 0.00146583708683
1360 0.00105398660471
1361 5.39867604536e-05
1362 0.000317413130548
1363 0.0
1364 1.89041472526e-07
1365 2.06194384906e-06
1366 0.000132269547985
1367 3.85760839259e-05
1368 4.94148112128e-05
1369 2.12203772985e-07
1370 0.000750736118716
1371 1.30347915403e-05
1372 4.5472321272e-05
1373 1.57649898445e-06
1374 0.0011791201846
1375 0.000188603185621
1376 0.000840104247077
1377 0.000163519114013
1378 0.000143326904836
1379 5.7435800084e-07
1380 0.000155860363032
1381 0.000911532300035
1382 4.4508312926e-07
1383 6.78922648848e-05
1384 1.09126603262e-06
1385 8.71737329083e-06
1386 7.54953307336e-06
1387 0.0
1388 3.0660985699e-06
1389 0.000991758053795
1390 5.4407192083e-05
1391 5.74974527655e-05
1392 8.27976185069e-05
1393 2.23094010724e-06
1394 0.000154939519785
1395 0.0
1396 1.09126603262e-06
1397 8.5996783412e-05
1398 1.06688332164e-06
1399 0.000116602905706
1400 5.9512545634e-05
1401 4.66191548161e-06
1402 4.14105440458e-06
1403 0.000678651919604
1404 0.0
1405 0.000158116110393
1406 0.00540570142467
1407 1.23060068368e-05
1408 1.15189153567e-05
1409 5.04656874086e-05
1410 5.09640517722e-05
1411 1.22135267358e-05
1412 1.48890452459e-06
1413 9.73818664254e-06
1414 8.43752708299e-06
1415 3.22865272771e-09
1416 1.17022838281e-05
1417 1.30799501472e-05
1418 0.0
1419 4.11111941769e-06
1420 0.00081522829121
1421 0.000153982324426
1422 1.50685250006e-05
1423 1.80378670538e-06
1424 1.22992397559e-05
1425 4.07961088558e-06
1426 9.16970348583e-05
1427 1.1594288156e-05
1428 4.89528305027e-05
1429 2.2756700247e-05
1430 2.07238788996e-05
1431 0.0
1432 0.000379582490984
1433 8.57084478123e-05
1434 1.45223815453e-06
1435 2.21192125807e-06
1436 0.000205059526536
1437 2.43837657737e-05
1438 0.00015842966339
1439 1.85136769408e-05
1440 2.62440688098e-08
1441 3.1763377596e-05
1442 3.02814446792e-06
1443 1.80557063337e-06
1444 1.68570175691e-06
1445 1.44845869096e-05
1446 2.80916452191e-06
1447 1.36329114704e-05
1448 9.03368743068e-05
1449 0.000162593427078
1450 0.000206826636704
1451 0.000393219336652
1452 3.17138540145e-05
1453 1.69668754487e-06
1454 1.70468069499e-05
1455 0.000130550010233
1456 1.65087653422e-08
1457 2.46438405545e-05
1458 2.47244442724e-06
1459 1.94526415648e-05
1460 0.000195595790784
1461 5.31699871199e-05
1462 1.72486781778e-06
1463 0.00104405622333
1464 1.84749679991e-07
1465 8.36851404547e-06
1466 0.00369895237162
1467 0.0
1468 6.51204089959e-05
1469 6.12324378528e-07
1470 0.000250504950722
1471 0.000499183024396
1472 7.9578628901e-05
1473 0.00101456626205
1474 0.000292520000537
1475 2.04481339421e-08
1476 0.000107676678673
1477 4.00141568044e-07
1478 5.92181598151e-06
1479 2.20284375743e-06
1480 0.000128412497584
1481 0.000311255705591
1482 2.20829584397e-06
1483 0.000189258685194
1484 0.000216906211306
1485 5.96379253746e-06
1486 2.68684775525e-05
1487 0.0
1488 0.000180722441526
1489 3.20297646898e-05
1490 2.6632245352e-06
1491 4.0450557048e-08
1492 3.00134894926e-05
1493 1.10428736899e-05
1494 1.37140788358e-07
1495 6.32768391834e-05
1496 4.54695640507e-05
1497 6.2035327899e-05
1498 1.56916778187e-05
1499 9.95594603112e-08
1500 1.01948553512e-06
1501 7.67803790183e-06
1502 9.8101283136e-06
1503 0.000171382970031
1504 2.72565904975e-05
1505 6.42807261727e-05
1506 0.0023878133155
1507 1.59700089113e-08
1508 1.90128095722e-05
1509 3.31354658778e-06
1510 8.22025941817e-05
1511 6.98951778369e-08
1512 2.91243223344e-05
1513 1.86266111719e-05
1514 0.000245760981824
1515 1.01144132343e-05
1516 6.74556200661e-05
1517 2.07232088923e-05
1518 5.93056734594e-07
1519 2.45701249437e-05
1520 2.7417782641e-05
1521 5.22363555018e-05
1522 1.09126603262e-06
1523 6.46802287583e-05
1524 7.58972002831e-05
1525 8.44161702319e-05
1526 5.92384676615e-05
1527 4.25375331026e-06
1528 2.43329618281e-06
1529 0.000481383162579
1530 0.000446113740198
1531 6.1360497779e-06
1532 1.70133629156e-05
1533 3.15233138093e-06
1534 6.75924521008e-06
1535 0.00140247660676
1536 5.43348396222e-06
1537 0.000877472591134
1538 3.43511278426e-05
1539 0.000130185350376
1540 8.93475409475e-05
1541 0.000124127149664
1542 4.00387107549e-06
1543 0.000137616479688
1544 3.07874161613e-05
1545 1.14514372819e-05
1546 0.000480659979213
1547 0.0
1548 1.21385548922e-05
1549 0.000225594305955
1550 0.00038709676315
1551 1.79660269676e-06
1552 4.62808699284e-05
1553 2.49883918477e-06
1554 0.00015003177606
1555 6.74766130922e-05
1556 5.04720144998e-05
1557 1.59281840928e-06
1558 3.95093275724e-05
1559 0.0
1560 9.9872193463e-05
1561 0.0
1562 1.73986492989e-05
1563 8.78960950959e-07
1564 2.29666579237e-05
1565 2.78618400987e-06
1566 0.000305095769181
1567 6.22512847289e-06
1568 1.71918512953e-05
1569 1.76590975545e-07
1570 6.35087560877e-05
1571 2.70001379474e-05
1572 1.89974065567e-05
1573 0.000116692608
1574 0.000181999485679
1575 0.00017599429736
1576 4.76637722826e-06
1577 9.23964716518e-05
1578 0.00767638650535
1579 6.02677372457e-05
1580 9.43760028099e-09
1581 0.000115298225843
1582 0.0
1583 4.12036171972e-05
1584 0.000206042134503
1585 0.000457848871116
1586 2.94538458278e-05
1587 0.0
1588 9.71855010598e-05
1589 1.27519795711e-05
1590 7.67261709279e-05
1591 0.000278795585424
1592 0.00022749786705
1593 2.80546302814e-07
1594 8.66812964098e-05
1595 6.94627111237e-06
1596 5.69567108431e-06
1597 0.00010948605473
1598 1.90366224097e-05
1599 5.81159586511e-05
1600 2.44638474909e-06
1601 2.02251977139e-05
1602 5.92149355422e-07
1603 1.29851382699e-06
1604 1.73444894643e-05
1605 8.2167326237e-05
1606 0.00012698299101
1607 3.35102484131e-05
1608 2.04481339421e-07
1609 1.90528402761e-05
1610 0.000120099343601
1611 7.12673722777e-05
1612 0.0001049514916
1613 7.69612205362e-05
1614 0.000205711481783
1615 9.7609616579e-05
1616 2.04776340425e-06
1617 0.000218717511526
1618 4.78542980694e-05
1619 3.13527782333e-05
1620 1.46552489399e-05
1621 0.000121841044879
1622 0.000120150594582
1623 0.00020881002965
1624 1.1593896287e-05
1625 9.40976149763e-06
1626 3.26017043289e-06
1627 5.18477012203e-05
1628 0.0
1629 0.000131898588775
1630 1.54646158676e-06
1631 0.00012941650003
1632 1.15980645904e-07
1633 0.0001184369797
1634 2.7973126333e-06
1635 7.08726749767e-05
1636 3.33205139787e-06
1637 0.000122449646159
1638 5.84715799248e-05
1639 3.20366601037e-06
1640 0.000159109503746
1641 8.55422319416e-08
1642 5.51810468028e-06
1643 0.000923597844181
1644 7.03440525198e-06
1645 1.2416858147e-05
1646 4.49553904382e-05
1647 3.61364865563e-06
1648 0.000113626365183
1649 1.54266685435e-07
1650 7.71611564306e-06
1651 1.18315714805e-05
1652 0.0
1653 9.99414199035e-05
1654 3.06239675808e-06
1655 2.97890385451e-06
1656 1.03769026573e-05
1657 0.00088209415883
1658 0.0
1659 3.17631338087e-06
1660 8.83342455189e-05
1661 2.37539071924e-05
1662 0.000251919376989
1663 2.162287454e-05
1664 0.0102947314029
1665 4.92342876616e-07
1666 1.66597183557e-05
1667 0.00155758843942
1668 9.20300115051e-06
1669 1.36085124405e-05
1670 5.411135098e-05
1671 6.59394434324e-06
1672 3.13635601071e-05
1673 8.41468420827e-05
1674 0.000167224014713
1675 5.96836065022e-05
1676 7.24164754242e-05
1677 1.90153253755e-06
1678 9.94659761923e-06
1679 1.12296231954e-05
1680 7.11594112733e-06
1681 4.77931524784e-05
1682 6.10874998816e-06
1683 4.57909478714e-06
1684 5.52730817694e-05
1685 0.199377834484
1686 0.000163337830195
1687 9.97256131709e-06
1688 0.00168643000856
1689 0.000377282197593
1690 1.65341657289e-05
1691 0.0
1692 7.14838030738e-06
1693 0.0004321250264
1694 6.13444018264e-08
1695 7.27941759048e-05
1696 7.15356746025e-06
1697 4.30289685251e-06
1698 9.43417413074e-06
1699 1.37677597336e-06
1700 0.000138116219063
1701 1.72932330657e-06
1702 9.67572781961e-07
1703 0.000514268858516
1704 0.000255329236
1705 5.31974159002e-06
1706 1.52537789735e-05
1707 0.00011922535445
1708 4.64220627097e-05
1709 6.99382939701e-07
1710 0.000127596694791
1711 7.30745927378e-07
1712 2.24217210189e-06
1713 1.15803943715e-05
1714 1.88414948467e-07
1715 4.00050692332e-05
1716 1.2607044295e-05
1717 9.75549124082e-05
1718 4.2149194922e-05
1719 0.00634873933718
1720 3.46797129776e-06
1721 8.58169919637e-05
1722 1.77822011043e-05
1723 0.00021159994455
1724 2.03846667939e-06
1725 9.00724143299e-05
1726 0.000692496435102
1727 0.000451577130641
1728 1.84330075978e-05
1729 2.84223612084e-06
1730 0.000229395821818
1731 0.00033892657038
1732 8.99717893455e-08
1733 6.13619549762e-05
1734 2.94801741565e-06
1735 8.34481435552e-05
1736 1.33796941874e-05
1737 4.00183081365e-05
1738 4.21219066516e-06
1739 4.67968288136e-06
1740 2.0083329357e-06
1741 1.07955738794e-05
1742 2.60126741941e-05
1743 3.12887096682e-05
1744 2.08439775538e-05
1745 3.72264891599e-05
1746 1.9995803706e-05
1747 7.12676335742e-05
1748 1.56358325713e-06
1749 2.76145063172e-07
1750 7.26678829422e-06
1751 2.80110121958e-05
1752 9.65374192898e-05
1753 1.34445517054e-05
1754 0.000105728169544
1755 7.52519084341e-05
1756 0.0
1757 2.08320853523e-06
1758 2.13098724387e-05
1759 0.000771553239575
1760 6.18312621584e-08
1761 1.19366759894e-06
1762 0.000189351802649
1763 0.0
1764 5.70996556095e-06
1765 1.38881700496e-06
1766 2.13290654818e-05
1767 0.00020950792233
1768 3.46574677087e-05
1769 0.000346625061793
1770 4.14218878796e-06
1771 0.000326172835013
1772 8.73430104549e-07
1773 6.8412951473e-06
1774 2.67391137295e-06
1775 0.000180949305476
1776 7.19092710299e-09
1777 0.0
1778 8.17118000261e-07
1779 5.09193654418e-05
1780 1.96073555688e-05
1781 3.09775988764e-05
1782 1.35652918742e-05
1783 2.61564020019e-05
1784 0.000651997106327
1785 4.72986204083e-07
1786 2.25365725243e-05
1787 0.000148955423533
1788 1.53611855856e-05
1789 1.44159344292e-07
1790 1.48148240977e-05
1791 2.439188762e-05
1792 6.00351600935e-05
1793 8.40525461982e-07
1794 2.21180682789e-05
1795 0.000318840147217
1796 0.000111827523519
1797 4.32663940756e-06
1798 3.93743958464e-07
1799 9.6842161163e-07
1800 2.71116856712e-05
1801 0.011084795677
1802 2.39448945382e-06
1803 5.19197712691e-08
1804 1.00615335588e-05
1805 6.0441362248e-05
1806 5.47700981382e-06
1807 0.000366597454049
1808 0.000319058759817
1809 3.79402325152e-05
1810 2.20539567954e-05
1811 1.34113460454e-05
1812 8.27366130646e-06
1813 0.000117877330151
1814 9.9794212642e-05
1815 3.32310686404e-06
1816 3.61579315587e-06
1817 1.40477310873e-05
1818 2.55393538451e-06
1819 2.26734076123e-05
1820 0.000144807397188
1821 8.48801189119e-05
1822 3.61724122614e-07
1823 6.76535052686e-07
1824 2.61426157438e-05
1825 6.61000221464e-05
1826 3.22756158248e-05
1827 9.46620162505e-06
1828 0.000380975141486
1829 0.000107075958842
1830 3.1902422451e-06
1831 3.51772227172e-06
1832 0.000777524669397
1833 0.000109903145915
1834 5.45738020976e-05
1835 0.0
1836 0.000218328957752
1837 5.65261065254e-06
1838 0.000303262716748
1839 2.0857096621e-07
1840 3.9585701455e-05
1841 7.23869267263e-07
1842 5.99765551981e-06
1843 1.83973828225e-05
1844 0.000124366259378
1845 0.000237179660607
1846 4.51490830012e-05
1847 4.90810093783e-05
1848 5.26066543546e-05
1849 3.74406538454e-06
1850 9.86438189324e-06
1851 2.99594641428e-05
1852 0.000151121959299
1853 2.71143537247e-05
1854 1.17870545901e-07
1855 0.0
1856 1.46369269171e-06
1857 0.0
1858 8.31618584863e-05
1859 1.48713868457e-05
1860 8.42921644057e-05
1861 2.8125030377e-05
1862 9.91857589894e-05
1863 0.000166135045777
1864 6.437204538e-05
1865 1.95031434926e-05
1866 4.11676011128e-08
1867 2.24727703006e-05
1868 3.58688514606e-05
1869 2.5134565417e-05
1870 5.39511077677e-07
1871 3.55005446969e-06
1872 0.000210074637022
1873 9.57804965336e-05
1874 4.01426487393e-05
1875 1.56604321127e-07
1876 6.8818958513e-06
1877 0.000304709312231
1878 2.55185498592e-06
1879 8.01828818756e-06
1880 1.87462397777e-05
1881 7.11667394209e-07
1882 0.000182926182647
1883 2.01279666321e-05
1884 1.9593945516e-05
1885 3.55109343718e-07
1886 6.20239725442e-06
1887 4.42688361617e-05
1888 1.01854613188e-07
1889 0.011534544026
1890 2.83726523095e-06
1891 4.90755214612e-07
1892 2.22477988505e-05
1893 9.62635228661e-09
1894 0.000115896314228
1895 4.03402187755e-05
1896 1.14351159613e-05
1897 1.03993366906e-06
1898 2.33629356556e-05
1899 4.56775899886e-05
1900 0.000105430361185
1901 1.640105226e-06
1902 6.38769659114e-06
1903 2.04633500724e-05
1904 9.77144196549e-05
1905 5.62179284847e-05
1906 4.14760742796e-08
1907 2.35954025512e-06
1908 3.21054023734e-06
1909 3.37592517493e-06
1910 0.000614989837841
1911 1.88661737041e-05
1912 0.000141566027823
1913 0.191109815201
1914 4.13480058002e-06
1915 0.000203917351807
1916 4.49364596236e-07
1917 1.66527500103e-05
1918 1.02475082301e-05
1919 6.96092553679e-06
1920 1.72521622032e-05
1921 2.0086751118e-05
1922 0.000154975728395
1923 8.52069064394e-07
1924 1.85530488385e-05
1925 2.47439604006e-08
1926 7.59877325326e-06
1927 9.99590713393e-05
1928 1.05157460502e-05
1929 2.3153334847e-06
1930 4.84080942527e-06
1931 6.02649046972e-07
1932 1.34379784801e-05
1933 0.000680956177213
1934 3.87971508377e-07
1935 4.41838001027e-06
1936 1.3948938147e-05
1937 3.30824434e-06
1938 6.13444018264e-08
1939 9.71969451079e-06
1940 1.18008380013e-05
1941 0.000696977015877
1942 0.000550184489921
1943 8.92653926846e-06
1944 1.7024875995e-05
1945 2.72436950482e-06
1946 3.96365103693e-05
1947 9.10526656273e-06
1948 4.2709130814e-05
1949 1.99295009387e-05
1950 2.88802724519e-07
1951 1.27210058234e-07
1952 1.8727523422e-05
1953 4.40743731527e-06
1954 1.42068699731e-06
1955 0.00148268478645
1956 0.000731344993161
1957 6.7479522404e-07
1958 9.38528545487e-06
1959 8.53387393369e-05
1960 4.21780476366e-05
1961 0.000308653613601
1962 8.42858433604e-07
1963 9.30386760324e-06
1964 1.26526091051e-06
1965 0.00193333358131
1966 7.18393982345e-06
1967 3.1564574652e-05
1968 0.0
1969 7.79347929151e-06
1970 0.0
1971 0.000433373686642
1972 9.69953041019e-06
1973 4.01108473166e-05
1974 3.52990502533e-05
1975 2.73834731638e-07
1976 1.62490119299e-05
1977 1.02919286065e-05
1978 1.15146647001e-07
1979 1.71278826629e-07
1980 1.04420116037e-05
1981 1.27487800251e-05
1982 4.44275363402e-06
1983 8.1069464038e-06
1984 3.03082203509e-05
1985 1.20053870501e-05
1986 0.000177465193756
1987 8.21190803719e-06
1988 3.33970394781e-06
1989 3.8115828398e-06
1990 1.67230270427e-06
1991 5.48152946612e-06
1992 0.000121886262892
1993 2.01182144701e-07
1994 2.71568291836e-05
1995 2.30853197982e-06
1996 1.92255796155e-05
1997 2.45377607306e-08
1998 2.17936584255e-06
1999 1.26140681959e-05
2000 1.11306345495e-05
2001 2.53919937481e-06
2002 1.96904205719e-05
2003 1.32692902388e-05
2004 8.53371891862e-05
2005 1.2448116934e-05
2006 4.61248368899e-06
2007 8.5783689755e-06
2008 0.00110779745511
2009 2.80431551207e-07
2010 0.000143499171479
2011 3.62429117945e-06
2012 0.000503758005575
2013 8.1166629537e-08
2014 8.31420938264e-07
2015 1.16987654501e-06
2016 1.39013789276e-07
2017 1.2006367357e-06
2018 6.44116219178e-07
2019 0.000323352425406
2020 1.6608577638e-06
2021 3.10758329896e-06
2022 1.38725968998e-07
2023 1.01526049941e-05
2024 8.43433967259e-06
2025 8.7063793367e-06
2026 8.60942295258e-06
2027 0.00044466238683
2028 7.60426026869e-05
2029 1.57786443917e-05
2030 7.71214343565e-06
2031 8.80152084692e-06
2032 4.16315696145e-05
2033 4.93108694014e-05
2034 7.83043580317e-06
2035 8.99912332346e-07
2036 8.33641394873e-06
2037 7.21621437936e-05
2038 4.4427381606e-05
2039 8.9909916012e-05
2040 8.9577815972e-06
2041 2.73373104374e-05
2042 8.31998141318e-07
2043 0.00037899340392
2044 8.48338862837e-06
2045 6.94551537325e-07
2046 6.06574515861e-06
2047 1.17279101053e-06
2048 0.000906393700303
2049 1.62041872251e-05
2050 9.91031517279e-06
2051 2.56606562648e-07
2052 2.72166381101e-07
2053 1.09345730647e-05
2054 2.39893954639e-05
2055 8.22524240347e-05
2056 2.25720346276e-06
2057 3.47488376091e-05
2058 2.68762761345e-05
2059 1.46830490118e-05
2060 6.76709474931e-06
2061 4.11691398202e-05
2062 9.86189087215e-05
2063 3.46246770238e-05
2064 1.04409071075e-05
2065 1.01396235043e-05
2066 5.07565851752e-06
2067 2.60593961793e-07
2068 5.85046837027e-06
2069 4.99461408699e-05
2070 2.23316274983e-05
2071 4.77930130881e-06
2072 2.43158821219e-05
2073 5.2363952128e-05
2074 1.32086096517e-05
2075 4.2458318123e-06
2076 3.70136534114e-05
2077 1.18842764734e-06
2078 1.61345433965e-06
2079 1.67691837324e-05
2080 0.0
2081 1.09757150897e-06
2082 9.60488041589e-05
2083 1.53530120461e-06
2084 5.35929445247e-06
2085 3.02887192429e-05
2086 9.19325843739e-06
2087 3.47403752593e-06
2088 6.55169254394e-05
2089 1.59268820556e-05
2090 5.80668887763e-06
2091 8.89102441404e-06
2092 1.19261660699e-05
2093 1.420254353e-05
2094 2.77736111569e-05
2095 4.90755214612e-08
2096 1.17455898292e-05
2097 1.66465930631e-06
2098 3.44245838282e-06
2099 1.65296286724e-06
2100 3.42460571822e-06
2101 0.0
2102 2.24429740032e-05
2103 0.000649521600969
2104 1.58740518905e-05
2105 6.31120549451e-06
2106 1.24819004192e-06
2107 4.08962678843e-08
2108 1.63655945424e-05
2109 3.23393348184e-06
2110 2.05244089507e-06
2111 2.97815468625e-05
2112 0.000805074781435
2113 7.18843905711e-05
2114 2.30187564949e-07
2115 5.74730770646e-06
2116 2.80382439844e-06
2117 5.50199315272e-05
2118 0.000170136804356
2119 8.9481505444e-06
2120 4.77757279448e-06
2121 4.41895700965e-06
2122 9.17767369162e-06
2123 2.72576754636e-06
2124 1.44145936552e-05
2125 6.0646857993e-06
2126 2.63247242997e-05
2127 4.17506661006e-05
2128 3.00609386084e-05
2129 0.0010101361681
2130 1.19382195723e-05
2131 4.80723715405e-07
2132 2.24089784124e-05
2133 0.000964599394111
2134 0.00021388124096
2135 1.19069832661e-05
2136 8.34534300016e-06
2137 2.49259968331e-06
2138 2.49254729047e-05
2139 2.96389706984e-05
2140 5.56877114954e-06
2141 6.91466702581e-06
2142 5.73729124587e-07
2143 0.00021891994081
2144 0.000128667500045
2145 1.19815311713e-05
2146 8.59326338722e-05
2147 9.37138542995e-06
2148 1.31647800877e-05
2149 0.000770167133247
2150 2.9730235844e-05
2151 1.99138069721e-05
2152 6.39568392419e-06
2153 5.77433864832e-06
2154 8.18920190207e-05
2155 1.21063886448e-05
2156 5.42416953e-05
2157 9.53520363605e-06
2158 7.43621125418e-06
2159 1.53882467018e-07
2160 9.45692909284e-05
2161 7.44128088167e-06
2162 1.39706178509e-05
2163 2.17874338041e-06
2164 4.33085352268e-06
2165 0.00128374226234
2166 7.79851494937e-06
2167 5.15039692147e-06
2168 0.0
2169 0.0
2170 1.54477071779e-05
2171 7.92860441971e-07
2172 2.15541874825e-05
2173 1.47036814367e-05
2174 9.42648039784e-06
2175 3.89503265563e-05
2176 3.30876429216e-07
2177 0.00010195745499
2178 5.11915827088e-08
2179 6.13444018264e-08
2180 0.00129424961165
2181 4.87488834626e-05
2182 1.90689425355e-06
2183 1.17905644313e-07
2184 6.25816110273e-05
2185 1.46852888844e-05
2186 2.15088408652e-06
2187 1.0998598266e-06
2188 3.20105790385e-05
2189 1.36905189126e-05
2190 0.000163972052242
2191 5.32829169283e-06
2192 4.05769148974e-05
2193 6.51466083533e-05
2194 1.60864087292e-06
2195 1.81472490766e-05
2196 0.0
2197 8.60472776822e-06
2198 7.05442218118e-06
2199 6.07400385993e-06
2200 0.000164651057839
2201 1.24409177353e-05
2202 7.52973784006e-06
2203 9.86432506813e-05
2204 3.03214658753e-05
2205 0.0
2206 1.62587960242e-07
2207 1.77828886362e-05
2208 4.93221439331e-06
2209 1.6229602357e-06
2210 3.39375490878e-06
2211 0.000284835527195
2212 0.000254518713883
2213 2.37388831528e-06
2214 1.18818945222e-06
2215 6.21098058393e-06
2216 8.9318084195e-06
2217 5.29687280638e-06
2218 1.1071735069e-06
2219 1.8769876003e-05
2220 0.0
2221 9.48716176065e-06
2222 3.70324808424e-05
2223 4.9995861277e-05
2224 0.000101485221058
2225 2.48640899862e-05
2226 7.49539016372e-05
2227 8.91601769313e-05
2228 2.71741094281e-07
2229 1.11634282894e-05
2230 5.17893188953e-05
2231 1.02240669711e-08
2232 0.000510215961418
2233 2.79313950779e-05
2234 0.037821274661
2235 8.17634301413e-06
2236 2.93444535305e-05
2237 0.000115028596184
2238 3.36939982343e-06
2239 5.00101279906e-06
2240 7.273260756e-06
2241 1.62100760607e-05
2242 1.44760639405e-05
2243 1.27123870804e-05
2244 4.78997864614e-05
2245 1.2904413195e-05
2246 4.2064732681e-08
2247 0.000716984132518
2248 5.4791332123e-05
2249 9.0000430473e-07
2250 1.648323219e-06
2251 3.39991363967e-05
2252 5.41597694833e-07
2253 1.43136937595e-08
2254 5.54165175043e-06
2255 0.00076904935855
2256 5.23472228919e-07
2257 4.35795630735e-08
2258 8.55259762084e-06
2259 7.50947520171e-07
2260 1.71604800298e-05
2261 4.16941248023e-06
2262 2.05130083789e-06
2263 9.58796270327e-06
2264 1.1655436347e-07
2265 1.14971247461e-05
2266 5.24209700651e-07
2267 0.0369553715655
2268 1.73236268766e-05
2269 0.000227151416142
2270 0.0
2271 9.20042368098e-07
2272 1.06238301809e-05
2273 4.97530038339e-06
2274 0.000573993808381
2275 3.76834428795e-06
2276 6.67099009397e-06
2277 5.22184854714e-06
2278 3.57094764902e-06
2279 5.31850198938e-05
2280 1.96419882584e-05
2281 4.57783022825e-06
2282 2.42456445314e-07
2283 6.62662700194e-05
2284 0.000128994185164
2285 1.6894012718e-05
2286 4.7115251006e-06
2287 6.94869323036e-06
2288 3.74876377859e-06
2289 1.82271511408e-05
2290 0.00211976254632
2291 5.82421107196e-06
2292 1.37886863553e-06
2293 0.000132389089225
2294 3.5779435824e-06
2295 4.15964366584e-05
2296 2.62489615368e-06
2297 5.44115518335e-06
2298 0.000110236754947
2299 5.78631100614e-06
2300 4.22178117841e-06
2301 3.2820144408e-05
2302 5.64225394699e-07
2303 5.35885997766e-05
2304 4.58650091213e-06
2305 9.05125116906e-06
2306 8.54989207499e-07
2307 1.22946659995e-06
2308 2.46877753408e-06
2309 3.81053184304e-06
2310 3.56542364217e-05
2311 2.11304893008e-06
2312 3.16154929227e-06
2313 2.07936904713e-07
2314 0.000159200275528
2315 8.47229934107e-07
2316 2.98167180186e-06
2317 1.57698874754e-06
2318 1.57258296472e-05
2319 0.000108410671111
2320 3.28716719836e-05
2321 2.21286412255e-07
2322 6.55265320779e-07
2323 3.26788215172e-05
2324 8.64471276418e-06
2325 6.99794037634e-05
2326 0.000634750484869
2327 9.73829177842e-06
2328 5.29415667513e-05
2329 0.000211852729461
2330 7.95232061289e-06
2331 3.46655829111e-06
2332 1.33762018455e-05
2333 1.59786438435e-05
2334 0.000109810133821
2335 2.11589134636e-05
2336 1.31867146964e-05
2337 0.000142499512532
2338 6.88151508181e-05
2339 9.18360143004e-06
2340 1.68914332838e-05
2341 1.40948702048e-05
2342 1.27448286147e-05
2343 7.98775268714e-06
2344 3.60033798727e-05
2345 5.31227531798e-05
2346 2.03088582081e-05
2347 6.56495792993e-06
2348 0.00086247240439
2349 1.00087672337e-05
2350 7.2726005592e-07
2351 1.74085608508e-05
2352 5.42586957384e-05
2353 6.05157926118e-06
2354 1.27156172281e-06
2355 5.75476687397e-06
2356 6.75389950863e-06
2357 4.02678113616e-06
2358 2.73403607026e-06
2359 1.15321440923e-07
2360 2.23204556873e-06
2361 9.90993555141e-07
2362 1.79419645962e-05
2363 4.40517252016e-07
2364 6.19127251158e-06
2365 2.16036553024e-05
2366 1.58229189906e-05
2367 6.39569796622e-06
2368 8.95959117387e-06
2369 3.64346593093e-05
2370 1.4301862574e-05
2371 3.94607792361e-06
2372 1.23796806669e-05
2373 1.65897121492e-05
2374 5.26005296651e-06
2375 3.75885244479e-06
2376 0.0
2377 2.70660151553e-05
2378 0.000658467879935
2379 1.24259510153e-05
2380 3.97438142181e-06
2381 0.0
2382 6.55979418283e-06
2383 0.0
2384 2.72758935238e-06
2385 0.00226454803854
2386 1.70344114194e-05
2387 4.07814408153e-06
2388 1.53010661926e-05
2389 2.06526152816e-07
2390 1.6288394943e-05
2391 6.29110845132e-06
2392 2.70511128719e-05
2393 0.00108147338442
2394 1.07346696611e-05
2395 0.000837973080775
2396 2.59723135332e-05
2397 1.28319195566e-05
2398 1.45768543438e-05
2399 3.75264198921e-05
2400 2.65546330867e-05
2401 6.37500777243e-07
2402 3.57267787748e-06
2403 4.19025625448e-06
2404 1.01067414238e-06
2405 1.64585794618e-05
2406 4.34761129937e-06
2407 7.05094429432e-06
2408 1.3262655368e-06
2409 3.03988311849e-06
2410 1.10013442769e-05
2411 2.60455177663e-05
2412 9.21988941251e-06
2413 9.01214427631e-06
2414 2.66503449752e-06
2415 9.89633599831e-06
2416 1.20474569027e-06
2417 5.51071595687e-06
2418 4.35085147966e-05
2419 2.18122179284e-06
2420 6.19671707268e-05
2421 3.01858441932e-06
2422 8.48597558599e-07
2423 3.06722009132e-08
2424 6.6835247695e-06
2425 4.13305355094e-07
2426 8.79956520821e-06
2427 2.76848792559e-06
2428 1.8129072993e-06
2429 2.35915293669e-05
2430 2.14006520208e-05
2431 7.52298385435e-06
2432 0.0
2433 7.87655482929e-06
2434 1.36909449737e-05
2435 0.000708523140626
2436 3.39044672132e-06
2437 0.000414761942779
2438 8.17925357686e-08
2439 1.66454513337e-05
2440 3.47618277017e-07
2441 1.14977726614e-05
2442 0.0
2443 1.46058099587e-09
2444 3.90659247731e-05
2445 1.07608950747e-07
2446 5.80995774298e-06
2447 5.07011039475e-06
2448 8.59642134486e-06
2449 1.27093056462e-05
2450 1.14245408208e-05
2451 5.79850655359e-07
2452 2.93250196973e-05
2453 4.06525254501e-07
2454 2.41354911237e-06
2455 2.75838164004e-06
2456 5.30874171579e-06
2457 8.38749006158e-07
2458 0.0
2459 0.000120987057558
2460 0.000287237981444
2461 7.5366463655e-06
2462 2.60045577025e-05
2463 0.000136777919046
2464 1.31008310124e-05
2465 1.18568084136e-05
2466 2.14094822215e-06
2467 2.76791554254e-07
2468 1.90784595778e-06
2469 0.000229941645661
2470 1.8070499749e-06
2471 0.0
2472 2.23180201782e-05
2473 7.27807632509e-05
2474 8.04153724344e-06
2475 7.40257891827e-06
2476 9.2085013295e-05
2477 9.12107610042e-06
2478 1.61916049093e-06
2479 0.000242949929906
2480 5.30045027372e-06
2481 0.000112592619754
2482 1.75269719504e-08
2483 9.04745172494e-06
2484 0.0
2485 3.84675719032e-06
2486 3.87178147595e-06
2487 1.39837215285e-06
2488 2.42456445314e-07
2489 1.27067144197e-05
2490 4.61493927719e-06
2491 8.77427403356e-07
2492 4.15621428048e-05
2493 7.70044955511e-06
2494 7.29767041158e-08
2495 5.29565775856e-06
2496 4.49405491984e-06
2497 4.51791703393e-08
2498 4.21911682255e-06
2499 0.000147094620831
2500 0.000155151927772
2501 7.78883472609e-06
2502 0.000104469699703
2503 7.14043798567e-06
2504 3.80095076682e-06
2505 6.28702265132e-06
2506 0.0
2507 9.7764302788e-06
2508 2.11736163428e-05
2509 0.000115702665292
2510 6.70943709727e-05
2511 0.000137382650493
2512 4.93987117675e-05
2513 0.00013522020584
2514 4.15974865195e-07
2515 1.74282620765e-07
2516 7.28294958212e-07
2517 4.90255573295e-05
2518 0.0
2519 3.57672821884e-05
2520 2.51751891945e-06
2521 7.83777573991e-06
2522 7.35214353309e-06
2523 4.79582487468e-07
2524 7.05833113912e-06
2525 3.45122028866e-07
2526 3.79027854283e-06
2527 8.03822762064e-05
2528 1.28823243836e-07
2529 7.97477223744e-08
2530 1.5621933838e-05
2531 6.29957434268e-06
2532 3.05521666761e-05
2533 1.21465327017e-06
2534 0.000105557984874
2535 1.77313058522e-06
2536 1.11693667822e-06
2537 7.37006690017e-06
2538 1.51751380516e-05
2539 0.000324675871073
2540 2.65793885766e-06
2541 1.75233452917e-05
2542 0.0
2543 6.74407120277e-05
2544 0.00147336780035
2545 4.52374162966e-06
2546 1.73700723734e-06
2547 7.63377179059e-06
2548 9.01370136738e-06
2549 4.08962678843e-08
2550 3.19295308574e-06
2551 2.73975847246e-05
2552 1.4378996995e-05
2553 1.7365569592e-06
2554 2.08900467854e-05
2555 1.1645237175e-06
2556 0.00121726212236
2557 3.59860891918e-06
2558 4.37881452746e-06
2559 5.5507920167e-06
2560 4.03785481852e-06
2561 6.60952004254e-05
2562 9.36491883666e-06
2563 1.39685640689e-06
2564 2.05117346044e-06
2565 1.28110468692e-05
2566 2.45377607306e-08
2567 9.98193519277e-05
2568 6.75814478139e-05
2569 1.80607752511e-06
2570 0.0
2571 4.63261337044e-06
2572 5.92205569659e-06
2573 1.68110800912e-06
2574 6.40124841878e-06
2575 2.73568133092e-06
2576 1.40538225678e-05
2577 4.36228695574e-06
2578 2.74237533641e-06
2579 5.06989025286e-06
2580 1.15625263488e-06
2581 4.55490954634e-08
2582 7.80489115663e-06
2583 1.32380442244e-05
2584 8.68103059343e-06
2585 1.36443840913e-06
2586 3.45856136157e-06
2587 5.74159239325e-06
2588 1.8256561015e-06
2589 9.20223365909e-05
2590 7.97685263977e-06
2591 1.71121651402e-05
2592 1.82295039546e-06
2593 3.10258656821e-05
2594 6.75997875597e-06
2595 0.000235186298152
2596 0.0
2597 0.0
2598 2.2216019374e-05
2599 5.23657093892e-05
2600 3.68541896972e-08
2601 1.47394508288e-05
2602 1.10392484439e-05
2603 2.32448933647e-05
2604 1.88241952577e-05
2605 2.49601618857e-05
2606 3.83817804765e-06
2607 3.45211872567e-07
2608 1.37091876641e-05
2609 3.09527708003e-05
2610 2.58145377544e-07
2611 0.000306993172832
2612 5.19778805233e-05
2613 9.84906919415e-05
2614 2.10623907027e-07
2615 2.45442487303e-06
2616 8.81089395335e-06
2617 3.21329924921e-05
2618 3.43603971493e-05
2619 8.50980680917e-06
2620 5.99880184836e-06
2621 1.43044553649e-05
2622 2.45377607306e-08
2623 3.35478262959e-06
2624 7.64910781682e-06
2625 3.95971145851e-05
2626 7.43393293084e-06
2627 0.000225336602237
2628 2.74322934306e-06
2629 6.79272695779e-06
2630 3.38871148334e-05
2631 8.89996985855e-06
2632 4.85487702304e-06
2633 3.27170143074e-08
2634 1.54266609515e-06
2635 3.1455169198e-07
2636 1.52546009682e-06
2637 7.70102318205e-06
2638 4.61927234161e-06
2639 3.97671095109e-06
2640 0.000664842632987
2641 1.48157093092e-05
2642 3.73143202341e-06
2643 0.000906833879593
2644 1.5204956216e-05
2645 9.16829787309e-06
2646 1.35989645491e-05
2647 1.3042161595e-05
2648 1.24023457971e-05
2649 9.78611268628e-06
2650 2.33287970404e-05
2651 3.79861248376e-07
2652 1.36216275888e-06
2653 5.28895850744e-06
2654 3.31536702009e-06
2655 2.61855677314e-06
2656 4.07442449837e-06
2657 2.59363732365e-06
2658 1.31136672347e-05
2659 1.05336875491e-05
2660 6.21199911497e-05
2661 7.66243243972e-06
2662 0.000850120816704
2663 1.34420775087e-05
2664 5.38901144334e-06
2665 3.6173707282e-05
2666 2.74789529699e-05
2667 7.11972181371e-06
2668 6.20576424818e-06
2669 2.01021199733e-05
2670 6.14490095154e-05
2671 6.04292405871e-07
2672 0.0
2673 8.20183646706e-06
2674 1.83903246106e-05
2675 0.000571559210797
2676 1.21412014003e-05
2677 5.75037587089e-05
2678 1.20201503432e-05
2679 6.17536772607e-07
2680 8.53845999262e-05
2681 2.19700436891e-05
2682 3.52481563266e-06
2683 1.63555937404e-06
2684 0.00278195676725
2685 4.79823971828e-06
2686 1.16017258325e-06
2687 4.82323862526e-06
2688 5.0702281378e-07
2689 1.63765088233e-06
2690 1.10420898967e-05
2691 1.18543385208e-05
2692 0.0
2693 1.84033205479e-08
2694 1.29618512549e-05
2695 6.8238656967e-05
2696 5.16798240848e-06
2697 4.10319816209e-06
2698 3.54429881777e-06
2699 8.80830346055e-05
2700 5.50240695171e-08
2701 3.98921284536e-06
2702 2.1021726392e-06
2703 6.79521774325e-06
2704 2.9348076995e-07
2705 0.0
2706 8.65879254103e-06
2707 1.38753408115e-05
2708 8.73504324802e-06
2709 5.1884407216e-06
2710 1.87326078426e-06
2711 1.12077243254e-06
2712 1.31788197148e-05
2713 7.09126639211e-06
2714 1.07787772846e-05
2715 6.13444018264e-08
2716 1.31686035764e-05
2717 0.000232042172257
2718 1.47595049054e-05
2719 0.000228553197212
2720 0.000520753854228
2721 1.32493492934e-05
2722 0.0
2723 0.0
2724 1.06320824947e-06
2725 0.000784961063805
2726 3.85554699036e-06
2727 2.45702366742e-06
2728 1.97756213072e-06
2729 1.16871011365e-05
2730 2.28306803684e-05
2731 0.000129198616809
2732 2.9836889667e-06
2733 1.75269719504e-08
2734 3.6052852886e-06
2735 2.47848442133e-05
2736 4.80541482872e-06
2737 0.0
2738 2.97938308956e-06
2739 0.00178532888043
2740 1.14592818517e-05
2741 0.0
2742 0.000224213743277
2743 0.00133916020152
2744 4.40537051746e-05
2745 2.82188560021e-06
2746 0.000871431563888
2747 1.92153732809e-06
2748 1.00732951961e-06
2749 0.000970744065128
2750 0.000185325388911
2751 0.000944343982872
2752 1.45320167867e-05
2753 7.68139929979e-06
2754 4.03713182629e-05
2755 0.00043514312556
2756 0.000304180941192
2757 4.07992942359e-06
2758 0.00064374727998
2759 0.000240532976773
2760 8.95488632618e-06
2761 2.51424307414e-06
2762 2.12612289826e-05
2763 4.65187860257e-06
2764 1.53740855471e-05
2765 2.61708274307e-05
2766 0.000128066021112
2767 1.04028300082e-06
2768 0.0
2769 7.3244810269e-06
2770 9.73296875593e-07
2771 6.36100311219e-07
2772 1.45559743592e-06
2773 2.18290421124e-05
2774 8.79802888595e-06
2775 2.45377607306e-08
2776 2.23374083575e-05
2777 1.09738318823e-07
2778 4.5637171854e-05
2779 0.000757094195286
2780 6.64885564994e-07
2781 0.000925281136353
2782 0.000873316692048
2783 7.79191434519e-05
2784 1.52454256117e-05
2785 1.22340100147e-05
2786 0.000294892468897
2787 0.000115955265583
2788 2.70344126638e-05
2789 0.0
2790 5.70634407684e-06
2791 5.57311626719e-07
2792 1.88239184832e-06
2793 0.0
2794 0.000546780154468
2795 1.26549215088e-06
2796 7.1967602966e-06
2797 6.28251753362e-05
2798 3.59222310393e-06
2799 4.26832877109e-08
2800 1.36320892948e-08
2801 4.60325763207e-05
2802 3.02657528437e-07
2803 5.60638326262e-07
2804 7.54623690683e-06
2805 9.85274028762e-07
2806 8.09746104109e-07
2807 1.44905764015e-05
2808 3.75162951708e-06
2809 0.0
2810 6.43369975913e-06
2811 6.2751437614e-05
2812 4.36521170499e-07
2813 1.37413732448e-05
2814 2.7810985618e-05
2815 0.0
2816 2.37860180042e-05
2817 6.37057830085e-07
2818 0.0
2819 5.06287821641e-06
2820 6.01747850766e-06
2821 2.1892555787e-06
2822 9.60154415806e-07
2823 3.75407298449e-06
2824 5.82955028369e-06
2825 0.0
2826 1.21848659667e-05
2827 6.69406201394e-06
2828 4.5741710895e-05
2829 0.000543289242471
2830 2.64586823646e-06
2831 2.8753554815e-06
2832 2.99169351055e-06
2833 1.17327222455e-05
2834 0.000419039435007
2835 4.29410812785e-07
2836 2.87505261381e-06
2837 7.31470593012e-05
2838 7.11385336736e-07
2839 0.0
2840 0.036127494678
2841 9.30905406818e-06
2842 1.78810077084e-05
2843 0.0
2844 6.21595315784e-06
2845 0.000104385311863
2846 5.36905809139e-06
2847 2.80873888196e-06
2848 2.84065223678e-06
2849 7.64369389722e-06
2850 0.000259746214868
2851 1.13560417939e-06
2852 5.35991709829e-06
2853 1.00999498546e-06
2854 8.9823192454e-06
2855 8.13096931512e-06
2856 0.0
2857 4.61591981946e-06
2858 0.0
2859 4.04249423162e-06
2860 3.7348747709e-06
2861 0.0
2862 5.98107917808e-07
2863 4.68460783111e-05
2864 0.00159344208652
2865 3.39754300275e-05
2866 1.90185402315e-05
2867 0.000422177057562
2868 0.00101284012375
2869 6.33928303479e-06
2870 0.00115792773939
2871 7.2659034961e-06
2872 0.000130909614779
2873 0.000153587574118
2874 1.54505486102e-05
2875 5.24163612147e-06
2876 8.05357645424e-05
2877 1.92514270937e-06
2878 0.000934840399321
2879 7.42647166731e-07
2880 8.83253162228e-08
2881 7.68689062565e-06
2882 0.000294409232298
2883 1.55580221779e-06
2884 4.45862607323e-05
2885 3.50837265021e-07
2886 0.0
2887 2.97666406958e-07
2888 4.88426219206e-06
2889 1.11229514173e-06
2890 2.75622256327e-06
2891 0.000456659727802
2892 1.18374222165e-06
2893 3.26429960948e-05
2894 9.95291859486e-07
2895 2.16658773133e-05
2896 9.6885255912e-07
2897 6.63774706251e-06
2898 6.34376421556e-06
2899 2.7835887654e-07
2900 8.76348597521e-09
2901 6.6456435312e-08
2902 0.00017941022313
2903 0.0
2904 7.39092542227e-07
2905 5.19060082217e-05
2906 4.74106944298e-05
2907 5.05272852317e-05
2908 2.3933277998e-05
2909 3.1870096621e-06
2910 7.33003488224e-05
2911 4.1229186467e-05
2912 0.000209499987228
2913 0.000200890012669
2914 0.00041419658808
2915 1.43073014641e-05
2916 3.56356796991e-05
2917 4.66486295015e-05
2918 2.46284953575e-06
2919 1.62595115861e-06
2920 1.30986730796e-05
2921 3.93139302769e-05
2922 0.000206044752741
2923 0.0
2924 4.30117702467e-06
2925 3.29133489849e-05
2926 4.65143539537e-05
2927 4.34522846271e-07
2928 7.26550324999e-05
2929 8.95795610089e-05
2930 5.48368722552e-06
2931 1.75269719504e-08
2932 1.00204856492e-05
2933 1.21160057327e-05
2934 1.07472743962e-06
2935 5.13543602667e-06
2936 1.33601748289e-06
2937 8.98965930776e-05
2938 0.00034310901718
2939 1.05574384772e-05
2940 0.000384610092127
2941 7.516411299e-06
2942 1.90574854858e-06
2943 8.72647574125e-07
2944 5.25083736275e-05
2945 0.000113587280921
2946 3.31403666413e-05
2947 0.00016990535965
2948 8.75307390983e-07
2949 2.20816676276e-05
2950 4.18939525958e-06
2951 2.43639454045e-05
2952 0.000132155837575
2953 6.13444018264e-08
2954 2.03495596275e-06
2955 1.5643276767e-06
2956 2.15274742073e-05
2957 9.00808194213e-05
2958 2.76316305545e-06
2959 0.000567088896171
2960 2.96295707869e-07
2961 0.000858489934686
2962 8.39421688849e-07
2963 3.33312238428e-05
2964 3.27170143074e-08
2965 1.63147058052e-05
2966 2.95009768317e-06
2967 0.000568879534176
2968 2.01095674334e-05
2969 9.24565309459e-06
2970 3.31535784588e-05
2971 1.31307787578e-06
2972 1.65780369034e-07
2973 2.55505664058e-07
2974 9.95826493158e-05
2975 0.000949486207512
2976 6.13444018264e-08
2977 3.21560809397e-05
2978 1.56831016662e-06
2979 5.55535236114e-06
2980 9.29427036007e-05
2981 0.0
2982 3.70085595152e-05
2983 4.88732871694e-08
2984 1.55318244228e-06
2985 5.03172223345e-06
2986 2.49018664671e-05
2987 6.00965881773e-05
2988 1.42269135132e-06
2989 1.22718083309e-05
2990 8.30206104152e-05
2991 3.91991100176e-07
2992 0.000124471304519
2993 0.000424121190344
2994 1.08936699741e-05
2995 1.24713135616e-05
2996 2.63473068873e-06
2997 1.8281173142e-05
2998 1.66444420274e-06
2999 4.08962678843e-08
3000 2.22433158002e-05
3001 7.2176449271e-05
3002 0.000392850243054
3003 0.00120540626701
3004 0.0
3005 2.42576509988e-05
3006 5.48287394186e-05
3007 0.0
3008 6.89351205338e-05
3009 5.70525407463e-08
3010 3.51445729043e-06
3011 1.53815816882e-05
3012 4.98339207799e-05
3013 2.89317989734e-07
3014 2.50323039607e-06
3015 5.44016108206e-06
3016 1.10687323391e-06
3017 1.28039173231e-05
3018 5.01317759609e-05
3019 1.18028599238e-05
3020 0.00169794354143
3021 0.000243169421969
3022 2.49379559137e-06
3023 4.43310252561e-05
3024 1.25263888262e-05
3025 2.08343289498e-06
3026 0.000104424258949
3027 0.000337886145043
3028 0.00100253878679
3029 1.24222413699e-06
3030 4.23592335258e-05
3031 7.49840211214e-08
3032 0.0
3033 2.21683296878e-06
3034 0.000493249220871
3035 5.13934045478e-05
3036 0.000128416554227
3037 8.40727288785e-06
3038 0.0
3039 0.0010335762253
3040 5.3661645418e-07
3041 1.85490589473e-05
3042 5.07807009519e-05
3043 3.82839211303e-06
3044 2.94688519761e-06
3045 1.32912870624e-07
3046 6.58429912937e-07
3047 1.23466603634e-05
3048 3.9258153175e-06
3049 2.76473778509e-06
3050 7.59377135529e-05
3051 2.51235800926e-06
3052 0.00030197366631
3053 1.34529940659e-05
3054 1.57791433587e-07
3055 6.15316346324e-05
3056 2.45377607306e-08
3057 3.51563970861e-05
3058 7.60074120377e-06
3059 2.23146333465e-07
3060 0.0
3061 0.00032763869592
3062 1.51767844553e-06
3063 2.38799687079e-05
3064 1.47016958742e-07
3065 6.89391605419e-06
3066 1.72797983788e-05
3067 1.14728637225e-06
3068 2.47293709146e-06
3069 1.69682780419e-06
3070 2.7343489032e-06
3071 5.50975731668e-06
3072 0.0
3073 4.3438224485e-05
3074 9.9466695305e-06
3075 2.45377607306e-08
3076 5.86493662873e-06
3077 0.00187718337222
3078 5.05296698784e-05
3079 0.000692871327453
3080 2.61674397578e-05
3081 1.04619195068e-05
3082 1.10388542156e-05
3083 0.000214360498439
3084 3.38532968633e-07
3085 4.17237777e-05
3086 1.80123192519e-05
3087 1.10551394286e-05
3088 0.000368198836124
3089 1.05988350248e-06
3090 9.85168965853e-05
3091 8.14521396366e-05
3092 0.0
3093 2.9239059292e-07
3094 2.31066813148e-06
3095 2.61319705043e-08
3096 2.54591922425e-06
3097 3.33813318634e-05
3098 3.89812223912e-05
3099 1.20326368371e-05
3100 4.36713717764e-07
3101 5.01631724954e-05
3102 0.0244932754606
3103 1.79868815093e-06
3104 3.40999285092e-06
3105 0.000147734544927
3106 2.41616696106e-06
3107 1.14402057934e-05
3108 4.16358709633e-05
3109 0.000164265172416
3110 1.46412589755e-06
3111 6.1105781664e-05
3112 0.000652141351819
3113 1.68184836714e-06
3114 0.000331467286835
3115 1.17701887769e-05
3116 1.91953537895e-05
3117 0.000160549607287
3118 0.000705319479221
3119 1.95024488747e-05
3120 2.05803973812e-05
3121 4.25002772995e-05
3122 1.22688803653e-07
3123 2.89681897514e-08
3124 4.18347905669e-06
3125 1.88031713594e-05
3126 0.0
3127 1.75269719504e-08
3128 2.45377607306e-08
3129 1.83156856882e-07
3130 6.81184925132e-06
3131 6.38168061651e-07
3132 1.75269719504e-08
3133 5.66871966056e-05
3134 5.96666581647e-07
3135 0.0
3136 3.39837812175e-05
3137 0.000763565195726
3138 0.000537404996253
3139 4.10044019845e-06
3140 5.52189456431e-06
3141 0.000252405170399
3142 5.28925064637e-07
3143 2.35120106254e-05
3144 1.38437396967e-07
3145 4.40256672188e-06
3146 2.94892487304e-05
3147 1.79017308585e-05
3148 0.0
3149 1.14226497266e-05
3150 8.98607804413e-05
3151 0.000651721701256
3152 1.4065893163e-06
3153 0.000429256688977
3154 1.84380814553e-06
3155 0.00275968549917
3156 9.89293851366e-05
3157 1.3076478362e-06
3158 4.34291355334e-06
3159 5.34651448657e-05
3160 4.7933093627e-07
3161 5.44376117225e-06
3162 3.85593382909e-07
3163 0.000103010076202
3164 1.42732466242e-05
3165 2.73607732099e-06
3166 1.40881025337e-06
3167 4.29911741225e-06
3168 1.73926521646e-06
3169 8.72848005119e-05
3170 5.14557075424e-06
3171 3.02057512081e-06
3172 4.97035258807e-06
3173 0.000940682197274
3174 4.09263167952e-05
3175 3.43978451026e-05
3176 7.66805022831e-09
3177 6.86436652185e-06
3178 1.78141377596e-05
3179 1.63460633465e-05
3180 5.78568386317e-05
3181 1.75269719504e-08
3182 1.75269719504e-08
3183 0.000411393159182
3184 0.0
3185 1.18198596435e-05
3186 0.000947058801443
3187 1.6324549785e-05
3188 0.00072371216526
3189 8.65695810644e-05
3190 1.92734193439e-06
3191 9.75658334365e-07
3192 1.6324313488e-05
3193 8.16465207775e-07
3194 2.66222232345e-05
3195 1.05443735814e-06
3196 4.38869792266e-05
3197 0.000234674438236
3198 6.32618570032e-07
3199 0.000681348917339
3200 5.31618935535e-06
3201 7.09891050025e-07
3202 9.74472558036e-05
3203 6.20106045814e-06
3204 8.85289402569e-06
3205 1.88151020837e-05
3206 1.23423542475e-05
3207 0.000287975541887
3208 1.14131566973e-05
3209 3.04543952364e-06
3210 9.3663166506e-07
3211 1.76796938375e-06
3212 8.9732833907e-06
3213 6.53355027535e-06
3214 2.77449405513e-05
3215 0.000985186994108
3216 7.37131480653e-06
3217 3.55797530593e-07
3218 1.95627578067e-07
3219 2.89681897514e-08
3220 1.24387000334e-05
3221 1.95813850516e-05
3222 1.30063285962e-05
3223 6.50636495514e-06
3224 6.32680525379e-06
3225 0.000241776332332
3226 6.68656676339e-05
3227 4.63009626464e-05
3228 2.89681897514e-07
3229 1.55552658698e-05
3230 1.42541633028e-06
3231 0.0
3232 6.04592227527e-06
3233 0.00049392080979
3234 0.000658202466486
3235 3.15836941596e-05
3236 4.29915312681e-07
3237 2.9260932932e-06
3238 4.08341912676e-05
3239 2.16684171168e-06
3240 6.56325334767e-06
3241 0.000369484335319
3242 6.4320813754e-07
3243 3.102359872e-06
3244 6.91805231545e-07
3245 1.33420998166e-06
3246 7.37826649549e-06
3247 1.14525001439e-06
3248 6.44177491293e-06
3249 3.26705505905e-05
3250 1.77883267242e-06
3251 7.92795230969e-06
3252 4.46937784736e-07
3253 0.000162150595527
3254 0.000183471117
3255 1.86059437527e-06
3256 0.000287035615488
3257 0.00044655647549
3258 7.82643927627e-06
3259 5.94502820409e-05
3260 1.04952366807e-05
3261 4.26777141416e-06
3262 8.13094237844e-05
3263 2.13272726905e-06
3264 0.000636441519906
3265 4.39009427307e-06
3266 1.93486018632e-05
3267 6.34324512649e-08
3268 0.000238622840395
3269 0.0
3270 7.46263942825e-07
3271 2.45377607306e-08
3272 1.84033205479e-07
3273 2.06096133322e-05
3274 4.74326146542e-06
3275 0.000693751389457
3276 1.3194879044e-05
3277 6.02444324935e-06
3278 0.000501977389807
3279 1.05142741821e-05
3280 1.41155053136e-05
3281 0.00117686147015
3282 1.4047421239e-07
3283 0.0
3284 1.6513553444e-07
3285 8.26256374387e-06
3286 3.75725847815e-06
3287 2.22706747973e-05
3288 1.89732459019e-05
3289 0.000388315693678
3290 1.28679543598e-05
3291 2.79924431002e-07
3292 0.000432046870628
3293 2.2007446251e-06
3294 5.29674376493e-05
3295 3.64124983275e-06
3296 6.49163505495e-05
3297 1.72735548417e-05
3298 7.4820634637e-06
3299 1.78513858803e-05
3300 0.000729447660858
3301 2.23164289331e-06
3302 5.96074333504e-06
3303 0.000511673837602
3304 1.08149556141e-05
3305 6.40115653516e-05
3306 1.19767641661e-07
3307 5.53151511996e-06
3308 4.03683058982e-06
3309 1.218556911e-07
3310 1.10994554664e-06
3311 3.06722009132e-08
3312 1.96616672521e-08
3313 1.65398648954e-06
3314 0.000115012119521
3315 2.25513705762e-07
3316 3.84124592868e-07
3317 3.16491287489e-05
3318 0.0
3319 1.36087336173e-06
3320 1.37858759446e-05
3321 0.000253411480783
3322 2.95262904875e-05
3323 1.75269719504e-08
3324 4.33651747163e-07
3325 0.000123519948888
3326 1.31588746706e-06
3327 4.08296929979e-06
3328 5.70801953039e-05
3329 6.19182799057e-06
3330 7.3693636016e-06
3331 0.000185719032897
3332 7.48764887433e-05
3333 0.00056128561441
3334 1.67674698326e-07
3335 1.75260641785e-07
3336 0.000194098032417
3337 0.0
3338 3.98180646828e-06
3339 2.01240723989e-07
3340 0.000195497399887
3341 4.50910246014e-06
3342 1.24438403478e-05
3343 0.000249854887963
3344 2.82465686558e-06
3345 0.000159183771638
3346 2.94896906054e-05
3347 1.50062919648e-05
3348 9.32642923859e-05
3349 6.16646695818e-05
3350 6.41146371153e-07
3351 0.000138324101196
3352 8.20727137663e-05
3353 4.28269857073e-08
3354 4.39894923267e-05
3355 2.89681897514e-08
3356 4.65144701448e-05
3357 1.42062705264e-06
3358 1.93207077623e-06
3359 8.45980331555e-07
3360 2.46244352931e-06
3361 0.000179317054077
3362 5.33768741836e-06
3363 8.16315235824e-05
3364 0.000144439715167
3365 6.59004076281e-06
3366 3.02219362201e-05
3367 0.000103144535752
3368 8.13260939971e-08
3369 7.10667469567e-08
3370 1.88396354995e-05
3371 5.36138555986e-08
3372 8.87799113271e-07
3373 0.0
3374 6.34756225949e-05
3375 2.78246423139e-06
3376 1.03466351397e-07
3377 0.0
3378 0.000179732022062
3379 1.7042453183e-05
3380 3.62534146758e-06
3381 3.68371707306e-06
3382 3.62731872512e-05
3383 1.28435117417e-07
3384 3.80688834112e-06
3385 4.85653599612e-06
3386 0.000261854484513
3387 3.71079871629e-05
3388 7.89139072494e-05
3389 4.25191846789e-07
3390 7.36132821917e-08
3391 3.7576051712e-06
3392 0.000183539048976
3393 2.97713532854e-06
3394 4.61273908373e-06
3395 1.12205806239e-05
3396 1.32183491961e-05
3397 0.00059003052217
3398 0.000539327128226
3399 5.93066104562e-08
3400 1.90104863092e-06
3401 7.70434040143e-06
3402 0.0
3403 2.51546300058e-06
3404 0.000123523736733
3405 3.19688337755e-05
3406 2.05627020454e-06
3407 0.000188523428328
3408 0.0
3409 0.0
3410 9.8806695716e-06
3411 4.44108239741e-06
3412 4.37499066887e-05
3413 6.68051453969e-05
3414 0.0
3415 7.13911821757e-06
3416 9.15044510987e-06
3417 0.000458974905319
3418 0.000424797125478
3419 6.20695054585e-07
3420 0.000769057644334
3421 9.45961865002e-06
3422 3.06019042756e-06
3423 9.96285003791e-06
3424 1.44013286193e-07
3425 1.53361004566e-08
3426 7.71284941344e-07
3427 0.000856666393288
3428 2.01240723989e-07
3429 3.93387574223e-07
3430 1.81171987013e-07
3431 4.03481147323e-06
3432 7.83759342235e-06
3433 1.69903785388e-06
3434 8.1635663287e-06
3435 0.00088271308115
3436 5.2346360886e-06
3437 1.17236648859e-07
3438 0.213939762286
3439 0.000105134512679
3440 0.000611778681719
3441 4.40838482973e-05
3442 0.000174726638002
3443 4.97871004142e-05
3444 0.000330219351823
3445 3.06722009132e-08
3446 4.43173800641e-05
3447 3.34765164253e-07
3448 4.93658198422e-05
3449 1.83245784737e-05
3450 1.5976856804e-05
3451 8.1549318755e-06
3452 0.0
3453 9.73211001395e-06
3454 0.0
3455 6.83891535666e-05
3456 0.00018962479059
3457 0.000186351780083
3458 2.21878630804e-05
3459 4.03928716892e-05
3460 0.000102789307798
3461 0.000148784533048
3462 6.31108540307e-06
3463 1.60840623406e-05
3464 0.000125167958571
3465 2.32777481214e-05
3466 4.58008400145e-05
3467 0.000141029181309
3468 0.0
3469 0.000165294440328
3470 0.000111515559776
3471 0.000187856399718
3472 5.78573411042e-05
3473 0.000260391841925
3474 0.000201686547993
3475 5.19447130586e-05
3476 1.05545924738e-05
3477 9.50946978967e-07
3478 2.49028054545e-05
3479 4.11707414815e-05
3480 0.000339245751104
3481 2.9906288046e-05
3482 1.39353945191e-06
3483 5.96331765235e-06
3484 2.04789196488e-06
3485 0.000101367767898
3486 5.75848279358e-05
3487 0.000132083519263
3488 6.78857539168e-06
3489 1.20137835757e-05
3490 0.0
3491 0.000117714681277
3492 4.85857156046e-05
3493 2.31921469235e-05
3494 6.03935479352e-05
3495 1.59149134679e-07
3496 0.000306100444828
3497 7.72838503112e-05
3498 6.98745403424e-05
3499 3.36396047793e-05
3500 0.000108031799669
3501 4.27682954152e-05
3502 0.000395386206388
3503 2.36767866699e-07
3504 0.00049568338309
3505 1.43130401757e-06
3506 0.000307559477979
3507 0.0003190378896
3508 6.57583479718e-07
3509 0.000288955749165
3510 0.000139057181655
3511 0.000122703851541
3512 0.000131678586511
3513 3.98725745555e-06
3514 6.02359022116e-05
3515 1.68081829573e-05
3516 1.48113671112e-06
3517 1.36728576386e-06
3518 3.00379431173e-05
3519 9.44869584655e-06
3520 4.74392548848e-05
3521 3.53238338099e-06
3522 0.00106205135332
3523 4.57853187555e-05
3524 1.39353945191e-06
3525 0.000101055431228
3526 0.000782412232841
3527 0.000205918190949
3528 3.78525543766e-05
3529 0.000132434308189
3530 1.68121638059e-05
3531 9.05685317014e-07
3532 0.000165350528348
3533 6.56232607815e-05
3534 0.000182372700226
3535 8.66569120832e-05
3536 2.63882138659e-05
3537 0.00049632384122
3538 2.8131675181e-07
3539 0.00026691982444
3540 5.94609591332e-05
3541 4.12040291835e-05
3542 5.50240695171e-08
3543 2.05965649346e-05
3544 5.26553771195e-05
3545 0.000495220097033
3546 0.000271710100205
3547 0.000710180742324
3548 6.28416001678e-06
3549 1.87403474808e-05
3550 0.000241394331391
3551 3.90464644213e-05
3552 4.03748361311e-06
3553 3.09514595838e-06
3554 1.76893613722e-05
3555 5.43199511844e-05
3556 9.86853929492e-05
3557 0.000527767072562
3558 1.60300175927e-06
3559 0.00018085960032
3560 6.07254574245e-05
3561 0.0
3562 0.000538137561932
3563 0.000339245751104
3564 4.18587543208e-05
3565 9.16040911429e-05
3566 0.0
3567 4.02148098897e-05
3568 0.000115111980669
3569 2.07288768964e-05
3570 0.000149063417257
3571 0.0
3572 4.66254734053e-05
3573 3.46832702696e-05
3574 2.5879711017e-05
3575 1.87398371567e-05
3576 0.0
3577 0.00114899035273
3578 0.000110184089198
3579 3.55109054098e-05
3580 4.58008400145e-05
3581 0.000104185182045
3582 2.05911278858e-08
3583 0.0
3584 4.48430375925e-05
3585 0.000313981947669
3586 0.000214412918885
3587 7.54882702378e-05
3588 4.09396109449e-05
3589 3.06722009132e-08
3590 0.0
3591 7.73943529195e-05
3592 9.16428295574e-05
3593 0.000570781608407
3594 2.52931960991e-05
3595 1.33159447552e-06
3596 0.000169256896216
3597 0.000354046455999
3598 0.0
3599 1.55728683233e-07
3600 4.60458202312e-06
3601 1.19119804075e-06
3602 9.06806176746e-05
3603 8.30826335559e-05
3604 1.43778103414e-05
3605 0.000441345020946
3606 6.058186152e-05
3607 0.000122489386658
3608 6.012169674e-05
3609 4.7169714132e-05
3610 0.000132762488388
3611 0.000551027154808
3612 0.000712541745879
3613 0.000133522643
3614 0.000339245751104
3615 5.68724157653e-05
3616 3.41405220012e-05
3617 4.40070626403e-06
3618 5.76167675251e-05
3619 2.13669647801e-05
3620 8.17925357686e-08
3621 4.22199411493e-05
3622 2.79755160172e-05
3623 4.36941550574e-07
3624 9.8049924147e-05
3625 0.000338825623707
3626 0.000135769108884
3627 8.26627291107e-05
3628 3.21344800707e-05
3629 0.000322308972969
3630 0.000239230184993
3631 1.08710990605e-07
3632 2.66894457081e-05
3633 4.66031192357e-05
3634 0.000776106035727
3635 6.87436920469e-05
3636 0.000107762418216
3637 9.91185967596e-05
3638 1.91040530431e-07
3639 1.12739943663e-06
3640 9.43760028099e-09
3641 1.77340911798e-05
3642 3.14360678159e-07
3643 4.29093193041e-05
3644 0.00014266289961
3645 9.35456558927e-07
3646 6.29774398065e-05
3647 0.000106257606708
3648 0.000166101573221
3649 0.000104494918863
3650 0.000339245751104
3651 0.0
3652 4.66303397577e-05
3653 5.10153101207e-07
3654 4.56074578775e-05
3655 4.23920587878e-07
3656 4.0757808445e-05
3657 2.00227530817e-05
3658 1.53577878714e-07
3659 1.67195254063e-05
3660 3.0068115215e-05
3661 2.29705260871e-05
3662 3.55043228246e-07
3663 0.000243195755808
3664 4.96607721168e-05
3665 4.91225677182e-05
3666 2.08093366208e-07
3667 1.69425022719e-05
3668 3.0712569453e-05
3669 9.43760028099e-09
3670 0.0
3671 5.50270806965e-05
3672 1.03371828387e-06
3673 0.000926272236229
3674 8.86503219102e-06
3675 0.000711319397014
3676 1.3437345162e-07
3677 0.0
3678 0.00126575096305
3679 1.34383241378e-05
3680 2.74043943651e-06
3681 8.17773268331e-05
3682 5.32851615342e-06
3683 0.000172088699775
3684 4.07793284534e-05
3685 0.000395388034958
3686 0.000260494383541
3687 0.0
3688 3.47693329091e-06
3689 0.0
3690 0.0
3691 0.00023747311846
3692 0.0
3693 0.000390325595376
3694 7.61500386989e-05
3695 3.7382682937e-07
3696 0.000339245751104
3697 4.09996705524e-05
3698 4.38016297814e-05
3699 0.000262163264288
3700 0.0
3701 0.0
3702 6.98683525183e-07
3703 0.000132567222229
3704 3.09413339934e-05
3705 0.0
3706 0.000279618957078
3707 0.000150313571168
3708 4.21478839875e-05
3709 4.57292821573e-05
3710 0.0
3711 0.000119161603542
3712 0.000142748512933
3713 2.44252127263e-06
3714 4.69605557099e-05
3715 0.000120081922607
3716 2.93437611781e-05
3717 0.000120197215196
3718 0.0
3719 0.000136179720659
3720 0.000173895635548
3721 4.70834016942e-05
3722 0.00060736699593
3723 2.76643946022e-05
3724 4.16447665651e-06
3725 7.89013084117e-05
3726 0.000262876891688
3727 3.02577887066e-05
3728 0.000171946618932
3729 0.000119978439146
3730 0.0
3731 0.00011319518321
3732 0.000129106874911
3733 0.0
3734 0.0
3735 0.000561434823162
3736 2.94864786215e-05
3737 1.080492364e-06
3738 0.000109649467847
3739 0.00014955575529
3740 0.000154162376751
3741 4.85862738729e-05
3742 1.13557091765e-05
3743 8.17925357686e-08
3744 0.000262876891688
3745 0.0
3746 4.92301967808e-05
3747 0.0
3748 0.000127262753812
3749 0.0
3750 4.57266778013e-05
3751 9.65884315651e-05
3752 9.20166027397e-08
3753 0.000264867228844
3754 0.000125566976824
3755 6.68645154795e-05
3756 1.96295628238e-05
3757 0.000210426944564
3758 4.60665899179e-05
3759 2.6627560249e-05
3760 4.97545598944e-05
3761 3.87086528686e-05
3762 7.71028054855e-05
3763 2.6317841175e-05
3764 3.53598418235e-06
3765 0.00013657420861
3766 2.32569183548e-06
3767 1.22688803653e-08
3768 1.64149217138e-05
3769 0.000105145620759
3770 6.56235120411e-07
3771 1.94733110328e-06
3772 5.17482531275e-05
3773 2.602764403e-05
3774 0.000123899419643
3775 4.6711948212e-05
3776 0.000109528982213
3777 4.24567021253e-05
3778 4.87731342592e-05
3779 3.64742953248e-07
3780 0.000123739200478
3781 1.38987771353e-05
3782 1.75269719504e-08
3783 1.74270595846e-05
3784 2.23070552096e-08
3785 3.36527901469e-06
3786 0.00030928701447
3787 0.000116360918991
3788 7.15684687975e-08
3789 9.5467412888e-08
3790 0.00054087824121
3791 1.05990060471e-05
3792 5.9845706163e-05
3793 1.68854882859e-05
3794 0.000396611015183
3795 9.11909016193e-06
3796 1.49317054976e-07
3797 1.57216209207e-06
3798 0.000101666983505
3799 0.0
3800 0.000232270977569
3801 0.00019183557356
3802 0.000495049322739
3803 6.74546480624e-05
3804 0.000115494364235
3805 0.000162716547023
3806 4.34454880151e-06
3807 4.92859260617e-05
3808 0.0
3809 0.0
3810 4.45067319115e-05
3811 9.45431918191e-06
3812 0.0
3813 0.000124782036646
3814 0.0
3815 0.00010363449507
3816 1.70475836649e-05
3817 8.15172724271e-08
3818 1.85604013097e-06
3819 5.18206047703e-05
3820 1.62761834976e-07
3821 0.0
3822 0.00016108398808
3823 0.000123478927682
3824 3.00410986281e-05
3825 0.000619913562106
3826 5.6767095082e-05
3827 6.71520960446e-06
3828 9.47030542561e-05
3829 4.8519870942e-05
3830 0.000919797643123
3831 0.00483592338756
3832 6.42913782263e-05
3833 8.7174144671e-06
3834 4.87726287612e-06
3835 3.29208069701e-05
3836 6.69609532885e-05
3837 7.0378825348e-05
3838 4.72314666616e-05
3839 0.00022643739496
3840 2.59409676367e-06
3841 3.87139487723e-07
3842 8.42051046104e-06
3843 0.000299748575345
3844 2.76516167346e-05
3845 0.000120197215196
3846 2.66220434247e-05
3847 0.0
3848 5.93211784389e-06
3849 0.00016590363979
3850 3.06722009132e-08
3851 0.00027528276694
3852 0.00147147193858
3853 2.80806570345e-05
3854 0.0
3855 0.0
3856 8.35914134067e-05
3857 0.0
3858 2.24929473364e-08
3859 5.20456933811e-06
3860 1.22330887074e-06
3861 7.63106796095e-05
3862 0.000396358185961
3863 3.4316210569e-05
3864 4.36958677883e-07
3865 0.0
3866 1.24303969299e-05
3867 6.73682814824e-05
3868 5.19404580888e-05
3869 0.000262671095826
3870 3.04332293098e-05
3871 0.000127818270792
3872 8.76348597521e-09
3873 0.000389133876401
3874 7.49386934225e-05
3875 0.00014727585539
3876 0.0
3877 8.66913199384e-05
3878 0.000139132323529
3879 0.000122562432479
3880 0.0
3881 1.13307967887e-05
3882 3.0006312064e-05
3883 8.96799957909e-06
3884 0.000339245751104
3885 5.34401959438e-06
3886 0.0
3887 4.53583740709e-05
3888 0.000495328218451
3889 4.56445491764e-05
3890 1.44893939662e-05
3891 1.43568924918e-05
3892 0.000540484046308
3893 7.81012492518e-08
3894 3.95793664806e-07
3895 0.000111063336891
3896 3.91576121897e-06
3897 0.000118107186334
3898 0.0
3899 0.000340014170453
3900 0.0
3901 1.07158318422e-05
3902 0.00010651204924
3903 0.00139578427314
3904 2.98939168485e-05
3905 1.21607705115e-06
3906 4.94657462801e-05
3907 2.05577222029e-05
3908 5.0773482023e-05
3909 2.79278081132e-06
3910 0.000114466128722
3911 0.0
3912 0.0
3913 0.000147309501865
3914 2.50006124484e-05
3915 3.46881624969e-05
3916 5.14272210034e-05
3917 3.73781242682e-05
3918 0.000147443237972
3919 0.00105062898303
3920 9.43760028099e-09
3921 4.08251013948e-05
3922 0.00105736031043
3923 0.0
3924 4.5970377516e-05
3925 9.75557005753e-06
3926 2.45377607306e-08
3927 1.34309037212e-05
3928 9.17327578589e-05
3929 2.37972603044e-06
3930 3.3689483629e-05
3931 0.00134874495428
3932 0.000177915472349
3933 0.000120270828478
3934 4.63914107055e-05
3935 7.8743339747e-06
3936 0.0
3937 9.06595647087e-05
3938 9.4772245591e-05
3939 0.00285146177697
3940 4.91722928602e-05
3941 7.02755777344e-07
3942 1.74875897048e-05
3943 0.0
3944 4.93315824519e-05
3945 1.73641340914e-06
3946 0.000936110547291
3947 1.75269719504e-08
3948 7.82185016948e-06
3949 0.000768664254333
3950 2.9276317727e-06
3951 8.34829799165e-05
3952 0.0014635817119
3953 6.01231453588e-05
3954 2.09006906622e-05
3955 0.000175020021992
3956 8.83403884847e-06
3957 7.41478257189e-05
3958 5.33147141555e-05
3959 6.46111303975e-05
3960 0.0
3961 4.20597171778e-05
3962 3.12566071533e-06
3963 0.000132290675555
3964 4.92888472237e-05
3965 3.76377180327e-06
3966 0.0
3967 0.000111236691195
3968 2.29657218228e-06
3969 1.67822285653e-05
3970 0.000108012137822
3971 3.23731489224e-06
3972 9.44768443907e-05
3973 1.5494549546e-05
3974 0.000124826151837
3975 0.0
3976 4.57292821573e-05
3977 9.00640106296e-05
3978 6.42263360899e-05
3979 1.32915855421e-07
3980 2.51094855773e-06
3981 0.0248076420671
3982 5.5502077843e-08
3983 1.58589884531e-06
3984 0.0
3985 0.0
3986 9.61062295281e-08
3987 3.69234875755e-07
3988 0.0
3989 2.52534454186e-07
3990 0.000488260542271
3991 0.0
3992 2.04481339421e-08
3993 0.0
3994 6.44116219178e-08
3995 6.54924518547e-07
3996 6.39150243792e-07
3997 1.53361004566e-07
3998 3.09351054925e-07
3999 2.20985904675e-06
4000 1.22688803653e-07
4001 6.12421611567e-07
4002 0.0
4003 4.8053114764e-07
4004 0.0
4005 8.72112912633e-07
4006 0.0
4007 0.0
4008 0.0
4009 0.0
4010 2.46838188302e-07
4011 0.0
4012 2.04481339421e-08
4013 0.0
4014 1.02240669711e-07
4015 1.46510879695e-06
4016 0.0
4017 0.0
4018 6.92315392041e-07
4019 2.97958523157e-08
4020 2.07694617612e-07
4021 5.60278870015e-07
4022 6.35060617003e-07
4023 0.0
4024 4.47741104283e-06
4025 0.0
4026 0.0
4027 3.96839856577e-07
4028 5.76637377169e-07
4029 0.0
4030 0.0
4031 4.54211478095e-06
4032 0.00170926360585
4033 0.0
4034 0.0
4035 0.0
4036 0.0
4037 0.0
4038 7.15684687975e-08
4039 6.33892152207e-07
