node,closeness
1 0.399485555995
2 0.357281897009
3 0.314755631772
4 0.335354206461
5 0.337540750648
6 0.333058396569
7 0.359316604378
8 0.315518049695
9 0.321266608322
10 0.39913017693
11 0.356682271884
12 0.350216825672
13 0.322627037392
14 0.364736699485
15 0.315394829337
16 0.344333589153
17 0.356273160402
18 0.312877731288
19 0.303997590906
20 0.3129747326
21 0.332729070534
22 0.344069529652
23 0.313071794077
24 0.313023255814
25 0.313071794077
26 0.342058449809
27 0.337061769616
28 0.3215480172
29 0.312901975978
30 0.333278309673
31 0.333470972004
32 0.313144629701
33 0.321215495983
34 0.290608132422
35 0.360246230707
36 0.295499451153
37 0.312877731288
38 0.290587219344
39 0.356241729157
40 0.333250804655
41 0.373335798817
42 0.312587087784
43 0.290608132422
44 0.290587219344
45 0.332783912972
46 0.332893652102
47 0.285593040526
48 0.222161091549
49 0.312950476633
50 0.285532456513
51 0.333003463632
52 0.296279991195
53 0.285492081448
54 0.359732739421
55 0.312611287451
56 0.333415902898
57 0.396037661828
58 0.313168915775
59 0.410657988406
60 0.334798109609
61 0.31275656417
62 0.294615496863
63 0.314976599064
64 0.312708123596
65 0.302562565563
66 0.333058396569
67 0.333663857214
68 0.362803234501
69 0.294787560228
70 0.333085869834
71 0.285492081448
72 0.285512267553
73 0.313923657001
74 0.314657523572
75 0.285471898197
76 0.333388375165
77 0.286993603412
78 0.296933598059
79 0.294787560228
80 0.333250804655
81 0.314755631772
82 0.285532456513
83 0.361051502146
84 0.296279991195
85 0.333030927835
86 0.333113347632
87 0.285593040526
88 0.333003463632
89 0.313290402669
90 0.31222454187
91 0.285492081448
92 0.301974274604
93 0.29521859921
94 0.301974274604
95 0.312877731288
96 0.301974274604
97 0.294938280622
98 0.285512267553
99 0.374721603563
100 0.312926224427
101 0.28591658996
102 0.295067592254
103 0.29470150343
104 0.317577664176
105 0.361116079413
106 0.313047523064
107 0.296084469864
108 0.476572642512
109 0.295110721333
110 0.361277623692
111 0.301906542056
112 0.312321138526
113 0.294615496863
114 0.367057540224
115 0.285471898197
116 0.295046032442
117 0.29495982469
118 0.312369459271
119 0.361051502146
120 0.338928991103
121 0.29734904271
122 0.312805019754
123 0.34090333474
124 0.314510475894
125 0.294852135816
126 0.298602381128
127 0.295002922268
128 0.295175438596
129 0.315197876825
130 0.294916739702
131 0.296475770925
132 0.294723012919
133 0.313484977874
134 0.31338766007
135 0.313582356139
136 0.294809082281
137 0.338049393051
138 0.312369459271
139 0.294594003064
140 0.285694071034
141 0.294787560228
142 0.315247091889
143 0.369441903019
144 0.312321138526
145 0.294895201928
146 0.285492081448
147 0.29756816507
148 0.301974274604
149 0.314731098987
150 0.294895201928
151 0.302653275371
152 0.294723012919
153 0.294744525547
154 0.294809082281
155 0.285492081448
156 0.294615496863
157 0.315666041276
158 0.285512267553
159 0.313411983856
160 0.295175438596
161 0.285492081448
162 0.313704164077
163 0.294723012919
164 0.287483981205
165 0.294830607477
166 0.312780790085
167 0.287381681019
168 0.301951693711
169 0.312490326575
170 0.376187814421
171 0.36513247129
172 0.381411164636
173 0.365628395509
174 0.324077046549
175 0.294636993798
176 0.295153863022
177 0.313047523064
178 0.294830607477
179 0.312562891865
180 0.285512267553
181 0.295132290601
182 0.294809082281
183 0.285512267553
184 0.285512267553
185 0.29521859921
186 0.313801678583
187 0.369070468879
188 0.294938280622
189 0.362314939435
190 0.302562565563
191 0.29465849387
192 0.294723012919
193 0.285552648328
194 0.301906542056
195 0.295175438596
196 0.294787560228
197 0.295046032442
198 0.295175438596
199 0.301388266906
200 0.363587250135
201 0.393413873733
202 0.301883971292
203 0.28725901686
204 0.393797542422
205 0.295240184251
206 0.285492081448
207 0.285552648328
208 0.312635490864
209 0.295002922268
210 0.285471898197
211 0.285471898197
212 0.360857908847
213 0.313460642757
214 0.337456125689
215 0.294938280622
216 0.285471898197
217 0.285492081448
218 0.302585237917
219 0.294787560228
220 0.301974274604
221 0.285532456513
222 0.312901975978
223 0.312853490354
224 0.314952031823
225 0.313631067961
226 0.294809082281
227 0.294895201928
228 0.294916739702
229 0.294679997081
230 0.294981371904
231 0.294744525547
232 0.313777294273
233 0.313850458573
234 0.285492081448
235 0.302064631957
236 0.29495982469
237 0.360149839458
238 0.296279991195
239 0.314780168382
240 0.365926597191
241 0.294615496863
242 0.285492081448
243 0.295283363803
244 0.285613240911
245 0.285492081448
246 0.312103880043
247 0.315493397922
248 0.29465849387
249 0.313071794077
250 0.312805019754
251 0.2948736673
252 0.295153863022
253 0.335270674195
254 0.285512267553
255 0.29502447578
256 0.285492081448
257 0.285492081448
258 0.313241796602
259 0.314559476513
260 0.301974274604
261 0.294938280622
262 0.362933668884
263 0.285532456513
264 0.294723012919
265 0.301906542056
266 0.315148677125
267 0.295046032442
268 0.294594003064
269 0.31253869969
270 0.312635490864
271 0.312441968431
272 0.36251009965
273 0.3635217861
274 0.294787560228
275 0.313047523064
276 0.294809082281
277 0.314780168382
278 0.336331834083
279 0.294809082281
280 0.285492081448
281 0.363423634236
282 0.295197017326
283 0.285492081448
284 0.296236519698
285 0.295197017326
286 0.361730717549
287 0.285492081448
288 0.285471898197
289 0.312441968431
290 0.294636993798
291 0.313023255814
292 0.361342281879
293 0.285471898197
294 0.294615496863
295 0.285714285714
296 0.312780790085
297 0.294723012919
298 0.313801678583
299 0.313241796602
300 0.295175438596
301 0.285633444154
302 0.285593040526
303 0.312708123596
304 0.313096068853
305 0.391924682131
306 0.285492081448
307 0.294787560228
308 0.296824463393
309 0.315937720053
310 0.294809082281
311 0.312321138526
312 0.285795173048
313 0.312659698026
314 0.361116079413
315 0.295046032442
316 0.390031874819
317 0.294615496863
318 0.296911764706
319 0.296236519698
320 0.31222454187
321 0.295197017326
322 0.285552648328
323 0.361504028648
324 0.338190954774
325 0.315789473684
326 0.3391567277
327 0.295002922268
328 0.285532456513
329 0.294787560228
330 0.337766624843
331 0.29502447578
332 0.314804708817
333 0.361568767908
334 0.294744525547
335 0.314094586185
336 0.285471898197
337 0.286993603412
338 0.301996858874
339 0.312393625251
340 0.315789473684
341 0.294787560228
342 0.313168915775
343 0.338872104733
344 0.312466145632
345 0.312441968431
346 0.312926224427
347 0.295412978272
348 0.312369459271
349 0.382712539096
350 0.27693573829
351 0.334798109609
352 0.282555454482
353 0.333526059305
354 0.376433299152
355 0.332400395127
356 0.332236300806
357 0.276840806253
358 0.333967413779
359 0.276802851659
360 0.313704164077
361 0.374791163913
362 0.332783912972
363 0.314094586185
364 0.373197781885
365 0.282634562889
366 0.316408086507
367 0.368161925602
368 0.314461490538
369 0.333085869834
370 0.334409937888
371 0.388119953864
372 0.297853507413
373 0.312369459271
374 0.369610983982
375 0.355833627071
376 0.333939794906
377 0.379261763877
378 0.276821827655
379 0.339927603334
380 0.276821827655
381 0.312152133581
382 0.33188131832
383 0.331363860167
384 0.276859787453
385 0.282535684299
386 0.313023255814
387 0.276840806253
388 0.348945731075
389 0.346996648621
390 0.380763790665
391 0.285572842999
392 0.353311750809
393 0.348915579366
394 0.282595003149
395 0.336163836164
396 0.38879260543
397 0.33355360978
398 0.358391763557
399 0.332976003958
400 0.282614781635
401 0.389580318379
402 0.276821827655
403 0.417019518744
404 0.332509881423
405 0.385048154858
406 0.334354558251
407 0.282535684299
408 0.33349851338
409 0.386559448593
410 0.332893652102
411 0.332564651622
412 0.276840806253
413 0.364802601861
414 0.332564651622
415 0.38231395569
416 0.33460391117
417 0.357440028326
418 0.35009537021
419 0.332674246169
420 0.408208653457
421 0.373059866962
422 0.334133223004
423 0.34577838671
424 0.379368658399
425 0.332017760237
426 0.334576186925
427 0.3341055767
428 0.302698650675
429 0.389054822237
430 0.311525999074
431 0.335270674195
432 0.371003307607
433 0.358614564831
434 0.313290402669
435 0.336612204068
436 0.313826066682
437 0.347893512536
438 0.31155003472
439 0.370935146059
440 0.37468683307
441 0.332948548813
442 0.282614781635
443 0.314437003582
444 0.276821827655
445 0.358232789212
446 0.332072368421
447 0.321906887755
448 0.276802851659
449 0.282535684299
450 0.313948064065
451 0.332948548813
452 0.350855851942
453 0.357345132743
454 0.282535684299
455 0.276840806253
456 0.320705265666
457 0.350247202706
458 0.314119019837
459 0.333030927835
460 0.313850458573
461 0.351313728902
462 0.378196122506
463 0.333003463632
464 0.348674553147
465 0.282634562889
466 0.397245450074
467 0.297787610619
468 0.282515916882
469 0.276821827655
470 0.334382245777
471 0.311718388143
472 0.334077934971
473 0.310519840049
474 0.33369143046
475 0.332921098194
476 0.379261763877
477 0.282575227432
478 0.313339023822
479 0.298183429331
480 0.333967413779
481 0.301906542056
482 0.316061365059
483 0.334354558251
484 0.404852616804
485 0.377948333957
486 0.299377224199
487 0.331990462879
488 0.332126994571
489 0.333746590627
490 0.313655429548
491 0.31275656417
492 0.304341272234
493 0.35352827876
494 0.357029177719
495 0.341451040081
496 0.332072368421
497 0.360600107162
498 0.420537388044
499 0.284586651632
500 0.282496152232
501 0.400476048795
502 0.282614781635
503 0.285694071034
504 0.3740967204
505 0.357313512079
506 0.316780418922
507 0.370901074676
508 0.336331834083
509 0.319108582266
510 0.298558225508
511 0.318982542065
512 0.323014158867
513 0.322730179028
514 0.392954456987
515 0.337851405622
516 0.338049393051
517 0.318781084708
518 0.3635217861
519 0.318755920429
520 0.317827626919
521 0.375872661268
522 0.317902692489
523 0.297831538575
524 0.358137472284
525 0.338332635107
526 0.351619644723
527 0.368061252393
528 0.364736699485
529 0.301861403902
530 0.298007380074
531 0.282515916882
532 0.356902952095
533 0.282654346913
534 0.282773109244
535 0.299510458389
536 0.31436356559
537 0.319512581105
538 0.372371818517
539 0.391468734852
540 0.299355030024
541 0.317402924069
542 0.299621577502
543 0.378550670292
544 0.318705603788
545 0.33799280154
546 0.358391763557
547 0.320654331772
548 0.318605018147
549 0.318932153858
550 0.300513507479
551 0.276802851659
552 0.316879855607
553 0.282535684299
554 0.390107236016
555 0.300267697799
556 0.319512581105
557 0.360310520211
558 0.331935881628
559 0.321829919503
560 0.391279069767
561 0.332072368421
562 0.389204819277
563 0.297677847401
564 0.420143585475
565 0.282634562889
566 0.318429145966
567 0.418792781581
568 0.370322817315
569 0.297853507413
570 0.303609022556
571 0.320628870891
572 0.292396813903
573 0.282515916882
574 0.277869529315
575 0.299266286222
576 0.276802851659
577 0.276840806253
578 0.276992728769
579 0.277030735456
580 0.283547503687
581 0.41732120711
582 0.27661323469
583 0.276973729337
584 0.27704974271
585 0.2854517178
586 0.27659428728
587 0.294057675502
588 0.302177654718
589 0.277525773196
590 0.278271655985
591 0.31350931677
592 0.369509516837
593 0.295780837972
594 0.300267697799
595 0.30263059282
596 0.27693573829
597 0.350977835724
598 0.283209426287
599 0.276878771256
600 0.277011730809
601 0.277030735456
602 0.355582951744
603 0.27659428728
604 0.277602089922
605 0.351160970519
606 0.277602089922
607 0.368632463027
608 0.27659428728
609 0.27659428728
610 0.301523297491
611 0.332263638608
612 0.276878771256
613 0.276859787453
614 0.27659428728
615 0.33510373444
616 0.277030735456
617 0.278233308069
618 0.283269028411
619 0.283966244726
620 0.283288901361
621 0.300379379603
622 0.27670801069
623 0.276821827655
624 0.276897757663
625 0.27659428728
626 0.277659355016
627 0.277525773196
628 0.277030735456
629 0.276802851659
630 0.32877381534
631 0.301478273854
632 0.282971268395
633 0.276992728769
634 0.277544848443
635 0.32034906783
636 0.283090297252
637 0.283269028411
638 0.359925127017
639 0.27659428728
640 0.292608695652
641 0.277011730809
642 0.357060748077
643 0.27661323469
644 0.277030735456
645 0.322112316528
646 0.3375689684
647 0.333526059305
648 0.27693573829
649 0.27661323469
650 0.328506345591
651 0.276992728769
652 0.414664202095
653 0.299532675618
654 0.29964381122
655 0.283906348872
656 0.283607248209
657 0.30204203755
658 0.282891971417
659 0.277030735456
660 0.277030735456
661 0.276632184695
662 0.277030735456
663 0.277030735456
664 0.283667017914
665 0.277583006806
666 0.276916746674
667 0.299000370233
668 0.295477828187
669 0.27659428728
670 0.335215009132
671 0.277011730809
672 0.29176300578
673 0.276726973684
674 0.299532675618
675 0.27659428728
676 0.277011730809
677 0.305492510213
678 0.278290833908
679 0.301748617546
680 0.279040840301
681 0.285653650255
682 0.277011730809
683 0.283010933558
684 0.335940099834
685 0.27695473251
686 0.283090297252
687 0.302744039586
688 0.281609596206
689 0.312926224427
690 0.232496545371
691 0.280806675939
692 0.232469775475
693 0.232402877698
694 0.281080328554
695 0.356084656085
696 0.312587087784
697 0.281413338909
698 0.34918713248
699 0.366059287463
700 0.232416254173
701 0.261139494277
702 0.281041202673
703 0.232496545371
704 0.329149005543
705 0.232469775475
706 0.324207145725
707 0.281178190934
708 0.232523321433
709 0.293182313222
710 0.281197771588
711 0.275199345737
712 0.281139037805
713 0.232563497092
714 0.359764789736
715 0.232576892063
716 0.267434929466
717 0.261240861745
718 0.232456392839
719 0.281491808993
720 0.327122488658
721 0.267612167804
722 0.266481884775
723 0.28098253427
724 0.280962983579
725 0.31275656417
726 0.232496545371
727 0.28155069028
728 0.281295715778
729 0.281845466602
730 0.271006711409
731 0.26301048655
732 0.28137412027
733 0.232576892063
734 0.248446440657
735 0.28109989558
736 0.232603686636
737 0.266622647739
738 0.281139037805
739 0.281217354969
740 0.281472187369
741 0.248339483395
742 0.281217354969
743 0.248385310943
744 0.232429632188
745 0.232429632188
746 0.349338178043
747 0.266534653465
748 0.349307958478
749 0.268269997343
750 0.232416254173
751 0.232416254173
752 0.280962983579
753 0.281589958159
754 0.286240873325
755 0.281393728223
756 0.26762990456
757 0.275255623722
758 0.232443011743
759 0.268269997343
760 0.28109989558
761 0.302948458249
762 0.254972532677
763 0.267505796621
764 0.267647643667
765 0.281452568481
766 0.263147605083
767 0.281472187369
768 0.232496545371
769 0.248538191666
770 0.292863359443
771 0.281315312805
772 0.248446440657
773 0.293033381713
774 0.28155069028
775 0.29337401918
776 0.232416254173
777 0.270933977456
778 0.28098253427
779 0.28109989558
780 0.281197771588
781 0.281491808993
782 0.333526059305
783 0.266745937376
784 0.261342307941
785 0.312562891865
786 0.232429632188
787 0.248354757365
788 0.268448344635
789 0.232443011743
790 0.232563497092
791 0.261088840036
792 0.232483159652
793 0.281295715778
794 0.263061889251
795 0.280904347826
796 0.275368248773
797 0.232496545371
798 0.281393728223
799 0.286525225289
800 0.267470358349
801 0.293437976891
802 0.232402877698
803 0.232456392839
804 0.292842120531
805 0.286281460475
806 0.326990039679
807 0.232590288578
808 0.281472187369
809 0.254972532677
810 0.268234356317
811 0.293331396194
812 0.270952157284
813 0.280904347826
814 0.266552247673
815 0.28135451505
816 0.281865140304
817 0.266534653465
818 0.281334912562
819 0.266693085001
820 0.29348063086
821 0.281707827543
822 0.275199345737
823 0.232603686636
824 0.349307958478
825 0.366790807521
826 0.270879452606
827 0.280943435608
828 0.312708123596
829 0.386707527294
830 0.281491808993
831 0.34927774414
832 0.28109989558
833 0.232456392839
834 0.266640253566
835 0.312635490864
836 0.281295715778
837 0.267452642734
838 0.28098253427
839 0.281472187369
840 0.232590288578
841 0.293139745917
842 0.232416254173
843 0.281570322851
844 0.281060764251
845 0.281080328554
846 0.28137412027
847 0.280845736542
848 0.28135451505
849 0.281178190934
850 0.281589958159
851 0.266552247673
852 0.280806675939
853 0.232456392839
854 0.312659698026
855 0.248263141715
856 0.232456392839
857 0.293501962495
858 0.279040840301
859 0.268056293149
860 0.268002920289
861 0.323195133664
862 0.268341307815
863 0.294852135816
864 0.268359141357
865 0.268198724761
866 0.268966895357
867 0.268056293149
868 0.268109687272
869 0.268966895357
870 0.268644800745
871 0.268091886868
872 0.268198724761
873 0.268091886868
874 0.268074088827
875 0.268091886868
876 0.267985134059
877 0.268359141357
878 0.268038499834
879 0.268341307815
880 0.268074088827
881 0.291510251227
882 0.268091886868
883 0.268305647841
884 0.267985134059
885 0.268038499834
886 0.26812749004
887 0.26816310267
888 0.268074088827
889 0.268323476643
890 0.268394815553
891 0.283746750053
892 0.267985134059
893 0.267985134059
894 0.268180912532
895 0.268038499834
896 0.268074088827
897 0.352972027972
898 0.350156087409
899 0.324259214647
900 0.322833386633
901 0.323272756385
902 0.3236354893
903 0.349519605297
904 0.323817161187
905 0.323117548212
906 0.342087427991
907 0.388194577966
908 0.323246878002
909 0.341826800982
910 0.323117548212
911 0.322885015193
912 0.32278177458
913 0.323169267707
914 0.33369143046
915 0.323402210476
916 0.34310476676
917 0.34687741603
918 0.352848654317
919 0.32278177458
920 0.349096567822
921 0.323195133664
922 0.344656879481
923 0.323661429945
924 0.323791195574
925 0.353033747159
926 0.347594043213
927 0.338531187123
928 0.387523992322
929 0.322988321869
930 0.323557692308
931 0.378941441441
932 0.340357383682
933 0.350034674064
934 0.348795024618
935 0.387338129496
936 0.323091694671
937 0.350368763557
938 0.322962489003
939 0.323687374749
940 0.323272756385
941 0.324415521812
942 0.375383471228
943 0.350186453907
944 0.323221003762
945 0.339299218553
946 0.338106003517
947 0.344509854108
948 0.343046470138
949 0.349398632863
950 0.339213709677
951 0.32304
952 0.342203389831
953 0.387338129496
954 0.344274874243
955 0.375348577803
956 0.32304
957 0.323014158867
958 0.350399166956
959 0.323376311364
960 0.349519605297
961 0.342000508173
962 0.323843130965
963 0.351313728902
964 0.324207145725
965 0.323843130965
966 0.338587959081
967 0.342406512338
968 0.342348452734
969 0.350004333882
970 0.3391567277
971 0.32314340589
972 0.339498907012
973 0.3233504164
974 0.324207145725
975 0.324181117534
976 0.375313690863
977 0.349519605297
978 0.344686299616
979 0.342116411082
980 0.323014158867
981 0.343425752679
982 0.349519605297
983 0.350186453907
984 0.333746590627
985 0.284566596195
986 0.322988321869
987 0.323272756385
988 0.32314340589
989 0.310734898038
990 0.339299218553
991 0.346045076699
992 0.324155093522
993 0.323739276838
994 0.344274874243
995 0.339071290621
996 0.350429575631
997 0.323531768288
998 0.362119989239
999 0.339841777479
1000 0.387041119525
1001 0.324311300297
1002 0.349883025734
1003 0.322859198849
1004 0.362152466368
1005 0.341479915433
1006 0.323428113736
1007 0.343163083199
1008 0.338701560141
1009 0.323661429945
1010 0.34997399896
1011 0.34081701553
1012 0.339755994952
1013 0.349549861496
1014 0.346847620684
1015 0.362445022888
1016 0.324207145725
1017 0.322988321869
1018 0.342348452734
1019 0.349822403188
1020 0.350307972586
1021 0.351680891831
1022 0.350004333882
1023 0.3233504164
1024 0.323014158867
1025 0.387338129496
1026 0.35352827876
1027 0.387226697353
1028 0.322833386633
1029 0.353714085494
1030 0.389617908144
1031 0.323169267707
1032 0.323246878002
1033 0.387896253602
1034 0.323221003762
1035 0.322833386633
1036 0.339984844658
1037 0.350004333882
1038 0.340932117528
1039 0.322910835666
1040 0.338644750084
1041 0.333856965688
1042 0.349852711835
1043 0.323454021147
1044 0.323091694671
1045 0.323947051745
1046 0.323117548212
1047 0.322833386633
1048 0.349943669295
1049 0.342000508173
1050 0.387821744141
1051 0.323065845268
1052 0.349670938691
1053 0.350216825672
1054 0.323091694671
1055 0.349731508748
1056 0.323557692308
1057 0.35009537021
1058 0.323065845268
1059 0.3233504164
1060 0.344598054275
1061 0.349913344887
1062 0.323014158867
1063 0.323454021147
1064 0.323428113736
1065 0.323687374749
1066 0.322807578543
1067 0.350429575631
1068 0.387226697353
1069 0.349519605297
1070 0.3233504164
1071 0.390484479257
1072 0.322833386633
1073 0.3236354893
1074 0.323609552813
1075 0.35577092511
1076 0.387486805489
1077 0.343221419465
1078 0.34389371487
1079 0.345719178082
1080 0.342697106
1081 0.362087517934
1082 0.339299218553
1083 0.349913344887
1084 0.342116411082
1085 0.34001347255
1086 0.36556219446
1087 0.356776815692
1088 0.323609552813
1089 0.337964512889
1090 0.323428113736
1091 0.323195133664
1092 0.324389460154
1093 0.349489354336
1094 0.323324525583
1095 0.323221003762
1096 0.350338365435
1097 0.32278177458
1098 0.323687374749
1099 0.339356248424
1100 0.349913344887
1101 0.351619644723
1102 0.342609876124
1103 0.349761801646
1104 0.323531768288
1105 0.351803450078
1106 0.322859198849
1107 0.323791195574
1108 0.326619752487
1109 0.284466361395
1110 0.344598054275
1111 0.361504028648
1112 0.323014158867
1113 0.34961038961
1114 0.350125726177
1115 0.352079518703
1116 0.339213709677
1117 0.338872104733
1118 0.342580809366
1119 0.323661429945
1120 0.32278177458
1121 0.349670938691
1122 0.339498907012
1123 0.351160970519
1124 0.361309949893
1125 0.341855739925
1126 0.342435549525
1127 0.348494001899
1128 0.324493731919
1129 0.362868439971
1130 0.350399166956
1131 0.34997399896
1132 0.323765234124
1133 0.343133922502
1134 0.338049393051
1135 0.32314340589
1136 0.350156087409
1137 0.359156808681
1138 0.323505848422
1139 0.323117548212
1140 0.323505848422
1141 0.324155093522
1142 0.324389460154
1143 0.34927774414
1144 0.325094597858
1145 0.323298638911
1146 0.32278177458
1147 0.344304229195
1148 0.323117548212
1149 0.361795538034
1150 0.342029476537
1151 0.323428113736
1152 0.323065845268
1153 0.338758389262
1154 0.34380587484
1155 0.32314340589
1156 0.344392324094
1157 0.350977835724
1158 0.322936660269
1159 0.362379969488
1160 0.356304597194
1161 0.387486805489
1162 0.323583620482
1163 0.323065845268
1164 0.341942586163
1165 0.339870381281
1166 0.361860381755
1167 0.34997399896
1168 0.324859211585
1169 0.322962489003
1170 0.33938477055
1171 0.340644508183
1172 0.368632463027
1173 0.342377480075
1174 0.350125726177
1175 0.323221003762
1176 0.344451079075
1177 0.322910835666
1178 0.323169267707
1179 0.338275948731
1180 0.346996648621
1181 0.349398632863
1182 0.387263834276
1183 0.360600107162
1184 0.340932117528
1185 0.343776604802
1186 0.343659574468
1187 0.323195133664
1188 0.338106003517
1189 0.340070742799
1190 0.340730740022
1191 0.324181117534
1192 0.342377480075
1193 0.362607758621
1194 0.338815237456
1195 0.322885015193
1196 0.349489354336
1197 0.342145399085
1198 0.341768937791
1199 0.387263834276
1200 0.345452989991
1201 0.322936660269
1202 0.349913344887
1203 0.32304
1204 0.322962489003
1205 0.351711523386
1206 0.34266802444
1207 0.32278177458
1208 0.361406963215
1209 0.322833386633
1210 0.361471667711
1211 0.351742160279
1212 0.344128174536
1213 0.3236354893
1214 0.338758389262
1215 0.343017329256
1216 0.350065019506
1217 0.323869104909
1218 0.353033747159
1219 0.32304
1220 0.33349851338
1221 0.339898989899
1222 0.348373738245
1223 0.344098849595
1224 0.340874556812
1225 0.322807578543
1226 0.339099764864
1227 0.344509854108
1228 0.362184949323
1229 0.339727410399
1230 0.349913344887
1231 0.341653270158
1232 0.361698316016
1233 0.323505848422
1234 0.323298638911
1235 0.323298638911
1236 0.343484178292
1237 0.349247535029
1238 0.36421033643
1239 0.34563040315
1240 0.32304
1241 0.323298638911
1242 0.323687374749
1243 0.362055052452
1244 0.343075615973
1245 0.323272756385
1246 0.34942886812
1247 0.346431022649
1248 0.338872104733
1249 0.322988321869
1250 0.3233504164
1251 0.343718079673
1252 0.323065845268
1253 0.322833386633
1254 0.322833386633
1255 0.322910835666
1256 0.343864429873
1257 0.343630329334
1258 0.349852711835
1259 0.319588444796
1260 0.339898989899
1261 0.340357383682
1262 0.361342281879
1263 0.322833386633
1264 0.323246878002
1265 0.322885015193
1266 0.340070742799
1267 0.323531768288
1268 0.342609876124
1269 0.326065891473
1270 0.342348452734
1271 0.322807578543
1272 0.362119989239
1273 0.362575199785
1274 0.361212988639
1275 0.338531187123
1276 0.350459989585
1277 0.322833386633
1278 0.352325277026
1279 0.339641685592
1280 0.3394703657
1281 0.361406963215
1282 0.285694071034
1283 0.361374619653
1284 0.324363402683
1285 0.361180679785
1286 0.349640661529
1287 0.338928991103
1288 0.356210303458
1289 0.361990138951
1290 0.36715766503
1291 0.362055052452
1292 0.342348452734
1293 0.349943669295
1294 0.324181117534
1295 0.348764898946
1296 0.322962489003
1297 0.34052960027
1298 0.323298638911
1299 0.361568767908
1300 0.323869104909
1301 0.352725366876
1302 0.322936660269
1303 0.342174392001
1304 0.349761801646
1305 0.324989939638
1306 0.341335587489
1307 0.338928991103
1308 0.338389340484
1309 0.324415521812
1310 0.339641685592
1311 0.339898989899
1312 0.324963785611
1313 0.3659929303
1314 0.35321903429
1315 0.324181117534
1316 0.324337349398
1317 0.339299218553
1318 0.355896351137
1319 0.307072243346
1320 0.323454021147
1321 0.364539135145
1322 0.323454021147
1323 0.362607758621
1324 0.361439312567
1325 0.349701221096
1326 0.323221003762
1327 0.322807578543
1328 0.343221419465
1329 0.338077695914
1330 0.344862925954
1331 0.343279775567
1332 0.342261400237
1333 0.305307727204
1334 0.323609552813
1335 0.345837615622
1336 0.342784380306
1337 0.34961038961
1338 0.323765234124
1339 0.359989301952
1340 0.341971544715
1341 0.339755994952
1342 0.3415665708
1343 0.323065845268
1344 0.326804791195
1345 0.362022592792
1346 0.362803234501
1347 0.339698830655
1348 0.36163353036
1349 0.33967025572
1350 0.30388320289
1351 0.324077046549
1352 0.340989697686
1353 0.352725366876
1354 0.322833386633
1355 0.322910835666
1356 0.340214002865
1357 0.323428113736
1358 0.350216825672
1359 0.365099457505
1360 0.361860381755
1361 0.338843668709
1362 0.347564124634
1363 0.322833386633
1364 0.323298638911
1365 0.323221003762
1366 0.29824950144
1367 0.3415665708
1368 0.344598054275
1369 0.32304
1370 0.344451079075
1371 0.342290412817
1372 0.324754704842
1373 0.322962489003
1374 0.36153639538
1375 0.306978865744
1376 0.361439312567
1377 0.34927774414
1378 0.346252786829
1379 0.323583620482
1380 0.339698830655
1381 0.361730717549
1382 0.323895083019
1383 0.284446322908
1384 0.322910835666
1385 0.323921065298
1386 0.338985896575
1387 0.32278177458
1388 0.323609552813
1389 0.361698316016
1390 0.32410305803
1391 0.344833475662
1392 0.344862925954
1393 0.333250804655
1394 0.34081701553
1395 0.322807578543
1396 0.322833386633
1397 0.349852711835
1398 0.332866210535
1399 0.339185216296
1400 0.344274874243
1401 0.349307958478
1402 0.32314340589
1403 0.361406963215
1404 0.322988321869
1405 0.339613120269
1406 0.364177489177
1407 0.34900605013
1408 0.340328697851
1409 0.351987447699
1410 0.342784380306
1411 0.338106003517
1412 0.3233504164
1413 0.340472175379
1414 0.340271340693
1415 0.323065845268
1416 0.339641685592
1417 0.343484178292
1418 0.323091694671
1419 0.32459807074
1420 0.345896864828
1421 0.359124866596
1422 0.338190954774
1423 0.32459807074
1424 0.341855739925
1425 0.323246878002
1426 0.352540597171
1427 0.340156684357
1428 0.351497214485
1429 0.340242669363
1430 0.349549861496
1431 0.322833386633
1432 0.345571245186
1433 0.339956221586
1434 0.3233504164
1435 0.323583620482
1436 0.343163083199
1437 0.325723965476
1438 0.33981317849
1439 0.339071290621
1440 0.338531187123
1441 0.342348452734
1442 0.323661429945
1443 0.33799280154
1444 0.323065845268
1445 0.325173135771
1446 0.323687374749
1447 0.351987447699
1448 0.343864429873
1449 0.34055831998
1450 0.361925248723
1451 0.345867237687
1452 0.324129073688
1453 0.3236354893
1454 0.342087427991
1455 0.349852711835
1456 0.332072368421
1457 0.342929936306
1458 0.325487667258
1459 0.342319430315
1460 0.341855739925
1461 0.341768937791
1462 0.323791195574
1463 0.362022592792
1464 0.324077046549
1465 0.348945731075
1466 0.373094336136
1467 0.32278177458
1468 0.343923004855
1469 0.323557692308
1470 0.341653270158
1471 0.361245303274
1472 0.344040214706
1473 0.36228243316
1474 0.350703491402
1475 0.322859198849
1476 0.361860381755
1477 0.323272756385
1478 0.323895083019
1479 0.323298638911
1480 0.362217438105
1481 0.362738052461
1482 0.324545892943
1483 0.342755283932
1484 0.365462937822
1485 0.323505848422
1486 0.343367346939
1487 0.323221003762
1488 0.351834102989
1489 0.342959062341
1490 0.338985896575
1491 0.332400395127
1492 0.341653270158
1493 0.33231832771
1494 0.323428113736
1495 0.338247612665
1496 0.35223307746
1497 0.341133733209
1498 0.323713323713
1499 0.322962489003
1500 0.323065845268
1501 0.34001347255
1502 0.338389340484
1503 0.36153639538
1504 0.339270710805
1505 0.341047297297
1506 0.347504302926
1507 0.325173135771
1508 0.33981317849
1509 0.34915693904
1510 0.347713769052
1511 0.322910835666
1512 0.338644750084
1513 0.352540597171
1514 0.345571245186
1515 0.350703491402
1516 0.351466620245
1517 0.343718079673
1518 0.340042105263
1519 0.337964512889
1520 0.341826800982
1521 0.34150879567
1522 0.322962489003
1523 0.347803617571
1524 0.343513398554
1525 0.275932759328
1526 0.341220212946
1527 0.339727410399
1528 0.323454021147
1529 0.363325535361
1530 0.308786418903
1531 0.341047297297
1532 0.338843668709
1533 0.339071290621
1534 0.32402503611
1535 0.369137946796
1536 0.341537680792
1537 0.365330679454
1538 0.35658777817
1539 0.361309949893
1540 0.361601146234
1541 0.344186839414
1542 0.323895083019
1543 0.324363402683
1544 0.349731508748
1545 0.323739276838
1546 0.345896864828
1547 0.322833386633
1548 0.342638947815
1549 0.324337349398
1550 0.346371590324
1551 0.339356248424
1552 0.344745154956
1553 0.323921065298
1554 0.357281897009
1555 0.342755283932
1556 0.338957441451
1557 0.324493731919
1558 0.345010252905
1559 0.322807578543
1560 0.344069529652
1561 0.32278177458
1562 0.324311300297
1563 0.323065845268
1564 0.342959062341
1565 0.323609552813
1566 0.342464591638
1567 0.323454021147
1568 0.338474434199
1569 0.323505848422
1570 0.325461433062
1571 0.343396547325
1572 0.340730740022
1573 0.339270710805
1574 0.362347451543
1575 0.354334854335
1576 0.3236354893
1577 0.340759493671
1578 0.376292982947
1579 0.324833078594
1580 0.322885015193
1581 0.348554164868
1582 0.32278177458
1583 0.284166080225
1584 0.362412493269
1585 0.345837615622
1586 0.323739276838
1587 0.322833386633
1588 0.339727410399
1589 0.338162632945
1590 0.345748779861
1591 0.360986947971
1592 0.362379969488
1593 0.338872104733
1594 0.339327731092
1595 0.323402210476
1596 0.349670938691
1597 0.356839872747
1598 0.34130673654
1599 0.345128205128
1600 0.323195133664
1601 0.34380587484
1602 0.323583620482
1603 0.323169267707
1604 0.34395229983
1605 0.345482546201
1606 0.361925248723
1607 0.349519605297
1608 0.322885015193
1609 0.343396547325
1610 0.361990138951
1611 0.344274874243
1612 0.36163353036
1613 0.344774590164
1614 0.345305284761
1615 0.357029177719
1616 0.323376311364
1617 0.351497214485
1618 0.345985776712
1619 0.343923004855
1620 0.342377480075
1621 0.345659989728
1622 0.34831363754
1623 0.344892381278
1624 0.340874556812
1625 0.339356248424
1626 0.348825155494
1627 0.342493638677
1628 0.322833386633
1629 0.357566634198
1630 0.323428113736
1631 0.343630329334
1632 0.33231832771
1633 0.356682271884
1634 0.338644750084
1635 0.3391567277
1636 0.340386074349
1637 0.356871409633
1638 0.358232789212
1639 0.34918713248
1640 0.357281897009
1641 0.32304
1642 0.323169267707
1643 0.345956134339
1644 0.341971544715
1645 0.340644508183
1646 0.351527814051
1647 0.324441587659
1648 0.340472175379
1649 0.323402210476
1650 0.339498907012
1651 0.324051039242
1652 0.322910835666
1653 0.341422169612
1654 0.356461864407
1655 0.332154314387
1656 0.343279775567
1657 0.346223098688
1658 0.322885015193
1659 0.324545892943
1660 0.341479915433
1661 0.348674553147
1662 0.350733952923
1663 0.343308961061
1664 0.35055126313
1665 0.322936660269
1666 0.342755283932
1667 0.369374313941
1668 0.323817161187
1669 0.342609876124
1670 0.343981599796
1671 0.323454021147
1672 0.340759493671
1673 0.338900545531
1674 0.350916833232
1675 0.32648771022
1676 0.343484178292
1677 0.323169267707
1678 0.350034674064
1679 0.323895083019
1680 0.349519605297
1681 0.350004333882
1682 0.33941329747
1683 0.34915693904
1684 0.341826800982
1685 0.409575007607
1686 0.357313512079
1687 0.339213709677
1688 0.362087517934
1689 0.36163353036
1690 0.342726192497
1691 0.32278177458
1692 0.34001347255
1693 0.353559232992
1694 0.322833386633
1695 0.349883025734
1696 0.349126750821
1697 0.323272756385
1698 0.341595465697
1699 0.323246878002
1700 0.293929247343
1701 0.338417700302
1702 0.323869104909
1703 0.344274874243
1704 0.34150879567
1705 0.338872104733
1706 0.338275948731
1707 0.284747196954
1708 0.345128205128
1709 0.323014158867
1710 0.342000508173
1711 0.324363402683
1712 0.322936660269
1713 0.341047297297
1714 0.322910835666
1715 0.344568649202
1716 0.341364443317
1717 0.340759493671
1718 0.343163083199
1719 0.375313690863
1720 0.338049393051
1721 0.333995037221
1722 0.342435549525
1723 0.341537680792
1724 0.34001347255
1725 0.340989697686
1726 0.325566395227
1727 0.345837615622
1728 0.325487667258
1729 0.32399903715
1730 0.350794891843
1731 0.347265221878
1732 0.32304
1733 0.349731508748
1734 0.323921065298
1735 0.3394703657
1736 0.342232392576
1737 0.343630329334
1738 0.341364443317
1739 0.340644508183
1740 0.323454021147
1741 0.352202354993
1742 0.342087427991
1743 0.350612138578
1744 0.340644508183
1745 0.349852711835
1746 0.343864429873
1747 0.345926497044
1748 0.323324525583
1749 0.323272756385
1750 0.324337349398
1751 0.342900815217
1752 0.349731508748
1753 0.341335587489
1754 0.342087427991
1755 0.341855739925
1756 0.322833386633
1757 0.3233504164
1758 0.343513398554
1759 0.345985776712
1760 0.322936660269
1761 0.33799280154
1762 0.342697106
1763 0.322936660269
1764 0.34942886812
1765 0.338900545531
1766 0.341162554917
1767 0.34942886812
1768 0.350916833232
1769 0.346728490469
1770 0.342116411082
1771 0.340128032345
1772 0.338531187123
1773 0.341422169612
1774 0.348704663212
1775 0.34081701553
1776 0.338106003517
1777 0.322885015193
1778 0.344069529652
1779 0.352263805287
1780 0.323921065298
1781 0.342203389831
1782 0.340214002865
1783 0.344098849595
1784 0.352879489644
1785 0.323195133664
1786 0.324989939638
1787 0.362314939435
1788 0.324181117534
1789 0.32304
1790 0.342000508173
1791 0.34997399896
1792 0.343017329256
1793 0.323402210476
1794 0.342232392576
1795 0.350034674064
1796 0.340615773935
1797 0.34001347255
1798 0.322910835666
1799 0.3236354893
1800 0.343513398554
1801 0.3483436853
1802 0.348764898946
1803 0.323065845268
1804 0.338219281347
1805 0.345452989991
1806 0.323402210476
1807 0.338729972318
1808 0.325723965476
1809 0.342726192497
1810 0.342348452734
1811 0.342029476537
1812 0.340443470196
1813 0.339755994952
1814 0.345956134339
1815 0.323117548212
1816 0.338701560141
1817 0.341826800982
1818 0.341768937791
1819 0.323817161187
1820 0.340615773935
1821 0.350247202706
1822 0.338701560141
1823 0.323479932708
1824 0.342784380306
1825 0.34997399896
1826 0.338729972318
1827 0.340960905176
1828 0.345659989728
1829 0.35027758501
1830 0.323298638911
1831 0.340472175379
1832 0.287647813079
1833 0.325042260324
1834 0.344745154956
1835 0.32278177458
1836 0.349731508748
1837 0.342145399085
1838 0.323921065298
1839 0.322910835666
1840 0.342784380306
1841 0.323091694671
1842 0.339784584315
1843 0.343133922502
1844 0.341047297297
1845 0.351527814051
1846 0.3415665708
1847 0.343133922502
1848 0.33836098542
1849 0.34927774414
1850 0.342522690644
1851 0.349036217478
1852 0.303654684915
1853 0.342290412817
1854 0.34052960027
1855 0.322807578543
1856 0.322936660269
1857 0.33967025572
1858 0.340443470196
1859 0.323869104909
1860 0.340156684357
1861 0.323817161187
1862 0.357883541611
1863 0.34090333474
1864 0.342784380306
1865 0.342319430315
1866 0.323014158867
1867 0.338389340484
1868 0.342726192497
1869 0.342609876124
1870 0.338389340484
1871 0.34918713248
1872 0.351008344924
1873 0.341422169612
1874 0.283408197642
1875 0.323221003762
1876 0.332921098194
1877 0.341595465697
1878 0.340932117528
1879 0.349549861496
1880 0.343454963001
1881 0.323583620482
1882 0.34997399896
1883 0.351008344924
1884 0.342290412817
1885 0.323921065298
1886 0.325068426984
1887 0.342116411082
1888 0.323402210476
1889 0.346639196498
1890 0.32314340589
1891 0.322910835666
1892 0.340128032345
1893 0.323065845268
1894 0.350916833232
1895 0.350186453907
1896 0.323765234124
1897 0.323014158867
1898 0.342929936306
1899 0.342609876124
1900 0.350612138578
1901 0.323505848422
1902 0.323973042362
1903 0.343542623788
1904 0.340500885403
1905 0.338872104733
1906 0.323091694671
1907 0.324780825223
1908 0.34915693904
1909 0.323428113736
1910 0.299933150115
1911 0.323791195574
1912 0.34266802444
1913 0.411117898595
1914 0.30163591544
1915 0.292502716407
1916 0.29163657374
1917 0.305885917734
1918 0.29554270658
1919 0.296671809566
1920 0.294443634242
1921 0.307072243346
1922 0.294121931677
1923 0.291720849588
1924 0.294529540481
1925 0.291468168038
1926 0.295954265611
1927 0.306908869803
1928 0.294400699913
1929 0.291995082797
1930 0.29465849387
1931 0.291720849588
1932 0.294079091108
1933 0.317029127738
1934 0.291615512385
1935 0.291678705576
1936 0.294293418847
1937 0.291910648449
1938 0.291447131
1939 0.295521077283
1940 0.295348156817
1941 0.316904724533
1942 0.308479755539
1943 0.292269832079
1944 0.29560761347
1945 0.293907853556
1946 0.307962172056
1947 0.295564339043
1948 0.325592646347
1949 0.306745670009
1950 0.291573398801
1951 0.29176300578
1952 0.2948736673
1953 0.291889547492
1954 0.294079091108
1955 0.316954474097
1956 0.316259398496
1957 0.291531297379
1958 0.292333309201
1959 0.29222752931
1960 0.306071401501
1961 0.242653686677
1962 0.29326748493
1963 0.295499451153
1964 0.293246187364
1965 0.315320943308
1966 0.293651370809
1967 0.295197017326
1968 0.320247442303
1969 0.293993447397
1970 0.291489208114
1971 0.293139745917
1972 0.295240184251
1973 0.295046032442
1974 0.29502447578
1975 0.293310089344
1976 0.29222752931
1977 0.294443634242
1978 0.293310089344
1979 0.29176300578
1980 0.295240184251
1981 0.292735972162
1982 0.294551024874
1983 0.291973969631
1984 0.295737512817
1985 0.295283363803
1986 0.296432241962
1987 0.29470150343
1988 0.294079091108
1989 0.291910648449
1990 0.293416654556
1991 0.291868449584
1992 0.294529540481
1993 0.291657638137
1994 0.295824175824
1995 0.304524886878
1996 0.294852135816
1997 0.291426096998
1998 0.294336321889
1999 0.294636993798
2000 0.293950644245
2001 0.292164098112
2002 0.294787560228
2003 0.30505401526
2004 0.302653275371
2005 0.294594003064
2006 0.294787560228
2007 0.29258749366
2008 0.308597630875
2009 0.29155234657
2010 0.266640253566
2011 0.306048203729
2012 0.332976003958
2013 0.291805174158
2014 0.291657638137
2015 0.291678705576
2016 0.291489208114
2017 0.291868449584
2018 0.291510251227
2019 0.294679997081
2020 0.291826262918
2021 0.294852135816
2022 0.292121825942
2023 0.292608695652
2024 0.293694086843
2025 0.29465849387
2026 0.292142960498
2027 0.316011895445
2028 0.255036948146
2029 0.30667578036
2030 0.292333309201
2031 0.295477828187
2032 0.304593799502
2033 0.307985660895
2034 0.295175438596
2035 0.291531297379
2036 0.293758184199
2037 0.293694086843
2038 0.295175438596
2039 0.307259169076
2040 0.305932267596
2041 0.294809082281
2042 0.291573398801
2043 0.317153628652
2044 0.295197017326
2045 0.291973969631
2046 0.295240184251
2047 0.294100509832
2048 0.308103158859
2049 0.293587320052
2050 0.29222752931
2051 0.291952859518
2052 0.291594454073
2053 0.306489563567
2054 0.305955447795
2055 0.308385520086
2056 0.293033381713
2057 0.293886462882
2058 0.247471961758
2059 0.29307591813
2060 0.29560761347
2061 0.293822309539
2062 0.292545098892
2063 0.302971188475
2064 0.294486581097
2065 0.295477828187
2066 0.301365773565
2067 0.29337401918
2068 0.292121825942
2069 0.307844781581
2070 0.295153863022
2071 0.291678705576
2072 0.307235790915
2073 0.307399512789
2074 0.295650900571
2075 0.294916739702
2076 0.294357778102
2077 0.291720849588
2078 0.294143356643
2079 0.295845849513
2080 0.291363013204
2081 0.291657638137
2082 0.308597630875
2083 0.291784088446
2084 0.294615496863
2085 0.294508059223
2086 0.293950644245
2087 0.294379237443
2088 0.307962172056
2089 0.295715854998
2090 0.291889547492
2091 0.295521077283
2092 0.293886462882
2093 0.239615475908
2094 0.295261772448
2095 0.291489208114
2096 0.294766041317
2097 0.291931752458
2098 0.292312147097
2099 0.293972044263
2100 0.291910648449
2101 0.291531297379
2102 0.302857571439
2103 0.307680585187
2104 0.295412978272
2105 0.295326555986
2106 0.29163657374
2107 0.291426096998
2108 0.292312147097
2109 0.294981371904
2110 0.294336321889
2111 0.252170111784
2112 0.308904528764
2113 0.294895201928
2114 0.291615512385
2115 0.291741926161
2116 0.294400699913
2117 0.294938280622
2118 0.307915205124
2119 0.295477828187
2120 0.291720849588
2121 0.291889547492
2122 0.294895201928
2123 0.294572512402
2124 0.295824175824
2125 0.295067592254
2126 0.30700220482
2127 0.294400699913
2128 0.307072243346
2129 0.316209866875
2130 0.292206382517
2131 0.291678705576
2132 0.295715854998
2133 0.306350049313
2134 0.308668399327
2135 0.305169286578
2136 0.305608113222
2137 0.293012118134
2138 0.30418079096
2139 0.306838905775
2140 0.295283363803
2141 0.295132290601
2142 0.293736815305
2143 0.296301731729
2144 0.306745670009
2145 0.305862748068
2146 0.258796385311
2147 0.291973969631
2148 0.239686591084
2149 0.306280339806
2150 0.307282550795
2151 0.297392841361
2152 0.306048203729
2153 0.291784088446
2154 0.307821314225
2155 0.2948736673
2156 0.277869529315
2157 0.292016199016
2158 0.294336321889
2159 0.291594454073
2160 0.292545098892
2161 0.291952859518
2162 0.295153863022
2163 0.293523297231
2164 0.303631852019
2165 0.293395335319
2166 0.294207650273
2167 0.291615512385
2168 0.291447131
2169 0.291405066032
2170 0.306792280808
2171 0.291720849588
2172 0.294916739702
2173 0.295629255436
2174 0.292079566004
2175 0.307235790915
2176 0.29163657374
2177 0.30681559152
2178 0.291805174158
2179 0.291405066032
2180 0.293459302326
2181 0.307189045264
2182 0.29176300578
2183 0.291573398801
2184 0.306652490887
2185 0.295456208385
2186 0.303700361011
2187 0.293587320052
2188 0.307985660895
2189 0.295629255436
2190 0.30700220482
2191 0.295067592254
2192 0.305261566374
2193 0.235603010677
2194 0.291741926161
2195 0.305746952374
2196 0.291363013204
2197 0.306862223573
2198 0.293630017452
2199 0.303631852019
2200 0.30871559633
2201 0.295132290601
2202 0.29554270658
2203 0.294271972016
2204 0.306862223573
2205 0.291426096998
2206 0.291805174158
2207 0.295975958367
2208 0.291868449584
2209 0.292058440619
2210 0.294079091108
2211 0.293672727273
2212 0.294529540481
2213 0.294443634242
2214 0.293630017452
2215 0.293843690875
2216 0.304341272234
2217 0.294314868805
2218 0.291678705576
2219 0.295867526377
2220 0.293224892891
2221 0.295650900571
2222 0.249551943638
2223 0.256137012369
2224 0.307189045264
2225 0.307352717309
2226 0.265465781342
2227 0.294422165512
2228 0.29155234657
2229 0.293843690875
2230 0.295997654303
2231 0.29155234657
2232 0.29222752931
2233 0.294938280622
2234 0.298205450114
2235 0.29203731829
2236 0.293161028024
2237 0.293929247343
2238 0.294079091108
2239 0.291657638137
2240 0.288820542164
2241 0.295780837972
2242 0.306838905775
2243 0.294207650273
2244 0.292927094668
2245 0.295759173808
2246 0.291489208114
2247 0.306210662016
2248 0.307329324911
2249 0.291826262918
2250 0.292058440619
2251 0.30704889362
2252 0.291594454073
2253 0.291720849588
2254 0.294830607477
2255 0.305816419267
2256 0.29155234657
2257 0.293310089344
2258 0.294787560228
2259 0.29248152977
2260 0.292799651947
2261 0.291889547492
2262 0.29422908773
2263 0.291741926161
2264 0.29155234657
2265 0.306257110353
2266 0.293459302326
2267 0.30609460279
2268 0.306489563567
2269 0.307610268911
2270 0.291363013204
2271 0.29176300578
2272 0.295348156817
2273 0.29222752931
2274 0.305123167599
2275 0.29235447437
2276 0.295434591747
2277 0.294766041317
2278 0.291805174158
2279 0.296977274399
2280 0.306652490887
2281 0.292884601436
2282 0.291531297379
2283 0.30789172703
2284 0.308361970218
2285 0.29470150343
2286 0.302698650675
2287 0.291952859518
2288 0.29465849387
2289 0.293736815305
2290 0.308314881271
2291 0.295412978272
2292 0.293544635068
2293 0.307938686799
2294 0.302562565563
2295 0.306932198237
2296 0.303449312392
2297 0.294036263016
2298 0.294036263016
2299 0.301478273854
2300 0.296519312674
2301 0.294100509832
2302 0.291594454073
2303 0.306466302368
2304 0.292058440619
2305 0.294766041317
2306 0.291868449584
2307 0.293886462882
2308 0.294443634242
2309 0.294787560228
2310 0.295737512817
2311 0.293822309539
2312 0.292502716407
2313 0.291952859518
2314 0.295132290601
2315 0.291847354727
2316 0.304892781637
2317 0.291615512385
2318 0.293886462882
2319 0.294121931677
2320 0.307422915874
2321 0.291678705576
2322 0.291510251227
2323 0.294314868805
2324 0.295391367959
2325 0.295780837972
2326 0.324363402683
2327 0.295304958315
2328 0.306489563567
2329 0.30812666921
2330 0.294100509832
2331 0.304478962449
2332 0.29560761347
2333 0.305561861521
2334 0.307985660895
2335 0.294443634242
2336 0.293886462882
2337 0.308056148917
2338 0.29422908773
2339 0.305770104498
2340 0.295348156817
2341 0.295715854998
2342 0.29203731829
2343 0.293758184199
2344 0.305909090909
2345 0.306862223573
2346 0.294443634242
2347 0.292269832079
2348 0.310090615881
2349 0.29470150343
2350 0.29176300578
2351 0.293843690875
2352 0.305862748068
2353 0.29502447578
2354 0.29328878559
2355 0.295261772448
2356 0.30374605085
2357 0.295153863022
2358 0.291741926161
2359 0.291573398801
2360 0.294572512402
2361 0.291657638137
2362 0.245411450103
2363 0.293800931315
2364 0.295067592254
2365 0.294916739702
2366 0.294422165512
2367 0.294079091108
2368 0.294422165512
2369 0.306001818733
2370 0.297458563536
2371 0.294852135816
2372 0.293929247343
2373 0.305631244323
2374 0.291657638137
2375 0.295067592254
2376 0.291531297379
2377 0.295348156817
2378 0.305238491194
2379 0.294572512402
2380 0.292417988269
2381 0.291468168038
2382 0.296999117387
2383 0.291384038101
2384 0.291931752458
2385 0.308056148917
2386 0.304478962449
2387 0.294443634242
2388 0.29258749366
2389 0.291531297379
2390 0.301929116196
2391 0.292651108856
2392 0.292948345908
2393 0.293459302326
2394 0.292121825942
2395 0.306280339806
2396 0.295304958315
2397 0.313168915775
2398 0.292185238784
2399 0.306048203729
2400 0.305353901996
2401 0.293651370809
2402 0.291784088446
2403 0.291720849588
2404 0.291805174158
2405 0.295110721333
2406 0.291868449584
2407 0.294186215941
2408 0.293352706139
2409 0.294744525547
2410 0.295261772448
2411 0.295932576035
2412 0.292121825942
2413 0.292058440619
2414 0.30163591544
2415 0.297152108323
2416 0.249259259259
2417 0.294121931677
2418 0.305007931113
2419 0.293929247343
2420 0.306652490887
2421 0.305077062557
2422 0.291510251227
2423 0.291510251227
2424 0.295002922268
2425 0.291678705576
2426 0.294057675502
2427 0.291741926161
2428 0.292058440619
2429 0.295564339043
2430 0.293395335319
2431 0.294594003064
2432 0.291510251227
2433 0.292185238784
2434 0.294679997081
2435 0.295348156817
2436 0.29203731829
2437 0.306536096561
2438 0.291447131
2439 0.294809082281
2440 0.291615512385
2441 0.293886462882
2442 0.291489208114
2443 0.291426096998
2444 0.291995082797
2445 0.291678705576
2446 0.304938830992
2447 0.294916739702
2448 0.294551024874
2449 0.293843690875
2450 0.292417988269
2451 0.291657638137
2452 0.306955530217
2453 0.29176300578
2454 0.293565976009
2455 0.29176300578
2456 0.291741926161
2457 0.291573398801
2458 0.291363013204
2459 0.305862748068
2460 0.294615496863
2461 0.295067592254
2462 0.307259169076
2463 0.293587320052
2464 0.307352717309
2465 0.295802505311
2466 0.30443305187
2467 0.291573398801
2468 0.29422908773
2469 0.307095596623
2470 0.294357778102
2471 0.291363013204
2472 0.307446322522
2473 0.305169286578
2474 0.292714751722
2475 0.292016199016
2476 0.30667578036
2477 0.292185238784
2478 0.293822309539
2479 0.293544635068
2480 0.294314868805
2481 0.292164098112
2482 0.291405066032
2483 0.294895201928
2484 0.291405066032
2485 0.294143356643
2486 0.294379237443
2487 0.291805174158
2488 0.291531297379
2489 0.293950644245
2490 0.293758184199
2491 0.291678705576
2492 0.307399512789
2493 0.295283363803
2494 0.291594454073
2495 0.294293418847
2496 0.294572512402
2497 0.301208414143
2498 0.291973969631
2499 0.306629204951
2500 0.293437976891
2501 0.295304958315
2502 0.302585237917
2503 0.286871270247
2504 0.291784088446
2505 0.29465849387
2506 0.293246187364
2507 0.294121931677
2508 0.295780837972
2509 0.306768973638
2510 0.307376113268
2511 0.307797850446
2512 0.307680585187
2513 0.30667578036
2514 0.29169977606
2515 0.293352706139
2516 0.29163657374
2517 0.305284645044
2518 0.29328878559
2519 0.292651108856
2520 0.301951693711
2521 0.294981371904
2522 0.294486581097
2523 0.293565976009
2524 0.29176300578
2525 0.291784088446
2526 0.294079091108
2527 0.297327148222
2528 0.291447131
2529 0.29155234657
2530 0.305123167599
2531 0.301455767077
2532 0.293865075322
2533 0.293694086843
2534 0.305862748068
2535 0.291868449584
2536 0.291615512385
2537 0.292799651947
2538 0.295434591747
2539 0.294723012919
2540 0.294443634242
2541 0.293843690875
2542 0.291384038101
2543 0.305215419501
2544 0.311453914385
2545 0.30374605085
2546 0.291615512385
2547 0.294551024874
2548 0.305770104498
2549 0.291573398801
2550 0.294852135816
2551 0.296671809566
2552 0.294916739702
2553 0.293800931315
2554 0.295132290601
2555 0.295153863022
2556 0.307446322522
2557 0.29425052831
2558 0.293993447397
2559 0.291868449584
2560 0.295002922268
2561 0.295867526377
2562 0.294787560228
2563 0.29169977606
2564 0.293779556202
2565 0.295499451153
2566 0.291426096998
2567 0.293843690875
2568 0.305955447795
2569 0.291678705576
2570 0.291363013204
2571 0.291847354727
2572 0.29425052831
2573 0.291952859518
2574 0.294723012919
2575 0.293630017452
2576 0.294486581097
2577 0.238638378346
2578 0.291826262918
2579 0.294981371904
2580 0.293950644245
2581 0.291573398801
2582 0.292079566004
2583 0.30641979056
2584 0.294508059223
2585 0.291720849588
2586 0.294079091108
2587 0.295477828187
2588 0.291805174158
2589 0.306233884423
2590 0.306210662016
2591 0.295694200351
2592 0.293501962495
2593 0.306210662016
2594 0.295434591747
2595 0.305284645044
2596 0.291405066032
2597 0.291363013204
2598 0.305700658642
2599 0.308385520086
2600 0.291805174158
2601 0.295369760808
2602 0.29554270658
2603 0.295715854998
2604 0.295391367959
2605 0.295672548876
2606 0.301523297491
2607 0.29307591813
2608 0.297414745526
2609 0.305584985621
2610 0.304134970249
2611 0.294379237443
2612 0.295910889638
2613 0.293907853556
2614 0.292058440619
2615 0.29176300578
2616 0.295456208385
2617 0.306443044699
2618 0.307025547445
2619 0.293651370809
2620 0.294981371904
2621 0.294379237443
2622 0.291531297379
2623 0.291805174158
2624 0.29425052831
2625 0.295499451153
2626 0.295456208385
2627 0.29222752931
2628 0.26476952331
2629 0.291995082797
2630 0.307539984768
2631 0.295175438596
2632 0.293950644245
2633 0.29155234657
2634 0.229002438609
2635 0.291489208114
2636 0.293929247343
2637 0.294293418847
2638 0.294121931677
2639 0.295002922268
2640 0.292269832079
2641 0.29470150343
2642 0.291931752458
2643 0.307282550795
2644 0.306792280808
2645 0.292016199016
2646 0.292693534358
2647 0.296106181712
2648 0.294529540481
2649 0.292545098892
2650 0.307352717309
2651 0.291720849588
2652 0.29337401918
2653 0.292651108856
2654 0.306001818733
2655 0.294679997081
2656 0.295046032442
2657 0.29176300578
2658 0.292608695652
2659 0.293993447397
2660 0.294508059223
2661 0.294336321889
2662 0.293694086843
2663 0.291363013204
2664 0.291131939438
2665 0.292333309201
2666 0.29163657374
2667 0.228730032854
2668 0.290985083231
2669 0.291384038101
2670 0.292651108856
2671 0.290964115867
2672 0.290691814844
2673 0.291826262918
2674 0.291194923199
2675 0.29337401918
2676 0.291384038101
2677 0.292333309201
2678 0.29425052831
2679 0.291426096998
2680 0.292545098892
2681 0.29169977606
2682 0.291531297379
2683 0.2909012319
2684 0.29222752931
2685 0.291173925584
2686 0.290838375108
2687 0.291089965398
2688 0.291027027027
2689 0.290796485669
2690 0.292079566004
2691 0.291236927515
2692 0.29062904851
2693 0.290670889721
2694 0.294787560228
2695 0.292545098892
2696 0.29081742888
2697 0.290985083231
2698 0.291447131
2699 0.292121825942
2700 0.290838375108
2701 0.2909012319
2702 0.291131939438
2703 0.291089965398
2704 0.290943151524
2705 0.29554270658
2706 0.291152930997
2707 0.291931752458
2708 0.294636993798
2709 0.291384038101
2710 0.29081742888
2711 0.290859324354
2712 0.291236927515
2713 0.292058440619
2714 0.291215923842
2715 0.29062904851
2716 0.291257934218
2717 0.293118466899
2718 0.291720849588
2719 0.291363013204
2720 0.293800931315
2721 0.291615512385
2722 0.290691814844
2723 0.29062904851
2724 0.29081742888
2725 0.292735972162
2726 0.291447131
2727 0.290943151524
2728 0.290838375108
2729 0.291363013204
2730 0.291910648449
2731 0.292460346201
2732 0.291194923199
2733 0.290733674131
2734 0.29155234657
2735 0.291678705576
2736 0.290985083231
2737 0.290691814844
2738 0.291110950905
2739 0.292333309201
2740 0.291215923842
2741 0.29554270658
2742 0.291784088446
2743 0.294357778102
2744 0.291657638137
2745 0.291006053618
2746 0.291278943952
2747 0.2909012319
2748 0.290859324354
2749 0.292502716407
2750 0.29169977606
2751 0.292375642604
2752 0.291426096998
2753 0.291405066032
2754 0.29176300578
2755 0.293161028024
2756 0.292545098892
2757 0.291531297379
2758 0.292333309201
2759 0.29155234657
2760 0.291131939438
2761 0.291363013204
2762 0.291173925584
2763 0.291027027027
2764 0.291910648449
2765 0.295845849513
2766 0.317477789134
2767 0.290859324354
2768 0.290691814844
2769 0.291173925584
2770 0.290838375108
2771 0.292185238784
2772 0.290880276617
2773 0.291299956716
2774 0.291784088446
2775 0.290691814844
2776 0.291826262918
2777 0.290691814844
2778 0.292333309201
2779 0.293352706139
2780 0.290964115867
2781 0.292375642604
2782 0.292820884699
2783 0.292651108856
2784 0.291741926161
2785 0.291173925584
2786 0.291510251227
2787 0.292735972162
2788 0.291615512385
2789 0.290608132422
2790 0.290985083231
2791 0.290775545474
2792 0.290838375108
2793 0.29062904851
2794 0.293224892891
2795 0.290985083231
2796 0.291068982916
2797 0.29256629474
2798 0.291152930997
2799 0.29062904851
2800 0.290733674131
2801 0.292290988056
2802 0.290775545474
2803 0.291089965398
2804 0.29104800346
2805 0.290775545474
2806 0.290733674131
2807 0.29163657374
2808 0.29104800346
2809 0.29062904851
2810 0.290985083231
2811 0.291889547492
2812 0.290733674131
2813 0.291194923199
2814 0.291657638137
2815 0.312055641422
2816 0.291784088446
2817 0.290796485669
2818 0.290670889721
2819 0.290922190202
2820 0.291089965398
2821 0.290880276617
2822 0.290859324354
2823 0.294744525547
2824 0.291384038101
2825 0.290691814844
2826 0.291320972513
2827 0.294057675502
2828 0.292164098112
2829 0.293033381713
2830 0.291152930997
2831 0.291027027027
2832 0.290964115867
2833 0.291215923842
2834 0.293416654556
2835 0.290754608295
2836 0.291594454073
2837 0.291236927515
2838 0.290859324354
2839 0.312417794971
2840 0.293565976009
2841 0.291741926161
2842 0.291320972513
2843 0.290587219344
2844 0.291194923199
2845 0.291194923199
2846 0.291131939438
2847 0.291152930997
2848 0.290838375108
2849 0.291027027027
2850 0.2936086672
2851 0.291278943952
2852 0.29104800346
2853 0.29081742888
2854 0.292439165701
2855 0.291341991342
2856 0.290670889721
2857 0.291426096998
2858 0.290608132422
2859 0.290943151524
2860 0.290985083231
2861 0.29062904851
2862 0.290796485669
2863 0.292079566004
2864 0.293800931315
2865 0.292248679163
2866 0.291405066032
2867 0.292185238784
2868 0.29235447437
2869 0.291006053618
2870 0.336977384628
2871 0.29104800346
2872 0.291468168038
2873 0.292185238784
2874 0.292121825942
2875 0.291573398801
2876 0.292142960498
2877 0.290880276617
2878 0.292863359443
2879 0.29081742888
2880 0.2909012319
2881 0.292058440619
2882 0.292079566004
2883 0.290796485669
2884 0.295499451153
2885 0.290712742981
2886 0.312417794971
2887 0.290775545474
2888 0.291426096998
2889 0.2909012319
2890 0.290964115867
2891 0.292439165701
2892 0.291027027027
2893 0.292396813903
2894 0.290754608295
2895 0.259394873771
2896 0.290775545474
2897 0.291720849588
2898 0.291720849588
2899 0.290754608295
2900 0.290691814844
2901 0.290796485669
2902 0.292757195679
2903 0.290712742981
2904 0.290964115867
2905 0.292100694444
2906 0.29222752931
2907 0.292608695652
2908 0.291257934218
2909 0.291152930997
2910 0.292206382517
2911 0.292417988269
2912 0.29203731829
2913 0.291868449584
2914 0.292164098112
2915 0.291426096998
2916 0.29258749366
2917 0.292502716407
2918 0.290964115867
2919 0.291006053618
2920 0.292058440619
2921 0.292248679163
2922 0.291426096998
2923 0.29062904851
2924 0.290922190202
2925 0.291426096998
2926 0.295715854998
2927 0.290775545474
2928 0.292608695652
2929 0.29248152977
2930 0.291594454073
2931 0.290733674131
2932 0.29169977606
2933 0.291426096998
2934 0.290880276617
2935 0.290985083231
2936 0.290838375108
2937 0.29248152977
2938 0.291995082797
2939 0.291215923842
2940 0.292820884699
2941 0.292016199016
2942 0.29104800346
2943 0.290775545474
2944 0.292312147097
2945 0.292820884699
2946 0.291720849588
2947 0.291931752458
2948 0.290943151524
2949 0.291006053618
2950 0.290985083231
2951 0.292142960498
2952 0.292735972162
2953 0.29062904851
2954 0.291299956716
2955 0.290859324354
2956 0.291805174158
2957 0.292693534358
2958 0.290880276617
2959 0.292016199016
2960 0.290922190202
2961 0.292608695652
2962 0.29081742888
2963 0.29163657374
2964 0.290670889721
2965 0.291784088446
2966 0.290943151524
2967 0.292927094668
2968 0.29104800346
2969 0.295175438596
2970 0.292164098112
2971 0.292523906114
2972 0.290943151524
2973 0.290922190202
2974 0.292375642604
2975 0.291826262918
2976 0.29062904851
2977 0.29256629474
2978 0.291278943952
2979 0.291110950905
2980 0.294895201928
2981 0.290754608295
2982 0.291068982916
2983 0.290880276617
2984 0.290922190202
2985 0.291089965398
2986 0.291847354727
2987 0.292693534358
2988 0.291152930997
2989 0.291910648449
2990 0.291805174158
2991 0.290838375108
2992 0.293182313222
2993 0.292948345908
2994 0.29176300578
2995 0.291952859518
2996 0.2909012319
2997 0.291468168038
2998 0.290859324354
2999 0.29062904851
3000 0.291426096998
3001 0.29258749366
3002 0.291995082797
3003 0.292100694444
3004 0.312417794971
3005 0.291784088446
3006 0.292523906114
3007 0.290608132422
3008 0.291341991342
3009 0.2909012319
3010 0.290985083231
3011 0.291278943952
3012 0.292121825942
3013 0.290796485669
3014 0.291089965398
3015 0.291489208114
3016 0.290796485669
3017 0.291489208114
3018 0.292523906114
3019 0.291510251227
3020 0.29326748493
3021 0.295694200351
3022 0.29248152977
3023 0.29235447437
3024 0.291320972513
3025 0.290880276617
3026 0.291720849588
3027 0.292608695652
3028 0.292058440619
3029 0.29081742888
3030 0.291678705576
3031 0.290754608295
3032 0.290587219344
3033 0.29104800346
3034 0.292523906114
3035 0.291784088446
3036 0.293800931315
3037 0.291384038101
3038 0.29062904851
3039 0.29299085764
3040 0.291510251227
3041 0.291741926161
3042 0.291152930997
3043 0.291006053618
3044 0.290943151524
3045 0.290712742981
3046 0.290733674131
3047 0.291363013204
3048 0.29163657374
3049 0.291363013204
3050 0.293224892891
3051 0.2909012319
3052 0.294036263016
3053 0.29163657374
3054 0.290775545474
3055 0.292333309201
3056 0.290691814844
3057 0.292312147097
3058 0.291468168038
3059 0.2909012319
3060 0.290670889721
3061 0.292778422274
3062 0.290880276617
3063 0.291805174158
3064 0.290796485669
3065 0.291931752458
3066 0.29169977606
3067 0.290859324354
3068 0.290859324354
3069 0.2909012319
3070 0.2909012319
3071 0.292142960498
3072 0.290587219344
3073 0.29155234657
3074 0.291889547492
3075 0.290691814844
3076 0.291068982916
3077 0.292863359443
3078 0.291741926161
3079 0.292778422274
3080 0.292502716407
3081 0.291173925584
3082 0.291110950905
3083 0.294057675502
3084 0.290775545474
3085 0.292185238784
3086 0.291678705576
3087 0.291341991342
3088 0.291657638137
3089 0.290796485669
3090 0.291678705576
3091 0.292863359443
3092 0.290691814844
3093 0.29081742888
3094 0.290922190202
3095 0.290985083231
3096 0.2909012319
3097 0.292185238784
3098 0.291910648449
3099 0.29203731829
3100 0.290775545474
3101 0.295737512817
3102 0.298227474151
3103 0.292333309201
3104 0.290985083231
3105 0.292333309201
3106 0.29081742888
3107 0.291889547492
3108 0.292290988056
3109 0.291910648449
3110 0.290964115867
3111 0.290943151524
3112 0.295910889638
3113 0.291299956716
3114 0.292312147097
3115 0.29155234657
3116 0.293182313222
3117 0.293779556202
3118 0.336107874147
3119 0.291510251227
3120 0.29203731829
3121 0.292629900717
3122 0.29064996761
3123 0.290754608295
3124 0.291278943952
3125 0.291973969631
3126 0.290608132422
3127 0.290733674131
3128 0.290691814844
3129 0.290775545474
3130 0.291320972513
3131 0.290859324354
3132 0.290733674131
3133 0.293672727273
3134 0.290796485669
3135 0.290608132422
3136 0.291320972513
3137 0.292248679163
3138 0.291615512385
3139 0.290964115867
3140 0.291027027027
3141 0.292079566004
3142 0.290796485669
3143 0.29176300578
3144 0.29064996761
3145 0.290922190202
3146 0.292799651947
3147 0.292714751722
3148 0.290670889721
3149 0.291215923842
3150 0.291973969631
3151 0.293224892891
3152 0.290880276617
3153 0.293694086843
3154 0.290796485669
3155 0.293054648378
3156 0.29081742888
3157 0.290838375108
3158 0.2909012319
3159 0.291678705576
3160 0.290712742981
3161 0.291215923842
3162 0.290712742981
3163 0.292460346201
3164 0.291068982916
3165 0.29169977606
3166 0.29155234657
3167 0.291384038101
3168 0.290922190202
3169 0.292799651947
3170 0.292417988269
3171 0.291657638137
3172 0.290964115867
3173 0.292651108856
3174 0.312562891865
3175 0.29222752931
3176 0.290691814844
3177 0.291152930997
3178 0.291426096998
3179 0.291405066032
3180 0.292757195679
3181 0.290733674131
3182 0.290733674131
3183 0.293033381713
3184 0.290587219344
3185 0.291868449584
3186 0.318378932429
3187 0.294809082281
3188 0.291299956716
3189 0.31815316735
3190 0.290985083231
3191 0.290838375108
3192 0.291426096998
3193 0.290922190202
3194 0.291152930997
3195 0.290943151524
3196 0.292164098112
3197 0.291426096998
3198 0.290733674131
3199 0.293161028024
3200 0.291131939438
3201 0.290796485669
3202 0.29371544952
3203 0.29081742888
3204 0.291215923842
3205 0.291868449584
3206 0.29163657374
3207 0.291910648449
3208 0.291447131
3209 0.2909012319
3210 0.291089965398
3211 0.290880276617
3212 0.291110950905
3213 0.291320972513
3214 0.291426096998
3215 0.292206382517
3216 0.291194923199
3217 0.290712742981
3218 0.290691814844
3219 0.290754608295
3220 0.291405066032
3221 0.291720849588
3222 0.291131939438
3223 0.29495982469
3224 0.291068982916
3225 0.29176300578
3226 0.292185238784
3227 0.292248679163
3228 0.290670889721
3229 0.291426096998
3230 0.290880276617
3231 0.290587219344
3232 0.291173925584
3233 0.292799651947
3234 0.29258749366
3235 0.291278943952
3236 0.291299956716
3237 0.291027027027
3238 0.291257934218
3239 0.291447131
3240 0.292439165701
3241 0.291973969631
3242 0.290964115867
3243 0.2909012319
3244 0.291152930997
3245 0.290859324354
3246 0.295283363803
3247 0.290859324354
3248 0.292523906114
3249 0.294938280622
3250 0.290859324354
3251 0.291299956716
3252 0.290754608295
3253 0.292948345908
3254 0.291657638137
3255 0.290838375108
3256 0.291257934218
3257 0.291910648449
3258 0.291468168038
3259 0.295824175824
3260 0.291236927515
3261 0.291720849588
3262 0.292185238784
3263 0.291089965398
3264 0.296410482273
3265 0.291236927515
3266 0.295824175824
3267 0.290733674131
3268 0.293118466899
3269 0.290608132422
3270 0.290754608295
3271 0.290775545474
3272 0.290670889721
3273 0.291973969631
3274 0.291131939438
3275 0.292439165701
3276 0.291194923199
3277 0.291006053618
3278 0.29307591813
3279 0.296127896744
3280 0.291110950905
3281 0.294164784731
3282 0.290838375108
3283 0.290608132422
3284 0.2909012319
3285 0.292058440619
3286 0.291131939438
3287 0.291068982916
3288 0.292058440619
3289 0.320654331772
3290 0.294916739702
3291 0.31275656417
3292 0.293651370809
3293 0.290838375108
3294 0.291847354727
3295 0.291068982916
3296 0.29222752931
3297 0.291447131
3298 0.293224892891
3299 0.291531297379
3300 0.291847354727
3301 0.290964115867
3302 0.291426096998
3303 0.292079566004
3304 0.291341991342
3305 0.292079566004
3306 0.290670889721
3307 0.29104800346
3308 0.290985083231
3309 0.290754608295
3310 0.290943151524
3311 0.290670889721
3312 0.290796485669
3313 0.290943151524
3314 0.291805174158
3315 0.2909012319
3316 0.290859324354
3317 0.291952859518
3318 0.290712742981
3319 0.290985083231
3320 0.291341991342
3321 0.293523297231
3322 0.29203731829
3323 0.290733674131
3324 0.290712742981
3325 0.292417988269
3326 0.290964115867
3327 0.290943151524
3328 0.29163657374
3329 0.291027027027
3330 0.290964115867
3331 0.29309719097
3332 0.292016199016
3333 0.292439165701
3334 0.290712742981
3335 0.290754608295
3336 0.292714751722
3337 0.290712742981
3338 0.291089965398
3339 0.290754608295
3340 0.292206382517
3341 0.291006053618
3342 0.291215923842
3343 0.292778422274
3344 0.290880276617
3345 0.292439165701
3346 0.291952859518
3347 0.291299956716
3348 0.292735972162
3349 0.29235447437
3350 0.29081742888
3351 0.293395335319
3352 0.29337401918
3353 0.290859324354
3354 0.291889547492
3355 0.290754608295
3356 0.29248152977
3357 0.290985083231
3358 0.290880276617
3359 0.29081742888
3360 0.290943151524
3361 0.293161028024
3362 0.294744525547
3363 0.292164098112
3364 0.293437976891
3365 0.29169977606
3366 0.29155234657
3367 0.29256629474
3368 0.29081742888
3369 0.290754608295
3370 0.291489208114
3371 0.290691814844
3372 0.290880276617
3373 0.290712742981
3374 0.290943151524
3375 0.2909012319
3376 0.29064996761
3377 0.290733674131
3378 0.29169977606
3379 0.292608695652
3380 0.291110950905
3381 0.291027027027
3382 0.292016199016
3383 0.290922190202
3384 0.290943151524
3385 0.291615512385
3386 0.29601935342
3387 0.292863359443
3388 0.292629900717
3389 0.290775545474
3390 0.290733674131
3391 0.291110950905
3392 0.291952859518
3393 0.290943151524
3394 0.291531297379
3395 0.291236927515
3396 0.291384038101
3397 0.292735972162
3398 0.293865075322
3399 0.290754608295
3400 0.291363013204
3401 0.291320972513
3402 0.290733674131
3403 0.290880276617
3404 0.292142960498
3405 0.29163657374
3406 0.290859324354
3407 0.292735972162
3408 0.290608132422
3409 0.290608132422
3410 0.291931752458
3411 0.291194923199
3412 0.292905846511
3413 0.292185238784
3414 0.29062904851
3415 0.290964115867
3416 0.291194923199
3417 0.292248679163
3418 0.292460346201
3419 0.290796485669
3420 0.341942586163
3421 0.291341991342
3422 0.291006053618
3423 0.292439165701
3424 0.2909012319
3425 0.290733674131
3426 0.290796485669
3427 0.292969600232
3428 0.290754608295
3429 0.290733674131
3430 0.290670889721
3431 0.291006053618
3432 0.291152930997
3433 0.291006053618
3434 0.291952859518
3435 0.294164784731
3436 0.291615512385
3437 0.290712742981
3438 0.315099492782
3439 0.239942955612
3440 0.239729280456
3441 0.279504395376
3442 0.239686591084
3443 0.240242741552
3444 0.239914443586
3445 0.239672364672
3446 0.239700819186
3447 0.239757748486
3448 0.239686591084
3449 0.240271331667
3450 0.240242741552
3451 0.239857439857
3452 0.239615475908
3453 0.23982894815
3454 0.239615475908
3455 0.283010933558
3456 0.240142729706
3457 0.280047159997
3458 0.239686591084
3459 0.239885938335
3460 0.239814704834
3461 0.24
3462 0.239715048976
3463 0.239885938335
3464 0.239942955612
3465 0.240042801094
3466 0.23982894815
3467 0.239971474416
3468 0.239643916914
3469 0.240014265335
3470 0.24
3471 0.23982894815
3472 0.239957214167
3473 0.239814704834
3474 0.239843193158
3475 0.239857439857
3476 0.240057071518
3477 0.239814704834
3478 0.239686591084
3479 0.239843193158
3480 0.239814704834
3481 0.239957214167
3482 0.23980046321
3483 0.239786223278
3484 0.239786223278
3485 0.239814704834
3486 0.23987168825
3487 0.240028532366
3488 0.28293161435
3489 0.240271331667
3490 0.239672364672
3491 0.239814704834
3492 0.239928698752
3493 0.239729280456
3494 0.23987168825
3495 0.239658139949
3496 0.280144304149
3497 0.23987168825
3498 0.239942955612
3499 0.239857439857
3500 0.239900190114
3501 0.239885938335
3502 0.280008321198
3503 0.239715048976
3504 0.239786223278
3505 0.239715048976
3506 0.239957214167
3507 0.240285629277
3508 0.239729280456
3509 0.239942955612
3510 0.239914443586
3511 0.239885938335
3512 0.239914443586
3513 0.239786223278
3514 0.239686591084
3515 0.240185581727
3516 0.239757748486
3517 0.23980046321
3518 0.23987168825
3519 0.240071343639
3520 0.239843193158
3521 0.239743513626
3522 0.240428699018
3523 0.239729280456
3524 0.23980046321
3525 0.23982894815
3526 0.279697998199
3527 0.240028532366
3528 0.239928698752
3529 0.240114170185
3530 0.240099892972
3531 0.239715048976
3532 0.239729280456
3533 0.239814704834
3534 0.239814704834
3535 0.239928698752
3536 0.23987168825
3537 0.239757748486
3538 0.239658139949
3539 0.239885938335
3540 0.239743513626
3541 0.279659256181
3542 0.239771985037
3543 0.240071343639
3544 0.239743513626
3545 0.239672364672
3546 0.240787119857
3547 0.23982894815
3548 0.239786223278
3549 0.239715048976
3550 0.239814704834
3551 0.279407694437
3552 0.239729280456
3553 0.239700819186
3554 0.240071343639
3555 0.239900190114
3556 0.239885938335
3557 0.279253112033
3558 0.240042801094
3559 0.240142729706
3560 0.23998573636
3561 0.239643916914
3562 0.279272425479
3563 0.239814704834
3564 0.239843193158
3565 0.239843193158
3566 0.239658139949
3567 0.239729280456
3568 0.23980046321
3569 0.240099892972
3570 0.239971474416
3571 0.239615475908
3572 0.239843193158
3573 0.239715048976
3574 0.239914443586
3575 0.239814704834
3576 0.239643916914
3577 0.240199869133
3578 0.280047159997
3579 0.239942955612
3580 0.23982894815
3581 0.239729280456
3582 0.239771985037
3583 0.239643916914
3584 0.239743513626
3585 0.240299928588
3586 0.239715048976
3587 0.240271331667
3588 0.239843193158
3589 0.239658139949
3590 0.239629695567
3591 0.23998573636
3592 0.23987168825
3593 0.279291741596
3594 0.240271331667
3595 0.239771985037
3596 0.23980046321
3597 0.240830202183
3598 0.239643916914
3599 0.239757748486
3600 0.240071343639
3601 0.239700819186
3602 0.239900190114
3603 0.239843193158
3604 0.239729280456
3605 0.240686654348
3606 0.240157012014
3607 0.239672364672
3608 0.239715048976
3609 0.23987168825
3610 0.279562448075
3611 0.239814704834
3612 0.240414384377
3613 0.23987168825
3614 0.239814704834
3615 0.239743513626
3616 0.239885938335
3617 0.239771985037
3618 0.240071343639
3619 0.239885938335
3620 0.239658139949
3621 0.23982894815
3622 0.23980046321
3623 0.239771985037
3624 0.23987168825
3625 0.23980046321
3626 0.240128449096
3627 0.239757748486
3628 0.23987168825
3629 0.239928698752
3630 0.240128449096
3631 0.239786223278
3632 0.239743513626
3633 0.239686591084
3634 0.280299875052
3635 0.239914443586
3636 0.23998573636
3637 0.239957214167
3638 0.239672364672
3639 0.239757748486
3640 0.239771985037
3641 0.240199869133
3642 0.239743513626
3643 0.239928698752
3644 0.239942955612
3645 0.239786223278
3646 0.239857439857
3647 0.239843193158
3648 0.239715048976
3649 0.239900190114
3650 0.239814704834
3651 0.239615475908
3652 0.279620524894
3653 0.239700819186
3654 0.239658139949
3655 0.239771985037
3656 0.239814704834
3657 0.239914443586
3658 0.239786223278
3659 0.23982894815
3660 0.239743513626
3661 0.239686591084
3662 0.239686591084
3663 0.239843193158
3664 0.23980046321
3665 0.239743513626
3666 0.239686591084
3667 0.239729280456
3668 0.239928698752
3669 0.239757748486
3670 0.239700819186
3671 0.239914443586
3672 0.239729280456
3673 0.240271331667
3674 0.239658139949
3675 0.279717373234
3676 0.23980046321
3677 0.239672364672
3678 0.280008321198
3679 0.239672364672
3680 0.239786223278
3681 0.240214158239
3682 0.239743513626
3683 0.239729280456
3684 0.239843193158
3685 0.280338794779
3686 0.239814704834
3687 0.239658139949
3688 0.240071343639
3689 0.239629695567
3690 0.239643916914
3691 0.239971474416
3692 0.239643916914
3693 0.279736750953
3694 0.240014265335
3695 0.239672364672
3696 0.239814704834
3697 0.239814704834
3698 0.239900190114
3699 0.239857439857
3700 0.239643916914
3701 0.239700819186
3702 0.239814704834
3703 0.240142729706
3704 0.239814704834
3705 0.239629695567
3706 0.240142729706
3707 0.239957214167
3708 0.239942955612
3709 0.239814704834
3710 0.239615475908
3711 0.239971474416
3712 0.240014265335
3713 0.239715048976
3714 0.239971474416
3715 0.239971474416
3716 0.23980046321
3717 0.239700819186
3718 0.239643916914
3719 0.23998573636
3720 0.239928698752
3721 0.239743513626
3722 0.279620524894
3723 0.240071343639
3724 0.282891971417
3725 0.239686591084
3726 0.23987168825
3727 0.239814704834
3728 0.239686591084
3729 0.24
3730 0.239615475908
3731 0.24
3732 0.240171296021
3733 0.239629695567
3734 0.239643916914
3735 0.240299928588
3736 0.23982894815
3737 0.239771985037
3738 0.240157012014
3739 0.240028532366
3740 0.239814704834
3741 0.23998573636
3742 0.279349705984
3743 0.239672364672
3744 0.23987168825
3745 0.239643916914
3746 0.239686591084
3747 0.239629695567
3748 0.239914443586
3749 0.239615475908
3750 0.239686591084
3751 0.279562448075
3752 0.239686591084
3753 0.23987168825
3754 0.239957214167
3755 0.239715048976
3756 0.239715048976
3757 0.280183180683
3758 0.239843193158
3759 0.240228449045
3760 0.23987168825
3761 0.239843193158
3762 0.239900190114
3763 0.239843193158
3764 0.239771985037
3765 0.240014265335
3766 0.239658139949
3767 0.239743513626
3768 0.239743513626
3769 0.239928698752
3770 0.239786223278
3771 0.239743513626
3772 0.239700819186
3773 0.239715048976
3774 0.23980046321
3775 0.239857439857
3776 0.239729280456
3777 0.23987168825
3778 0.239743513626
3779 0.239786223278
3780 0.239900190114
3781 0.23982894815
3782 0.239658139949
3783 0.240057071518
3784 0.239786223278
3785 0.239771985037
3786 0.23987168825
3787 0.239900190114
3788 0.239672364672
3789 0.239757748486
3790 0.239715048976
3791 0.240242741552
3792 0.239900190114
3793 0.239814704834
3794 0.240299928588
3795 0.240099892972
3796 0.239672364672
3797 0.239757748486
3798 0.279891869412
3799 0.239615475908
3800 0.23980046321
3801 0.240299928588
3802 0.239643916914
3803 0.23982894815
3804 0.239900190114
3805 0.240299928588
3806 0.239672364672
3807 0.239686591084
3808 0.239629695567
3809 0.239629695567
3810 0.23982894815
3811 0.240099892972
3812 0.239643916914
3813 0.239700819186
3814 0.239700819186
3815 0.239715048976
3816 0.239814704834
3817 0.239643916914
3818 0.239771985037
3819 0.23980046321
3820 0.239786223278
3821 0.239615475908
3822 0.239971474416
3823 0.240028532366
3824 0.23980046321
3825 0.240314229602
3826 0.23998573636
3827 0.240057071518
3828 0.239715048976
3829 0.24
3830 0.240128449096
3831 0.28109989558
3832 0.239957214167
3833 0.239771985037
3834 0.240057071518
3835 0.239700819186
3836 0.239971474416
3837 0.239914443586
3838 0.239843193158
3839 0.240471653168
3840 0.239672364672
3841 0.239771985037
3842 0.240071343639
3843 0.240185581727
3844 0.239715048976
3845 0.239672364672
3846 0.239885938335
3847 0.239629695567
3848 0.239786223278
3849 0.239686591084
3850 0.239672364672
3851 0.239885938335
3852 0.280144304149
3853 0.239914443586
3854 0.239615475908
3855 0.239629695567
3856 0.239814704834
3857 0.239615475908
3858 0.239757748486
3859 0.240057071518
3860 0.239686591084
3861 0.240128449096
3862 0.283050609842
3863 0.23987168825
3864 0.239757748486
3865 0.239700819186
3866 0.239658139949
3867 0.23987168825
3868 0.239971474416
3869 0.239857439857
3870 0.240057071518
3871 0.239971474416
3872 0.239715048976
3873 0.279311060386
3874 0.240142729706
3875 0.23980046321
3876 0.239629695567
3877 0.239729280456
3878 0.280066583437
3879 0.239743513626
3880 0.239629695567
3881 0.239743513626
3882 0.239857439857
3883 0.239658139949
3884 0.239814704834
3885 0.240085617456
3886 0.239629695567
3887 0.279562448075
3888 0.239672364672
3889 0.239743513626
3890 0.239814704834
3891 0.239672364672
3892 0.239942955612
3893 0.239786223278
3894 0.239686591084
3895 0.239729280456
3896 0.239786223278
3897 0.239900190114
3898 0.239658139949
3899 0.23982894815
3900 0.239700819186
3901 0.240085617456
3902 0.239715048976
3903 0.240199869133
3904 0.239857439857
3905 0.239700819186
3906 0.239715048976
3907 0.240228449045
3908 0.239971474416
3909 0.239700819186
3910 0.239914443586
3911 0.239658139949
3912 0.239700819186
3913 0.239814704834
3914 0.239857439857
3915 0.239715048976
3916 0.239914443586
3917 0.239700819186
3918 0.239814704834
3919 0.240042801094
3920 0.239771985037
3921 0.23982894815
3922 0.240028532366
3923 0.239629695567
3924 0.239700819186
3925 0.240185581727
3926 0.239672364672
3927 0.240214158239
3928 0.239942955612
3929 0.239643916914
3930 0.239814704834
3931 0.240271331667
3932 0.239914443586
3933 0.239715048976
3934 0.239914443586
3935 0.239743513626
3936 0.239615475908
3937 0.239686591084
3938 0.23980046321
3939 0.240787119857
3940 0.239658139949
3941 0.239757748486
3942 0.239700819186
3943 0.239629695567
3944 0.279485049834
3945 0.239786223278
3946 0.240085617456
3947 0.239658139949
3948 0.240057071518
3949 0.280183180683
3950 0.239771985037
3951 0.23982894815
3952 0.240099892972
3953 0.239658139949
3954 0.239658139949
3955 0.239658139949
3956 0.239643916914
3957 0.239942955612
3958 0.239857439857
3959 0.239729280456
3960 0.239629695567
3961 0.239843193158
3962 0.282872154116
3963 0.279756131357
3964 0.239686591084
3965 0.239814704834
3966 0.239658139949
3967 0.240271331667
3968 0.23982894815
3969 0.240257035759
3970 0.239957214167
3971 0.239686591084
3972 0.240271331667
3973 0.239857439857
3974 0.239715048976
3975 0.239615475908
3976 0.239814704834
3977 0.239814704834
3978 0.239686591084
3979 0.239658139949
3980 0.239771985037
3981 0.233856489257
3982 0.189604169601
3983 0.189657601804
3984 0.189550767498
3985 0.189541870071
3986 0.189586365557
3987 0.189613072878
3988 0.189550767498
3989 0.189595267161
3990 0.233140877598
3991 0.189568564856
3992 0.189559665759
3993 0.189559665759
3994 0.189586365557
3995 0.189630881939
3996 0.189613072878
3997 0.189568564856
3998 0.189630881939
3999 0.189657601804
4000 0.189568564856
4001 0.189613072878
4002 0.189550767498
4003 0.189595267161
4004 0.189577464789
4005 0.18962197699
4006 0.189559665759
4007 0.189550767498
4008 0.189568564856
4009 0.189541870071
4010 0.18962197699
4011 0.189541870071
4012 0.233113959127
4013 0.189550767498
4014 0.189586365557
4015 0.189639787724
4016 0.189541870071
4017 0.189568564856
4018 0.189613072878
4019 0.189595267161
4020 0.189604169601
4021 0.189604169601
4022 0.189630881939
4023 0.189541870071
4024 0.189693240006
4025 0.189541870071
4026 0.189568564856
4027 0.189613072878
4028 0.189595267161
4029 0.189550767498
4030 0.189550767498
4031 0.189702151649
4032 0.233208200982
4033 0.189550767498
4034 0.189559665759
4035 0.189550767498
4036 0.189541870071
4037 0.189550767498
4038 0.189568564856
4039 0.189613072878
