node,closeness
1 0.427194852334
2 0.43705319508
3 0.405345758701
4 0.42280693749
5 0.406162000663
6 0.404208516091
7 0.396267287877
8 0.401033998468
9 0.392756400603
10 0.420997807409
11 0.402715482738
12 0.385844188483
13 0.382768857633
14 0.419378416737
15 0.388258035668
16 0.387474881432
17 0.40970962732
18 0.380028355213
19 0.378034016549
20 0.370806231325
21 0.365663614085
22 0.453105805974
23 0.378424107935
24 0.367061054649
25 0.369076028416
26 0.425392912643
27 0.423250549847
28 0.384410233523
29 0.368132961361
30 0.371968740488
31 0.368502876641
32 0.373380321232
33 0.382116225309
34 0.374802656377
35 0.373864781334
36 0.337714607835
37 0.341430468945
38 0.342357717949
39 0.389645609059
40 0.363227173653
41 0.431213360833
42 0.369312550635
43 0.359280458727
44 0.359793167195
45 0.367027658138
46 0.351271420288
47 0.341835521616
48 0.33371947308
49 0.362509075359
50 0.34534722974
51 0.350752194643
52 0.332016542435
53 0.352869225909
54 0.439625216934
55 0.346563658985
56 0.364375484653
57 0.421878371741
58 0.344374337595
59 0.426878411703
60 0.389457519848
61 0.339963002746
62 0.344580250328
63 0.361049045967
64 0.343875286897
65 0.332399554267
66 0.360307341067
67 0.364408400234
68 0.421481662375
69 0.324563600498
70 0.356108844508
71 0.354855822536
72 0.35133260674
73 0.365829417846
74 0.353023627425
75 0.341084044186
76 0.351914942911
77 0.33198921822
78 0.345672749836
79 0.326296286548
80 0.352160715023
81 0.368603891684
82 0.342415838264
83 0.43423046185
84 0.343758073335
85 0.354824609956
86 0.359248462961
87 0.320031812026
88 0.363194471107
89 0.370840319047
90 0.327355432167
91 0.350782694834
92 0.328207712195
93 0.361664065859
94 0.340134990775
95 0.369583233219
96 0.343699496514
97 0.321793314501
98 0.325296426949
99 0.42951458588
100 0.332016542435
101 0.316243414126
102 0.329790793868
103 0.330791389142
104 0.33726285349
105 0.410042792294
106 0.339191204119
107 0.341806557413
108 0.473030134919
109 0.337545058203
110 0.400994134253
111 0.343670215589
112 0.335942787358
113 0.333995776667
114 0.421305586485
115 0.330845648371
116 0.359184488522
117 0.328957105976
118 0.343027295118
119 0.398066014465
120 0.38777285308
121 0.346414855353
122 0.339963002746
123 0.403158204136
124 0.342503055747
125 0.352191460677
126 0.352468413332
127 0.344462555767
128 0.337658072369
129 0.401672905565
130 0.344344941578
131 0.332536558453
132 0.337771162236
133 0.339191204119
134 0.342415838264
135 0.341777598118
136 0.316914210903
137 0.374419991701
138 0.336222786347
139 0.349506237272
140 0.320184220223
141 0.3220502148
142 0.392527098432
143 0.411884928588
144 0.322952605123
145 0.328983933338
146 0.353983940908
147 0.333774697219
148 0.343670215589
149 0.359376480231
150 0.328394740361
151 0.333003218639
152 0.323496470777
153 0.314762873798
154 0.31889335894
155 0.299324849046
156 0.307657183541
157 0.33283836556
158 0.300663411388
159 0.365928972296
160 0.338252640499
161 0.299324849046
162 0.367295000509
163 0.316889315836
164 0.314272436163
165 0.320387657103
166 0.339448080662
167 0.30194618193
168 0.316789774665
169 0.32903760119
170 0.398066014465
171 0.394793598609
172 0.423383815133
173 0.421481662375
174 0.337912631143
175 0.309118849854
176 0.324120278852
177 0.331961898501
178 0.308457026349
179 0.336840430076
180 0.306908170313
181 0.353890779067
182 0.315082479934
183 0.304062786658
184 0.299302640643
185 0.340508229137
186 0.36526629759
187 0.403359763083
188 0.333250804675
189 0.399722650673
190 0.32884984027
191 0.307774547233
192 0.328903464377
193 0.314394902236
194 0.317612864388
195 0.334272538166
196 0.315057871805
197 0.329656042379
198 0.338593334782
199 0.305629289385
200 0.395064243521
201 0.37651679957
202 0.317288106858
203 0.30567560738
204 0.376798149691
205 0.354824609956
206 0.299324849046
207 0.299413715623
208 0.322926752369
209 0.323626232699
210 0.299302640643
211 0.299302640643
212 0.395839563398
213 0.342648516996
214 0.388931834804
215 0.328555219954
216 0.299302640643
217 0.299324849046
218 0.328876650138
219 0.315057871805
220 0.317838086242
221 0.309427091401
222 0.324851102479
223 0.332262662926
224 0.366460845802
225 0.384153984439
226 0.308339141679
227 0.328421476072
228 0.311578048242
229 0.320744294394
230 0.327408569969
231 0.324563600498
232 0.36526629759
233 0.36669402696
234 0.299324849046
235 0.299302640643
236 0.339134173232
237 0.379492096951
238 0.327063482292
239 0.359600730129
240 0.374733022814
241 0.307657183541
242 0.301292179445
243 0.353952881512
244 0.309545809591
245 0.299324849046
246 0.324172371471
247 0.340968725432
248 0.310666229541
249 0.365829417846
250 0.363849642878
251 0.322668452295
252 0.338934716064
253 0.394446170978
254 0.299347060744
255 0.329386869486
256 0.301292179445
257 0.299324849046
258 0.340450754544
259 0.332728554156
260 0.317838086242
261 0.330303855776
262 0.383788506383
263 0.309427091401
264 0.3090951644
265 0.317762976809
266 0.360082209282
267 0.329763834758
268 0.307633721543
269 0.333388511619
270 0.336840430076
271 0.32482494489
272 0.420252212792
273 0.402233621556
274 0.315057871805
275 0.341690749669
276 0.315082479934
277 0.333747082865
278 0.392679936785
279 0.307845008439
280 0.299324849046
281 0.412727746121
282 0.339020168971
283 0.299324849046
284 0.33303071003
285 0.339448080662
286 0.395529070555
287 0.303422413734
288 0.299302640643
289 0.335523662197
290 0.308127176183
291 0.327807654038
292 0.37515121274
293 0.299302640643
294 0.308103642449
295 0.314150065461
296 0.328983933338
297 0.3090951644
298 0.365630471367
299 0.329575244329
300 0.356896486826
301 0.309545809591
302 0.311481815349
303 0.363259882088
304 0.363816828156
305 0.381935333326
306 0.30923733159
307 0.315057871805
308 0.325008136528
309 0.369617096444
310 0.316914210903
311 0.336643661069
312 0.316740027527
313 0.363751216464
314 0.38349662426
315 0.332016542435
316 0.409293931675
317 0.313320465288
318 0.331525393704
319 0.333829939638
320 0.324903430299
321 0.346325634494
322 0.299391494032
323 0.420252212792
324 0.360082209282
325 0.368267390048
326 0.361923648896
327 0.328823034773
328 0.302693853875
329 0.315057871805
330 0.370669943085
331 0.329386869486
332 0.365995372037
333 0.412305906642
334 0.314664663853
335 0.391993099853
336 0.299302640643
337 0.324563600498
338 0.328074251024
339 0.336868558713
340 0.367830855347
341 0.326217126847
342 0.330574530082
343 0.36189118064
344 0.337178284068
345 0.315550765847
346 0.3400776421
347 0.357465750163
348 0.328341281995
349 0.388444967799
350 0.279963980192
351 0.370567792632
352 0.283266694094
353 0.370091833999
354 0.382333521997
355 0.369583233219
356 0.345969210171
357 0.279789221153
358 0.344845357376
359 0.279750415436
360 0.35557523055
361 0.406407514667
362 0.369380184103
363 0.359568677296
364 0.384190570532
365 0.283346280157
366 0.318088707664
367 0.38386154635
368 0.357307439379
369 0.352376047396
370 0.355293375955
371 0.427149617809
372 0.31336914399
373 0.328047571813
374 0.382261062313
375 0.401393133392
376 0.346980990073
377 0.382333521997
378 0.279769816949
379 0.385549172378
380 0.279769816949
381 0.316839537432
382 0.33071003366
383 0.344580250328
384 0.279769816949
385 0.293467262519
386 0.34099754781
387 0.279789221153
388 0.350204096761
389 0.34863028179
390 0.404979519184
391 0.284264744598
392 0.383715494206
393 0.350204096761
394 0.283306481536
395 0.353518621557
396 0.428556357228
397 0.353828698411
398 0.385881097244
399 0.347878664245
400 0.283326379449
401 0.42575208344
402 0.279769816949
403 0.431998392653
404 0.352499212739
405 0.434557900527
406 0.331798074567
407 0.283306481536
408 0.331443676821
409 0.41472200993
410 0.348389411054
411 0.345850565037
412 0.279789221153
413 0.366860766696
414 0.34579127298
415 0.38139368352
416 0.354201509403
417 0.356833347244
418 0.365597334656
419 0.345613518728
420 0.41604795695
421 0.371249861089
422 0.348962023407
423 0.358928818453
424 0.415448093779
425 0.330845648371
426 0.34911302385
427 0.335272688713
428 0.321127287899
429 0.418725450549
430 0.326798524837
431 0.348780995209
432 0.430431176973
433 0.415234275923
434 0.328903464377
435 0.349566810276
436 0.33212588429
437 0.360758450241
438 0.326719121292
439 0.425662233891
440 0.405427235235
441 0.344521392996
442 0.283326379449
443 0.330574530082
444 0.279769816949
445 0.391726645037
446 0.345613518728
447 0.338508096886
448 0.279750415436
449 0.303673666862
450 0.331253160666
451 0.347698758024
452 0.348148872926
453 0.409335463276
454 0.283246804563
455 0.279789221153
456 0.347548978254
457 0.365862596643
458 0.329925655565
459 0.34671259051
460 0.329629105294
461 0.398144590465
462 0.41885588107
463 0.346087936736
464 0.408754786766
465 0.283386089961
466 0.431167271333
467 0.312785996014
468 0.283226917826
469 0.279769816949
470 0.347339503237
471 0.329306203313
472 0.347519037783
473 0.316293005378
474 0.345969210171
475 0.346533888033
476 0.384960491515
477 0.283286586418
478 0.32903760119
479 0.313442190411
480 0.347339503237
481 0.316367421425
482 0.33305820596
483 0.347578923883
484 0.409792867797
485 0.382696232861
486 0.313612764564
487 0.330818516532
488 0.345672749836
489 0.348419501692
490 0.332262662926
491 0.330764266201
492 0.32341866356
493 0.400277931196
494 0.412516718539
495 0.353704602419
496 0.345110872666
497 0.414508938614
498 0.407969355844
499 0.29198038438
500 0.28320703388
501 0.42240848069
502 0.283326379449
503 0.307539909323
504 0.406202899062
505 0.408423710701
506 0.316119504004
507 0.425348058898
508 0.395141638808
509 0.319778120538
510 0.302807460636
511 0.337940939146
512 0.347190032756
513 0.339248254191
514 0.393139166805
515 0.404411126876
516 0.368772373214
517 0.330872784661
518 0.382116225309
519 0.330845648371
520 0.334327945515
521 0.393100856616
522 0.334355656079
523 0.31283450877
524 0.409584829992
525 0.403601900009
526 0.394909543866
527 0.374767836361
528 0.402675283549
529 0.318767363934
530 0.313466546786
531 0.293424570162
532 0.409460108667
533 0.283346280157
534 0.284364936599
535 0.314984070476
536 0.329118135807
537 0.332536558453
538 0.408423710701
539 0.422364254067
540 0.328555219954
541 0.329763834758
542 0.330195710124
543 0.397360223659
544 0.330682924058
545 0.399326964026
546 0.390664438368
547 0.347489102471
548 0.344668574042
549 0.345495117385
550 0.317737948219
551 0.279750415436
552 0.31641705158
553 0.293467262519
554 0.434557900527
555 0.316045204528
556 0.346177035149
557 0.394446170978
558 0.345613518728
559 0.339733955751
560 0.454791543471
561 0.345850565037
562 0.424452966182
563 0.312495235153
564 0.443833313961
565 0.283346280157
566 0.337178284068
567 0.446337794931
568 0.388931834804
569 0.312858770792
570 0.334078756985
571 0.347459172316
572 0.323522414836
573 0.283226917826
574 0.308740317663
575 0.314959477716
576 0.291116474748
577 0.276320363764
578 0.276471865574
579 0.276509766988
580 0.309308464238
581 0.443394261441
582 0.27609342212
583 0.276452918763
584 0.276528721592
585 0.301269678162
586 0.276074527141
587 0.313564010151
588 0.333388511619
589 0.291158498058
590 0.297580480274
591 0.329817757386
592 0.403198499809
593 0.370125790494
594 0.279847449919
595 0.31919615371
596 0.276415032931
597 0.406162000663
598 0.292998328776
599 0.291200533501
600 0.276490814982
601 0.276509766988
602 0.369888225801
603 0.276074527141
604 0.291242581084
605 0.354077151812
606 0.291242581084
607 0.410126168218
608 0.276074527141
609 0.276074527141
610 0.345406369603
611 0.314664663853
612 0.291200533501
613 0.291179514262
614 0.276074527141
615 0.348962023407
616 0.276509766988
617 0.297536582873
618 0.293062186022
619 0.299369275739
620 0.293083477956
621 0.333223276936
622 0.291011469527
623 0.291137484887
624 0.291221555775
625 0.276074527141
626 0.29130567523
627 0.291158498058
628 0.276509766988
629 0.276282514252
630 0.346504122195
631 0.317712923572
632 0.279963980192
633 0.276471865574
634 0.291179514262
635 0.337065590791
636 0.280119504936
637 0.293062186022
638 0.37602544655
639 0.276074527141
640 0.314713761163
641 0.276490814982
642 0.411171235408
643 0.27609342212
644 0.276509766988
645 0.331852664576
646 0.34140157334
647 0.334522015971
648 0.276415032931
649 0.27609342212
650 0.327010456436
651 0.276471865574
652 0.443491753583
653 0.299413715623
654 0.324746497391
655 0.298837024268
656 0.298969909626
657 0.312785996014
658 0.279886282564
659 0.276509766988
660 0.276509766988
661 0.276112319684
662 0.276509766988
663 0.276509766988
664 0.298527417345
665 0.291221555775
666 0.276396093908
667 0.331825367327
668 0.299324849046
669 0.276074527141
670 0.348660414053
671 0.276490814982
672 0.294753835349
673 0.291032464511
674 0.300171217396
675 0.276074527141
676 0.276490814982
677 0.324354827578
678 0.297602433832
679 0.317963347568
680 0.278937974733
681 0.303582253958
682 0.276490814982
683 0.292806923901
684 0.340939907927
685 0.291284640811
686 0.292891961852
687 0.306651538623
688 0.300999924682
689 0.381537973195
690 0.234766978443
691 0.298682140574
692 0.235150159755
693 0.234671378161
694 0.302943901366
695 0.390286473548
696 0.384190570532
697 0.301494842346
698 0.394137859364
699 0.396852040392
700 0.235095343003
701 0.286668632077
702 0.300037262223
703 0.234766978443
704 0.381826880321
705 0.236792732484
706 0.40179292735
707 0.303308345157
708 0.235205002075
709 0.330845648371
710 0.299658371014
711 0.279711620482
712 0.317863130611
713 0.235246150606
714 0.3470108379
715 0.235259869982
716 0.301607550698
717 0.236917894555
718 0.234712340175
719 0.303513730388
720 0.39344591735
721 0.301652657638
722 0.287608797276
723 0.302625730727
724 0.29841699886
725 0.371591837748
726 0.235177577718
727 0.323808074377
728 0.300439486899
729 0.311433721191
730 0.287526799044
731 0.295552860326
732 0.303788010437
733 0.235259869982
734 0.284846843002
735 0.290132407263
736 0.250496832501
737 0.277651661545
738 0.302921152706
739 0.303194362314
740 0.303650808475
741 0.279963980192
742 0.302716568407
743 0.274142099259
744 0.235109044795
745 0.235328490876
746 0.390513164626
747 0.26035891252
748 0.389570351578
749 0.302308227712
750 0.234685030577
751 0.236612176115
752 0.311241492986
753 0.322307525614
754 0.300484245109
755 0.304085707115
756 0.301742912005
757 0.297492698421
758 0.236723255125
759 0.301675216167
760 0.292636996053
761 0.313539638628
762 0.281428839863
763 0.302444218818
764 0.300753074673
765 0.303080465108
766 0.298483240147
767 0.30192358286
768 0.234766978443
769 0.284927319578
770 0.301900987172
771 0.302512260262
772 0.279362949487
773 0.305884212207
774 0.328903464377
775 0.322849218935
776 0.234685030577
777 0.287444847555
778 0.299992637063
779 0.302671142751
780 0.299702896775
781 0.338195924764
782 0.390740119197
783 0.260560715062
784 0.296530505042
785 0.391726645037
786 0.235163867937
787 0.274104844098
788 0.303080465108
789 0.235122748184
790 0.235246150606
791 0.236348780794
792 0.235163867937
793 0.300685822197
794 0.296290928431
795 0.299658371014
796 0.298042186228
797 0.236848343741
798 0.298814888192
799 0.287383414589
800 0.300842791453
801 0.323211360515
802 0.234671378161
803 0.23513645317
804 0.30486706398
805 0.298240499082
806 0.395878409283
807 0.235273590959
808 0.303057695935
809 0.290320330377
810 0.301517377277
811 0.306651538623
812 0.289279382617
813 0.286139948261
814 0.298439076022
815 0.303217152029
816 0.331579894015
817 0.26035891252
818 0.300484245109
819 0.298792755395
820 0.324511382076
821 0.303971139371
822 0.297185869352
823 0.236959644654
824 0.388145962724
825 0.386472599213
826 0.287383414589
827 0.296923376313
828 0.381899175479
829 0.348329245366
830 0.303810889486
831 0.389006845766
832 0.302648435036
833 0.236376478999
834 0.260459774702
835 0.380243283117
836 0.30355940933
837 0.301157222142
838 0.298859163623
839 0.300148883228
840 0.235273590959
841 0.304292146835
842 0.234685030577
843 0.308575001192
844 0.301742912005
845 0.302989408937
846 0.303582253958
847 0.283067924398
848 0.313393489014
849 0.300372374579
850 0.303262741737
851 0.260375717459
852 0.260830272248
853 0.234712340175
854 0.379527800413
855 0.285795323457
856 0.234712340175
857 0.302989408937
858 0.288617084538
859 0.284164623175
860 0.284104584167
861 0.331362000213
862 0.284565532632
863 0.322668452295
864 0.284585607802
865 0.284405033177
866 0.28589659749
867 0.284164623175
868 0.284224687564
869 0.28589659749
870 0.286282094286
871 0.28420466328
872 0.284786515396
873 0.28420466328
874 0.284184641817
875 0.28420466328
876 0.284084576802
877 0.284585607802
878 0.284144607353
879 0.284565532632
880 0.284184641817
881 0.299903426555
882 0.28420466328
883 0.284525390788
884 0.284084576802
885 0.284144607353
886 0.284244714669
887 0.284304812925
888 0.284184641817
889 0.284545460294
890 0.28462576664
891 0.297120202592
892 0.284084576802
893 0.284084576802
894 0.284384983475
895 0.284144607353
896 0.284184641817
897 0.401033998468
898 0.399050449163
899 0.352499212739
900 0.321152853323
901 0.329118135807
902 0.322307525614
903 0.400198510971
904 0.322668452295
905 0.333526332417
906 0.354762201265
907 0.433903516251
908 0.340163672366
909 0.356612534529
910 0.321408731622
911 0.321203996384
912 0.321101726545
913 0.328314559338
914 0.382514791446
915 0.341575020372
916 0.360050070563
917 0.369956070304
918 0.369820406178
919 0.321101726545
920 0.363194471107
921 0.327834294237
922 0.366427558415
923 0.353085425872
924 0.327781018168
925 0.363620064052
926 0.369278743188
927 0.360307341067
928 0.434604717797
929 0.321280741525
930 0.321870341545
931 0.403198499809
932 0.350965807429
933 0.395761894495
934 0.36189118064
935 0.433950192619
936 0.329306203313
937 0.366061795879
938 0.327488309027
939 0.322539457151
940 0.327781018168
941 0.341922443684
942 0.399208410746
943 0.399326964026
944 0.341055207185
945 0.367127865907
946 0.336026738075
947 0.368401916949
948 0.364079511786
949 0.363259882088
950 0.338820845842
951 0.328876650138
952 0.341632875219
953 0.433390738138
954 0.364968876376
955 0.399524709378
956 0.321357523348
957 0.321459956219
958 0.40259490924
959 0.3220502148
960 0.400794932001
961 0.363521761791
962 0.328421476072
963 0.364606018672
964 0.335300556112
965 0.342503055747
966 0.342590317672
967 0.3642109959
968 0.364836844586
969 0.400595927566
970 0.352007067242
971 0.328876650138
972 0.352499212739
973 0.345583910785
974 0.351149111298
975 0.334327945515
976 0.399643450623
977 0.363259882088
978 0.342619414862
979 0.363390774758
980 0.32133192533
981 0.365001899257
982 0.382261062313
983 0.401073870609
984 0.401433076982
985 0.384850313928
986 0.321973101651
987 0.334688541491
988 0.327063482292
989 0.38426376363
990 0.362346267007
991 0.344933817066
992 0.341488274832
993 0.32259104283
994 0.366061795879
995 0.36176136585
996 0.402153423446
997 0.321844661767
998 0.376974207139
999 0.351087988737
1000 0.433950192619
1001 0.328796233645
1002 0.366494139238
1003 0.321178422818
1004 0.400516381115
1005 0.363882463521
1006 0.329225576642
1007 0.365299374318
1008 0.35133260674
1009 0.322127364896
1010 0.396695937712
1011 0.36316177445
1012 0.35342570445
1013 0.36556420395
1014 0.357560803988
1015 0.367161280658
1016 0.362476501985
1017 0.321306331389
1018 0.366028580945
1019 0.399841509623
1020 0.397281956922
1021 0.393484294829
1022 0.366327732527
1023 0.340508229137
1024 0.328742644494
1025 0.433483880356
1026 0.368401916949
1027 0.433950192619
1028 0.321152853323
1029 0.374072792154
1030 0.438002279109
1031 0.327701136522
1032 0.321562454411
1033 0.434745230153
1034 0.329010765075
1035 0.321152853323
1036 0.342357717949
1037 0.392603502734
1038 0.359761080049
1039 0.321229574024
1040 0.350447484197
1041 0.39743852124
1042 0.384960491515
1043 0.342067412074
1044 0.321408731622
1045 0.362281184606
1046 0.321665017988
1047 0.321152853323
1048 0.373726235926
1049 0.368469217262
1050 0.434604717797
1051 0.321383125445
1052 0.400079439709
1053 0.379527800413
1054 0.321383125445
1055 0.372346408583
1056 0.328100934574
1057 0.394176371955
1058 0.321639370961
1059 0.341951427532
1060 0.367161280658
1061 0.381646262118
1062 0.328314559338
1063 0.34102637506
1064 0.345761634575
1065 0.341055207185
1066 0.321127287899
1067 0.39775202037
1068 0.429194700563
1069 0.38114143902
1070 0.345583910785
1071 0.415876390782
1072 0.321152853323
1073 0.330195710124
1074 0.323263161358
1075 0.371284030427
1076 0.429149041552
1077 0.364671939124
1078 0.342503055747
1079 0.367529244769
1080 0.36404665559
1081 0.378459610713
1082 0.362183604829
1083 0.366294469317
1084 0.364178115969
1085 0.351608209761
1086 0.408175755397
1087 0.372587142384
1088 0.321921713398
1089 0.34282323367
1090 0.329225576642
1091 0.341257168648
1092 0.351424426395
1093 0.381213474824
1094 0.341170584454
1095 0.327994226408
1096 0.363587290725
1097 0.321101726545
1098 0.322359037126
1099 0.344815880895
1100 0.380243283117
1101 0.38822067083
1102 0.363948122572
1103 0.383205185769
1104 0.34068076941
1105 0.368704962123
1106 0.321178422818
1107 0.330249774097
1108 0.36549796055
1109 0.379135431446
1110 0.360114353739
1111 0.413531623843
1112 0.32133192533
1113 0.380028355213
1114 0.401313270055
1115 0.366161476862
1116 0.362378816977
1117 0.359152509846
1118 0.364375484653
1119 0.322333279312
1120 0.321101726545
1121 0.381682372087
1122 0.339276786425
1123 0.383132395345
1124 0.412011131712
1125 0.36549796055
1126 0.364375484653
1127 0.370431679577
1128 0.342009409969
1129 0.396539957789
1130 0.382914189899
1131 0.382406009156
1132 0.342532138116
1133 0.365233226853
1134 0.349233918326
1135 0.328581981803
1136 0.382623635643
1137 0.361728926703
1138 0.322178818832
1139 0.32143434188
1140 0.342357717949
1141 0.32246210956
1142 0.34189346475
1143 0.362737252998
1144 0.342503055747
1145 0.322436335272
1146 0.321101726545
1147 0.365531079249
1148 0.32893028299
1149 0.387474881432
1150 0.363390774758
1151 0.328876650138
1152 0.321357523348
1153 0.342561225424
1154 0.365895781459
1155 0.327940898349
1156 0.391043135963
1157 0.384410233523
1158 0.328100934574
1159 0.386917417091
1160 0.383423723086
1161 0.430201662642
1162 0.329010765075
1163 0.327594688208
1164 0.363784019352
1165 0.359825260065
1166 0.358896885284
1167 0.377468044408
1168 0.330385011514
1169 0.321793314501
1170 0.352252968092
1171 0.362672030081
1172 0.38171848889
1173 0.36447424924
1174 0.370533754991
1175 0.328528462464
1176 0.365630471367
1177 0.321101726545
1178 0.321459956219
1179 0.343231599642
1180 0.394754965318
1181 0.400954277963
1182 0.407433692616
1183 0.382805180356
1184 0.343816670126
1185 0.365200162103
1186 0.36556420395
1187 0.321870341545
1188 0.343611668704
1189 0.343202398383
1190 0.340594477422
1191 0.362769873254
1192 0.365034928114
1193 0.367629726655
1194 0.343728782429
1195 0.321203996384
1196 0.380961468561
1197 0.362769873254
1198 0.327674517959
1199 0.434090281996
1200 0.367830855347
1201 0.321588089173
1202 0.373899433737
1203 0.321357523348
1204 0.321613728023
1205 0.369956070304
1206 0.36447424924
1207 0.321101726545
1208 0.40722804266
1209 0.321152853323
1210 0.40904491894
1211 0.403925201821
1212 0.367027658138
1213 0.340795893435
1214 0.356928064996
1215 0.363816828156
1216 0.376657422091
1217 0.322720079247
1218 0.385291403113
1219 0.321357523348
1220 0.381429745706
1221 0.351210255144
1222 0.404492228075
1223 0.366028580945
1224 0.341951427532
1225 0.321127287899
1226 0.342998128611
1227 0.361923648896
1228 0.410209578055
1229 0.342212503443
1230 0.380637949669
1231 0.3642109959
1232 0.39638410048
1233 0.322178818832
1234 0.340450754544
1235 0.327781018168
1236 0.369820406178
1237 0.391384592082
1238 0.388183313182
1239 0.371523392023
1240 0.340623236561
1241 0.321613728023
1242 0.342096420505
1243 0.380781667981
1244 0.364309671326
1245 0.328742644494
1246 0.403682676933
1247 0.347818674822
1248 0.35133260674
1249 0.327514897344
1250 0.341980416293
1251 0.365431741153
1252 0.328341281995
1253 0.321152853323
1254 0.321152853323
1255 0.321229574024
1256 0.36513405056
1257 0.364935859471
1258 0.381537973195
1259 0.373934092565
1260 0.384007709718
1261 0.365001899257
1262 0.384080833151
1263 0.321152853323
1264 0.321613728023
1265 0.327408569969
1266 0.352560827704
1267 0.321844661767
1268 0.363915290085
1269 0.340853484629
1270 0.364803851564
1271 0.321127287899
1272 0.380817614518
1273 0.43427720859
1274 0.384997231398
1275 0.34419803674
1276 0.37317307961
1277 0.321152853323
1278 0.367998630778
1279 0.360371716151
1280 0.389044362098
1281 0.404613940882
1282 0.361858718209
1283 0.38389807676
1284 0.329736880055
1285 0.373207603903
1286 0.378708316803
1287 0.361728926703
1288 0.368032204232
1289 0.380566131188
1290 0.430201662642
1291 0.380566131188
1292 0.363652843288
1293 0.380494339803
1294 0.379670681467
1295 0.361793810815
1296 0.321280741525
1297 0.352653290549
1298 0.340422024522
1299 0.395296520391
1300 0.352007067242
1301 0.365663614085
1302 0.326904456288
1303 0.364243881769
1304 0.368032204232
1305 0.360082209282
1306 0.364112373914
1307 0.342677624073
1308 0.344021916305
1309 0.335216967807
1310 0.379242360683
1311 0.34282323367
1312 0.343494634757
1313 0.409127889512
1314 0.367395354334
1315 0.335300556112
1316 0.375186104035
1317 0.352345269507
1318 0.353983940908
1319 0.362639427417
1320 0.322127364896
1321 0.376692594135
1322 0.342619414862
1323 0.3813215796
1324 0.404735726958
1325 0.378957349985
1326 0.328823034773
1327 0.321127287899
1328 0.380494339803
1329 0.343348454387
1330 0.366361001779
1331 0.365200162103
1332 0.365729917551
1333 0.368941008834
1334 0.322281776032
1335 0.367495763013
1336 0.364276773577
1337 0.379064178781
1338 0.362998379429
1339 0.367562732628
1340 0.363751216464
1341 0.352222211699
1342 0.364540122049
1343 0.327594688208
1344 0.345880218691
1345 0.380673869075
1346 0.366960883343
1347 0.350935275388
1348 0.397399368593
1349 0.352961850607
1350 0.364836844586
1351 0.362313722884
1352 0.352191460677
1353 0.425437775848
1354 0.321152853323
1355 0.321793314501
1356 0.353859736017
1357 0.327940898349
1358 0.353240016689
1359 0.409668019761
1360 0.400277931196
1361 0.344668574042
1362 0.372277684624
1363 0.321152853323
1364 0.321973101651
1365 0.34056572314
1366 0.358833035989
1367 0.344550819148
1368 0.366427558415
1369 0.321357523348
1370 0.384703508544
1371 0.364079511786
1372 0.343173202092
1373 0.327488309027
1374 0.394986878546
1375 0.368603891684
1376 0.39533525976
1377 0.371147390799
1378 0.368941008834
1379 0.322256030563
1380 0.381790743005
1381 0.405101525466
1382 0.362248652172
1383 0.360307341067
1384 0.328074251024
1385 0.328742644494
1386 0.338508096886
1387 0.321101726545
1388 0.340738321699
1389 0.405305032713
1390 0.361826261601
1391 0.367027658138
1392 0.367730263499
1393 0.3642109959
1394 0.371181541276
1395 0.321127287899
1396 0.327994226408
1397 0.372483932649
1398 0.339762569746
1399 0.376130628493
1400 0.3666606972
1401 0.362835131372
1402 0.349597104653
1403 0.395102937374
1404 0.321306331389
1405 0.380386703497
1406 0.404249022005
1407 0.362183604829
1408 0.360822986636
1409 0.365962169154
1410 0.364243881769
1411 0.34311482441
1412 0.321741983617
1413 0.352099239818
1414 0.363521761791
1415 0.328181011275
1416 0.339705346576
1417 0.364243881769
1418 0.321613728023
1419 0.341835521616
1420 0.366227961016
1421 0.368301012562
1422 0.343582402742
1423 0.329279323369
1424 0.363980960984
1425 0.321921713398
1426 0.365763078302
1427 0.363685628434
1428 0.365398640452
1429 0.353456671391
1430 0.362867769235
1431 0.321152853323
1432 0.368132961361
1433 0.372174646239
1434 0.329171847457
1435 0.321896025422
1436 0.370295666476
1437 0.344227407679
1438 0.368907269373
1439 0.362704638607
1440 0.360146503936
1441 0.355700642852
1442 0.322204551964
1443 0.349173460624
1444 0.327568086934
1445 0.344344941578
1446 0.329440668893
1447 0.365464847852
1448 0.365862596643
1449 0.37764472857
1450 0.376657422091
1451 0.344963313716
1452 0.351945645663
1453 0.322307525614
1454 0.34174864373
1455 0.377574035061
1456 0.3382810055
1457 0.364869843577
1458 0.348088790283
1459 0.355355971687
1460 0.369718723361
1461 0.365597334656
1462 0.34102637506
1463 0.395994992696
1464 0.34002031276
1465 0.362086077604
1466 0.37543052495
1467 0.321101726545
1468 0.365167103339
1469 0.322230289208
1470 0.365829417846
1471 0.381682372087
1472 0.366194715921
1473 0.380028355213
1474 0.377927767528
1475 0.321178422818
1476 0.375710253385
1477 0.321588089173
1478 0.329091286555
1479 0.327807654038
1480 0.376798149691
1481 0.377609378507
1482 0.341575020372
1483 0.355449906652
1484 0.379992557516
1485 0.353890779067
1486 0.368200163435
1487 0.333636671126
1488 0.367931502243
1489 0.365332457036
1490 0.351516294056
1491 0.351087988737
1492 0.364112373914
1493 0.35136320796
1494 0.32210164409
1495 0.354481633619
1496 0.367529244769
1497 0.364737883417
1498 0.341430468945
1499 0.321818986086
1500 0.321383125445
1501 0.351853553475
1502 0.351546927284
1503 0.375500418001
1504 0.353394742934
1505 0.355418589479
1506 0.364507182668
1507 0.342532138116
1508 0.353270951098
1509 0.362443934464
1510 0.368873536082
1511 0.327408569969
1512 0.344286164598
1513 0.365597334656
1514 0.377079920601
1515 0.363980960984
1516 0.368065783813
1517 0.36526629759
1518 0.360500535352
1519 0.343231599642
1520 0.354108233022
1521 0.363980960984
1522 0.328314559338
1523 0.368907269373
1524 0.358545995075
1525 0.34068076941
1526 0.355920327386
1527 0.353394742934
1528 0.321921713398
1529 0.380314979786
1530 0.359344467361
1531 0.36348900618
1532 0.341777598118
1533 0.359921573036
1534 0.322875059276
1535 0.392412547723
1536 0.35342570445
1537 0.382587347362
1538 0.354357079286
1539 0.373138561705
1540 0.37435050024
1541 0.358005057738
1542 0.330899925403
1543 0.373657001722
1544 0.363849642878
1545 0.34099754781
1546 0.379171067825
1547 0.321152853323
1548 0.364540122049
1549 0.355826143653
1550 0.377291525495
1551 0.362704638607
1552 0.366860766696
1553 0.322230289208
1554 0.361923648896
1555 0.365332457036
1556 0.344609686536
1557 0.350112913608
1558 0.365796245066
1559 0.321127287899
1560 0.368065783813
1561 0.321101726545
1562 0.34189346475
1563 0.32133192533
1564 0.364178115969
1565 0.321921713398
1566 0.378566159027
1567 0.327967560211
1568 0.344286164598
1569 0.322178818832
1570 0.357402409018
1571 0.36513405056
1572 0.361340110228
1573 0.373242134585
1574 0.377079920601
1575 0.371386576191
1576 0.341488274832
1577 0.368334641215
1578 0.391650581611
1579 0.364869843577
1580 0.321536823736
1581 0.370193722179
1582 0.321101726545
1583 0.341055207185
1584 0.371386576191
1585 0.374872315825
1586 0.351792185453
1587 0.321152853323
1588 0.373830135353
1589 0.343758073335
1590 0.367596226589
1591 0.380422575499
1592 0.370499723603
1593 0.351792185453
1594 0.345169931598
1595 0.330141663851
1596 0.364276773577
1597 0.374559052051
1598 0.363554523305
1599 0.366227961016
1600 0.327754386626
1601 0.364638975919
1602 0.322256030563
1603 0.340939907927
1604 0.36513405056
1605 0.366727362781
1606 0.376692594135
1607 0.356108844508
1608 0.321203996384
1609 0.364441321763
1610 0.376727772748
1611 0.367194701492
1612 0.375605306386
1613 0.367562732628
1614 0.371454971509
1615 0.374733022814
1616 0.329225576642
1617 0.376587097703
1618 0.367261561416
1619 0.356360511536
1620 0.364276773577
1621 0.366527438723
1622 0.369346364273
1623 0.371352387977
1624 0.363259882088
1625 0.34326080587
1626 0.362086077604
1627 0.348690551525
1628 0.321152853323
1629 0.376130628493
1630 0.322487887968
1631 0.358482270558
1632 0.351485666166
1633 0.3740034295
1634 0.34238677564
1635 0.358005057738
1636 0.362606830615
1637 0.375850273976
1638 0.365101003764
1639 0.364013805323
1640 0.375011712428
1641 0.3220502148
1642 0.333609079605
1643 0.344639127774
1644 0.36316177445
1645 0.35311633321
1646 0.367797318617
1647 0.341112886064
1648 0.371660308696
1649 0.322075927392
1650 0.352745801905
1651 0.342561225424
1652 0.340623236561
1653 0.373484028385
1654 0.361340110228
1655 0.33845129546
1656 0.365200162103
1657 0.352930970305
1658 0.321203996384
1659 0.343377680506
1660 0.37459383328
1661 0.36189118064
1662 0.379563510594
1663 0.365464847852
1664 0.419465632795
1665 0.326877966987
1666 0.364935859471
1667 0.36853654217
1668 0.330168684776
1669 0.364540122049
1670 0.367629726655
1671 0.339963002746
1672 0.353580593443
1673 0.359696922924
1674 0.37595535793
1675 0.353952881512
1676 0.365001899257
1677 0.328474960556
1678 0.363948122572
1679 0.322204551964
1680 0.363325316634
1681 0.364968876376
1682 0.33953379266
1683 0.362606830615
1684 0.3642109959
1685 0.432600642422
1686 0.376762957933
1687 0.343758073335
1688 0.382623635643
1689 0.380028355213
1690 0.364145241974
1691 0.321101726545
1692 0.363751216464
1693 0.382442263044
1694 0.321152853323
1695 0.36306371979
1696 0.362900412971
1697 0.341084044186
1698 0.348449597529
1699 0.329064441683
1700 0.363718419492
1701 0.337573304652
1702 0.322178818832
1703 0.360403912319
1704 0.362574239672
1705 0.351516294056
1706 0.343553141764
1707 0.337827735582
1708 0.366860766696
1709 0.328287841031
1710 0.359024652064
1711 0.343085643017
1712 0.34174864373
1713 0.364671939124
1714 0.321203996384
1715 0.366361001779
1716 0.363784019352
1717 0.369380184103
1718 0.365464847852
1719 0.39344591735
1720 0.343406911602
1721 0.365663614085
1722 0.364375484653
1723 0.371728804883
1724 0.3620535802
1725 0.370942619824
1726 0.370840319047
1727 0.350782694834
1728 0.343523885769
1729 0.352037786071
1730 0.375710253385
1731 0.371900155858
1732 0.321357523348
1733 0.372380780078
1734 0.322771722723
1735 0.370329660386
1736 0.363980960984
1737 0.365531079249
1738 0.362443934464
1739 0.343523885769
1740 0.329602172611
1741 0.36556420395
1742 0.364243881769
1743 0.365829417846
1744 0.351792185453
1745 0.363423512666
1746 0.355857532691
1747 0.367194701492
1748 0.321998801931
1749 0.329575244329
1750 0.341170584454
1751 0.364770864508
1752 0.373587793164
1753 0.363718419492
1754 0.37459383328
1755 0.371044977059
1756 0.321101726545
1757 0.329790793868
1758 0.364770864508
1759 0.344698025343
1760 0.321716324315
1761 0.340738321699
1762 0.364013805323
1763 0.327754386626
1764 0.362704638607
1765 0.361956122978
1766 0.354170411816
1767 0.376481660344
1768 0.367897947158
1769 0.373484028385
1770 0.353735618256
1771 0.372483932649
1772 0.358737304632
1773 0.353859736017
1774 0.361923648896
1775 0.370567792632
1776 0.351240835053
1777 0.321203996384
1778 0.359600730129
1779 0.366361001779
1780 0.341170584454
1781 0.349143239622
1782 0.352037786071
1783 0.356833347244
1784 0.372793733536
1785 0.321793314501
1786 0.342939810473
1787 0.369380184103
1788 0.329144989441
1789 0.321357523348
1790 0.362867769235
1791 0.364441321763
1792 0.365729917551
1793 0.321716324315
1794 0.366095016843
1795 0.372759285769
1796 0.376622256614
1797 0.361826261601
1798 0.32743514534
1799 0.322307525614
1800 0.365398640452
1801 0.420997807409
1802 0.348931838992
1803 0.321741983617
1804 0.343494634757
1805 0.367161280658
1806 0.342939810473
1807 0.364671939124
1808 0.370874413036
1809 0.354949493233
1810 0.364079511786
1811 0.363652843288
1812 0.354015005756
1813 0.374176884388
1814 0.367027658138
1815 0.339619547953
1816 0.342619414862
1817 0.364441321763
1818 0.328528462464
1819 0.347728729471
1820 0.374767836361
1821 0.365928972296
1822 0.359024652064
1823 0.321793314501
1824 0.3642109959
1825 0.374142180541
1826 0.344374337595
1827 0.36404665559
1828 0.371454971509
1829 0.373035046291
1830 0.327807654038
1831 0.351638859012
1832 0.337742882668
1833 0.371249861089
1834 0.366927505056
1835 0.321101726545
1836 0.370806231325
1837 0.362541654587
1838 0.357560803988
1839 0.321229574024
1840 0.366194715921
1841 0.322127364896
1842 0.361631644159
1843 0.365101003764
1844 0.371147390799
1845 0.37077214987
1846 0.363751216464
1847 0.363292596415
1848 0.34399258042
1849 0.362704638607
1850 0.364408400234
1851 0.363390774758
1852 0.352437619307
1853 0.340450754544
1854 0.352037786071
1855 0.321127287899
1856 0.330628718186
1857 0.350904748659
1858 0.367730263499
1859 0.329010765075
1860 0.371181541276
1861 0.3400776421
1862 0.36447424924
1863 0.376095561308
1864 0.364112373914
1865 0.364013805323
1866 0.327781018168
1867 0.34399258042
1868 0.364112373914
1869 0.364803851564
1870 0.342125433855
1871 0.362835131372
1872 0.371523392023
1873 0.37220898603
1874 0.3354957577
1875 0.336643661069
1876 0.363292596415
1877 0.370091833999
1878 0.352406830662
1879 0.363194471107
1880 0.36549796055
1881 0.322256030563
1882 0.372552732784
1883 0.363652843288
1884 0.353890779067
1885 0.352191460677
1886 0.34399258042
1887 0.363882463521
1888 0.328823034773
1889 0.422585479844
1890 0.321485574641
1891 0.321229574024
1892 0.362183604829
1893 0.321511197146
1894 0.370227697374
1895 0.363620064052
1896 0.328823034773
1897 0.321306331389
1898 0.347339503237
1899 0.364737883417
1900 0.368267390048
1901 0.341603945346
1902 0.329898674402
1903 0.365531079249
1904 0.372793733536
1905 0.358641624341
1906 0.321408731622
1907 0.34229961736
1908 0.362378816977
1909 0.32282338273
1910 0.357497429155
1911 0.341286039813
1912 0.365431741153
1913 0.437384906277
1914 0.314738315564
1915 0.319044684482
1916 0.304567836209
1917 0.319347766829
1918 0.32308193101
1919 0.32308193101
1920 0.307915501915
1921 0.320667805293
1922 0.320031812026
1923 0.304659843712
1924 0.308268454118
1925 0.304383987821
1926 0.322178818832
1927 0.32076979887
1928 0.308150713512
1929 0.305213058227
1930 0.322797550659
1931 0.304590832874
1932 0.307704118275
1933 0.344815880895
1934 0.304544843016
1935 0.304567836209
1936 0.307915501915
1937 0.304982308202
1938 0.304361022377
1939 0.323834068443
1940 0.309118849854
1941 0.345554307914
1942 0.33041207229
1943 0.319170898852
1944 0.323912075686
1945 0.306232520351
1946 0.321665017988
1947 0.323860066682
1948 0.320387657103
1949 0.320311337986
1950 0.304659843712
1951 0.304890105857
1952 0.308929467804
1953 0.305490419583
1954 0.320082598634
1955 0.344786409452
1956 0.344286164598
1957 0.30445290495
1958 0.305629289385
1959 0.324276606961
1960 0.319752773509
1961 0.308433442204
1962 0.306348799407
1963 0.323756098763
1964 0.318540823641
1965 0.33283836556
1966 0.305698771642
1967 0.323392736138
1968 0.334883030931
1969 0.307305628901
1970 0.30440695673
1971 0.327994226408
1972 0.323470530879
1973 0.309142538937
1974 0.309189927998
1975 0.305005367503
1976 0.305467286884
1977 0.307962515504
1978 0.305143796565
1979 0.304820990675
1980 0.323470530879
1981 0.306768136166
1982 0.307986027683
1983 0.30493620006
1984 0.32409423882
1985 0.322153089809
1986 0.325034323631
1987 0.32282338273
1988 0.307539909323
1989 0.30486706398
1990 0.319854185743
1991 0.30493620006
1992 0.319854185743
1993 0.304590832874
1994 0.324172371471
1995 0.318038551765
1996 0.308127176183
1997 0.304338060399
1998 0.321050616044
1999 0.308056585765
2000 0.307422724477
2001 0.306000226852
2002 0.308409861666
2003 0.318540823641
2004 0.32555895332
2005 0.307939006915
2006 0.322926752369
2007 0.305791463811
2008 0.359632788677
2009 0.304475884262
2010 0.311049501935
2011 0.31947422116
2012 0.350417042268
2013 0.304890105857
2014 0.304797959244
2015 0.304797959244
2016 0.30440695673
2017 0.304959252388
2018 0.30440695673
2019 0.336166749216
2020 0.305005367503
2021 0.321767647012
2022 0.318565978883
2023 0.306395335758
2024 0.305837830977
2025 0.308527800427
2026 0.305721939416
2027 0.335467857845
2028 0.308103642449
2029 0.320235055219
2030 0.305745110701
2031 0.323756098763
2032 0.317913231192
2033 0.321690669106
2034 0.323392736138
2035 0.30445290495
2036 0.305814645636
2037 0.332756000214
2038 0.32341866356
2039 0.32099952181
2040 0.319651425562
2041 0.322875059276
2042 0.304498867043
2043 0.335216967807
2044 0.32341866356
2045 0.317387961494
2046 0.323470530879
2047 0.320795307403
2048 0.326190748815
2049 0.318339724636
2050 0.305513555785
2051 0.305444157688
2052 0.304521853294
2053 0.320031812026
2054 0.319524830938
2055 0.3220502148
2056 0.318616301287
2057 0.320464012598
2058 0.310594471096
2059 0.31955014184
2060 0.323938086452
2061 0.320336773651
2062 0.317863130611
2063 0.317963347568
2064 0.322539457151
2065 0.323730117213
2066 0.314713761163
2067 0.305328564229
2068 0.305328564229
2069 0.321536823736
2070 0.322024506314
2071 0.304774931293
2072 0.320897382117
2073 0.321025066894
2074 0.32399012052
2075 0.32308193101
2076 0.319373049686
2077 0.304659843712
2078 0.320693297606
2079 0.324172371471
2080 0.304269195247
2081 0.304844025587
2082 0.322307525614
2083 0.304728885828
2084 0.322745898919
2085 0.322539457151
2086 0.306046657354
2087 0.322513670498
2088 0.321639370961
2089 0.324042171306
2090 0.305166880293
2091 0.323834068443
2092 0.305953810435
2093 0.304774931293
2094 0.323496470777
2095 0.30440695673
2096 0.321665017988
2097 0.306884822411
2098 0.30606987789
2099 0.321896025422
2100 0.305143796565
2101 0.30445290495
2102 0.3176628861
2103 0.349385154217
2104 0.323704139832
2105 0.32357431544
2106 0.304728885828
2107 0.304338060399
2108 0.305652446627
2109 0.323107808617
2110 0.322410565105
2111 0.309545809591
2112 0.350112913608
2113 0.323964101397
2114 0.304544843016
2115 0.304890105857
2116 0.321076169261
2117 0.3090951644
2118 0.321639370961
2119 0.323756098763
2120 0.304659843712
2121 0.304844025587
2122 0.322900903753
2123 0.322616841858
2124 0.324198424061
2125 0.323263161358
2126 0.320667805293
2127 0.30660492442
2128 0.320667805293
2129 0.345465529724
2130 0.305513555785
2131 0.304613833013
2132 0.324068202972
2133 0.344786409452
2134 0.321998801931
2135 0.318842948987
2136 0.319246675419
2137 0.319651425562
2138 0.324563600498
2139 0.320591352665
2140 0.323522414836
2141 0.323340893763
2142 0.305977016883
2143 0.340882287527
2144 0.32026047877
2145 0.319271942271
2146 0.311842995562
2147 0.30493620006
2148 0.306209275132
2149 0.344786409452
2150 0.320897382117
2151 0.323912075686
2152 0.319448922283
2153 0.305051496566
2154 0.328394740361
2155 0.323056057547
2156 0.315476733447
2157 0.305189967513
2158 0.307892000503
2159 0.304728885828
2160 0.317938287405
2161 0.304913151216
2162 0.308763948763
2163 0.305374791112
2164 0.307305628901
2165 0.344815880895
2166 0.322178818832
2167 0.304636836625
2168 0.304361022377
2169 0.304315101885
2170 0.320235055219
2171 0.304659843712
2172 0.308575001192
2173 0.323938086452
2174 0.305166880293
2175 0.320795307403
2176 0.304913151216
2177 0.320489472518
2178 0.304636836625
2179 0.304315101885
2180 0.344904325461
2181 0.321690669106
2182 0.304705868313
2183 0.304820990675
2184 0.321306331389
2185 0.323756098763
2186 0.316690296011
2187 0.305559838705
2188 0.321716324315
2189 0.323964101397
2190 0.327914240822
2191 0.323159576271
2192 0.325821903771
2193 0.304613833013
2194 0.304797959244
2195 0.319347766829
2196 0.304269195247
2197 0.320387657103
2198 0.305513555785
2199 0.318641468451
2200 0.32246210956
2201 0.323392736138
2202 0.323808074377
2203 0.31914564799
2204 0.320362213357
2205 0.304338060399
2206 0.304774931293
2207 0.324380909504
2208 0.305005367503
2209 0.305282351339
2210 0.306488450888
2211 0.332783450799
2212 0.338309375259
2213 0.322487887968
2214 0.320082598634
2215 0.305953810435
2216 0.3176628861
2217 0.322359037126
2218 0.304613833013
2219 0.324276606961
2220 0.304913151216
2221 0.323964101397
2222 0.309142538937
2223 0.309427091401
2224 0.328127622465
2225 0.321025066894
2226 0.30728222049
2227 0.321383125445
2228 0.304475884262
2229 0.305582985425
2230 0.324328749846
2231 0.304475884262
2232 0.335022090407
2233 0.308693066314
2234 0.426923588802
2235 0.317512868209
2236 0.308433442204
2237 0.310546650546
2238 0.31955014184
2239 0.304590832874
2240 0.302580332327
2241 0.324198424061
2242 0.320387657103
2243 0.30653502968
2244 0.320133401364
2245 0.32409423882
2246 0.30440695673
2247 0.344727481677
2248 0.321101726545
2249 0.304890105857
2250 0.306814800014
2251 0.320667805293
2252 0.304521853294
2253 0.304613833013
2254 0.322926752369
2255 0.344256783631
2256 0.304475884262
2257 0.305005367503
2258 0.322952605123
2259 0.318842948987
2260 0.307939006915
2261 0.305097639585
2262 0.32210164409
2263 0.316964012775
2264 0.304475884262
2265 0.318540823641
2266 0.305328564229
2267 0.424497631336
2268 0.320031812026
2269 0.321459956219
2270 0.304269195247
2271 0.305051496566
2272 0.32357431544
2273 0.305814645636
2274 0.342764974984
2275 0.307469587697
2276 0.323600271987
2277 0.322849218935
2278 0.305051496566
2279 0.32341866356
2280 0.320336773651
2281 0.307962515504
2282 0.30445290495
2283 0.321536823736
2284 0.322127364896
2285 0.308268454118
2286 0.317963347568
2287 0.30502843029
2288 0.307821517786
2289 0.317712923572
2290 0.362476501985
2291 0.32367816662
2292 0.305513555785
2293 0.328876650138
2294 0.317762976809
2295 0.320285906359
2296 0.316441872497
2297 0.306418609236
2298 0.328261127072
2299 0.314738315564
2300 0.322849218935
2301 0.32210164409
2302 0.304521853294
2303 0.320235055219
2304 0.31753786135
2305 0.308386284733
2306 0.305166880293
2307 0.321844661767
2308 0.32246210956
2309 0.322952605123
2310 0.32409423882
2311 0.30728222049
2312 0.320158808777
2313 0.304959252388
2314 0.307305628901
2315 0.304913151216
2316 0.31816397118
2317 0.304728885828
2318 0.305953810435
2319 0.331634412248
2320 0.320948443837
2321 0.304613833013
2322 0.304429929106
2323 0.308127176183
2324 0.323652197576
2325 0.324042171306
2326 0.353890779067
2327 0.323496470777
2328 0.320209635703
2329 0.328903464377
2330 0.320718793973
2331 0.317612864388
2332 0.323808074377
2333 0.319170898852
2334 0.321588089173
2335 0.322487887968
2336 0.305884212207
2337 0.329091286555
2338 0.327967560211
2339 0.319373049686
2340 0.323496470777
2341 0.324068202972
2342 0.305328564229
2343 0.305652446627
2344 0.32608527933
2345 0.320387657103
2346 0.308150713512
2347 0.305791463811
2348 0.33231740593
2349 0.322849218935
2350 0.304705868313
2351 0.318415107001
2352 0.326507567025
2353 0.323211360515
2354 0.319803471586
2355 0.323522414836
2356 0.316789774665
2357 0.323366812873
2358 0.304682854274
2359 0.304498867043
2360 0.322668452295
2361 0.304751906821
2362 0.272530806012
2363 0.306046657354
2364 0.323185466319
2365 0.308575001192
2366 0.30819779896
2367 0.306488450888
2368 0.308103642449
2369 0.319524830938
2370 0.324016143822
2371 0.321588089173
2372 0.306093101949
2373 0.319297213122
2374 0.304590832874
2375 0.323263161358
2376 0.30445290495
2377 0.323548363057
2378 0.343523885769
2379 0.308056585765
2380 0.306046657354
2381 0.304383987821
2382 0.323470530879
2383 0.304292146835
2384 0.305074566331
2385 0.364573067383
2386 0.31781304582
2387 0.321101726545
2388 0.31816397118
2389 0.30445290495
2390 0.316939109883
2391 0.307798030718
2392 0.319373049686
2393 0.343845976013
2394 0.317612864388
2395 0.343845976013
2396 0.323496470777
2397 0.308433442204
2398 0.305467286884
2399 0.319778120538
2400 0.317737948219
2401 0.307071705153
2402 0.304728885828
2403 0.304659843712
2404 0.30486706398
2405 0.323289068007
2406 0.305143796565
2407 0.3064651668
2408 0.319778120538
2409 0.322771722723
2410 0.322178818832
2411 0.324302676308
2412 0.305374791112
2413 0.30502843029
2414 0.314885722472
2415 0.322952605123
2416 0.283844708035
2417 0.30653502968
2418 0.318616301287
2419 0.321818986086
2420 0.320209635703
2421 0.317788009342
2422 0.304429929106
2423 0.304429929106
2424 0.323185466319
2425 0.304613833013
2426 0.306395335758
2427 0.304705868313
2428 0.317487879001
2429 0.323912075686
2430 0.319904915986
2431 0.322720079247
2432 0.304429929106
2433 0.306978235339
2434 0.322745898919
2435 0.34229961736
2436 0.305421031995
2437 0.342183475324
2438 0.304361022377
2439 0.308386284733
2440 0.304544843016
2441 0.306046657354
2442 0.30440695673
2443 0.304498867043
2444 0.317387961494
2445 0.304613833013
2446 0.318364848125
2447 0.32308193101
2448 0.308150713512
2449 0.306000226852
2450 0.317963347568
2451 0.304590832874
2452 0.320336773651
2453 0.304959252388
2454 0.305559838705
2455 0.317138442656
2456 0.304682854274
2457 0.304498867043
2458 0.304269195247
2459 0.331934583279
2460 0.340652000556
2461 0.323133690371
2462 0.320973980792
2463 0.331416446811
2464 0.320744294394
2465 0.324146323069
2466 0.317788009342
2467 0.304498867043
2468 0.320031812026
2469 0.328796233645
2470 0.321152853323
2471 0.304269195247
2472 0.321127287899
2473 0.31914564799
2474 0.307939006915
2475 0.305374791112
2476 0.332262662926
2477 0.318842948987
2478 0.321793314501
2479 0.33303071003
2480 0.307727591013
2481 0.330845648371
2482 0.304315101885
2483 0.322978462017
2484 0.304315101885
2485 0.322153089809
2486 0.32246210956
2487 0.304751906821
2488 0.30445290495
2489 0.306023440342
2490 0.320311337986
2491 0.304613833013
2492 0.32099952181
2493 0.323522414836
2494 0.304774931293
2495 0.307915501915
2496 0.321511197146
2497 0.314394902236
2498 0.305236152436
2499 0.332153231008
2500 0.330493281221
2501 0.323470530879
2502 0.325060514955
2503 0.301157222142
2504 0.304844025587
2505 0.322771722723
2506 0.30493620006
2507 0.32076979887
2508 0.324146323069
2509 0.332399554267
2510 0.32099952181
2511 0.322668452295
2512 0.32133192533
2513 0.327328869733
2514 0.304636836625
2515 0.305051496566
2516 0.304567836209
2517 0.325795589613
2518 0.304982308202
2519 0.319828826654
2520 0.316814654095
2521 0.323159576271
2522 0.321203996384
2523 0.306698167003
2524 0.305143796565
2525 0.304890105857
2526 0.306395335758
2527 0.323938086452
2528 0.304361022377
2529 0.304475884262
2530 0.318565978883
2531 0.316268207808
2532 0.317687902866
2533 0.320158808777
2534 0.332043871149
2535 0.30493620006
2536 0.304544843016
2537 0.307680649118
2538 0.309024129814
2539 0.336082728534
2540 0.322513670498
2541 0.305884212207
2542 0.304292146835
2543 0.328421476072
2544 0.343465388726
2545 0.316764899143
2546 0.304544843016
2547 0.322642645012
2548 0.319221412565
2549 0.304498867043
2550 0.322926752369
2551 0.321896025422
2552 0.323185466319
2553 0.320362213357
2554 0.323340893763
2555 0.320107997984
2556 0.34573200125
2557 0.322256030563
2558 0.306116329533
2559 0.304820990675
2560 0.323185466319
2561 0.324224480838
2562 0.322952605123
2563 0.304636836625
2564 0.321741983617
2565 0.323808074377
2566 0.304338060399
2567 0.333829939638
2568 0.326666207028
2569 0.304613833013
2570 0.304269195247
2571 0.304751906821
2572 0.307868502678
2573 0.305166880293
2574 0.321613728023
2575 0.321408731622
2576 0.322565247928
2577 0.301675216167
2578 0.304982308202
2579 0.321921713398
2580 0.321921713398
2581 0.304590832874
2582 0.305559838705
2583 0.319955662325
2584 0.307845008439
2585 0.304844025587
2586 0.307821517786
2587 0.323782084484
2588 0.304751906821
2589 0.328448216137
2590 0.319727430498
2591 0.324016143822
2592 0.32133192533
2593 0.319778120538
2594 0.323652197576
2595 0.334023432193
2596 0.304315101885
2597 0.304269195247
2598 0.319246675419
2599 0.322204551964
2600 0.306814800014
2601 0.32367816662
2602 0.323912075686
2603 0.324068202972
2604 0.30850420546
2605 0.324042171306
2606 0.314664663853
2607 0.319423627412
2608 0.323964101397
2609 0.319170898852
2610 0.317487879001
2611 0.346831827924
2612 0.324302676308
2613 0.340594477422
2614 0.318515672372
2615 0.304705868313
2616 0.323704139832
2617 0.319904915986
2618 0.320540404497
2619 0.305374791112
2620 0.323185466319
2621 0.307868502678
2622 0.30445290495
2623 0.304751906821
2624 0.321076169261
2625 0.323808074377
2626 0.323730117213
2627 0.329144989441
2628 0.280899727776
2629 0.305282351339
2630 0.321203996384
2631 0.323392736138
2632 0.320693297606
2633 0.304475884262
2634 0.271394038656
2635 0.30440695673
2636 0.30737587554
2637 0.307633721543
2638 0.30644188625
2639 0.323211360515
2640 0.357465750163
2641 0.308669446062
2642 0.307071705153
2643 0.349748655331
2644 0.320413104892
2645 0.305236152436
2646 0.306232520351
2647 0.322487887968
2648 0.308033062812
2649 0.30627902138
2650 0.321025066894
2651 0.304659843712
2652 0.305074566331
2653 0.307798030718
2654 0.318465381747
2655 0.322771722723
2656 0.321998801931
2657 0.304705868313
2658 0.305907408098
2659 0.307516465207
2660 0.308009543452
2661 0.307680649118
2662 0.363685628434
2663 0.306954876776
2664 0.30417742351
2665 0.320438556723
2666 0.306791466316
2667 0.274664736882
2668 0.304269195247
2669 0.305305456035
2670 0.321306331389
2671 0.30235354449
2672 0.302059228049
2673 0.306954876776
2674 0.317487879001
2675 0.356707135077
2676 0.306791466316
2677 0.320565876557
2678 0.305768285499
2679 0.303833771981
2680 0.320616832824
2681 0.319246675419
2682 0.305606135651
2683 0.304338060399
2684 0.365995372037
2685 0.306674851041
2686 0.304108631028
2687 0.304844025587
2688 0.305351675921
2689 0.302648435036
2690 0.30758680828
2691 0.303148793161
2692 0.301991390222
2693 0.302308227712
2694 0.306954876776
2695 0.320693297606
2696 0.316317806837
2697 0.303308345157
2698 0.303285541733
2699 0.329656042379
2700 0.302217634896
2701 0.302285574417
2702 0.305837830977
2703 0.305120716329
2704 0.302330884403
2705 0.318691814709
2706 0.317213257104
2707 0.30660492442
2708 0.308976791559
2709 0.30737587554
2710 0.303217152029
2711 0.302466895898
2712 0.30567560738
2713 0.307188622494
2714 0.305421031995
2715 0.301991390222
2716 0.305397909803
2717 0.319221412565
2718 0.318842948987
2719 0.330927070598
2720 0.346058247456
2721 0.307258815644
2722 0.302059228049
2723 0.303422413734
2724 0.30235354449
2725 0.337460347213
2726 0.303810889486
2727 0.303765134834
2728 0.303239945169
2729 0.306418609236
2730 0.30567560738
2731 0.3084806141
2732 0.305745110701
2733 0.302104470201
2734 0.30644188625
2735 0.304521853294
2736 0.302376207975
2737 0.302149725907
2738 0.303810889486
2739 0.362867769235
2740 0.305652446627
2741 0.318691814709
2742 0.340393299349
2743 0.364178115969
2744 0.317762976809
2745 0.3027620077
2746 0.361664065859
2747 0.316541195118
2748 0.303948236181
2749 0.362021088629
2750 0.345969210171
2751 0.362281184606
2752 0.305930607507
2753 0.310283900515
2754 0.317487879001
2755 0.344491971869
2756 0.343436147675
2757 0.305768285499
2758 0.360887546125
2759 0.324641959648
2760 0.30369652869
2761 0.303217152029
2762 0.31781304582
2763 0.303217152029
2764 0.306954876776
2765 0.308693066314
2766 0.349052607994
2767 0.302308227712
2768 0.302059228049
2769 0.305236152436
2770 0.302398874857
2771 0.306581622632
2772 0.303376776009
2773 0.305814645636
2774 0.306511738515
2775 0.302059228049
2776 0.313490906947
2777 0.302059228049
2778 0.319423627412
2779 0.35950458877
2780 0.30440695673
2781 0.357909767597
2782 0.356045983282
2783 0.320744294394
2784 0.307258815644
2785 0.305213058227
2786 0.330872784661
2787 0.321229574024
2788 0.307141844875
2789 0.301968784384
2790 0.304383987821
2791 0.302580332327
2792 0.302943901366
2793 0.301991390222
2794 0.351087988737
2795 0.304705868313
2796 0.30355940933
2797 0.318616301287
2798 0.305582985425
2799 0.302625730727
2800 0.302104470201
2801 0.319778120538
2802 0.302716568407
2803 0.305143796565
2804 0.304682854274
2805 0.303262741737
2806 0.302104470201
2807 0.305005367503
2808 0.302421545138
2809 0.301991390222
2810 0.304844025587
2811 0.319373049686
2812 0.302875665635
2813 0.305282351339
2814 0.305745110701
2815 0.323600271987
2816 0.318868151971
2817 0.303925336442
2818 0.302036612054
2819 0.303879547314
2820 0.303673666862
2821 0.303103237703
2822 0.302807460636
2823 0.306721486511
2824 0.307610263123
2825 0.302059228049
2826 0.304361022377
2827 0.305791463811
2828 0.320107997984
2829 0.349385154217
2830 0.305536695493
2831 0.305351675921
2832 0.304154489225
2833 0.305444157688
2834 0.358769209409
2835 0.302127096359
2836 0.305467286884
2837 0.312180853629
2838 0.302217634896
2839 0.337460347213
2840 0.414381200882
2841 0.306651538623
2842 0.304544843016
2843 0.30194618193
2844 0.305953810435
2845 0.31542739781
2846 0.30662822975
2847 0.305721939416
2848 0.303034930182
2849 0.304567836209
2850 0.358482270558
2851 0.30445290495
2852 0.302966653443
2853 0.315995690944
2854 0.308174254438
2855 0.305490419583
2856 0.302807460636
2857 0.303194362314
2858 0.301968784384
2859 0.303057695935
2860 0.304521853294
2861 0.301968784384
2862 0.302172358846
2863 0.319651425562
2864 0.361988602888
2865 0.319879548853
2866 0.305120716329
2867 0.345229010748
2868 0.363423512666
2869 0.303742262675
2870 0.359921573036
2871 0.305120716329
2872 0.329440668893
2873 0.327355432167
2874 0.3082448988
2875 0.305814645636
2876 0.317612864388
2877 0.30502843029
2878 0.362118580843
2879 0.303171576025
2880 0.302285574417
2881 0.307071705153
2882 0.347459172316
2883 0.30312601372
2884 0.319651425562
2885 0.302081847431
2886 0.337460347213
2887 0.302149725907
2888 0.305536695493
2889 0.303399593155
2890 0.30235354449
2891 0.344051257193
2892 0.303948236181
2893 0.314296921744
2894 0.302217634896
2895 0.281095463075
2896 0.304085707115
2897 0.305259250139
2898 0.306395335758
2899 0.303239945169
2900 0.302059228049
2901 0.302398874857
2902 0.318817749987
2903 0.302081847431
2904 0.30235354449
2905 0.308009543452
2906 0.320057203316
2907 0.320897382117
2908 0.316988919581
2909 0.317963347568
2910 0.320336773651
2911 0.320336773651
2912 0.337912631143
2913 0.347758706085
2914 0.356959648756
2915 0.306674851041
2916 0.308598606991
2917 0.320514936484
2918 0.304016956107
2919 0.304246247122
2920 0.30653502968
2921 0.319879548853
2922 0.327914240822
2923 0.301991390222
2924 0.303422413734
2925 0.317487879001
2926 0.319398336547
2927 0.302308227712
2928 0.320871857349
2929 0.320311337986
2930 0.30630227719
2931 0.302104470201
2932 0.306651538623
2933 0.305977016883
2934 0.302398874857
2935 0.304567836209
2936 0.303262741737
2937 0.318465381747
2938 0.34227057446
2939 0.304636836625
2940 0.352900095406
2941 0.3070950815
2942 0.30301216785
2943 0.303239945169
2944 0.320235055219
2945 0.321229574024
2946 0.319499524045
2947 0.318540823641
2948 0.305305456035
2949 0.31641705158
2950 0.302512260262
2951 0.307539909323
2952 0.3090951644
2953 0.301991390222
2954 0.305884212207
2955 0.302330884403
2956 0.30662822975
2957 0.321076169261
2958 0.303468065191
2959 0.349052607994
2960 0.302308227712
2961 0.361956122978
2962 0.302194995175
2963 0.311505867999
2964 0.302036612054
2965 0.305005367503
2966 0.303788010437
2967 0.348208976313
2968 0.316615728011
2969 0.307001597457
2970 0.319778120538
2971 0.307704118275
2972 0.302330884403
2973 0.302308227712
2974 0.325874544841
2975 0.365597334656
2976 0.301991390222
2977 0.308433442204
2978 0.305074566331
2979 0.303673666862
2980 0.318565978883
2981 0.304544843016
2982 0.316740027527
2983 0.302262924516
2984 0.302444218818
2985 0.305259250139
2986 0.319575456753
2987 0.320820819993
2988 0.304154489225
2989 0.30662822975
2990 0.317313064626
2991 0.302172358846
2992 0.317762976809
2993 0.344051257193
2994 0.307212016647
2995 0.307212016647
2996 0.303171576025
2997 0.306116329533
2998 0.302376207975
2999 0.301991390222
3000 0.304383987821
3001 0.320158808777
3002 0.34671259051
3003 0.343670215589
3004 0.337460347213
3005 0.31906991937
3006 0.308315575557
3007 0.30194618193
3008 0.315995690944
3009 0.302285574417
3010 0.304567836209
3011 0.306023440342
3012 0.307939006915
3013 0.302308227712
3014 0.305652446627
3015 0.305236152436
3016 0.302534947547
3017 0.306838137262
3018 0.308527800427
3019 0.306023440342
3020 0.356864914242
3021 0.331661678088
3022 0.307774547233
3023 0.320464012598
3024 0.318339724636
3025 0.304292146835
3026 0.319019453586
3027 0.323340893763
3028 0.354637449722
3029 0.302194995175
3030 0.31879255497
3031 0.302127096359
3032 0.30194618193
3033 0.304659843712
3034 0.360371716151
3035 0.313588385462
3036 0.31947422116
3037 0.305861019834
3038 0.301991390222
3039 0.35880111986
3040 0.306372065815
3041 0.31906991937
3042 0.316169056399
3043 0.304315101885
3044 0.302966653443
3045 0.302036612054
3046 0.302104470201
3047 0.30644188625
3048 0.306558324386
3049 0.304016956107
3050 0.318918569894
3051 0.304269195247
3052 0.329198709857
3053 0.305884212207
3054 0.302149725907
3055 0.319651425562
3056 0.302059228049
3057 0.320133401364
3058 0.303833771981
3059 0.305074566331
3060 0.302036612054
3061 0.336981120256
3062 0.303468065191
3063 0.306768136166
3064 0.302308227712
3065 0.307024963132
3066 0.318691814709
3067 0.302240278009
3068 0.30301216785
3069 0.305097639585
3070 0.30502843029
3071 0.308056585765
3072 0.30194618193
3073 0.305721939416
3074 0.306511738515
3075 0.302059228049
3076 0.303879547314
3077 0.364441321763
3078 0.307001597457
3079 0.360339525734
3080 0.308693066314
3081 0.305930607507
3082 0.304429929106
3083 0.322153089809
3084 0.302285574417
3085 0.307633721543
3086 0.318138879384
3087 0.306558324386
3088 0.337488579485
3089 0.303034930182
3090 0.317412934974
3091 0.309024129814
3092 0.302059228049
3093 0.302830192222
3094 0.304844025587
3095 0.30502843029
3096 0.303468065191
3097 0.320565876557
3098 0.306931521767
3099 0.307469587697
3100 0.302149725907
3101 0.317888178927
3102 0.408423710701
3103 0.308033062812
3104 0.304154489225
3105 0.320642317033
3106 0.302421545138
3107 0.307915501915
3108 0.307399298224
3109 0.347998705192
3110 0.304544843016
3111 0.314125602756
3112 0.353209087697
3113 0.304062786658
3114 0.335886843513
3115 0.305282351339
3116 0.308268454118
3117 0.319955662325
3118 0.355418589479
3119 0.306884822411
3120 0.307704118275
3121 0.318540823641
3122 0.302013999445
3123 0.302127096359
3124 0.305861019834
3125 0.30606987789
3126 0.301968784384
3127 0.302104470201
3128 0.302059228049
3129 0.302149725907
3130 0.305907408098
3131 0.302240278009
3132 0.302104470201
3133 0.319271942271
3134 0.304429929106
3135 0.301968784384
3136 0.316964012775
3137 0.348479698565
3138 0.348750842102
3139 0.304361022377
3140 0.304613833013
3141 0.318088707664
3142 0.302172358846
3143 0.319575456753
3144 0.303422413734
3145 0.303582253958
3146 0.308976791559
3147 0.3084806141
3148 0.302036612054
3149 0.306651538623
3150 0.329440668893
3151 0.350021777925
3152 0.304361022377
3153 0.34099754781
3154 0.304361022377
3155 0.356234633574
3156 0.313661534141
3157 0.303582253958
3158 0.304959252388
3159 0.31906991937
3160 0.302693853875
3161 0.306023440342
3162 0.302081847431
3163 0.315353423279
3164 0.316814654095
3165 0.304108631028
3166 0.303422413734
3167 0.305074566331
3168 0.303080465108
3169 0.315501407054
3170 0.308598606991
3171 0.306744809565
3172 0.304567836209
3173 0.354606275544
3174 0.324328749846
3175 0.320107997984
3176 0.302036612054
3177 0.305374791112
3178 0.306186033441
3179 0.303994046013
3180 0.309213627977
3181 0.302104470201
3182 0.302104470201
3183 0.34010631402
3184 0.30194618193
3185 0.305884212207
3186 0.363620064052
3187 0.309000458873
3188 0.348118829012
3189 0.317213257104
3190 0.303994046013
3191 0.302308227712
3192 0.307001597457
3193 0.304315101885
3194 0.316516358618
3195 0.304246247122
3196 0.319524830938
3197 0.334688541491
3198 0.303833771981
3199 0.345288110125
3200 0.306651538623
3201 0.302172358846
3202 0.319676756525
3203 0.317512868209
3204 0.305721939416
3205 0.308386284733
3206 0.304200361254
3207 0.361016734436
3208 0.306488450888
3209 0.303308345157
3210 0.305768285499
3211 0.304567836209
3212 0.303536568141
3213 0.306232520351
3214 0.317213257104
3215 0.337093757048
3216 0.305005367503
3217 0.302081847431
3218 0.302898407463
3219 0.302127096359
3220 0.305745110701
3221 0.318591138097
3222 0.305421031995
3223 0.306931521767
3224 0.305467286884
3225 0.353363786842
3226 0.316814654095
3227 0.32026047877
3228 0.302036612054
3229 0.317762976809
3230 0.30369652869
3231 0.30194618193
3232 0.30369652869
3233 0.345613518728
3234 0.349022407907
3235 0.318214166647
3236 0.304844025587
3237 0.303445237746
3238 0.31816397118
3239 0.304429929106
3240 0.308103642449
3241 0.341055207185
3242 0.30235354449
3243 0.303217152029
3244 0.304429929106
3245 0.303080465108
3246 0.30808011231
3247 0.302852927221
3248 0.308622216402
3249 0.308433442204
3250 0.30417742351
3251 0.318138879384
3252 0.302127096359
3253 0.340795893435
3254 0.317562858426
3255 0.302989408937
3256 0.329064441683
3257 0.330737147708
3258 0.30627902138
3259 0.312277519011
3260 0.304521853294
3261 0.305444157688
3262 0.318239270321
3263 0.305536695493
3264 0.339562372945
3265 0.305143796565
3266 0.311337577417
3267 0.303308345157
3268 0.342939810473
3269 0.301968784384
3270 0.302127096359
3271 0.304567836209
3272 0.302036612054
3273 0.307539909323
3274 0.305490419583
3275 0.348992213045
3276 0.302830192222
3277 0.305005367503
3278 0.361566818194
3279 0.308693066314
3280 0.305861019834
3281 0.360564979495
3282 0.305051496566
3283 0.302716568407
3284 0.302285574417
3285 0.307892000503
3286 0.304705868313
3287 0.316615728011
3288 0.307680649118
3289 0.356171727935
3290 0.309047804381
3291 0.337856029363
3292 0.330385011514
3293 0.303376776009
3294 0.319347766829
3295 0.303605102024
3296 0.314640120941
3297 0.307212016647
3298 0.308669446062
3299 0.307962515504
3300 0.356234633574
3301 0.302921152706
3302 0.306232520351
3303 0.335356304812
3304 0.304521853294
3305 0.325270197596
3306 0.302036612054
3307 0.304959252388
3308 0.303399593155
3309 0.303331152011
3310 0.302330884403
3311 0.302036612054
3312 0.302172358846
3313 0.303490896072
3314 0.332756000214
3315 0.302285574417
3316 0.302308227712
3317 0.317213257104
3318 0.302081847431
3319 0.302376207975
3320 0.30502843029
3321 0.321793314501
3322 0.307680649118
3323 0.302104470201
3324 0.303650808475
3325 0.320744294394
3326 0.30235354449
3327 0.304705868313
3328 0.306674851041
3329 0.302625730727
3330 0.303925336442
3331 0.319575456753
3332 0.312713255084
3333 0.355826143653
3334 0.302081847431
3335 0.304613833013
3336 0.345613518728
3337 0.302081847431
3338 0.305305456035
3339 0.302534947547
3340 0.342998128611
3341 0.30502843029
3342 0.305536695493
3343 0.333829939638
3344 0.302739286348
3345 0.342764974984
3346 0.307446154301
3347 0.306395335758
3348 0.318918569894
3349 0.320464012598
3350 0.302172358846
3351 0.319221412565
3352 0.319448922283
3353 0.303902440153
3354 0.30822134708
3355 0.302127096359
3356 0.317362991943
3357 0.305282351339
3358 0.303994046013
3359 0.302603029824
3360 0.305143796565
3361 0.317938287405
3362 0.306186033441
3363 0.319702091503
3364 0.322075927392
3365 0.306558324386
3366 0.30644188625
3367 0.315624833001
3368 0.304844025587
3369 0.302262924516
3370 0.305467286884
3371 0.303057695935
3372 0.304131558398
3373 0.302081847431
3374 0.314836571497
3375 0.303308345157
3376 0.302943901366
3377 0.302262924516
3378 0.352684122276
3379 0.308834863772
3380 0.306418609236
3381 0.305074566331
3382 0.318565978883
3383 0.302308227712
3384 0.303445237746
3385 0.305305456035
3386 0.321076169261
3387 0.308645829425
3388 0.321152853323
3389 0.302149725907
3390 0.302104470201
3391 0.305143796565
3392 0.320057203316
3393 0.304292146835
3394 0.304039869656
3395 0.306023440342
3396 0.306139560643
3397 0.351945645663
3398 0.344815880895
3399 0.302693853875
3400 0.30567560738
3401 0.306000226852
3402 0.302262924516
3403 0.303856657923
3404 0.317313064626
3405 0.311770692526
3406 0.303445237746
3407 0.33155264162
3408 0.301968784384
3409 0.303057695935
3410 0.305120716329
3411 0.302580332327
3412 0.308551399005
3413 0.314615581858
3414 0.301991390222
3415 0.316889315836
3416 0.305884212207
3417 0.360050070563
3418 0.347429247316
3419 0.302943901366
3420 0.353766639533
3421 0.303856657923
3422 0.304498867043
3423 0.307446154301
3424 0.302285574417
3425 0.302194995175
3426 0.303285541733
3427 0.360661688922
3428 0.302534947547
3429 0.302104470201
3430 0.303605102024
3431 0.304820990675
3432 0.304223302458
3433 0.302398874857
3434 0.306931521767
3435 0.363358042748
3436 0.306186033441
3437 0.302081847431
3438 0.426021859815
3439 0.30082035724
3440 0.299058565542
3441 0.316342612185
3442 0.299125091991
3443 0.234439529877
3444 0.299881132217
3445 0.29888130626
3446 0.299014231012
3447 0.230593402915
3448 0.298969909626
3449 0.27095654155
3450 0.271120437569
3451 0.300506629216
3452 0.298726376673
3453 0.300663411388
3454 0.298726376673
3455 0.286444719917
3456 0.300282938111
3457 0.301112263237
3458 0.299948025176
3459 0.299702896775
3460 0.299702896775
3461 0.300126552384
3462 0.300014947984
3463 0.300887669918
3464 0.299970329461
3465 0.254398750747
3466 0.299280435536
3467 0.300059579782
3468 0.242340561732
3469 0.299992637063
3470 0.300551407435
3471 0.299613858481
3472 0.301022385687
3473 0.299591607173
3474 0.299236035204
3475 0.300171217396
3476 0.269256507181
3477 0.299147274052
3478 0.299258233723
3479 0.299169459403
3480 0.299970329461
3481 0.301404736296
3482 0.242457085623
3483 0.232748730129
3484 0.232695027145
3485 0.300350010468
3486 0.30039474202
3487 0.300037262223
3488 0.311794789812
3489 0.270049604404
3490 0.29888130626
3491 0.299191648045
3492 0.300506629216
3493 0.300282938111
3494 0.299680632241
3495 0.299191648045
3496 0.31781304582
3497 0.300753074673
3498 0.300955012727
3499 0.29974743577
3500 0.299881132217
3501 0.299435940513
3502 0.338906241333
3503 0.299814269089
3504 0.261982139927
3505 0.299636113094
3506 0.299925724207
3507 0.300506629216
3508 0.299413715623
3509 0.299814269089
3510 0.29974743577
3511 0.299903426555
3512 0.299791988005
3513 0.26338476042
3514 0.298992068677
3515 0.269112807911
3516 0.247849655357
3517 0.242457085623
3518 0.30082035724
3519 0.268521666151
3520 0.299480400192
3521 0.299858841194
3522 0.30192358286
3523 0.300081900661
3524 0.242457085623
3525 0.299613858481
3526 0.331144392595
3527 0.30039474202
3528 0.300932561775
3529 0.301202194474
3530 0.252804473936
3531 0.299014231012
3532 0.299058565542
3533 0.299680632241
3534 0.300618599791
3535 0.300014947984
3536 0.299613858481
3537 0.230764887054
3538 0.298903452178
3539 0.299369275739
3540 0.299413715623
3541 0.297690280466
3542 0.23088375633
3543 0.263970749286
3544 0.299948025176
3545 0.299324849046
3546 0.303080465108
3547 0.299213839978
3548 0.260948378976
3549 0.299858841194
3550 0.299236035204
3551 0.316243414126
3552 0.299591607173
3553 0.300081900661
3554 0.233773817257
3555 0.299903426555
3556 0.300372374579
3557 0.29477537381
3558 0.266042405236
3559 0.300350010468
3560 0.300887669918
3561 0.242282341777
3562 0.315624833001
3563 0.299970329461
3564 0.300887669918
3565 0.299613858481
3566 0.299125091991
3567 0.299191648045
3568 0.299169459403
3569 0.233936499106
3570 0.299948025176
3571 0.298726376673
3572 0.299302640643
3573 0.299302640643
3574 0.301089788818
3575 0.300887669918
3576 0.253026468707
3577 0.33041207229
3578 0.301607550698
3579 0.300910114172
3580 0.299280435536
3581 0.299058565542
3582 0.23088375633
3583 0.230830910425
3584 0.299458168702
3585 0.300372374579
3586 0.299036396634
3587 0.287855072826
3588 0.299169459403
3589 0.298925601378
3590 0.228581198469
3591 0.300282938111
3592 0.299658371014
3593 0.296334459016
3594 0.252772792192
3595 0.242427944146
3596 0.299169459403
3597 0.303194362314
3598 0.23211928135
3599 0.23225292133
3600 0.23284277002
3601 0.299302640643
3602 0.300282938111
3603 0.299769710232
3604 0.29974743577
3605 0.30312601372
3606 0.30172034335
3607 0.298969909626
3608 0.299102913219
3609 0.299814269089
3610 0.334383371236
3611 0.299858841194
3612 0.332865829738
3613 0.299858841194
3614 0.299970329461
3615 0.299480400192
3616 0.299858841194
3617 0.23142682523
3618 0.245511593366
3619 0.300529016657
3620 0.298925601378
3621 0.29956935917
3622 0.266270692448
3623 0.232574285995
3624 0.299680632241
3625 0.299191648045
3626 0.313393489014
3627 0.299169459403
3628 0.300193554888
3629 0.299903426555
3630 0.300327649687
3631 0.251386613734
3632 0.299391494032
3633 0.299169459403
3634 0.341257168648
3635 0.299925724207
3636 0.301179706629
3637 0.299725164618
3638 0.299169459403
3639 0.231413549254
3640 0.242427944146
3641 0.266217976017
3642 0.299014231012
3643 0.300596199001
3644 0.299814269089
3645 0.231759220418
3646 0.300193554888
3647 0.299613858481
3648 0.299125091991
3649 0.299680632241
3650 0.299970329461
3651 0.298726376673
3652 0.297690280466
3653 0.299080737736
3654 0.299014231012
3655 0.268343044674
3656 0.299125091991
3657 0.301044850044
3658 0.230896971587
3659 0.300506629216
3660 0.299948025176
3661 0.299302640643
3662 0.299725164618
3663 0.299280435536
3664 0.299391494032
3665 0.299191648045
3666 0.299058565542
3667 0.299369275739
3668 0.300708236347
3669 0.251355286347
3670 0.299769710232
3671 0.300932561775
3672 0.299391494032
3673 0.302716568407
3674 0.299014231012
3675 0.336952972819
3676 0.299102913219
3677 0.29888130626
3678 0.344227407679
3679 0.299169459403
3680 0.230593402915
3681 0.257368954357
3682 0.29974743577
3683 0.299080737736
3684 0.300797926373
3685 0.318389975579
3686 0.299591607173
3687 0.299435940513
3688 0.267950912693
3689 0.227652426105
3690 0.240879022547
3691 0.299836553485
3692 0.242282341777
3693 0.344286164598
3694 0.301089788818
3695 0.29894775386
3696 0.299970329461
3697 0.299191648045
3698 0.301112263237
3699 0.299702896775
3700 0.230303778864
3701 0.299769710232
3702 0.299125091991
3703 0.30172034335
3704 0.300842791453
3705 0.231307396249
3706 0.300573801549
3707 0.299881132217
3708 0.300663411388
3709 0.299258233723
3710 0.298726376673
3711 0.299858841194
3712 0.299903426555
3713 0.300350010468
3714 0.299992637063
3715 0.300104224862
3716 0.299324849046
3717 0.299014231012
3718 0.242282341777
3719 0.299881132217
3720 0.299791988005
3721 0.299191648045
3722 0.31706366349
3723 0.235287313537
3724 0.311650261943
3725 0.299236035204
3726 0.299280435536
3727 0.299791988005
3728 0.298969909626
3729 0.299881132217
3730 0.298726376673
3731 0.300484245109
3732 0.301427257759
3733 0.23067251776
3734 0.238289384523
3735 0.33845129546
3736 0.299591607173
3737 0.26685195413
3738 0.301382218199
3739 0.300193554888
3740 0.299191648045
3741 0.299992637063
3742 0.31641705158
3743 0.29888130626
3744 0.299280435536
3745 0.242282341777
3746 0.298969909626
3747 0.000247647350173
3748 0.299435940513
3749 0.298726376673
3750 0.299058565542
3751 0.316839537432
3752 0.298925601378
3753 0.299791988005
3754 0.299858841194
3755 0.299391494032
3756 0.300081900661
3757 0.318038551765
3758 0.299302640643
3759 0.25372671178
3760 0.299636113094
3761 0.300932561775
3762 0.299881132217
3763 0.300641003919
3764 0.232775590917
3765 0.300037262223
3766 0.300282938111
3767 0.299014231012
3768 0.299680632241
3769 0.299881132217
3770 0.232293043337
3771 0.299925724207
3772 0.299191648045
3773 0.299502634983
3774 0.29956935917
3775 0.299324849046
3776 0.299302640643
3777 0.299413715623
3778 0.29956935917
3779 0.232480462805
3780 0.300685822197
3781 0.300529016657
3782 0.298992068677
3783 0.251684613838
3784 0.230870542585
3785 0.233179248011
3786 0.324694220105
3787 0.299814269089
3788 0.29888130626
3789 0.261489660374
3790 0.299102913219
3791 0.26950835052
3792 0.299502634983
3793 0.299480400192
3794 0.300506629216
3795 0.251183125192
3796 0.299769710232
3797 0.264316668234
3798 0.301404736296
3799 0.298726376673
3800 0.299458168702
3801 0.302013999445
3802 0.230830910425
3803 0.299725164618
3804 0.29974743577
3805 0.301968784384
3806 0.299280435536
3807 0.298969909626
3808 0.23022491671
3809 0.230356383656
3810 0.299347060744
3811 0.250434628172
3812 0.230382695065
3813 0.299125091991
3814 0.299769710232
3815 0.299036396634
3816 0.299502634983
3817 0.29888130626
3818 0.264611412961
3819 0.299636113094
3820 0.230896971587
3821 0.298726376673
3822 0.300014947984
3823 0.300014947984
3824 0.299524873076
3825 0.333223276936
3826 0.299903426555
3827 0.250933129546
3828 0.299391494032
3829 0.300910114172
3830 0.326349081028
3831 0.319752773509
3832 0.301134741011
3833 0.243481469736
3834 0.250263725454
3835 0.299191648045
3836 0.299970329461
3837 0.299680632241
3838 0.299435940513
3839 0.301968784384
3840 0.299591607173
3841 0.232333179208
3842 0.270629343257
3843 0.314468427704
3844 0.299547114472
3845 0.298969909626
3846 0.300887669918
3847 0.000247647350173
3848 0.258192587723
3849 0.299080737736
3850 0.29888130626
3851 0.299702896775
3852 0.352869225909
3853 0.300842791453
3854 0.298726376673
3855 0.19643557609
3856 0.299547114472
3857 0.298726376673
3858 0.230870542585
3859 0.269436347221
3860 0.299413715623
3861 0.301675216167
3862 0.31283450877
3863 0.299435940513
3864 0.230593402915
3865 0.299769710232
3866 0.299080737736
3867 0.299680632241
3868 0.299970329461
3869 0.299258233723
3870 0.235191289097
3871 0.299881132217
3872 0.299036396634
3873 0.315501407054
3874 0.301697778071
3875 0.299169459403
3876 0.230198641326
3877 0.299413715623
3878 0.317562858426
3879 0.299413715623
3880 0.19643557609
3881 0.300193554888
3882 0.299702896775
3883 0.299080737736
3884 0.299970329461
3885 0.269076907056
3886 0.187532006443
3887 0.317013830302
3888 0.299058565542
3889 0.299903426555
3890 0.300506629216
3891 0.299147274052
3892 0.300932561775
3893 0.230896971587
3894 0.299369275739
3895 0.299058565542
3896 0.233192727359
3897 0.299680632241
3898 0.298837024268
3899 0.299992637063
3900 0.29894775386
3901 0.252266962078
3902 0.299213839978
3903 0.328261127072
3904 0.299636113094
3905 0.299302640643
3906 0.299014231012
3907 0.233828019394
3908 0.299992637063
3909 0.299413715623
3910 0.299858841194
3911 0.29888130626
3912 0.299769710232
3913 0.299191648045
3914 0.300708236347
3915 0.299814269089
3916 0.300350010468
3917 0.299280435536
3918 0.299191648045
3919 0.244470092151
3920 0.242427944146
3921 0.299147274052
3922 0.300081900661
3923 0.18748842678
3924 0.299080737736
3925 0.251136213073
3926 0.298837024268
3927 0.270031527585
3928 0.299970329461
3929 0.299458168702
3930 0.300171217396
3931 0.341806557413
3932 0.299814269089
3933 0.299036396634
3934 0.29956935917
3935 0.300104224862
3936 0.298726376673
3937 0.299347060744
3938 0.299658371014
3939 0.349233918326
3940 0.29894775386
3941 0.260426145293
3942 0.300081900661
3943 0.239890639307
3944 0.316740027527
3945 0.256926373517
3946 0.308976791559
3947 0.298992068677
3948 0.250356916191
3949 0.341661809993
3950 0.230817702729
3951 0.300037262223
3952 0.30194618193
3953 0.298925601378
3954 0.298969909626
3955 0.298859163623
3956 0.299147274052
3957 0.299948025176
3958 0.300171217396
3959 0.299391494032
3960 0.207585086739
3961 0.299280435536
3962 0.31162618699
3963 0.317788009342
3964 0.298992068677
3965 0.299324849046
3966 0.298859163623
3967 0.302081847431
3968 0.299258233723
3969 0.270629343257
3970 0.299791988005
3971 0.300260587316
3972 0.301765484036
3973 0.29974743577
3974 0.299324849046
3975 0.298726376673
3976 0.299258233723
3977 0.299547114472
3978 0.299102913219
3979 0.299147274052
3980 0.2532806549
3981 0.243599093635
3982 0.195939430279
3983 0.195996549927
3984 0.195882343915
3985 0.195872832755
3986 0.195920397795
3987 0.195948947908
3988 0.195882343915
3989 0.195929913575
3990 0.242821946102
3991 0.195901369007
3992 0.195891855999
3993 0.195891855999
3994 0.195920397795
3995 0.195967985941
3996 0.195948947908
3997 0.195901369007
3998 0.195967985941
3999 0.195996549927
4000 0.195901369007
4001 0.195948947908
4002 0.195882343915
4003 0.195929913575
4004 0.195910882939
4005 0.195958466462
4006 0.195891855999
4007 0.195882343915
4008 0.195901369007
4009 0.195872832755
4010 0.195958466462
4011 0.195872832755
4012 0.242792716858
4013 0.195882343915
4014 0.195920397795
4015 0.195977506344
4016 0.195872832755
4017 0.195901369007
4018 0.195948947908
4019 0.195929913575
4020 0.195939430279
4021 0.195939430279
4022 0.195967985941
4023 0.195872832755
4024 0.196034648197
4025 0.195872832755
4026 0.195901369007
4027 0.195948947908
4028 0.195929913575
4029 0.195882343915
4030 0.195882343915
4031 0.196044175078
4032 0.242895050011
4033 0.195882343915
4034 0.195891855999
4035 0.195882343915
4036 0.195872832755
4037 0.195882343915
4038 0.195901369007
4039 0.195948947908
