node,betweenness
1 0.0836543925322
2 0.00665466369226
3 0.000426043745029
4 0.0019591939285
5 0.00106281426951
6 0.000963402209928
7 0.00154836236449
8 0.00275593352016
9 0.000965734690918
10 0.00447867949703
11 0.00122176639011
12 0.00140199030356
13 0.000538061174646
14 0.0034970229122
15 0.000422263336922
16 0.000453392260209
17 0.00165475409768
18 0.000232922829437
19 0.000299533269634
20 0.000404041178197
21 0.000251008158119
22 0.00277253757653
23 0.000152703617403
24 0.00047419745226
25 0.000215596288922
26 0.0039345900796
27 0.00195450540994
28 0.000332418218406
29 0.000187885173548
30 0.000935428669758
31 0.000745737211515
32 0.000853138822223
33 0.000607445238303
34 9.98813862216e-05
35 0.00190342594971
36 0.00036752390276
37 0.000276742181461
38 0.000964277860518
39 0.00175218407033
40 0.000350024034268
41 0.00604023652603
42 0.00186107222894
43 0.000212940069326
44 0.000138082912998
45 0.000646172829559
46 3.97556981155e-05
47 0.000127878653352
48 9.66996169025e-05
49 0.000139797158048
50 0.000128390506343
51 3.72859312005e-05
52 5.03055948277e-05
53 0.000240893352454
54 0.0052524150583
55 1.43745572604e-06
56 2.39605981436e-05
57 0.0130439545292
58 0.000143960225375
59 0.0023730803082
60 0.000670394515048
61 1.52006721457e-07
62 5.3350619245e-05
63 0.000160954746683
64 3.60791431469e-06
65 6.81019758199e-06
66 3.31710359821e-05
67 2.43712727569e-05
68 0.00203598411018
69 5.16509903876e-06
70 2.77981509761e-05
71 8.06442764056e-05
72 8.09802979463e-05
73 0.00051502752557
74 6.73013383432e-05
75 0.000135424231764
76 3.05776341997e-05
77 7.44386300908e-05
78 0.000115680505453
79 1.16569365231e-05
80 1.91258782208e-05
81 0.000378318752231
82 0.00022455086552
83 0.00155041169995
84 1.66404903342e-05
85 9.76472383412e-05
86 4.49242832495e-05
87 7.01849734231e-05
88 3.3988225822e-05
89 0.000116015612216
90 4.46309484059e-05
91 0.000169947973244
92 4.71361607694e-05
93 0.000137557830745
94 0.00011521894398
95 0.000127668429037
96 5.58462551178e-05
97 6.43690936615e-06
98 8.00758411655e-05
99 0.00143757306988
100 0.000448564197013
101 6.51114067261e-06
102 1.34173712243e-06
103 0.0
104 1.94055878338e-06
105 0.00219546610211
106 6.44711138114e-07
107 2.22561912094e-06
108 0.165679077761
109 5.28265051544e-07
110 0.00123504551078
111 0.0
112 9.62660120131e-06
113 6.9891149452e-06
114 0.00431217234224
115 0.0
116 0.000501590589107
117 3.47096598646e-06
118 3.37563071298e-07
119 0.0016947626136
120 0.00162546057894
121 2.8291798129e-06
122 8.66420714672e-06
123 0.00164686090525
124 2.28735362602e-06
125 2.34667124016e-06
126 5.49843752426e-08
127 4.40049038221e-07
128 3.35708324295e-06
129 0.000139038401506
130 3.42816817982e-07
131 1.0999161428e-05
132 0.0
133 7.92965473283e-06
134 3.31580568029e-05
135 2.00017842726e-06
136 0.0
137 0.00345115183991
138 1.66646090292e-05
139 0.0
140 1.22688803653e-08
141 9.34925582723e-08
142 0.000123069245987
143 0.00208953544308
144 2.52598813031e-05
145 2.1170936688e-06
146 0.0
147 3.48371757141e-06
148 4.8429019779e-08
149 0.000174755182761
150 1.49602541318e-06
151 4.46109643441e-06
152 3.40802232369e-08
153 9.54206253739e-07
154 0.0
155 0.0
156 2.21988333013e-07
157 5.426496177e-06
158 4.08962678843e-08
159 0.000197468232255
160 3.9879539691e-06
161 0.0
162 0.000130870759345
163 4.25916970632e-07
164 1.58540870498e-06
165 0.0
166 3.22527189203e-07
167 4.36713717764e-07
168 1.46670533056e-06
169 5.20493988394e-07
170 0.00167486756563
171 0.00259712333574
172 0.0104246277771
173 0.00219006027185
174 0.000211523691146
175 4.4304290208e-08
176 1.56657545831e-05
177 4.11746313462e-07
178 1.88198098907e-06
179 9.59653206882e-06
180 3.73529151961e-07
181 0.000110627527025
182 1.88940757625e-07
183 1.75805376317e-07
184 0.0
185 6.11967291214e-06
186 0.000188071493735
187 0.0042932275289
188 1.99325619906e-06
189 0.000780983293407
190 1.11301609037e-06
191 1.95209825274e-07
192 0.0
193 2.18820199232e-06
194 2.83508290358e-07
195 5.02576542852e-06
196 0.0
197 1.03281561642e-06
198 4.98297506554e-06
199 0.000401850072657
200 0.000779269736545
201 0.00228343760197
202 0.0
203 7.92705708848e-07
204 0.00252266023407
205 0.000126591747667
206 0.0
207 1.63585071537e-07
208 0.0
209 1.82103308668e-08
210 0.0
211 0.0
212 0.000848516367972
213 2.67253305904e-06
214 0.000886659171976
215 4.98729885343e-06
216 0.0
217 0.0
218 1.68582766919e-06
219 0.0
220 2.38432762014e-06
221 0.0
222 8.41766461273e-08
223 8.204101825e-06
224 0.00182298856137
225 0.00013917817103
226 5.11466165416e-07
227 2.18793215952e-06
228 2.57938871543e-06
229 0.0
230 3.03688592514e-06
231 5.5808286179e-06
232 0.000144252812902
233 7.83002480088e-05
234 0.0
235 0.0
236 7.81783600279e-08
237 0.000753696924464
238 1.05259446648e-06
239 0.000128187030524
240 0.00161571330391
241 6.13444018264e-08
242 0.0
243 0.000115218375598
244 2.5526516118e-06
245 0.0
246 1.5666474066e-06
247 4.87441499946e-06
248 2.60110851038e-07
249 0.000112587766265
250 0.000205919624481
251 2.43219380486e-08
252 2.79209383654e-06
253 0.00112089588613
254 4.08962678843e-08
255 5.9704146981e-07
256 0.0
257 0.0
258 3.77820019536e-06
259 1.74667154115e-06
260 2.76049808219e-07
261 1.02195477465e-05
262 0.0010298477125
263 0.0
264 2.51669340826e-08
265 0.0
266 0.00013485346626
267 7.35930172371e-07
268 0.0
269 6.45550105815e-08
270 2.18864600202e-06
271 4.77123125317e-08
272 0.00183228948772
273 0.00237489287488
274 0.0
275 3.36985887376e-06
276 1.88940757625e-07
277 6.28322265802e-07
278 0.00191038662273
279 1.53767610803e-06
280 0.0
281 0.00177027522316
282 4.07108445836e-06
283 0.0
284 1.48312349985e-06
285 4.84535014916e-06
286 0.000672183963383
287 0.0
288 0.0
289 3.35589962933e-09
290 1.75269719504e-08
291 2.8433385772e-07
292 0.000563923286742
293 0.0
294 0.0
295 0.0
296 8.57988887546e-07
297 2.51669340826e-08
298 9.32076292508e-05
299 4.25706947102e-08
300 0.000118373736232
301 1.00487972516e-07
302 6.77561082925e-06
303 0.000113508126804
304 0.000111600665142
305 0.00252032991705
306 0.0
307 0.0
308 8.32377111456e-07
309 0.000229987085735
310 0.0
311 9.92492901734e-06
312 2.98722699963e-07
313 0.000710753530495
314 0.000545822301068
315 2.49992702032e-06
316 0.00353848250292
317 0.0
318 1.2284000138e-06
319 3.58760679872e-07
320 3.7756970898e-06
321 0.000468308122275
322 0.0
323 0.0021854121299
324 0.000274347585788
325 0.000427734810242
326 0.000172780174528
327 2.46144388208e-06
328 0.0
329 0.0
330 0.000809408349906
331 3.74288297933e-07
332 0.000123801992535
333 0.000992745561059
334 3.29430691983e-07
335 0.00227032455394
336 0.0
337 0.0
338 2.55921571713e-06
339 5.77320708314e-07
340 0.000464839373582
341 1.1592710482e-07
342 2.42015420905e-07
343 9.21630438894e-05
344 1.73786971253e-05
345 1.83530260634e-06
346 2.0513109394e-06
347 0.000179432014745
348 1.52367011956e-06
349 0.0196928076583
350 1.53361004566e-08
351 0.000692736254441
352 3.23310537895e-07
353 0.000271861652828
354 0.000425206967516
355 0.000468770672505
356 0.000135927501175
357 6.36151614521e-08
358 4.00560169019e-05
359 0.0
360 0.000451277578126
361 0.00160741052051
362 0.000411881945265
363 0.000212328626144
364 0.000519389886417
365 2.04481339421e-07
366 2.87470619563e-08
367 0.000507400662017
368 0.000283962801088
369 0.000127329717506
370 5.59804165061e-05
371 0.00276903895021
372 1.0954357469e-08
373 5.29347240276e-05
374 0.000679583122144
375 0.00175999352578
376 6.33770182389e-06
377 0.00122467047829
378 0.0
379 0.00095349203236
380 0.0
381 2.60558522414e-05
382 2.39590740737e-05
383 5.10495565649e-06
384 6.70118854069e-07
385 1.65096579034e-06
386 5.34439864397e-09
387 6.13444018264e-08
388 0.000384637206571
389 1.72210448192e-05
390 0.00349459745168
391 9.69431305129e-08
392 0.000689490634758
393 1.15112451961e-05
394 0.0
395 0.000107165806036
396 0.00263651225837
397 2.47832134184e-05
398 0.00136942998202
399 7.20631088165e-05
400 4.08962678843e-08
401 0.00300630444889
402 0.0
403 0.00382988759457
404 7.9378474741e-06
405 0.00221159590115
406 3.41915973101e-05
407 3.74917234502e-07
408 5.63198311931e-05
409 0.00266072216985
410 5.46702686375e-05
411 1.62665874995e-05
412 6.13444018264e-08
413 0.00106727745991
414 3.54102671646e-05
415 0.030116995956
416 1.89722976594e-05
417 1.25082534341e-05
418 0.000203136260892
419 1.13776901291e-05
420 0.00391745381921
421 0.000151370527602
422 1.99889250876e-05
423 0.00327346246478
424 0.00123871233955
425 3.51663041117e-05
426 3.56661454702e-05
427 1.39077002413e-05
428 1.7826114218e-05
429 0.0111841382473
430 4.15612257529e-05
431 4.97406188074e-05
432 0.00489854476295
433 0.000470982505712
434 4.3976635593e-05
435 0.000433718474907
436 1.49321089002e-05
437 0.00150579436318
438 0.000319463770656
439 0.00291420881153
440 0.00118798590534
441 1.26008679652e-05
442 4.08962678843e-08
443 6.02877118262e-06
444 0.0
445 0.000402000726534
446 3.41126014702e-05
447 1.17704691846e-05
448 0.0
449 0.0
450 2.96118981108e-05
451 6.09100602929e-05
452 1.86136196409e-05
453 0.00136489979769
454 7.31533956943e-07
455 0.0
456 0.000187117739654
457 0.000258869497833
458 3.77523982241e-05
459 1.52995349087e-05
460 1.68164469693e-05
461 0.00211729395255
462 0.000869044516745
463 7.21396732953e-05
464 0.001506776889
465 5.92995884322e-07
466 0.00237501096158
467 2.40995864318e-08
468 0.0
469 0.0
470 4.55356711734e-05
471 2.01878447315e-05
472 0.000285800201791
473 2.88047675737e-05
474 0.000234060309381
475 6.54063057345e-06
476 0.00110569407152
477 0.0
478 3.02922490189e-05
479 3.60449943757e-06
480 3.99692145142e-05
481 1.13223853954e-05
482 4.26367232985e-05
483 9.12763339602e-05
484 0.0101669901025
485 0.000620127537279
486 0.0
487 3.22440961239e-05
488 7.16361591228e-05
489 8.38239011407e-06
490 1.81159145275e-05
491 1.26356529216e-05
492 1.13789812128e-05
493 0.0016350640306
494 0.000548276673167
495 1.07979690376e-05
496 7.73216625182e-06
497 0.00197205449567
498 0.00350555406297
499 4.37335030394e-07
500 0.0
501 0.00503326616243
502 4.08962678843e-08
503 2.99860950974e-07
504 0.000439453425775
505 0.00288806396448
506 3.62809024788e-06
507 0.00252898293727
508 0.00146576310381
509 3.06308329452e-05
510 1.7835993508e-07
511 8.0974736092e-05
512 0.000153123105656
513 1.64631160361e-05
514 0.00359886145433
515 0.00166926418552
516 0.000633021320975
517 1.15546080023e-05
518 0.00059251979879
519 1.22742643107e-05
520 3.14891407711e-06
521 0.000464921550679
522 4.81535475812e-07
523 5.28079598358e-07
524 0.00155587352009
525 0.0013068491145
526 0.00138444709748
527 0.000396054350268
528 0.00148613770724
529 6.72920820119e-07
530 9.51180579374e-07
531 3.79751058926e-08
532 0.00239261622042
533 2.36845719103e-06
534 1.88575931998e-07
535 4.93565565654e-06
536 2.01021858727e-06
537 7.02677890445e-07
538 0.00113756761234
539 0.00114117169004
540 1.93534501296e-05
541 5.78586043865e-06
542 1.94619703977e-06
543 0.00087449752755
544 1.24874993458e-05
545 0.0018672149324
546 0.000436596167359
547 0.000340415253186
548 0.000276205786202
549 0.000238769811352
550 4.53451140764e-06
551 0.0
552 3.8937655751e-06
553 1.65096579034e-06
554 0.00121809683684
555 6.20147675084e-06
556 6.40795554423e-05
557 0.00106207245428
558 8.3761571786e-05
559 3.47026783179e-05
560 0.000761541454128
561 0.000221159046409
562 0.00214429606275
563 4.69377620036e-08
564 0.0171855192129
565 6.91376948854e-07
566 6.31850016622e-07
567 0.00131556222871
568 0.00313177416963
569 8.54581314408e-07
570 6.46727789283e-07
571 0.000114426062794
572 0.0
573 0.0
574 0.00182211182535
575 5.34656263196e-06
576 9.99192413606e-08
577 1.11535276048e-08
578 7.4816922065e-08
579 2.12727070531e-07
580 0.000716775149879
581 0.00186904194598
582 0.0
583 3.02692016911e-08
584 3.64932888309e-07
585 3.33007303348e-05
586 0.0
587 0.0
588 1.15867240872e-06
589 4.97995101634e-07
590 9.75731032887e-06
591 3.05727709219e-05
592 0.00191400301931
593 0.00416080225326
594 1.32372099442e-07
595 0.028796446838
596 1.11535276048e-08
597 0.00394598494831
598 5.38769143725e-06
599 2.39886159527e-07
600 2.09109897166e-07
601 3.0923164033e-07
602 7.82007977523e-05
603 0.0
604 3.97620481209e-07
605 0.000212970844793
606 3.94051746656e-07
607 0.00057683661817
608 0.0
609 0.0
610 0.000972171412571
611 4.62557922058e-09
612 2.46352361021e-07
613 4.85546828466e-07
614 0.0
615 0.000180968368738
616 3.426258331e-07
617 2.58484908754e-05
618 2.10190530847e-05
619 2.88000601552e-05
620 7.81193232945e-06
621 1.67698529191e-05
622 6.08847554262e-08
623 8.46969888027e-07
624 9.62372534666e-07
625 0.0
626 1.09836184821e-06
627 2.47441048902e-06
628 2.12727070531e-07
629 3.35074463758e-08
630 2.76266827854e-05
631 0.000349971250008
632 3.02704920818e-07
633 1.96050584732e-07
634 3.61807001211e-07
635 6.3261321909e-05
636 7.38876466622e-05
637 6.04322331834e-06
638 0.000816153673626
639 0.0
640 3.97345517608e-05
641 1.56752451777e-07
642 0.00231713341181
643 0.0
644 3.0923164033e-07
645 6.16726181664e-05
646 3.32688905241e-05
647 7.4478404813e-06
648 1.17630663263e-06
649 0.0
650 2.38612280063e-05
651 2.01573542926e-07
652 0.00414960546615
653 0.0
654 3.75164209112e-05
655 0.00115765088954
656 3.23095963888e-06
657 0.0
658 1.01664520759e-06
659 2.12727070531e-07
660 2.12727070531e-07
661 0.0
662 3.0923164033e-07
663 2.55246319675e-07
664 5.03035986123e-06
665 4.66213330914e-07
666 1.04099590978e-07
667 1.43717603639e-05
668 0.0
669 0.0
670 0.000180463045005
671 1.20567473847e-07
672 2.43176373124e-07
673 2.37827527081e-08
674 0.0
675 0.0
676 2.01573542926e-07
677 1.48006779228e-07
678 9.29232050683e-06
679 7.0577421504e-05
680 2.11273376176e-06
681 1.75651709699e-05
682 2.86862300644e-07
683 1.10700986044e-05
684 0.000166316769588
685 8.09209651373e-07
686 2.48837498802e-06
687 0.0139232421504
688 8.42385036729e-06
689 0.00280053261815
690 8.29610005653e-08
691 1.28911124234e-07
692 2.89681897514e-07
693 0.0
694 1.14910374181e-06
695 0.00231930473514
696 0.00109336083236
697 0.000320242928523
698 0.00289721739296
699 0.0214758322966
700 0.0
701 7.90952589989e-08
702 2.27283480026e-05
703 8.73914295861e-08
704 0.00173102599077
705 1.37294613612e-07
706 0.00473281506466
707 7.64135018564e-07
708 5.76159653024e-07
709 3.64021403098e-05
710 1.43374077352e-06
711 2.78925011919e-07
712 2.96192333503e-06
713 1.37229255194e-06
714 0.00791340587433
715 1.08492147729e-06
716 3.49874603251e-07
717 6.64134506698e-07
718 0.0
719 0.000711535771412
720 0.00321081874723
721 0.000182083043341
722 1.06058031717e-07
723 5.73101802825e-06
724 5.81253338905e-07
725 0.00173732928026
726 6.80520270233e-08
727 0.000416445203604
728 3.59908211527e-05
729 0.000234575698568
730 1.84173906655e-05
731 6.02310638809e-07
732 7.2755173297e-05
733 1.13839742338e-06
734 2.49343658597e-05
735 0.000131040629201
736 8.26099208604e-08
737 0.00013227937757
738 1.98378676591e-06
739 3.15673503143e-05
740 0.00018192736173
741 1.76212013327e-05
742 7.58044251674e-06
743 0.000122889326565
744 0.0
745 0.0
746 0.00286439759789
747 5.67446067289e-05
748 0.00355491504732
749 1.13200777722e-05
750 0.0
751 0.0
752 1.21200028667e-06
753 0.000151130164814
754 1.46237324363e-05
755 0.000461318558027
756 4.86437688371e-06
757 4.38354785944e-07
758 2.18244905032e-07
759 4.52258722091e-06
760 1.64061297081e-06
761 0.000427522022209
762 4.70142114455e-07
763 9.28766893018e-07
764 3.45089757347e-06
765 1.06853913672e-05
766 6.48389380433e-07
767 0.000345471386057
768 2.63888045978e-07
769 0.000110471661035
770 3.15204755434e-05
771 0.000252699934096
772 0.000168586065478
773 7.6690957882e-06
774 0.00015873836347
775 0.000243842018557
776 0.0
777 3.35232205435e-05
778 7.36605918209e-05
779 1.93980894342e-06
780 2.28759211072e-06
781 0.000328133867744
782 0.00260335192516
783 0.000111392765163
784 7.20803621292e-07
785 0.00178249013284
786 0.0
787 1.05505074343e-06
788 1.1861129642e-05
789 6.54340286149e-08
790 1.19649354579e-06
791 0.0
792 6.88420509386e-08
793 6.28317708494e-06
794 3.65946049552e-06
795 2.42075282777e-06
796 6.68914851182e-06
797 9.04153274425e-06
798 1.33528730535e-05
799 0.000170766782788
800 3.74502799636e-05
801 0.000603185712104
802 0.0
803 0.0
804 8.76616241021e-05
805 4.2919979162e-05
806 0.00275323667186
807 1.80175731379e-06
808 3.24709115035e-06
809 5.26972835821e-07
810 2.87277068256e-06
811 0.000313872880773
812 2.82036244927e-06
813 3.28229902999e-07
814 7.27942024514e-06
815 5.06726313428e-06
816 0.000129551494031
817 5.37993301934e-05
818 2.49482063783e-05
819 0.000654506521753
820 0.000603558793562
821 0.000197383433084
822 5.41977358218e-07
823 2.8847487995e-05
824 0.00223100119154
825 0.00176929473825
826 9.62714660012e-06
827 1.07828829041e-06
828 0.00190146062134
829 0.0107802817782
830 0.0012435552247
831 0.00217015465637
832 1.11443730789e-05
833 5.45283571791e-08
834 0.000196320043839
835 0.000838705179601
836 3.85410489166e-06
837 1.49110877731e-06
838 1.36294504035e-06
839 1.51068428424e-06
840 1.60821466033e-06
841 0.000193731313509
842 0.0
843 0.000158187985131
844 1.50842883258e-06
845 8.15604978381e-07
846 3.82850067387e-06
847 5.67591471323e-05
848 7.11048303261e-06
849 0.000282144184333
850 0.000809374702792
851 4.3198522202e-05
852 0.0
853 0.0
854 0.00134593367418
855 0.0
856 0.0
857 0.000661727919184
858 0.00010855679872
859 0.0
860 0.0
861 0.000219744876649
862 1.15678014873e-07
863 0.000294134940002
864 1.82525524634e-07
865 1.76099921238e-07
866 0.0
867 9.61062295281e-08
868 1.43136937595e-07
869 0.0
870 1.01185713669e-07
871 2.29019100152e-07
872 1.37027096671e-06
873 2.04481339421e-08
874 0.0
875 2.04481339421e-08
876 0.0
877 1.82525524634e-07
878 0.0
879 1.32135480277e-07
880 1.26778430441e-07
881 4.68640747255e-07
882 1.51316191172e-07
883 9.7081536376e-08
884 0.0
885 3.06722009132e-08
886 5.7254775038e-07
887 1.53361004566e-08
888 0.0
889 0.0
890 7.68510620176e-07
891 1.59822646774e-06
892 0.0
893 0.0
894 1.45427720325e-07
895 2.45377607306e-08
896 9.61062295281e-08
897 0.00475353158004
898 0.00166222549373
899 1.53219193433e-05
900 0.0
901 2.00378684835e-06
902 0.000440848183239
903 0.000969158548286
904 0.000430024689449
905 1.362532689e-06
906 7.72495821617e-06
907 0.00283902773939
908 1.52217766639e-06
909 0.000704291366139
910 1.67773771267e-06
911 0.0
912 0.0
913 1.00295616166e-05
914 0.00147655165572
915 1.00121873016e-06
916 0.000245730152501
917 7.93405183504e-05
918 0.000335031120033
919 0.0
920 3.02981571154e-05
921 1.87737875386e-06
922 5.72779135001e-05
923 0.000331623052737
924 8.39954341571e-07
925 0.00186387074394
926 8.5702853489e-05
927 5.35457287619e-06
928 0.00298046376577
929 2.72641785895e-08
930 4.2058337678e-07
931 0.00126044841265
932 4.86950855974e-06
933 0.000829890468986
934 4.95471857607e-06
935 0.00242864639081
936 1.03808484662e-05
937 5.87219237312e-05
938 9.57410842791e-08
939 0.000106142273366
940 2.84555884822e-06
941 1.83976054668e-06
942 0.00117622491226
943 0.00142426117298
944 7.50958363509e-06
945 0.000122823713837
946 0.0
947 7.63969274859e-05
948 4.47592111057e-05
949 6.99422411854e-05
950 4.2492127799e-06
951 8.6833157032e-07
952 3.44691822766e-05
953 0.00248293485509
954 2.51801293944e-05
955 0.000939977811061
956 2.12097226043e-07
957 7.93545933484e-07
958 0.00128313259252
959 1.30057272426e-07
960 0.00135975512365
961 8.36398679278e-05
962 6.53955823425e-06
963 3.27137790656e-05
964 0.000229227304588
965 4.51455950424e-06
966 9.70081276572e-07
967 1.08411814564e-05
968 0.000126401993314
969 0.00126511287031
970 4.4425533507e-05
971 5.40799870822e-07
972 5.22837412399e-05
973 1.89220361275e-07
974 1.1564167987e-05
975 3.33855468097e-06
976 0.000930624751327
977 1.61545028316e-05
978 1.96199173832e-05
979 3.44264099328e-05
980 7.88713737769e-08
981 5.75840390316e-05
982 0.000139670440966
983 0.00169123337247
984 0.000689622405961
985 0.000410266040698
986 1.44613400131e-07
987 8.00138590041e-07
988 1.16647840381e-06
989 0.000506655027991
990 2.93670464492e-05
991 0.000936793434414
992 2.11926577844e-05
993 0.000301044616859
994 3.08782057853e-05
995 7.92283102443e-06
996 0.00201529950184
997 4.1352585849e-07
998 0.000148618988436
999 3.5644111936e-07
1000 0.00316685420956
1001 9.10575203082e-06
1002 8.64003390443e-05
1003 4.08962678843e-08
1004 0.000277796985936
1005 1.2590302012e-05
1006 9.15328541519e-08
1007 8.37852273154e-05
1008 5.3908358308e-06
1009 2.84777446182e-06
1010 0.000217985553263
1011 0.000288502329359
1012 0.000244177090435
1013 7.55974238532e-05
1014 3.04466028254e-05
1015 0.000133118849795
1016 3.76312575189e-05
1017 0.0
1018 4.79879178865e-05
1019 0.000188673668566
1020 0.000185757189354
1021 0.000158227067823
1022 0.000214695677168
1023 0.0
1024 1.10178151256e-06
1025 0.00152258470573
1026 6.5267866096e-05
1027 0.00280110783412
1028 0.0
1029 0.000255614871217
1030 0.00557087300009
1031 2.35076801573e-06
1032 1.00422700224e-07
1033 0.00298736219391
1034 1.49869993009e-06
1035 0.0
1036 9.60345367723e-06
1037 0.00015315374525
1038 0.000116777077644
1039 2.04481339421e-07
1040 3.92805345034e-07
1041 0.00204618775862
1042 0.000621100342619
1043 1.84936132179e-06
1044 1.04905743168e-06
1045 1.08959673328e-06
1046 2.17800942012e-06
1047 0.0
1048 0.000690669573322
1049 0.000150974477642
1050 0.00267003001107
1051 5.03988213465e-07
1052 0.00168453881812
1053 0.00287592701948
1054 1.69421090145e-06
1055 0.000335636410874
1056 2.20946889008e-06
1057 0.000743706925337
1058 2.96123303587e-07
1059 5.81071149223e-06
1060 4.29913283376e-05
1061 0.000194846953645
1062 2.98360802226e-07
1063 9.6342326831e-06
1064 1.79517408123e-07
1065 1.86536869159e-05
1066 0.0
1067 0.00127349481529
1068 0.00296127595774
1069 0.000378075422718
1070 2.01311447045e-07
1071 0.00806961128315
1072 0.0
1073 1.8635635327e-06
1074 1.32749629382e-06
1075 0.000240367234268
1076 0.00249195320939
1077 2.41832028201e-05
1078 4.8401235655e-05
1079 3.43171469324e-05
1080 1.18622677557e-05
1081 0.000463347284385
1082 7.03816383523e-05
1083 0.000133027813765
1084 1.49441080302e-05
1085 3.00432168545e-07
1086 0.00811659886171
1087 0.000358582446798
1088 1.07726824641e-06
1089 1.24845742011e-05
1090 1.86180930608e-06
1091 2.75143253402e-06
1092 6.00167392993e-06
1093 0.000341088306384
1094 2.57896046603e-06
1095 1.67433728382e-06
1096 7.44605885001e-06
1097 0.0
1098 0.000148211356172
1099 4.37861550221e-05
1100 0.000166592239677
1101 0.000445111372924
1102 2.56499817112e-05
1103 0.000156652424621
1104 1.51307737521e-06
1105 6.77984704753e-05
1106 4.08962678843e-08
1107 2.36138183216e-05
1108 2.20788319519e-05
1109 0.000537533690831
1110 0.000226014340763
1111 0.00132116318125
1112 1.53361004566e-08
1113 0.000416005170352
1114 0.00174990002393
1115 6.45956543091e-05
1116 4.54557661476e-06
1117 9.20996210938e-07
1118 3.32796730458e-05
1119 0.00016421687651
1120 0.0
1121 0.00024250937322
1122 5.69318019028e-06
1123 0.000297061481961
1124 0.00149567839885
1125 5.85788487097e-05
1126 1.61742306372e-05
1127 0.000143557268778
1128 1.51457333134e-05
1129 0.000261114600317
1130 0.000211609775518
1131 0.000157280861227
1132 0.000205599070827
1133 2.45312052138e-05
1134 1.08761104792e-06
1135 1.59375490772e-06
1136 0.00144573093317
1137 0.000652118328517
1138 7.26181668421e-07
1139 2.19525323679e-06
1140 1.66282181851e-06
1141 8.31605144699e-07
1142 1.86197939988e-06
1143 8.20466230021e-05
1144 2.07419058436e-05
1145 1.98869820974e-06
1146 0.0
1147 7.06980953614e-05
1148 9.21988268137e-07
1149 0.000195863186713
1150 1.50010693773e-05
1151 3.50102523502e-06
1152 9.25185972581e-06
1153 1.64152376773e-06
1154 0.000142946715211
1155 2.0638006548e-06
1156 0.00111220626021
1157 1.77213679279e-05
1158 8.18475958562e-07
1159 0.000201140107293
1160 0.000661913893445
1161 0.00100152746126
1162 6.67975835533e-06
1163 1.19470526934e-06
1164 1.00461307311e-05
1165 3.21199827036e-07
1166 0.000134058108353
1167 0.000232556657875
1168 3.16666817817e-06
1169 2.36724263504e-07
1170 5.36685306557e-06
1171 2.79053330165e-05
1172 0.000739174415143
1173 1.62163870441e-05
1174 0.000298113257187
1175 8.04908736282e-07
1176 9.6942763776e-05
1177 0.0
1178 4.02449386738e-06
1179 1.87433329225e-05
1180 0.000994663215484
1181 0.00112825836676
1182 0.000872016088149
1183 0.000284539140817
1184 0.000156096179624
1185 3.30416481302e-05
1186 2.17267472109e-05
1187 4.47846691176e-08
1188 4.55338907599e-06
1189 0.000131258842082
1190 6.27137763981e-05
1191 1.08296578623e-05
1192 1.36419262142e-05
1193 4.21507201566e-05
1194 2.09264515669e-05
1195 1.28823243836e-07
1196 0.00035282952256
1197 1.04056504324e-05
1198 6.02569814841e-05
1199 0.00247159459634
1200 7.9662077679e-05
1201 9.47380885221e-08
1202 0.000191191050156
1203 1.53035389204e-06
1204 8.12219987955e-07
1205 5.67742950427e-05
1206 1.0491076341e-05
1207 0.0
1208 0.00113593866565
1209 0.0
1210 0.00169364864723
1211 0.00132503186962
1212 4.72461242776e-05
1213 2.21758894602e-05
1214 1.25221287924e-05
1215 5.40724773398e-05
1216 0.00097961561916
1217 0.00015707881085
1218 0.00058535810005
1219 6.30970990215e-07
1220 0.000281679813212
1221 2.05889147737e-06
1222 0.00129806448112
1223 0.000104703794827
1224 8.58191778761e-06
1225 0.0
1226 0.000193048074889
1227 0.000147302250845
1228 0.00105451246312
1229 7.68998830218e-06
1230 0.000190341362614
1231 1.57463246033e-05
1232 0.00103314852118
1233 1.0626625902e-06
1234 0.0
1235 1.23739274339e-06
1236 0.000134800896491
1237 0.0017863374189
1238 0.000452245673162
1239 0.000103555203003
1240 7.80456176648e-08
1241 2.96771983601e-06
1242 2.98549442555e-06
1243 0.000123241255641
1244 2.14355616104e-05
1245 1.31204409073e-06
1246 0.000738140917971
1247 0.000193516256727
1248 8.41364970753e-06
1249 6.5190245167e-07
1250 2.94108062555e-06
1251 3.89031170809e-05
1252 1.59083942917e-07
1253 0.0
1254 0.0
1255 3.27170143074e-07
1256 4.0386281117e-05
1257 2.97784148511e-05
1258 0.000144190891509
1259 0.00112193171175
1260 0.000743490487053
1261 5.94168797015e-05
1262 0.000224235857933
1263 0.0
1264 4.18165662134e-07
1265 2.77929710224e-07
1266 7.15594204485e-05
1267 1.85830450808e-06
1268 9.14073307967e-06
1269 7.15834925398e-06
1270 1.73393696577e-05
1271 0.0
1272 0.00012850422092
1273 0.00151418677363
1274 0.000407812063778
1275 3.32743198381e-05
1276 0.000191604840665
1277 0.0
1278 0.00685548457069
1279 6.15139095576e-05
1280 7.82767288683e-05
1281 0.00169713221835
1282 6.96430962181e-05
1283 0.000158035736014
1284 0.000611123184997
1285 0.00019556542719
1286 0.000226492082624
1287 6.27931330457e-06
1288 0.000172261713319
1289 0.000165585322878
1290 0.00149324092761
1291 0.000131119299232
1292 1.18171598134e-05
1293 8.89585728037e-05
1294 0.000316184391296
1295 3.72688493941e-06
1296 1.97320196715e-07
1297 3.81532612784e-05
1298 2.48627014487e-07
1299 0.000937730171689
1300 0.000159811587036
1301 7.90336834135e-05
1302 2.14396914299e-07
1303 1.22416252925e-05
1304 0.000129545301774
1305 0.000130793588747
1306 6.07302352749e-05
1307 1.09368471981e-05
1308 0.000665784132359
1309 4.31016325213e-06
1310 6.08347793476e-05
1311 5.47538340084e-06
1312 2.52805243585e-05
1313 0.00177074376021
1314 6.96070929794e-05
1315 2.52383882754e-06
1316 9.76435028072e-05
1317 4.88750662851e-05
1318 6.72706331145e-05
1319 0.000132235270302
1320 2.21229968571e-07
1321 0.000311094538764
1322 8.42288343607e-06
1323 0.000223052545431
1324 0.00128663781796
1325 0.000249632827727
1326 1.68859133488e-06
1327 0.0
1328 0.000854667637259
1329 1.68834827288e-05
1330 3.99930069562e-05
1331 3.63135513598e-05
1332 3.2141618403e-05
1333 0.000187771100184
1334 0.000314056882199
1335 0.000169194079268
1336 2.16799094444e-05
1337 0.000140864728635
1338 0.000412452060328
1339 0.000440664364465
1340 5.88459485738e-05
1341 4.65590248535e-06
1342 1.38845004568e-05
1343 1.56053635805e-06
1344 0.000206870270928
1345 0.000139329474602
1346 3.49411504322e-05
1347 0.0
1348 0.0009186554969
1349 7.41014491076e-05
1350 0.000209931435662
1351 7.68264480079e-05
1352 5.81576975837e-06
1353 0.014651804411
1354 0.0
1355 2.16347542592e-07
1356 6.50973869274e-05
1357 2.82474573232e-06
1358 0.000197846023514
1359 0.00272314092368
1360 0.00129983970383
1361 0.00037335931233
1362 0.000173296292496
1363 0.0
1364 2.43413300558e-07
1365 1.49884640608e-06
1366 0.00019622162889
1367 0.000104467536067
1368 4.8512619739e-05
1369 2.12097226043e-07
1370 0.000707080197752
1371 1.23463953398e-05
1372 0.000152397925233
1373 6.48361061079e-07
1374 0.00111968788911
1375 0.000140472481967
1376 0.00103717853858
1377 0.000104962635771
1378 7.6836395571e-05
1379 0.000271723824159
1380 0.000102205144825
1381 0.0002222576644
1382 1.05024916404e-06
1383 5.10011715793e-05
1384 7.46907489764e-07
1385 7.80505524295e-06
1386 1.47828983877e-05
1387 0.0
1388 3.08005249068e-06
1389 0.000167542585365
1390 0.000193275253007
1391 5.54860628925e-05
1392 5.93545957341e-05
1393 3.86765337343e-05
1394 0.000152422392368
1395 0.0
1396 7.46907489764e-07
1397 8.88467311496e-05
1398 1.62068690644e-06
1399 0.000129730274519
1400 5.47162742417e-05
1401 4.04079273616e-06
1402 2.44843294175e-06
1403 0.000856029210962
1404 0.0
1405 0.000120852596737
1406 0.00386160829697
1407 8.09963181861e-05
1408 0.000103273945833
1409 0.000185354682331
1410 9.85389915131e-05
1411 1.02720392121e-05
1412 1.24855507206e-06
1413 2.26917708233e-05
1414 6.95480291079e-06
1415 3.12452047776e-07
1416 0.000240667346664
1417 1.0548701667e-05
1418 4.77084132763e-07
1419 3.27003738044e-06
1420 0.000670363822285
1421 0.000108631715658
1422 1.06653941506e-05
1423 1.93869050286e-06
1424 1.99836187311e-05
1425 4.65033276986e-06
1426 0.000363441581941
1427 9.28876431371e-06
1428 0.000100641800966
1429 1.86445504212e-05
1430 5.8247137049e-05
1431 0.0
1432 0.000390387007235
1433 5.69375307757e-05
1434 1.55262658975e-06
1435 1.81891923842e-06
1436 0.000185437844089
1437 0.000184618133
1438 8.90083961301e-05
1439 3.56608911162e-05
1440 2.62478828171e-08
1441 5.1804055213e-05
1442 3.93502503962e-06
1443 9.76143808335e-07
1444 7.57563833537e-07
1445 0.000121838470194
1446 2.85485079423e-06
1447 6.01164619474e-05
1448 5.93141175191e-05
1449 9.39672212174e-05
1450 0.00020754551951
1451 0.000339433009483
1452 3.66353426494e-05
1453 0.000217110794881
1454 2.60474031608e-05
1455 9.62927631958e-05
1456 1.07852627898e-08
1457 2.14349726397e-05
1458 5.11559580252e-06
1459 9.47578756805e-05
1460 4.21334404391e-05
1461 0.000210480898649
1462 1.74166243799e-06
1463 0.000279758322655
1464 9.5068962076e-07
1465 6.37776796211e-06
1466 0.00279201877254
1467 0.0
1468 5.00779981765e-05
1469 0.000188663879632
1470 0.000213207108947
1471 0.000861670201019
1472 9.33761143885e-05
1473 0.000691231790785
1474 0.00024971583733
1475 2.04481339421e-08
1476 0.000123596173062
1477 4.21778598062e-07
1478 4.78023478579e-06
1479 1.31791179541e-06
1480 0.000292497171623
1481 0.00031531966023
1482 2.17228765309e-06
1483 0.000314390707195
1484 0.000214722228501
1485 5.10104480279e-06
1486 0.000125067070106
1487 0.0
1488 6.58292395977e-05
1489 2.99811192384e-05
1490 1.05747145823e-06
1491 5.47728973715e-07
1492 2.34571543353e-05
1493 7.87589722642e-06
1494 1.84011913246e-07
1495 1.77921678984e-05
1496 2.43031982976e-05
1497 5.92551253336e-05
1498 1.93942565561e-05
1499 8.21515095486e-08
1500 1.01948553512e-06
1501 4.86275693655e-05
1502 6.77265598236e-06
1503 0.000154278235731
1504 1.70613977146e-05
1505 5.22323864597e-05
1506 0.00229006163062
1507 1.98330929391e-08
1508 0.000139403686385
1509 3.63362562901e-05
1510 7.96585178875e-05
1511 3.06722009132e-08
1512 0.000242001081268
1513 5.22778228193e-05
1514 0.000262750689123
1515 3.90525250884e-05
1516 2.72351796466e-05
1517 2.20661856951e-05
1518 2.97207643088e-05
1519 1.8448865188e-05
1520 8.70543098456e-05
1521 0.000101520513208
1522 7.60658804155e-07
1523 9.0096160283e-05
1524 5.18044085199e-05
1525 0.000171771339812
1526 7.6923307035e-05
1527 5.51516597108e-06
1528 4.08079240498e-06
1529 0.000173126248697
1530 0.000222875416913
1531 6.06478320993e-06
1532 2.69858544427e-05
1533 4.51689389569e-05
1534 0.000111699278241
1535 0.00163165319165
1536 6.66590968043e-06
1537 0.0023988045156
1538 2.62184345686e-05
1539 0.000130532301089
1540 0.000248093373495
1541 0.000151205656958
1542 5.04609997799e-05
1543 0.000138419615527
1544 0.000103417231887
1545 1.43210599348e-05
1546 0.000390872419706
1547 0.0
1548 1.13816097028e-05
1549 0.000162550861153
1550 0.000394356634012
1551 2.22838319051e-05
1552 4.19233485669e-05
1553 2.61352012827e-06
1554 0.000193270971531
1555 7.82016718146e-05
1556 6.28054089017e-05
1557 1.30409022113e-06
1558 3.58045598653e-05
1559 0.0
1560 7.23650122906e-05
1561 0.0
1562 1.6145238043e-05
1563 1.26606739564e-06
1564 2.21151776955e-05
1565 2.932701481e-06
1566 0.000149360568472
1567 5.79343942424e-06
1568 3.11098937818e-05
1569 2.1592446582e-07
1570 8.36111953243e-05
1571 2.25962396956e-05
1572 1.78433019242e-05
1573 0.000150973971707
1574 0.000177361295968
1575 0.000107761581579
1576 4.67747713705e-06
1577 1.03845887765e-05
1578 0.00563458425571
1579 3.11576689599e-06
1580 9.43760028099e-09
1581 0.000291717100496
1582 0.0
1583 0.000106946834293
1584 3.5724655066e-05
1585 0.000230221896566
1586 2.09784628555e-05
1587 0.0
1588 9.26129586152e-05
1589 8.37838627268e-06
1590 6.99237496521e-05
1591 0.000284336419317
1592 0.00026110624504
1593 2.87475691614e-07
1594 8.29038328128e-05
1595 4.73110692631e-06
1596 4.39889168323e-05
1597 0.000135930218832
1598 2.02930830891e-05
1599 5.62408797514e-05
1600 2.33478795535e-06
1601 1.69535488045e-05
1602 1.03947346442e-05
1603 1.11219989209e-06
1604 2.0136045925e-05
1605 7.22857195093e-05
1606 0.00011829221369
1607 4.42254379668e-06
1608 2.04481339421e-07
1609 1.68768060746e-05
1610 0.000108143270119
1611 4.73084329825e-05
1612 0.0001091359847
1613 7.0095437522e-05
1614 4.7307299463e-05
1615 9.17339161958e-05
1616 2.55360520981e-06
1617 0.000198321402049
1618 3.870020483e-05
1619 2.34125010843e-05
1620 1.2655474153e-05
1621 0.000142195828609
1622 0.000123699924698
1623 9.76369693501e-05
1624 9.66430729769e-06
1625 1.48008410517e-05
1626 2.62340255769e-06
1627 4.94708762866e-05
1628 0.0
1629 0.000316132377416
1630 3.29572129138e-06
1631 0.000115049893309
1632 5.93597247136e-07
1633 0.000300506305056
1634 5.01289308894e-06
1635 4.27094252637e-05
1636 2.68972894295e-06
1637 0.000109539323706
1638 5.90926049921e-05
1639 2.57338988991e-06
1640 0.000163233558795
1641 2.06622469619e-07
1642 2.9345667688e-06
1643 0.000870472181305
1644 6.47207824848e-06
1645 1.46656435018e-05
1646 9.21935609655e-05
1647 3.38172053492e-06
1648 0.000107737192715
1649 2.01137810323e-07
1650 4.17221538571e-05
1651 1.07819300709e-05
1652 0.0
1653 0.00016225667496
1654 8.89823117748e-05
1655 2.54976544641e-06
1656 6.63368144074e-05
1657 0.000544483225704
1658 0.0
1659 3.19854472155e-06
1660 0.000133488941074
1661 2.41091645775e-05
1662 0.000249085802469
1663 1.99746728788e-05
1664 0.0111234784161
1665 4.63909854102e-07
1666 1.41916473365e-05
1667 0.00153478275642
1668 1.09444970903e-05
1669 1.36211989112e-05
1670 1.756758754e-05
1671 7.38693148849e-06
1672 3.64761708779e-05
1673 1.93309376835e-05
1674 0.000179036023587
1675 5.67094737043e-05
1676 6.63362742177e-05
1677 1.32929790708e-06
1678 8.38419625219e-06
1679 1.13146956817e-05
1680 3.27444869893e-05
1681 7.74175538445e-05
1682 5.28073213861e-06
1683 2.32565575906e-06
1684 4.43535594004e-05
1685 0.169935104339
1686 0.000149544435554
1687 1.05136205086e-05
1688 0.00105396280392
1689 0.000366087540511
1690 1.47210390682e-05
1691 1.93883538107e-07
1692 6.06263325228e-06
1693 0.000223825288
1694 6.13444018264e-08
1695 5.59873777921e-05
1696 5.88557038781e-06
1697 4.24632898735e-06
1698 9.00687480926e-06
1699 1.29567152216e-06
1700 0.000126601444755
1701 1.65211254797e-06
1702 1.15161094445e-06
1703 0.000456356117527
1704 0.000129135495826
1705 3.8602109125e-05
1706 1.24979425748e-05
1707 0.000142416457474
1708 4.38469435191e-05
1709 4.47639650228e-07
1710 6.91091878989e-05
1711 5.42877560246e-07
1712 2.16837426892e-06
1713 9.90382849216e-06
1714 1.91260745082e-07
1715 3.90601126249e-05
1716 9.81451883313e-06
1717 4.48804325855e-05
1718 3.74129276163e-05
1719 0.00482409341173
1720 3.11109010016e-06
1721 4.46444455527e-05
1722 1.52291289241e-05
1723 0.000162291167448
1724 4.52138490202e-05
1725 5.50365120091e-05
1726 0.000649813889404
1727 0.000443530446894
1728 1.98086302228e-05
1729 2.81964388181e-06
1730 0.000259017638478
1731 0.000168055570086
1732 8.99717893455e-08
1733 6.27433451758e-05
1734 2.43197642444e-06
1735 5.71841236147e-05
1736 1.13274982573e-05
1737 3.70271049229e-05
1738 2.60340740864e-05
1739 4.17159888819e-06
1740 1.61841165015e-06
1741 1.08052381304e-05
1742 2.20788695578e-05
1743 7.88715371226e-05
1744 1.59815734532e-05
1745 3.32460949002e-05
1746 2.00422301876e-05
1747 0.000147299098256
1748 1.7387217689e-06
1749 2.19581982615e-07
1750 7.08621730599e-06
1751 2.32819841587e-05
1752 9.03579162977e-05
1753 1.30566986545e-05
1754 0.000174333387014
1755 4.58570858847e-05
1756 0.0
1757 1.01589820307e-06
1758 1.98412141763e-05
1759 0.000737723005406
1760 6.18312621584e-08
1761 5.12175617771e-06
1762 0.000197839669807
1763 0.0
1764 5.04817856338e-06
1765 1.32042806347e-06
1766 2.63680568121e-05
1767 0.000175289554145
1768 3.00073030966e-05
1769 0.000125690881329
1770 3.49815690227e-06
1771 0.000233837403576
1772 1.19543360175e-06
1773 8.66917545229e-06
1774 2.54119366743e-06
1775 0.000278161808508
1776 8.01572193456e-09
1777 0.0
1778 2.33499717059e-07
1779 3.57270361625e-05
1780 1.35385486834e-05
1781 2.65966980471e-05
1782 1.67324944049e-05
1783 2.58443305142e-05
1784 0.000267978808959
1785 4.34685178182e-07
1786 2.2823915145e-05
1787 4.32236995541e-05
1788 1.53747483596e-05
1789 1.44159344292e-07
1790 1.22433083787e-05
1791 1.90075891226e-05
1792 5.92827609988e-05
1793 8.41173713144e-07
1794 0.000108197255933
1795 0.000190803152598
1796 0.00010702409729
1797 4.15249897584e-06
1798 2.96958733271e-07
1799 1.5060304388e-06
1800 2.40573892591e-05
1801 0.0163112643518
1802 1.80230921732e-06
1803 4.34131798269e-08
1804 8.04906599167e-06
1805 4.76821256544e-05
1806 3.70034783775e-06
1807 4.14665606771e-05
1808 0.000173049046084
1809 3.06475730527e-05
1810 2.062111699e-05
1811 1.31066472573e-05
1812 1.19764253314e-05
1813 7.92132657737e-05
1814 9.08117868698e-05
1815 3.77813967495e-06
1816 5.19126706784e-06
1817 1.32561831973e-05
1818 2.00547284719e-06
1819 1.0028317661e-05
1820 0.000198681720579
1821 1.50626575349e-05
1822 1.99385931164e-07
1823 7.52075540557e-07
1824 2.67368241861e-05
1825 4.26445439752e-05
1826 2.69209338397e-05
1827 2.35888629163e-05
1828 0.000132038465924
1829 0.000173039728208
1830 2.25369956455e-06
1831 3.51501680886e-06
1832 0.000823536630069
1833 0.000100274661224
1834 4.69694268866e-05
1835 0.0
1836 0.000207372972646
1837 5.72165060826e-06
1838 7.08075510853e-06
1839 2.0857096621e-07
1840 3.75421655606e-05
1841 6.03360127734e-07
1842 3.00284151354e-05
1843 1.59635957248e-05
1844 0.000186545180689
1845 5.93966350307e-05
1846 4.07788421942e-05
1847 7.59578532199e-05
1848 3.41046094089e-05
1849 2.93920116839e-06
1850 8.30107762875e-06
1851 1.34383072456e-05
1852 0.000221218885042
1853 2.12630140073e-05
1854 1.14490567321e-07
1855 0.0
1856 7.339608127e-07
1857 0.0
1858 1.03681879335e-05
1859 1.53682920352e-05
1860 4.05847436398e-05
1861 3.56931478644e-05
1862 0.000106517667042
1863 0.000433827624181
1864 0.000111638351646
1865 1.5924285298e-05
1866 7.58527382968e-08
1867 5.40824302652e-05
1868 3.15255965259e-05
1869 2.37709781209e-05
1870 9.72664906812e-07
1871 2.94956361445e-06
1872 0.000184434601881
1873 4.59330338012e-05
1874 7.5508929168e-05
1875 9.98524462802e-08
1876 9.8463123781e-06
1877 0.000236352438844
1878 4.45444660357e-06
1879 6.79119263681e-06
1880 1.73193835852e-05
1881 8.82196519129e-07
1882 0.000183267604897
1883 8.04979884651e-05
1884 1.95863793365e-05
1885 8.50147979899e-07
1886 8.30214929289e-06
1887 3.55335619307e-05
1888 5.94705338643e-08
1889 0.0120621315801
1890 3.20679436561e-06
1891 4.90755214612e-07
1892 1.22308626592e-05
1893 9.62635228661e-09
1894 0.000182026309901
1895 3.81597830129e-05
1896 9.52035396985e-06
1897 1.05212121906e-06
1898 2.73936722202e-05
1899 9.75963232938e-06
1900 4.27783106616e-05
1901 1.69969053885e-06
1902 5.74861302527e-06
1903 1.8283073897e-05
1904 0.000117632813158
1905 1.2831453419e-05
1906 5.7111143626e-08
1907 3.68848230848e-06
1908 1.97299253817e-06
1909 3.29497312065e-06
1910 0.000704760283413
1911 1.88480068818e-05
1912 8.67659534996e-05
1913 0.150332542377
1914 3.24128717259e-06
1915 0.000517632516031
1916 6.6613442351e-06
1917 2.05405102629e-05
1918 1.14488992188e-05
1919 6.99844463915e-06
1920 0.000483501361056
1921 2.01914377154e-05
1922 0.00084721044093
1923 7.10744742925e-06
1924 0.000689538717379
1925 2.65751365745e-08
1926 7.80046882807e-06
1927 0.000138574643211
1928 9.20040402143e-05
1929 8.07388602892e-06
1930 4.51548462425e-06
1931 1.86983929386e-05
1932 1.96286817003e-05
1933 0.000513376168728
1934 4.01562956421e-07
1935 1.26866665091e-05
1936 2.38966256401e-05
1937 9.53863031986e-06
1938 6.29116559931e-06
1939 1.0042525468e-05
1940 1.47881441917e-05
1941 0.000680377097599
1942 0.000613734273099
1943 1.18583760318e-05
1944 1.62087017973e-05
1945 1.28298883747e-05
1946 3.8975156531e-05
1947 8.82996627077e-06
1948 0.000181673323055
1949 1.77927074738e-05
1950 2.06452681166e-07
1951 5.3423828876e-06
1952 1.10459199002e-05
1953 6.10121344464e-06
1954 1.64231503504e-06
1955 0.00124571538695
1956 0.000659960957761
1957 7.53373772021e-07
1958 1.8733118517e-05
1959 0.000271816231275
1960 0.000102267780265
1961 0.00308817879271
1962 1.13294175331e-06
1963 1.1538196176e-05
1964 0.000103627713611
1965 0.00195552416252
1966 1.48580460425e-05
1967 3.80212688596e-05
1968 0.0
1969 2.70770365371e-06
1970 0.0
1971 3.29704267573e-05
1972 1.10203086003e-05
1973 5.06889334823e-05
1974 2.68349674796e-05
1975 3.02256996355e-07
1976 1.49062333417e-05
1977 3.16799514756e-05
1978 1.71625293791e-07
1979 6.24807119464e-06
1980 1.04702456433e-05
1981 3.4712285299e-05
1982 1.01936907362e-05
1983 7.76012972503e-06
1984 3.92809514676e-05
1985 1.50497659205e-05
1986 0.0349138622754
1987 1.04099377967e-05
1988 3.11535380383e-06
1989 4.13951320087e-06
1990 0.000103560965073
1991 1.46761217773e-05
1992 0.000281874971982
1993 2.03013320875e-07
1994 3.41848852662e-05
1995 2.08849400729e-05
1996 1.12971408744e-05
1997 3.0642056244e-08
1998 2.63599312407e-06
1999 2.99911999415e-05
2000 1.9693540512e-06
2001 5.41016946021e-05
2002 3.01988319997e-05
2003 0.00011762943523
2004 0.000636729396269
2005 3.0049859442e-05
2006 4.66850079567e-06
2007 2.71217087768e-05
2008 0.000380448141791
2009 6.64262558561e-06
2010 0.000945072512006
2011 3.65866916637e-06
2012 0.000772924121617
2013 8.92027086248e-06
2014 1.12027256183e-06
2015 5.89170943566e-06
2016 1.5079578449e-07
2017 5.60730358388e-06
2018 2.87502690255e-06
2019 3.463242085e-05
2020 4.69363219614e-06
2021 3.59579169511e-06
2022 1.21610353736e-07
2023 2.17536120094e-05
2024 2.34672195612e-05
2025 2.05016741578e-05
2026 1.12663665751e-05
2027 0.000376773111652
2028 0.000923824336915
2029 0.000203051567555
2030 1.01012839532e-05
2031 1.08166765522e-05
2032 4.89372704108e-05
2033 5.00867078742e-05
2034 7.42814194227e-06
2035 1.01803039504e-06
2036 3.23339538953e-05
2037 1.55358176622e-06
2038 6.62813743673e-05
2039 0.000108092366298
2040 1.32909436374e-05
2041 2.41087840611e-05
2042 1.00662534702e-06
2043 0.000318704015305
2044 7.89894909848e-06
2045 7.19654222939e-07
2046 6.28147251573e-06
2047 1.37107800646e-06
2048 0.00110128320928
2049 2.95253534333e-05
2050 3.56485885329e-05
2051 1.15459914683e-05
2052 2.92873276656e-07
2053 1.19145036783e-05
2054 7.01447620873e-05
2055 7.97058381307e-05
2056 2.4248031204e-06
2057 5.63267453542e-05
2058 0.000969266470788
2059 2.2792204328e-05
2060 7.26762404949e-06
2061 5.59667022051e-05
2062 0.000363938314416
2063 7.03718142413e-05
2064 1.00192768641e-05
2065 1.20444034999e-05
2066 7.10948792331e-06
2067 3.05620832398e-07
2068 2.29351409997e-06
2069 4.83977689048e-05
2070 2.40036211999e-05
2071 8.70713909284e-06
2072 2.38425295462e-05
2073 4.90313435671e-05
2074 1.07835685949e-05
2075 4.0854359059e-06
2076 0.00028807093503
2077 1.44801677038e-06
2078 2.24840295832e-06
2079 1.79470097449e-05
2080 0.0
2081 7.14091538245e-07
2082 0.000560744129166
2083 2.71029030122e-05
2084 7.58865917784e-06
2085 4.77465468389e-05
2086 1.79886586691e-05
2087 3.37078982399e-06
2088 0.000151591275405
2089 1.6674184929e-05
2090 2.04371241378e-05
2091 8.1246852562e-06
2092 9.61467752639e-06
2093 0.000432195994908
2094 3.76690675455e-05
2095 4.90755214612e-08
2096 1.41128551606e-05
2097 1.41427289842e-06
2098 1.66548306977e-05
2099 1.61341700346e-06
2100 1.10781149971e-05
2101 0.0
2102 1.98114175893e-05
2103 4.8307708306e-05
2104 1.49447372782e-05
2105 6.24179133753e-06
2106 6.23544671979e-06
2107 4.08962678843e-08
2108 3.25536025663e-05
2109 3.51368027015e-06
2110 2.02978588254e-06
2111 0.000344735632648
2112 0.000118328595822
2113 1.00344176544e-05
2114 2.30187564949e-07
2115 1.75581656861e-05
2116 3.46221616913e-06
2117 0.00017588925631
2118 0.000250534395199
2119 9.5867464373e-06
2120 1.83786692105e-05
2121 0.000195734060851
2122 9.18784739173e-06
2123 2.81273448807e-06
2124 1.59508882191e-05
2125 6.28205984218e-06
2126 2.86809017224e-05
2127 7.79033936671e-05
2128 3.19903419516e-05
2129 0.0010919431176
2130 4.40900048074e-05
2131 1.58039610583e-05
2132 2.64478228589e-05
2133 0.000762108525935
2134 0.000292232942057
2135 1.40136722381e-05
2136 7.68043395857e-06
2137 1.90681979001e-06
2138 6.39241431519e-05
2139 0.000311706522762
2140 7.75404358724e-06
2141 6.2107811089e-06
2142 4.29476941459e-06
2143 0.000214919274712
2144 0.000187398882516
2145 1.20686178797e-05
2146 0.00115236215999
2147 1.79610498116e-05
2148 0.00033754676772
2149 0.000757229653659
2150 4.04255548747e-05
2151 2.03406733441e-05
2152 6.22032793502e-06
2153 7.68550789262e-06
2154 0.000131354948379
2155 1.901071808e-05
2156 0.000826779087329
2157 2.77689508448e-05
2158 1.97325755726e-05
2159 1.58867736961e-05
2160 0.000311706433253
2161 1.60156743745e-05
2162 1.40406027358e-05
2163 1.0404071285e-05
2164 4.09278777071e-06
2165 0.000957584085139
2166 5.29257650881e-06
2167 3.87081053153e-06
2168 0.0
2169 0.0
2170 1.999792876e-05
2171 9.54431196962e-07
2172 1.19493639642e-05
2173 1.50013629628e-05
2174 3.97846212818e-05
2175 0.000149747477873
2176 4.9014348874e-06
2177 0.000115326051819
2178 1.03017349265e-06
2179 6.55750502283e-08
2180 0.000967579251005
2181 1.47271357037e-05
2182 1.13716900665e-05
2183 2.42192572873e-06
2184 2.21447417913e-05
2185 1.60570101524e-05
2186 4.63606165384e-07
2187 2.83975467078e-06
2188 3.18151309586e-05
2189 1.18622564899e-05
2190 0.000218628710361
2191 5.20524622872e-06
2192 0.000169134330821
2193 0.000650325470156
2194 1.93392509785e-05
2195 1.85468263488e-05
2196 0.0
2197 9.41860492595e-06
2198 2.07076604295e-05
2199 7.06301296039e-06
2200 0.000562765749494
2201 2.01104138896e-05
2202 8.86181009181e-06
2203 0.000234981755668
2204 2.999706707e-05
2205 0.0
2206 1.7146116459e-06
2207 1.9250349664e-05
2208 7.82071921351e-06
2209 2.86981122628e-06
2210 0.000102982021883
2211 0.000208466855331
2212 6.33938088232e-05
2213 2.36935671272e-06
2214 1.52436499556e-06
2215 9.92612739218e-06
2216 3.31853596747e-05
2217 7.11661635505e-06
2218 8.37860006689e-06
2219 1.99263903913e-05
2220 0.0
2221 1.07917660238e-05
2222 0.000336839381503
2223 0.000455481774188
2224 8.93434750883e-05
2225 2.80565762345e-05
2226 0.000599543500907
2227 0.000375331298306
2228 2.84738403834e-07
2229 0.000129158647731
2230 4.98351277758e-05
2231 1.08405936226e-08
2232 0.000140107610767
2233 3.62639872953e-05
2234 0.0464430849464
2235 1.09822767527e-05
2236 3.10158893533e-05
2237 3.79308462964e-05
2238 5.33755553451e-06
2239 9.36851657302e-06
2240 0.000388184297022
2241 1.79900976589e-05
2242 1.42898062956e-05
2243 0.00119404044772
2244 2.92483484431e-05
2245 1.2839248088e-05
2246 4.2064732681e-08
2247 0.000669159012259
2248 5.58554897387e-05
2249 1.324857956e-05
2250 1.67132494064e-06
2251 3.50280228022e-05
2252 5.64450209419e-07
2253 9.55995897129e-07
2254 5.38653497499e-06
2255 0.000727163044288
2256 5.26700881647e-07
2257 4.72611537674e-08
2258 6.97108996664e-06
2259 3.68048957467e-05
2260 1.76231822241e-05
2261 2.71263884209e-05
2262 2.15480483605e-06
2263 1.08859079415e-05
2264 1.1655436347e-07
2265 9.97836855358e-06
2266 5.40685059737e-07
2267 0.0297428978829
2268 1.46689900579e-05
2269 0.000700526178579
2270 0.0
2271 6.9358349094e-06
2272 9.77774610042e-06
2273 1.83311014811e-05
2274 0.000647446200886
2275 7.56571973712e-07
2276 8.99193613917e-06
2277 6.27398331347e-06
2278 1.25074450574e-05
2279 7.64742871317e-05
2280 7.40701926591e-05
2281 4.88263170173e-06
2282 2.42456445314e-07
2283 7.5688715789e-05
2284 0.000137632490294
2285 2.70862514569e-05
2286 3.55541524344e-06
2287 1.95774004561e-05
2288 4.69543505356e-06
2289 1.80790227714e-05
2290 0.00150665518091
2291 5.31594236973e-06
2292 1.51581224694e-06
2293 0.00016246293082
2294 2.63987390975e-06
2295 0.000164136877067
2296 6.8815320338e-06
2297 7.18385532749e-06
2298 2.21692783135e-05
2299 1.01200428601e-05
2300 4.52169230521e-06
2301 4.72399066771e-05
2302 7.83116331017e-07
2303 0.000195362673676
2304 8.29963579415e-06
2305 1.11444909612e-05
2306 2.187771375e-06
2307 1.09139414124e-06
2308 3.10082551285e-06
2309 3.94144350647e-06
2310 3.78945571903e-05
2311 1.24936935744e-05
2312 3.03960418117e-06
2313 7.63511505619e-07
2314 0.000221711060612
2315 1.67568782036e-05
2316 3.42681257409e-06
2317 5.8086468431e-06
2318 4.77197733117e-05
2319 1.89986940207e-05
2320 9.68438251821e-05
2321 2.25270023581e-07
2322 7.23637218819e-07
2323 0.000906433599535
2324 8.51496428926e-06
2325 7.19275644044e-05
2326 8.70627652748e-05
2327 1.1016743685e-05
2328 4.57696734986e-05
2329 0.000466194804504
2330 1.18403153065e-05
2331 4.95601771588e-05
2332 1.60611360726e-05
2333 1.77215170708e-05
2334 0.000193997016864
2335 3.57148076576e-05
2336 7.70601916455e-05
2337 0.000191849401213
2338 2.36412992259e-06
2339 9.36201978102e-06
2340 1.78435284395e-05
2341 1.72216997096e-05
2342 2.54489790843e-05
2343 3.66946730035e-05
2344 6.5070823172e-05
2345 6.73047795956e-05
2346 2.22544159367e-05
2347 1.6404388918e-05
2348 0.000887798401656
2349 1.22575491917e-05
2350 7.3062612368e-07
2351 1.59286272279e-05
2352 9.60023773545e-05
2353 5.26541939633e-06
2354 1.98269097221e-06
2355 5.96287745803e-06
2356 7.98985084017e-06
2357 4.51658269172e-06
2358 9.95869122469e-06
2359 5.53294548252e-06
2360 2.51374494622e-06
2361 5.0195744243e-06
2362 0.000974606077544
2363 8.9929541443e-06
2364 5.78358183883e-06
2365 1.09077377449e-05
2366 3.30076892423e-05
2367 8.79821101573e-06
2368 1.13852330788e-05
2369 5.79978728276e-05
2370 1.43147725009e-05
2371 4.58276842702e-06
2372 3.04414255818e-05
2373 1.90298141929e-05
2374 1.5203695542e-05
2375 4.08912731512e-06
2376 0.0
2377 3.15390941773e-05
2378 0.000664736317282
2379 2.83628203302e-05
2380 6.34384048603e-06
2381 3.61127322666e-06
2382 6.48821304717e-06
2383 0.0
2384 2.00300236851e-06
2385 0.000260628765859
2386 1.61116023016e-05
2387 5.09170733833e-06
2388 2.7394522788e-05
2389 2.14118655751e-07
2390 3.26248476943e-05
2391 4.97625918499e-05
2392 4.72998660423e-05
2393 0.000860264103109
2394 1.99768438561e-05
2395 0.000811430183346
2396 3.25237604343e-05
2397 1.75380067895e-05
2398 1.02566064285e-05
2399 0.000111785486636
2400 3.56557656762e-05
2401 6.74246274808e-07
2402 3.72068579796e-06
2403 6.9130310008e-06
2404 1.33436023629e-05
2405 1.72827799119e-05
2406 1.41921914987e-05
2407 9.95567636879e-06
2408 4.50822336092e-06
2409 3.18694555998e-06
2410 1.13263689465e-05
2411 2.97287862979e-05
2412 1.25696718162e-05
2413 9.66173644893e-06
2414 2.25101977085e-06
2415 9.0574716964e-06
2416 0.00011219750416
2417 1.58979036598e-05
2418 0.000188573153966
2419 2.16497127643e-06
2420 7.95900000019e-05
2421 3.04394348216e-05
2422 9.01106183068e-07
2423 3.06722009132e-08
2424 5.90172489768e-06
2425 6.92973476955e-06
2426 2.24527529688e-05
2427 2.66539229301e-06
2428 1.77722973749e-06
2429 3.44517533548e-05
2430 3.18800306073e-05
2431 1.63272958181e-05
2432 0.0
2433 6.98269293209e-06
2434 1.67812944808e-05
2435 0.000815607526445
2436 1.65732475661e-05
2437 0.000507715425143
2438 8.17925357686e-08
2439 2.1819565512e-05
2440 3.47618277017e-07
2441 8.94619866882e-06
2442 0.0
2443 1.46058099587e-09
2444 3.90235410609e-05
2445 1.11592562072e-07
2446 8.19607141077e-06
2447 5.23668271249e-06
2448 0.000182252345222
2449 1.1622484974e-05
2450 9.48387598457e-05
2451 5.89220078961e-07
2452 7.43526432593e-05
2453 5.12623533619e-06
2454 2.8708965036e-06
2455 2.58140522833e-06
2456 8.58033302724e-06
2457 1.08019896047e-06
2458 0.0
2459 0.000296202356337
2460 0.000352526816793
2461 7.19712814973e-06
2462 2.60185222737e-05
2463 0.000767778941607
2464 1.92322614659e-05
2465 1.21920962719e-05
2466 1.9230856704e-06
2467 3.55768166781e-07
2468 1.95136459063e-06
2469 0.000230442943716
2470 2.68044610698e-06
2471 0.0
2472 2.48311979403e-05
2473 9.22308273847e-05
2474 9.64175688745e-05
2475 2.9566920672e-05
2476 0.000450220763036
2477 1.08601192034e-05
2478 2.08276500205e-06
2479 0.000866927141243
2480 0.00010612144389
2481 1.40140139534e-05
2482 1.75269719504e-08
2483 1.31101618242e-05
2484 0.0
2485 6.69148126987e-06
2486 4.76384774425e-06
2487 1.41515189088e-06
2488 2.42456445314e-07
2489 4.47421664957e-05
2490 1.29209787539e-05
2491 8.77860502136e-07
2492 4.51637414149e-05
2493 6.77585931321e-06
2494 4.92191359482e-08
2495 2.4683902296e-05
2496 4.11522895459e-06
2497 3.63320935788e-08
2498 2.21865532438e-05
2499 0.00052721294746
2500 0.000764264941953
2501 7.3577449927e-06
2502 7.69629945221e-05
2503 0.000162013281161
2504 6.87714745526e-06
2505 7.46847348328e-06
2506 0.0
2507 1.18986576684e-05
2508 0.000156865974755
2509 8.69919787273e-05
2510 6.69529692267e-05
2511 0.000197029173444
2512 4.82754317055e-05
2513 0.000171423612749
2514 4.19340932955e-07
2515 2.30968151099e-07
2516 7.32667179484e-07
2517 9.45232331776e-05
2518 0.0
2519 0.00011461113684
2520 7.0914292284e-07
2521 9.10461553576e-06
2522 6.24868033515e-06
2523 4.64082982315e-07
2524 2.0632757391e-05
2525 1.1751846827e-06
2526 3.99518121726e-06
2527 0.000107144872173
2528 1.28980537174e-07
2529 7.97477223744e-08
2530 1.30647745174e-05
2531 1.08448450707e-05
2532 5.13297894813e-05
2533 1.49299652995e-06
2534 8.30921880729e-05
2535 8.9035835329e-06
2536 1.41622439694e-06
2537 7.60461888568e-06
2538 9.36475650369e-05
2539 3.85610902931e-05
2540 3.06361160284e-06
2541 2.10266960396e-05
2542 0.0
2543 6.05474361958e-05
2544 0.00116817044555
2545 2.94874582251e-06
2546 1.44978321035e-06
2547 1.06864556655e-05
2548 6.4113153906e-06
2549 4.08962678843e-08
2550 3.36009066941e-06
2551 3.98406536959e-05
2552 1.21320538198e-05
2553 2.35289243325e-06
2554 2.68492430738e-05
2555 7.14768915792e-05
2556 0.000249791720892
2557 4.37095149275e-06
2558 5.3077673116e-06
2559 5.62380194454e-06
2560 4.57648801507e-06
2561 7.22701820825e-05
2562 9.86484322202e-06
2563 1.12364426389e-05
2564 3.03273890943e-06
2565 1.80803613487e-05
2566 3.0642056244e-08
2567 5.87534113153e-05
2568 0.000104047302694
2569 3.23655600087e-06
2570 0.0
2571 2.33189552919e-05
2572 8.7486391863e-06
2573 1.36775180098e-06
2574 6.545516617e-06
2575 3.86815230624e-06
2576 1.05378206532e-05
2577 5.75871646888e-05
2578 2.26231316114e-05
2579 4.46337141645e-06
2580 1.0681167148e-06
2581 5.33290696527e-06
2582 1.76575136559e-05
2583 1.60834173276e-05
2584 0.000349086154289
2585 4.46067908085e-06
2586 0.000168623813876
2587 6.0522802091e-06
2588 8.03033460339e-06
2589 7.9590037531e-05
2590 6.64249061407e-06
2591 1.64985914143e-05
2592 1.6191179485e-06
2593 8.16759935446e-05
2594 6.31334212087e-06
2595 8.30718216858e-05
2596 0.0
2597 0.0
2598 6.97236579752e-05
2599 5.17693999481e-05
2600 3.66047918765e-08
2601 1.22334853484e-05
2602 1.08972425326e-05
2603 3.36684292472e-05
2604 0.000117010049151
2605 3.08767926667e-05
2606 5.50546556719e-06
2607 3.93494758385e-07
2608 1.1771736011e-05
2609 2.89068865943e-05
2610 1.40829412695e-05
2611 3.32745850138e-05
2612 0.000135584320793
2613 5.27160575399e-06
2614 1.91881755396e-07
2615 8.63154730396e-06
2616 9.12059505991e-06
2617 3.5298204429e-05
2618 2.73604662533e-05
2619 1.55448265358e-05
2620 6.19665164676e-06
2621 2.88209190603e-05
2622 2.45377607306e-08
2623 3.52566039079e-06
2624 8.55056079527e-06
2625 5.40837445796e-05
2626 7.0942280789e-06
2627 2.61230857423e-06
2628 0.000134226553055
2629 2.98209237769e-05
2630 0.000105065023179
2631 1.00160762042e-05
2632 7.54585226404e-06
2633 3.27170143074e-08
2634 0.000182241034205
2635 3.86226907931e-06
2636 1.52429043035e-06
2637 1.89033924915e-05
2638 5.38717293203e-06
2639 3.79762275383e-06
2640 2.03891263086e-05
2641 3.34844453585e-05
2642 9.7557368181e-06
2643 0.00120491676157
2644 1.71355936614e-05
2645 2.0896202056e-05
2646 2.79958631858e-05
2647 2.2946908544e-05
2648 0.000143721532019
2649 0.000118506655629
2650 2.46009483983e-05
2651 3.83844859702e-07
2652 1.20405053197e-06
2653 2.03510762549e-05
2654 3.29535243458e-06
2655 2.70667617837e-06
2656 4.21563942721e-06
2657 9.77258865422e-06
2658 2.19829005434e-05
2659 3.53879127473e-05
2660 0.000106141326472
2661 1.73873981461e-05
2662 4.66117414244e-05
2663 1.50476636822e-05
2664 5.464325941e-06
2665 4.57627498171e-05
2666 0.000791707836464
2667 5.50555120651e-05
2668 2.1730727103e-05
2669 0.000166058767975
2670 3.39950668172e-05
2671 6.04292405871e-07
2672 0.0
2673 1.36637490826e-05
2674 2.16884471845e-05
2675 8.84919146496e-05
2676 0.000470869586174
2677 0.000142342065891
2678 1.38010820383e-05
2679 4.99679016636e-07
2680 3.6282883109e-05
2681 2.88923820227e-05
2682 0.00118299298312
2683 1.63586237964e-06
2684 0.00126448249148
2685 6.30827961922e-06
2686 1.29663899856e-06
2687 1.3163336912e-05
2688 3.05628772364e-06
2689 1.55201320338e-06
2690 3.48529721937e-05
2691 2.01767927878e-05
2692 0.0
2693 1.02945777778e-08
2694 1.72162251635e-05
2695 3.55747114826e-05
2696 2.86852942643e-06
2697 7.46930771325e-06
2698 4.49507584967e-06
2699 2.75388847148e-05
2700 5.50240695171e-08
2701 7.06549348575e-06
2702 3.88420232497e-06
2703 1.85792603314e-05
2704 2.9348076995e-07
2705 0.0
2706 7.95241084535e-06
2707 0.000439262687006
2708 9.79436804974e-06
2709 4.40500998014e-05
2710 4.37447864703e-06
2711 1.0017968281e-06
2712 1.93649458785e-05
2713 0.00102724002195
2714 8.86094051727e-05
2715 3.11870198463e-06
2716 1.89428169018e-05
2717 9.86212880798e-05
2718 1.58936097582e-05
2719 2.43581676624e-05
2720 5.68719276812e-05
2721 0.00121250176578
2722 0.0
2723 0.0
2724 1.57344303405e-05
2725 0.000510704416412
2726 3.83343945467e-06
2727 2.41803199866e-06
2728 6.33521204476e-06
2729 0.000138402177292
2730 0.000109328145219
2731 0.000469116411654
2732 7.32506407136e-06
2733 1.75269719504e-08
2734 3.13853910999e-06
2735 4.22911425921e-05
2736 1.62229481287e-05
2737 5.50810637763e-06
2738 2.39039598384e-06
2739 0.00162749656058
2740 1.39043896565e-05
2741 0.0
2742 5.02557347517e-05
2743 0.0220869009968
2744 3.4986806314e-05
2745 1.20765925101e-05
2746 5.92801106526e-05
2747 3.83924854958e-06
2748 4.95880368349e-06
2749 0.000434307466815
2750 4.68448384413e-05
2751 5.29469344851e-05
2752 2.60365705276e-05
2753 4.32206642747e-06
2754 0.000257446396139
2755 9.02653273213e-05
2756 6.2086208686e-05
2757 0.0010807227115
2758 4.73194349723e-05
2759 0.00162889218781
2760 2.34552000583e-05
2761 3.02444820708e-06
2762 1.80552606962e-05
2763 2.14627413729e-05
2764 7.19012564009e-05
2765 3.51519300277e-05
2766 0.00134202387944
2767 4.1372172427e-06
2768 0.0
2769 1.22234010315e-05
2770 4.3815897095e-06
2771 7.75361396848e-07
2772 9.95131302652e-06
2773 3.14692756378e-05
2774 1.50716233911e-05
2775 2.45377607306e-08
2776 1.70203049655e-05
2777 1.09738318823e-07
2778 5.42019286334e-05
2779 0.000611649430949
2780 3.64777459573e-06
2781 0.000234735591172
2782 0.000253172955417
2783 4.26769432629e-05
2784 2.21925999354e-05
2785 2.24819439219e-05
2786 0.00117545581661
2787 5.1278890858e-05
2788 0.00147815262431
2789 0.0
2790 5.92284889199e-06
2791 2.7175994207e-06
2792 4.77431832435e-06
2793 0.0
2794 4.78707213912e-05
2795 2.94990535945e-06
2796 9.52949208796e-06
2797 0.00019694352258
2798 5.77523587927e-06
2799 7.60408438951e-08
2800 1.36320892948e-08
2801 5.67130025622e-05
2802 3.48021538718e-06
2803 6.85629043331e-07
2804 1.47428611831e-05
2805 7.76130451143e-06
2806 4.67806710935e-06
2807 0.00217738463374
2808 1.76887151043e-05
2809 0.0
2810 1.09545975728e-05
2811 7.75069208598e-05
2812 4.36334281841e-07
2813 1.21317963629e-05
2814 2.95766712598e-05
2815 0.0
2816 2.97637804158e-05
2817 4.47144992023e-06
2818 0.0
2819 5.04173872921e-06
2820 0.000167890294445
2821 2.53514747959e-06
2822 2.71604893574e-05
2823 6.62288935289e-06
2824 3.0940603815e-05
2825 0.0
2826 2.07922983711e-05
2827 1.05299749973e-05
2828 0.000256863357494
2829 8.26438461433e-05
2830 1.18330474493e-05
2831 6.09933310885e-06
2832 8.77644099305e-06
2833 0.000113572420726
2834 4.94218838741e-05
2835 4.56991057961e-07
2836 0.000872888617874
2837 2.72701638787e-05
2838 7.04112862951e-06
2839 0.0
2840 0.0236939723
2841 6.13697110932e-05
2842 2.01937626563e-05
2843 0.0
2844 0.000119419147802
2845 0.000101267411817
2846 7.88318297832e-06
2847 1.34635740889e-05
2848 9.13634423193e-06
2849 1.08398559705e-05
2850 4.49700940915e-05
2851 7.39142625395e-06
2852 7.3369304679e-06
2853 4.70037565192e-07
2854 3.51260256976e-05
2855 4.85644416548e-05
2856 0.0
2857 1.17992783984e-05
2858 0.0
2859 1.56403655177e-05
2860 1.25004150382e-05
2861 0.0
2862 5.98107917808e-07
2863 5.33888686257e-05
2864 0.000146460753374
2865 4.32590054529e-05
2866 3.28777180794e-05
2867 6.19650362874e-05
2868 4.58051497653e-05
2869 9.29027648966e-06
2870 0.000213713129759
2871 9.5532477132e-06
2872 0.00108678111235
2873 0.000122591973184
2874 2.31770604139e-05
2875 0.00101405583823
2876 0.00010258884747
2877 1.30886021862e-06
2878 4.20565778818e-05
2879 9.4297494423e-07
2880 8.83253162228e-08
2881 2.87620829247e-05
2882 0.00146749861873
2883 6.78576411416e-06
2884 4.05735458474e-05
2885 3.43857508291e-07
2886 0.0
2887 2.97666406958e-07
2888 0.000509492853293
2889 8.14161812405e-06
2890 3.06653131081e-06
2891 0.000106513189828
2892 3.70458048591e-06
2893 2.35150498347e-05
2894 4.69343641995e-06
2895 6.69459878372e-05
2896 4.35866656034e-06
2897 0.000642346528293
2898 1.65534488559e-05
2899 9.10429096779e-06
2900 8.76348597521e-09
2901 7.94499108301e-08
2902 0.000493590122421
2903 0.0
2904 7.4821482317e-07
2905 0.000313804327113
2906 6.02530768392e-05
2907 2.68594002438e-05
2908 2.01171003346e-05
2909 4.85271826246e-06
2910 9.4115111791e-05
2911 4.96083743157e-05
2912 3.3056956346e-05
2913 9.28676354245e-05
2914 7.56900508233e-05
2915 0.000492692148303
2916 5.21848157482e-05
2917 8.88024372392e-05
2918 1.46915403436e-06
2919 8.63644416942e-06
2920 5.44664258925e-05
2921 4.28468957125e-05
2922 0.00077648396597
2923 0.0
2924 8.10488623999e-06
2925 0.000397610343417
2926 4.94005597203e-05
2927 4.68446184213e-07
2928 2.77472001556e-05
2929 0.000126662555529
2930 0.0010780432832
2931 1.75269719504e-08
2932 6.63266765073e-05
2933 0.000566770394831
2934 8.558096637e-05
2935 4.81802594986e-06
2936 7.56973482083e-07
2937 0.000118923606636
2938 0.000365929164099
2939 1.84918030604e-05
2940 6.12559967278e-05
2941 3.37337128994e-05
2942 2.21958834393e-06
2943 3.95296928716e-06
2944 6.09323415981e-05
2945 6.0412182861e-05
2946 4.0878460189e-05
2947 0.000494510741395
2948 2.87056817036e-06
2949 2.43605035324e-05
2950 4.18641289848e-06
2951 0.000664103853629
2952 0.00142616341687
2953 1.703089513e-07
2954 1.7828518781e-06
2955 1.47734923232e-05
2956 0.000723404819507
2957 4.04958781271e-05
2958 4.01993495768e-06
2959 0.000868280161453
2960 2.96295707869e-07
2961 2.10647460867e-05
2962 1.04904665084e-06
2963 2.23347370098e-05
2964 2.04481339421e-08
2965 2.62883537025e-05
2966 3.20531310225e-06
2967 4.18715160288e-05
2968 3.05744688226e-05
2969 9.79649401191e-06
2970 2.47565443839e-05
2971 0.000339844350242
2972 1.51946045448e-07
2973 2.55505664058e-07
2974 6.903155517e-05
2975 2.28427329161e-05
2976 6.13444018264e-08
2977 0.000456633673477
2978 1.84803159616e-06
2979 9.57988674911e-06
2980 7.29393061043e-05
2981 0.0
2982 5.66982027486e-05
2983 4.88732871694e-08
2984 1.53991453712e-06
2985 6.32807065266e-05
2986 3.04016884572e-05
2987 0.000114465052198
2988 4.96651821854e-06
2989 2.09445743587e-05
2990 0.000130108555213
2991 2.13326254662e-06
2992 5.40044449563e-05
2993 0.000862077355292
2994 0.000128305827297
2995 0.000427473288839
2996 8.30863141387e-06
2997 3.21093243216e-05
2998 1.76721608904e-06
2999 4.28132804414e-08
3000 2.96129437016e-05
3001 7.62232638584e-05
3002 0.000349380366777
3003 0.000436638669087
3004 0.0
3005 2.89778655689e-05
3006 0.00079563568481
3007 0.0
3008 9.23275305855e-05
3009 5.70525407463e-08
3010 3.43936207475e-05
3011 1.34640529187e-05
3012 0.000999479005867
3013 2.78805461036e-07
3014 1.24466526994e-05
3015 1.18957343726e-05
3016 2.05112100658e-06
3017 5.54782334686e-05
3018 0.00166586319928
3019 2.64288929584e-05
3020 0.000773510453681
3021 7.95280073933e-05
3022 2.21432587315e-06
3023 6.0547529097e-05
3024 1.65546515533e-05
3025 2.5609166033e-06
3026 0.000144001325892
3027 4.96246684331e-05
3028 0.00160497166781
3029 4.33347061497e-06
3030 5.63304968421e-05
3031 6.26957130121e-06
3032 0.0
3033 1.22941061327e-05
3034 8.07935749618e-05
3035 0.000238751827103
3036 0.000323517791428
3037 6.45742083311e-05
3038 0.0
3039 0.000318119617839
3040 5.32839060683e-06
3041 1.23945594406e-05
3042 4.00764985303e-05
3043 2.93664108267e-06
3044 1.09021018593e-05
3045 1.77336250537e-07
3046 6.68586568478e-07
3047 4.77287455758e-05
3048 3.57820835938e-06
3049 5.80415975203e-06
3050 9.76510127256e-05
3051 9.40330298079e-06
3052 8.39019486469e-05
3053 1.28769650671e-05
3054 1.57791433587e-07
3055 7.82464299683e-05
3056 2.45377607306e-08
3057 3.64815365792e-05
3058 1.25896628516e-05
3059 9.4582963894e-07
3060 0.0
3061 0.000444376810051
3062 2.5980772305e-06
3063 3.35910796796e-05
3064 1.43852813504e-07
3065 2.7966806828e-05
3066 2.14042514567e-05
3067 1.17560479621e-06
3068 4.9659447143e-06
3069 5.18686691269e-06
3070 8.95812598204e-06
3071 3.67406875009e-05
3072 0.0
3073 5.89054834453e-05
3074 6.54706026324e-05
3075 2.45377607306e-08
3076 1.27326696748e-05
3077 0.00183299355362
3078 6.01365270189e-05
3079 2.35475056908e-05
3080 5.76339437899e-05
3081 8.71128103974e-05
3082 3.17202948209e-05
3083 0.0194221087447
3084 2.82885250876e-07
3085 0.000982056895809
3086 2.28871939715e-05
3087 1.2629230677e-05
3088 0.000468488100768
3089 1.0279788167e-06
3090 0.000109083785939
3091 0.000621600378373
3092 0.0
3093 4.27916702476e-07
3094 6.54606128916e-06
3095 2.13720529076e-08
3096 2.07876559997e-06
3097 0.000172380804124
3098 5.84193404006e-05
3099 3.87855999475e-05
3100 4.32195334027e-06
3101 5.86150309644e-05
3102 0.0193252419603
3103 1.78150318563e-06
3104 4.04566921776e-06
3105 0.000232182491768
3106 1.92914201835e-06
3107 0.000355383461368
3108 6.09845533011e-05
3109 2.72963680434e-05
3110 1.22684909565e-06
3111 4.80261651654e-05
3112 0.000302086135457
3113 2.94550702834e-06
3114 8.08677565916e-05
3115 2.52372958952e-05
3116 0.000157315633659
3117 5.57157513595e-05
3118 0.000472429220017
3119 3.54888108555e-05
3120 7.75788880077e-05
3121 4.53110091438e-05
3122 1.31497230582e-07
3123 2.89681897514e-08
3124 2.86279620602e-06
3125 1.84254090208e-05
3126 0.0
3127 1.75269719504e-08
3128 2.45377607306e-08
3129 1.83156856882e-07
3130 3.38581699467e-05
3131 8.54357473823e-07
3132 1.75269719504e-08
3133 5.83593555851e-05
3134 1.02908220902e-06
3135 1.96582759283e-06
3136 4.35669562871e-05
3137 8.207636339e-05
3138 0.000552922849301
3139 7.59841892296e-06
3140 5.26883666671e-06
3141 0.000403481984656
3142 5.28925064637e-07
3143 3.1715293928e-05
3144 2.51990703004e-06
3145 7.85341487084e-06
3146 0.000423063069151
3147 0.000115266646051
3148 0.0
3149 9.00848078312e-05
3150 2.74135479304e-05
3151 0.000186631617378
3152 1.75834783087e-06
3153 0.000425898729458
3154 3.60921922036e-06
3155 0.00305084655326
3156 8.39286173537e-05
3157 8.28287208258e-06
3158 7.00852265349e-06
3159 7.59615368946e-05
3160 8.32500983419e-07
3161 3.43969083171e-05
3162 4.12586211261e-07
3163 9.68786345052e-05
3164 9.04419004764e-06
3165 6.62317263393e-06
3166 5.62753967282e-06
3167 1.05012215822e-05
3168 5.44090494458e-06
3169 8.30441490996e-05
3170 0.000101677286689
3171 4.93185854539e-06
3172 1.26741718758e-05
3173 0.000415186853505
3174 2.81065849263e-05
3175 4.5907185759e-05
3176 1.27800837138e-08
3177 8.82577360202e-06
3178 3.04111824383e-05
3179 2.21457284212e-05
3180 0.000586155897074
3181 1.75269719504e-08
3182 1.75269719504e-08
3183 0.000519930563417
3184 0.0
3185 6.29508242414e-05
3186 0.00101982351764
3187 1.53035243572e-05
3188 2.58517847669e-05
3189 0.000181583816668
3190 5.68412507093e-06
3191 1.36186986053e-05
3192 9.88239236608e-05
3193 6.10762549222e-06
3194 1.73973184967e-05
3195 8.10500716571e-06
3196 5.58468244796e-05
3197 2.53479118572e-05
3198 6.0194652798e-07
3199 0.000998344121014
3200 4.21372684823e-05
3201 7.09891050025e-07
3202 5.50001428055e-05
3203 5.87356618702e-06
3204 5.88580214809e-05
3205 1.51880173217e-05
3206 1.31810929487e-05
3207 0.000154103515162
3208 1.56955155045e-05
3209 1.24281861061e-05
3210 2.72889661296e-06
3211 6.23389447164e-06
3212 1.28530576062e-05
3213 2.67556087666e-05
3214 3.82410863878e-05
3215 0.0011032687831
3216 1.19543409345e-05
3217 3.55797530593e-07
3218 2.97425590873e-07
3219 2.89681897514e-08
3220 2.60573128081e-05
3221 0.000141941786352
3222 2.73748659522e-05
3223 8.72265281407e-06
3224 0.000175681207327
3225 0.000148867082686
3226 4.97154640899e-05
3227 0.000179908044208
3228 2.93026201789e-07
3229 1.43608031968e-05
3230 1.42717375387e-06
3231 0.0
3232 1.70290010768e-05
3233 0.000118715250809
3234 0.000115507880822
3235 2.13804977205e-05
3236 2.26276672532e-07
3237 8.51831006639e-06
3238 3.47814558789e-05
3239 6.38410226823e-06
3240 0.000290169307328
3241 0.000316044095326
3242 2.20559040447e-06
3243 9.77809999753e-06
3244 1.51540994036e-05
3245 1.34486267246e-06
3246 1.05831281312e-05
3247 3.21398621506e-06
3248 3.60298131278e-05
3249 5.5296691132e-05
3250 2.92718808851e-06
3251 1.17614951799e-05
3252 4.46937784736e-07
3253 6.58746794503e-05
3254 0.000608957269053
3255 1.90756529384e-06
3256 1.74156749385e-05
3257 0.000125005672543
3258 1.79373821609e-05
3259 6.11151096927e-05
3260 1.47382570322e-05
3261 3.51254092821e-05
3262 5.87625094909e-05
3263 3.91569622713e-06
3264 0.000204359599191
3265 6.45814136659e-06
3266 2.15823240423e-05
3267 8.02447610961e-08
3268 0.000131986232756
3269 0.0
3270 4.46038494146e-06
3271 2.77664134583e-08
3272 1.84033205479e-07
3273 0.000120038657105
3274 0.000150194200733
3275 8.50238185127e-05
3276 2.16992688475e-05
3277 1.78403056378e-05
3278 0.000100989887269
3279 1.69133891095e-05
3280 1.89632306922e-05
3281 9.39311833356e-05
3282 4.80355718423e-06
3283 0.0
3284 1.6513553444e-07
3285 3.04944083355e-05
3286 1.27850106429e-05
3287 1.46227190046e-05
3288 2.63966387192e-05
3289 0.00025254346739
3290 2.17684878513e-05
3291 2.8476372296e-07
3292 0.00015925966095
3293 1.02584249389e-05
3294 6.61390134016e-05
3295 1.02586891541e-05
3296 0.000896988704689
3297 2.27882179024e-05
3298 4.47352037575e-05
3299 1.71626390187e-05
3300 9.92611215138e-05
3301 2.50741392126e-06
3302 2.12580923291e-05
3303 0.000243290972553
3304 9.81670885768e-06
3305 4.0817423111e-05
3306 2.19563220795e-06
3307 3.77992930104e-05
3308 1.22361572006e-05
3309 1.38668000931e-07
3310 1.208666136e-05
3311 3.47618277017e-08
3312 1.96616672521e-08
3313 6.44886510291e-06
3314 0.000160880539227
3315 2.25513705762e-07
3316 2.83999939715e-06
3317 4.99638972665e-05
3318 6.26957130121e-06
3319 1.49829220867e-06
3320 5.38070874785e-05
3321 0.000103365439774
3322 0.000243685278379
3323 1.75269719504e-08
3324 1.90072476865e-07
3325 0.000168936305215
3326 1.65815699259e-06
3327 9.34450269777e-06
3328 8.69295820432e-05
3329 1.47324916772e-05
3330 6.26395231827e-06
3331 0.000155506130459
3332 5.06225643296e-05
3333 0.000109479210346
3334 6.45439864845e-06
3335 1.97294221197e-07
3336 0.00017656803654
3337 0.0
3338 1.11178502449e-05
3339 3.23001737483e-07
3340 7.3104267149e-05
3341 5.60188359127e-06
3342 1.51875595376e-05
3343 0.000296213857097
3344 5.36204080326e-06
3345 0.000114682923725
3346 9.58016966755e-05
3347 2.10281735675e-05
3348 0.00014636947661
3349 6.71604300415e-05
3350 7.82030307093e-06
3351 0.000206569138808
3352 8.64952215052e-05
3353 9.02249611968e-07
3354 0.000141418706136
3355 2.89681897514e-08
3356 0.000120909382255
3357 1.06297340348e-06
3358 3.92864785882e-05
3359 5.18377118857e-06
3360 5.74617546039e-06
3361 0.000350804785538
3362 8.31684638733e-06
3363 0.000531451123219
3364 0.023581801333
3365 6.1552615993e-06
3366 5.30851328712e-05
3367 0.000315271426789
3368 4.81561910579e-06
3369 6.49814397269e-08
3370 4.49078744466e-05
3371 1.74424602915e-07
3372 2.46409780249e-06
3373 0.0
3374 5.46555337879e-05
3375 7.69488619519e-06
3376 3.83010283782e-08
3377 0.0
3378 8.29224060495e-06
3379 8.96614744324e-05
3380 7.46793529625e-06
3381 1.23229156952e-05
3382 2.61977766952e-05
3383 1.28435117417e-07
3384 2.0254438738e-05
3385 1.01351590905e-05
3386 0.000263310645939
3387 6.87668072335e-05
3388 3.21077078989e-05
3389 6.73940052016e-06
3390 5.68550578938e-06
3391 1.1921917098e-05
3392 2.53786329744e-05
3393 4.12969583329e-06
3394 8.73014902352e-06
3395 7.41415265627e-05
3396 0.000145721668245
3397 0.000193880822324
3398 0.0001266445471
3399 8.02838840076e-07
3400 7.25933764924e-06
3401 1.55039417666e-05
3402 0.0
3403 6.97267464218e-06
3404 8.14993120735e-05
3405 3.42972126518e-05
3406 2.032863407e-06
3407 0.000563474927314
3408 0.0
3409 0.0
3410 4.08892867169e-05
3411 1.12058298093e-05
3412 0.000223121245659
3413 5.436034615e-05
3414 0.0
3415 4.24558894905e-06
3416 1.78180483929e-05
3417 0.000116804806046
3418 8.76379736546e-05
3419 5.05850371789e-07
3420 8.30127889539e-05
3421 1.52513213962e-05
3422 4.24215950408e-05
3423 2.44260051279e-05
3424 1.44013286193e-07
3425 9.04847020408e-06
3426 5.75901455544e-07
3427 7.24289731983e-05
3428 3.23001737483e-07
3429 3.94940597054e-07
3430 3.06722009132e-08
3431 6.13531737637e-05
3432 1.82003156737e-05
3433 1.73834412839e-06
3434 0.000209084707578
3435 5.34333019748e-05
3436 0.00056614316778
3437 1.2418852591e-07
3438 0.220996135664
3439 1.34489268995e-05
3440 0.000246569658981
3441 3.0361604022e-05
3442 5.1798841118e-07
3443 3.26820216663e-05
3444 0.000273926616982
3445 3.06722009132e-08
3446 0.0
3447 3.27754375473e-07
3448 1.7307884801e-07
3449 0.000332628375368
3450 6.93355463101e-05
3451 4.02113388429e-06
3452 0.0
3453 5.9016654295e-06
3454 0.0
3455 2.71089867175e-05
3456 2.07415105109e-05
3457 0.000218491609998
3458 1.06131297073e-06
3459 1.21695879702e-05
3460 1.41354865771e-05
3461 5.70210365388e-06
3462 1.4566141311e-06
3463 7.64256123898e-06
3464 4.94539573075e-05
3465 1.91460078841e-05
3466 1.36376423436e-07
3467 1.46272329426e-05
3468 0.0
3469 2.89119389964e-05
3470 5.7370028346e-06
3471 1.35670144739e-05
3472 0.000268648867748
3473 1.10158928498e-05
3474 3.4023127798e-07
3475 2.33389797352e-06
3476 2.03939505841e-05
3477 8.26576491277e-07
3478 3.75423901788e-07
3479 5.47979007628e-07
3480 1.6690191547e-07
3481 1.01069779685e-05
3482 1.58138429495e-07
3483 1.51329173453e-06
3484 1.60379309382e-06
3485 6.23503124879e-06
3486 8.60931037247e-06
3487 4.7738048975e-05
3488 1.23058845442e-05
3489 1.30642885691e-05
3490 0.0
3491 1.52869275631e-06
3492 1.15459373168e-05
3493 1.07205614013e-06
3494 3.3927171218e-05
3495 1.11607844482e-07
3496 9.18982857131e-05
3497 1.03025321554e-05
3498 1.05545014918e-05
3499 2.25141682672e-07
3500 2.40027636331e-05
3501 1.36317794746e-06
3502 4.38714879663e-05
3503 2.04481339421e-07
3504 0.000500742811982
3505 1.07451751255e-06
3506 1.59752326378e-05
3507 6.43452970221e-05
3508 5.91243187127e-07
3509 1.74897698974e-05
3510 3.69565748768e-05
3511 1.70392866197e-06
3512 8.10128510427e-06
3513 1.87573074477e-06
3514 1.22688803653e-07
3515 1.02989947221e-05
3516 1.23849867717e-05
3517 1.34370793289e-07
3518 4.50156301194e-06
3519 1.42313804347e-05
3520 8.39852986218e-07
3521 2.39816130543e-06
3522 0.0005833205389
3523 9.16431837604e-07
3524 1.58138429495e-07
3525 1.32947826526e-05
3526 3.81655676327e-05
3527 2.63980001209e-05
3528 1.02433032151e-05
3529 1.72815311557e-05
3530 3.371242953e-05
3531 6.8910211385e-07
3532 2.87442339987e-07
3533 2.3732512439e-06
3534 0.000152113220855
3535 3.94182462103e-05
3536 1.46377920219e-05
3537 0.000495975769265
3538 2.04481339421e-07
3539 1.7387876294e-06
3540 1.53686689325e-06
3541 3.02850289141e-05
3542 5.1263328799e-08
3543 0.000127767624012
3544 2.88241897374e-06
3545 0.000495182550194
3546 0.000393435346612
3547 0.000249828373058
3548 2.79035339269e-06
3549 5.97881724778e-07
3550 1.95441228258e-06
3551 2.40638400914e-05
3552 7.28159704743e-07
3553 2.01389963916e-06
3554 1.95682683422e-05
3555 1.24504266063e-05
3556 3.03868416857e-05
3557 0.000504775568209
3558 0.000227398497642
3559 5.73837858882e-05
3560 1.26208449009e-05
3561 0.0
3562 0.000526401685173
3563 1.6690191547e-07
3564 3.73857103432e-06
3565 1.1442965219e-05
3566 0.0
3567 1.4086506312e-06
3568 9.91261254333e-08
3569 5.69559803335e-05
3570 4.63609399485e-05
3571 0.0
3572 8.49326627876e-07
3573 0.0
3574 1.4269362015e-05
3575 4.81850030358e-06
3576 0.0
3577 0.000245363762633
3578 0.000117408424828
3579 8.68395655239e-06
3580 1.36376423436e-07
3581 3.77754931565e-07
3582 1.89875529463e-08
3583 0.0
3584 1.30386086377e-05
3585 7.29339245656e-05
3586 2.40703748119e-07
3587 2.44223340031e-05
3588 3.12289920929e-07
3589 3.06722009132e-08
3590 0.0
3591 1.66145103107e-05
3592 3.38846420441e-05
3593 0.000519491138612
3594 1.82182539173e-05
3595 1.01839671109e-07
3596 1.10279653038e-07
3597 0.000108794572354
3598 0.0
3599 1.37002497412e-07
3600 1.41304854317e-05
3601 9.08996185438e-07
3602 2.83950224245e-05
3603 1.72939559067e-06
3604 5.96910809315e-06
3605 0.000383817013765
3606 0.000265429645331
3607 7.97477223744e-08
3608 2.30041506849e-07
3609 1.18481559149e-05
3610 5.009287497e-05
3611 0.000498315112822
3612 0.00098143936933
3613 1.92281895463e-05
3614 1.6690191547e-07
3615 1.23537013095e-05
3616 1.43881650869e-05
3617 0.000249247367919
3618 4.48207636334e-05
3619 7.02157759438e-06
3620 8.17925357686e-08
3621 1.24741067679e-05
3622 0.000150539739088
3623 4.34206056607e-07
3624 3.55752007238e-05
3625 1.76688253471e-06
3626 2.70438303646e-05
3627 1.41029920634e-06
3628 8.52088226767e-06
3629 7.09235473016e-06
3630 1.86206611367e-05
3631 9.68302715512e-08
3632 1.14545140966e-05
3633 5.28938974932e-07
3634 0.00021869565358
3635 1.2173574222e-05
3636 1.30739626206e-05
3637 1.18632815299e-05
3638 1.74419205746e-07
3639 9.55826992903e-07
3640 8.76348597521e-09
3641 1.02028231024e-05
3642 2.76049808219e-07
3643 1.05511577813e-05
3644 2.41185260905e-05
3645 1.12098507558e-05
3646 1.3277621833e-05
3647 3.6547011786e-05
3648 2.28671046808e-07
3649 3.89835739827e-05
3650 1.6690191547e-07
3651 0.0
3652 0.000139397810131
3653 3.67044004262e-07
3654 0.0
3655 1.32930149495e-06
3656 1.32191432132e-07
3657 4.47050162607e-06
3658 1.3886141868e-07
3659 4.1052668135e-06
3660 1.2397143753e-06
3661 6.63384420837e-07
3662 2.00973365952e-07
3663 3.37745634685e-06
3664 1.11415644808e-05
3665 1.70241591735e-06
3666 1.42051071172e-07
3667 2.05756003442e-08
3668 7.35176048122e-06
3669 9.43760028099e-09
3670 0.0
3671 1.11508567307e-05
3672 8.87666071654e-07
3673 0.000163314392287
3674 1.95331679034e-07
3675 0.000190070803968
3676 1.3437345162e-07
3677 0.0
3678 0.000300431085501
3679 1.13847604472e-05
3680 2.03868780604e-06
3681 3.82739129787e-05
3682 2.00315117038e-06
3683 6.66569332487e-07
3684 6.50615678284e-06
3685 0.000275861210046
3686 1.10603387722e-05
3687 0.0
3688 1.29802645945e-05
3689 0.0
3690 0.0
3691 3.06110348118e-05
3692 0.0
3693 0.000423005577441
3694 1.35898066726e-05
3695 3.22729940817e-07
3696 1.6690191547e-07
3697 2.65290194883e-07
3698 8.72313109563e-06
3699 1.19725268206e-05
3700 0.0
3701 0.0
3702 6.93775973037e-07
3703 0.000149451159442
3704 8.30747383814e-06
3705 0.0
3706 7.30729349898e-05
3707 4.757607492e-05
3708 1.15642538196e-05
3709 8.38516837774e-08
3710 0.0
3711 1.20625018133e-05
3712 4.82295211743e-05
3713 1.79784015423e-06
3714 1.17054688114e-05
3715 4.83363493488e-05
3716 1.08406910386e-05
3717 0.0
3718 0.0
3719 5.85316091354e-05
3720 4.08482866427e-05
3721 1.24927665665e-06
3722 0.000418836632573
3723 2.24241458887e-05
3724 7.97769033784e-06
3725 2.49467234094e-07
3726 6.34588396527e-07
3727 1.5355618165e-06
3728 4.1082160011e-07
3729 1.28940105462e-05
3730 0.0
3731 1.07897337593e-05
3732 2.23806081251e-05
3733 0.0
3734 0.0
3735 2.25591419186e-05
3736 1.09047845077e-05
3737 4.6193964113e-06
3738 2.58299397817e-05
3739 2.00960600543e-05
3740 2.20889894455e-07
3741 1.31930525032e-05
3742 8.79993033278e-06
3743 8.17925357686e-08
3744 6.34588396527e-07
3745 0.0
3746 2.44355200609e-07
3747 0.0
3748 4.2814232032e-06
3749 0.0
3750 7.61692989345e-08
3751 0.000154738471906
3752 9.20166027397e-08
3753 0.000247878467673
3754 1.23556686465e-05
3755 3.24156035019e-07
3756 1.599179549e-06
3757 0.00028800297994
3758 3.66783075535e-07
3759 1.81257440454e-05
3760 2.0306527927e-06
3761 6.97119232567e-06
3762 1.29645947171e-05
3763 5.06365439481e-06
3764 1.4513711648e-05
3765 3.51696227318e-05
3766 1.67679976453e-06
3767 1.22688803653e-08
3768 1.11932109208e-06
3769 3.81759933715e-05
3770 4.20970899192e-07
3771 1.3591792481e-06
3772 7.77809548001e-07
3773 2.20430474296e-06
3774 1.09873201976e-05
3775 9.21609109832e-07
3776 1.77530697377e-06
3777 1.11833588651e-06
3778 1.21476521999e-05
3779 1.10461430345e-05
3780 1.55880864392e-05
3781 4.26902507703e-06
3782 1.75269719504e-08
3783 4.35658368605e-05
3784 2.23070552096e-08
3785 1.33907859565e-05
3786 6.88783505273e-06
3787 3.6731249661e-05
3788 7.15684687975e-08
3789 3.31439336692e-06
3790 0.000495227732708
3791 1.33102204685e-05
3792 1.58020820582e-05
3793 1.41318036791e-05
3794 6.84850415729e-05
3795 5.1744107764e-05
3796 1.04477952602e-07
3797 5.98722819286e-06
3798 0.000177242179951
3799 0.0
3800 3.10616213828e-06
3801 3.48504134732e-05
3802 0.000495049322739
3803 1.20183403956e-05
3804 2.69977363198e-05
3805 3.10034240196e-05
3806 1.92634416819e-06
3807 1.13633201479e-07
3808 0.0
3809 0.0
3810 2.9140487944e-06
3811 5.46512725067e-05
3812 0.0
3813 5.06664860288e-07
3814 0.0
3815 1.08521167993e-07
3816 9.05233289208e-08
3817 6.68406648074e-08
3818 2.91980142203e-06
3819 2.38652383249e-05
3820 1.55894040139e-07
3821 0.0
3822 1.96292868164e-05
3823 3.7016705391e-05
3824 2.67579425141e-06
3825 2.7426721445e-05
3826 2.36297597344e-05
3827 3.85114112203e-05
3828 2.46257792326e-07
3829 1.42652452101e-05
3830 3.75172254154e-05
3831 0.00285658204777
3832 1.31290998885e-05
3833 7.5943496232e-06
3834 6.0208646661e-05
3835 6.77266981781e-08
3836 1.17424261355e-05
3837 5.39623076848e-06
3838 6.37752780718e-07
3839 5.2015489967e-05
3840 1.817351945e-06
3841 8.64161071845e-08
3842 0.000255897699306
3843 1.76099196755e-05
3844 9.28791214786e-06
3845 0.0
3846 9.8727817465e-06
3847 0.0
3848 3.74388042025e-06
3849 7.62236822695e-08
3850 3.06722009132e-08
3851 1.20245861923e-05
3852 0.000161720946437
3853 7.42237658288e-06
3854 0.0
3855 0.0
3856 2.46884703496e-05
3857 0.0
3858 2.05911278858e-08
3859 1.56389919035e-05
3860 7.94853520773e-07
3861 1.86170105125e-05
3862 0.000387677374231
3863 9.86757896398e-07
3864 3.66459771863e-07
3865 0.0
3866 1.07946384772e-05
3867 1.3247649737e-05
3868 1.27467267477e-05
3869 4.44274692766e-07
3870 5.93469503156e-05
3871 3.85263874342e-05
3872 8.76348597521e-09
3873 0.000383676840915
3874 1.73672739547e-05
3875 8.42356894344e-08
3876 0.0
3877 1.07937090166e-05
3878 0.000276054976381
3879 9.55345118985e-06
3880 0.0
3881 1.70361329947e-06
3882 2.55711381121e-06
3883 9.15713101034e-06
3884 1.6690191547e-07
3885 1.78878073634e-05
3886 0.0
3887 2.41609763749e-05
3888 0.000495230512658
3889 2.28520703204e-06
3890 4.66955276385e-06
3891 1.62903467072e-07
3892 0.000509669304097
3893 7.21098030128e-08
3894 2.77763142025e-07
3895 4.35837369167e-07
3896 1.09278801146e-05
3897 1.45284821942e-05
3898 0.0
3899 7.19001531908e-07
3900 0.0
3901 4.08683097472e-05
3902 1.13717107195e-06
3903 1.84255764832e-05
3904 1.42276714151e-05
3905 7.54018180605e-07
3906 2.58961010567e-07
3907 1.56139709452e-05
3908 1.45570562364e-05
3909 2.25000007087e-06
3910 3.75660141076e-05
3911 0.0
3912 0.0
3913 1.15837350981e-07
3914 6.29789323798e-06
3915 1.06237760646e-06
3916 2.7442511477e-06
3917 8.15046574433e-07
3918 2.40318685856e-07
3919 0.00103216451921
3920 8.76348597521e-09
3921 1.99484382014e-07
3922 0.00100206440401
3923 0.0
3924 2.6270635755e-07
3925 6.27928087607e-06
3926 2.45377607306e-08
3927 0.000325412573688
3928 8.58957394863e-06
3929 1.70006924901e-06
3930 3.31619174529e-06
3931 4.72798216738e-05
3932 3.94118478304e-05
3933 6.95236554033e-08
3934 3.17526837972e-06
3935 3.72733221572e-06
3936 0.0
3937 1.07971170389e-05
3938 2.48894340144e-05
3939 0.00857890172412
3940 0.0
3941 3.94978149638e-06
3942 1.25583271633e-05
3943 0.0
3944 0.000104430948476
3945 2.63804336112e-06
3946 2.18407130204e-05
3947 1.75269719504e-08
3948 4.12385807051e-05
3949 0.000170536903028
3950 0.000248510032026
3951 6.24049619874e-06
3952 4.88083002701e-05
3953 2.04481339421e-08
3954 6.13444018264e-08
3955 0.00013691126501
3956 9.03803956358e-06
3957 5.00227472644e-06
3958 4.94351195196e-06
3959 9.75555190979e-06
3960 0.0
3961 9.8487861752e-07
3962 5.93326907826e-06
3963 0.000260972511115
3964 1.13633201479e-07
3965 2.91051302847e-06
3966 0.0
3967 3.07553951074e-05
3968 1.70505569856e-06
3969 0.000425928502182
3970 4.69523911984e-05
3971 4.74445062735e-07
3972 2.84074022908e-05
3973 3.941449815e-07
3974 1.18149724677e-05
3975 0.0
3976 8.38516837774e-08
3977 2.51859460805e-05
3978 1.08336315638e-05
3979 1.35891598562e-07
3980 1.80228305918e-06
3981 0.0248076420671
3982 5.5502077843e-08
3983 1.58589884531e-06
3984 0.0
3985 0.0
3986 9.61062295281e-08
3987 3.69234875755e-07
3988 0.0
3989 2.52534454186e-07
3990 0.000488260542271
3991 0.0
3992 2.04481339421e-08
3993 0.0
3994 6.44116219178e-08
3995 6.54924518547e-07
3996 6.39150243792e-07
3997 1.53361004566e-07
3998 3.09351054925e-07
3999 2.20985904675e-06
4000 1.22688803653e-07
4001 6.12421611567e-07
4002 0.0
4003 4.8053114764e-07
4004 0.0
4005 8.72112912633e-07
4006 0.0
4007 0.0
4008 0.0
4009 0.0
4010 2.46838188302e-07
4011 0.0
4012 2.04481339421e-08
4013 0.0
4014 1.02240669711e-07
4015 1.46510879695e-06
4016 0.0
4017 0.0
4018 6.92315392041e-07
4019 2.97958523157e-08
4020 2.07694617612e-07
4021 5.60278870015e-07
4022 6.35060617003e-07
4023 0.0
4024 4.47741104283e-06
4025 0.0
4026 0.0
4027 3.96839856577e-07
4028 5.76637377169e-07
4029 0.0
4030 0.0
4031 4.54211478095e-06
4032 0.00170926360585
4033 0.0
4034 0.0
4035 0.0
4036 0.0
4037 0.0
4038 7.15684687975e-08
4039 6.33892152207e-07
