node,pagerank
1 0.00565545034613
2 0.000325951243144
3 0.000183500418084
4 0.000221591570169
5 0.000237144031472
6 0.000179636638631
7 0.000188769451262
8 0.000224598597057
9 0.000210795697586
10 0.000632470549417
11 0.000141659816435
12 9.86166844137e-05
13 8.46666498881e-05
14 0.000409941912832
15 0.000253242312911
16 8.25322948859e-05
17 0.00012245108548
18 0.000218577371289
19 6.89094017459e-05
20 0.000320313337675
21 0.000249052906226
22 0.000624560219304
23 0.000137197573825
24 0.000363510597286
25 0.000193491573552
26 0.000681997146296
27 0.000542247772637
28 0.000120881498834
29 0.000213555150849
30 0.000154229634318
31 0.000173067251429
32 0.000280451847306
33 0.000151364274974
34 0.000102636670965
35 0.000114863604624
36 0.000102471803847
37 0.00016266226067
38 9.50732948226e-05
39 0.000125864398874
40 0.00015606432078
41 0.000535588539282
42 0.000391217701089
43 7.88977068429e-05
44 4.40660192888e-05
45 0.000119695112257
46 0.000129086354762
47 0.000113287392375
48 6.97520049083e-05
49 0.000229451227991
50 0.000136967230274
51 0.00012495314743
52 0.000111230557352
53 7.23447327993e-05
54 0.000492212265686
55 0.000102432526632
56 0.00015305202669
57 0.000707914731684
58 0.000181502404293
59 0.000202350413389
60 0.000172679414815
61 9.38253570589e-05
62 8.20097121353e-05
63 0.000216921072267
64 7.84919292099e-05
65 0.00012408381696
66 0.00012065317971
67 0.000140673564358
68 0.000612357562956
69 0.000181501370176
70 0.000115561216418
71 6.71098466406e-05
72 8.80826084571e-05
73 0.00020478606384
74 0.000130907332072
75 4.64861416103e-05
76 0.000146841094313
77 7.02652248595e-05
78 9.98183660708e-05
79 0.000166179095391
80 0.000122166921854
81 0.000260724923109
82 9.45093203056e-05
83 0.000364010922882
84 0.000111230557352
85 0.000154094706864
86 0.000145495028471
87 0.000130127388142
88 0.000141231585686
89 0.000223900900362
90 0.000170951434341
91 7.8894627103e-05
92 0.000186481282235
93 0.000235440017889
94 0.000146618541266
95 0.000245600100513
96 0.00013395484488
97 0.000118566895916
98 9.59228096122e-05
99 0.000464159414885
100 0.000255724879326
101 0.000149359111161
102 0.0002200864674
103 0.000130827754992
104 0.000143311478721
105 0.000319358361781
106 0.000139951441022
107 0.00010279430012
108 0.00689140441075
109 0.000166626360947
110 0.000356046808174
111 0.000122544870454
112 0.000239128014057
113 8.65428841357e-05
114 0.000445697275897
115 4.64861416103e-05
116 0.000338499636553
117 0.000259919992077
118 9.22360146577e-05
119 0.000313637320686
120 0.000588109115209
121 7.75087355521e-05
122 0.000134306853294
123 0.000499765533358
124 0.000155945948129
125 9.29841505791e-05
126 6.378513266e-05
127 0.00010280658708
128 0.000203965633438
129 0.000229571765171
130 0.000100031837319
131 0.000183210638844
132 0.000146387479085
133 0.000163581377023
134 0.00018235373862
135 0.000165986003609
136 0.00014618642946
137 0.000559000955677
138 0.000266624008393
139 6.26346206362e-05
140 0.000132381733301
141 0.000181102971765
142 0.000233699119334
143 0.000378498692962
144 0.000231658341998
145 0.000234888275996
146 7.8894627103e-05
147 0.00011528580945
148 0.00013234960627
149 0.000187148008582
150 0.00021781923352
151 0.000165463159489
152 0.000126063798489
153 9.58063510939e-05
154 5.31296332632e-05
155 6.65225489663e-05
156 8.64812751952e-05
157 0.000137654444541
158 9.08935367737e-05
159 0.000227971972493
160 0.000168472164384
161 6.04438493938e-05
162 0.000211386332707
163 0.000139414444718
164 0.000104136826144
165 6.26657269686e-05
166 0.000116014170064
167 9.73071714959e-05
168 0.000135447341025
169 0.000132593266215
170 0.000343216837507
171 0.000434406798393
172 0.000355555408121
173 0.000372677366929
174 0.00019585067014
175 0.000111904011372
176 0.000316355028525
177 0.000135600873624
178 0.000218520514921
179 0.000150299757383
180 0.000113656777523
181 0.000227121294643
182 0.000182725429502
183 0.000101027145249
184 5.51262978425e-05
185 0.000222574265345
186 0.000223963905897
187 0.000384989661772
188 0.000191163806265
189 0.00041152833094
190 0.00012408381696
191 8.51235575471e-05
192 6.33806152054e-05
193 0.000151318898181
194 0.000124899912231
195 0.000215591807274
196 0.000166179095391
197 0.000153384660435
198 0.000203185185014
199 0.000247965874325
200 0.00038237301535
201 0.000488370275886
202 0.000101543092418
203 8.97917765109e-05
204 0.000504051091677
205 0.000240526595141
206 7.23447327993e-05
207 7.98513057945e-05
208 5.93855873347e-05
209 8.67770030737e-05
210 4.64861416103e-05
211 4.64861416103e-05
212 0.000304380415651
213 0.000162961959737
214 0.000378738010188
215 0.00027747232014
216 4.64861416103e-05
217 6.37127066239e-05
218 0.000133635683709
219 0.000166179095391
220 0.000140463680786
221 9.41010315966e-05
222 9.53121760315e-05
223 0.000125012117445
224 0.00021361151568
225 0.000238466551444
226 0.000199082160427
227 0.000215912896507
228 0.000285205056918
229 6.8533809176e-05
230 9.33431711475e-05
231 0.000216701891115
232 0.000190283197886
233 0.000205124091863
234 8.10047810417e-05
235 5.28522296977e-05
236 7.75118943415e-05
237 0.000320269579825
238 0.000111230557352
239 0.000191663588558
240 0.000522413475738
241 7.03138641643e-05
242 7.57559523076e-05
243 0.000258385417784
244 0.000161091881556
245 8.10047810417e-05
246 0.000115679350292
247 0.000142093850245
248 7.2385249045e-05
249 0.000182039049313
250 0.000263247018026
251 7.34412364527e-05
252 0.000183431861501
253 0.000486514308681
254 9.59228096122e-05
255 0.000198957157244
256 7.57559523076e-05
257 8.10047810417e-05
258 0.000173584372234
259 0.000147814769471
260 0.000186481282235
261 0.000130954167794
262 0.000337439985622
263 9.41010315966e-05
264 0.000148609501194
265 0.000122544870454
266 0.000224731916448
267 0.000208719280869
268 6.06223994846e-05
269 0.000110806945669
270 0.000117835507119
271 7.95121702001e-05
272 0.000600290934124
273 0.000404241136964
274 0.000166179095391
275 0.000140690080385
276 0.000182725429502
277 0.000162622863357
278 0.000550784985616
279 0.00020102429673
280 6.11181098544e-05
281 0.000381611551875
282 0.000201076662007
283 8.10047810417e-05
284 8.67432402366e-05
285 0.000202673869194
286 0.000403858324798
287 7.33700415946e-05
288 4.64861416103e-05
289 6.64073169983e-05
290 9.09058585886e-05
291 0.000133397181877
292 0.000338015077994
293 4.64861416103e-05
294 8.65428841357e-05
295 6.74783684617e-05
296 0.000110109831172
297 0.000148609501194
298 0.000196249859886
299 0.000112757088028
300 0.000228130112443
301 0.000105145241449
302 0.0001145589545
303 0.000224306902442
304 0.00019180046006
305 0.000443644350876
306 6.01773992897e-05
307 0.000166179095391
308 9.82604511524e-05
309 0.000209363293096
310 0.00014618642946
311 0.000219031539905
312 9.31349370026e-05
313 0.000415261472896
314 0.000318783683527
315 0.000133802670903
316 0.000477418747734
317 5.60634713438e-05
318 9.59308387726e-05
319 0.000113617602837
320 0.000170951434341
321 0.000257573011579
322 7.90026430404e-05
323 0.00057375140314
324 0.000344998642666
325 0.000264335388365
326 0.000321569173904
327 0.000286718739738
328 0.00010222398621
329 0.000166179095391
330 0.00032160933966
331 0.000187903419333
332 0.00019948923272
333 0.00037722353153
334 0.000138232501579
335 0.000233422284285
336 4.64861416103e-05
337 6.28843243829e-05
338 0.000163938726083
339 9.64062003699e-05
340 0.00027739611757
341 8.73074658158e-05
342 0.000119335170332
343 0.00027914164519
344 0.000277178197021
345 0.000105721878693
346 0.000153089648227
347 0.000297088374872
348 0.000101767524266
349 0.00224299016969
350 8.25189174615e-05
351 0.000219387760616
352 0.000127387465101
353 0.000172336328503
354 0.000623017197645
355 0.000229409952317
356 0.000309715770792
357 8.75369688509e-05
358 0.000201690324457
359 4.56462960345e-05
360 0.000241005073175
361 0.000334789872778
362 0.000221179437097
363 0.000170336401827
364 0.000571450563852
365 0.000203194684769
366 7.21200959216e-05
367 0.00061567341001
368 0.000254072701224
369 0.000233032174805
370 0.000265178076901
371 0.000509278288465
372 6.9619038605e-05
373 0.000176891087206
374 0.000637369237189
375 0.000423970411076
376 0.000140999613324
377 0.000835162349535
378 6.86441773445e-05
379 0.000380314414454
380 6.5628996618e-05
381 0.000145041206681
382 0.000149502833574
383 0.000129761535588
384 8.10480472368e-05
385 9.29028831789e-05
386 7.69920682646e-05
387 9.68543246701e-05
388 0.000268940336014
389 0.000247523786179
390 0.000424717317401
391 7.68919194404e-05
392 0.000392226730697
393 0.000248139361579
394 0.000160869858152
395 0.000247299049389
396 0.000560343779506
397 0.000234405331951
398 0.000392798969986
399 0.000227612292059
400 0.000181304193607
401 0.00049869079345
402 7.31760780963e-05
403 0.000399433968605
404 0.000180523864635
405 0.000315284624629
406 0.000127042977375
407 8.89416431568e-05
408 0.000166845883443
409 0.000379433635092
410 0.000233220136002
411 0.00014979270454
412 9.01670436346e-05
413 0.000686445273996
414 0.000159496810312
415 0.00177592174039
416 0.000191732134833
417 0.000162190452101
418 0.000385216060046
419 0.000174918146094
420 0.00041619808214
421 0.000226074305893
422 0.000194425623886
423 0.000517953673706
424 0.000397050534071
425 0.000198293308688
426 0.000171559842396
427 0.000161781250971
428 0.000125777109088
429 0.000690584424431
430 0.000129821614408
431 0.000250413732281
432 0.000473433533393
433 0.00034513113946
434 0.000130610433721
435 0.000246173463831
436 0.000126351176731
437 0.000434043841639
438 0.000220002672037
439 0.000477069736334
440 0.0003063152174
441 0.00013058364942
442 0.000181304193607
443 0.000114284680312
444 6.99503258783e-05
445 0.000324992316037
446 0.000206074294836
447 0.000153903961196
448 4.56462960345e-05
449 5.87767544576e-05
450 0.000120588389391
451 0.000193776605798
452 0.000181071260479
453 0.000328228923357
454 0.000142055750658
455 8.72414837498e-05
456 0.000310624920551
457 0.000385430853198
458 0.000222653868591
459 0.000211583910767
460 0.000133137734837
461 0.000466327347518
462 0.000354927070148
463 0.000181098895609
464 0.000340220661815
465 0.000111103100199
466 0.000530499838376
467 0.000111595450296
468 0.000105256209361
469 6.99503258783e-05
470 0.000215177156764
471 0.000163774507611
472 0.000191464677975
473 9.51507107547e-05
474 0.000225361226626
475 0.000185494524939
476 0.000766238477934
477 0.000141092421071
478 0.000147942710371
479 0.000105555993906
480 0.000243950511356
481 0.000104267145351
482 0.000238520939525
483 0.00022561742268
484 0.0021606380348
485 0.000606842157982
486 7.75710113449e-05
487 0.000189455722414
488 0.000219715858226
489 0.000195059701233
490 0.000209931189029
491 0.000135139141808
492 0.000120487278404
493 0.000404768967204
494 0.000370599493096
495 0.000164668263223
496 0.000172622745193
497 0.000298582111318
498 0.000581455512311
499 0.000138154453186
500 8.27542246818e-05
501 0.000573400093545
502 0.000181304193607
503 0.000109865507516
504 0.000369990284594
505 0.000393846059892
506 0.000151158110486
507 0.000488699432847
508 0.000416624666481
509 0.000153315137798
510 0.000171090397454
511 0.00022482226861
512 0.000195174006961
513 0.000204272275987
514 0.000667724032363
515 0.000384782003333
516 0.000400873850021
517 0.000212477952104
518 0.000654886835707
519 0.000206042456395
520 0.000202686099503
521 0.000345371472858
522 0.00011840908017
523 0.000128460093684
524 0.000313388632123
525 0.00039228624509
526 0.000433121009224
527 0.000556587118412
528 0.000299986057343
529 0.000117676997725
530 0.000109907046582
531 6.94776902166e-05
532 0.000361152405086
533 0.000233210991199
534 9.33803927708e-05
535 0.000104687307227
536 0.000112449994135
537 0.00016283247745
538 0.000272706507565
539 0.000560600313226
540 0.000203416953843
541 9.35749107246e-05
542 0.000106420495329
543 0.000386682139397
544 0.000187735761078
545 0.000431625577855
546 0.000334482446729
547 0.000238098938244
548 0.000255666950906
549 0.000237929899434
550 0.000106542408708
551 4.56462960345e-05
552 0.000188875857297
553 9.29028831789e-05
554 0.0005773942014
555 0.000196101474414
556 0.000287671286211
557 0.000362337183742
558 0.000267290072031
559 0.000164319472196
560 0.000526202445264
561 0.000209882777753
562 0.000498009519279
563 7.60226226539e-05
564 0.000726219195186
565 0.000207488902252
566 0.00015013304785
567 0.000594019924565
568 0.000463205595559
569 0.000133676957515
570 0.000126023126345
571 0.00025017479042
572 5.23552624405e-05
573 0.000105256209361
574 0.000342543604944
575 0.000142919264416
576 0.000148611168888
577 0.000170797393561
578 0.00024776765715
579 0.000268189670722
580 0.000413581159277
581 0.000621189597392
582 8.12276582522e-05
583 0.000237915849671
584 0.000279019440757
585 0.000187198065185
586 4.66536885309e-05
587 8.94482370845e-05
588 0.0001012094603
589 0.000167630790507
590 0.000226054439576
591 0.000148780249897
592 0.00029823573206
593 0.000459594143841
594 7.1870936179e-05
595 0.000209455979656
596 0.000218546478036
597 0.000350155587196
598 0.000238301301857
599 0.000183020295017
600 0.000258761073473
601 0.000269177995663
602 0.000186420643803
603 4.66536885309e-05
604 0.000204159543976
605 0.000240606883037
606 0.000202579390484
607 0.000543788890162
608 4.66536885309e-05
609 4.66536885309e-05
610 0.000295766828494
611 6.83333978736e-05
612 0.000185440967528
613 0.000175338498544
614 4.66536885309e-05
615 0.000203202580449
616 0.000269331507227
617 0.000238836829848
618 0.000282731082112
619 0.000265508302375
620 0.000277998799625
621 0.000200876766431
622 0.000108567582695
623 0.000167334176977
624 0.000196637650277
625 4.66536885309e-05
626 0.000235989933616
627 0.000168525371921
628 0.000268189670722
629 0.000152475737865
630 0.000104268714819
631 0.000403520239618
632 0.000147727657823
633 0.000249098594386
634 0.000174702905056
635 0.000145808235387
636 0.000243807883641
637 0.00026670833262
638 0.000648994338323
639 4.66536885309e-05
640 0.000135131114283
641 0.000258186323895
642 0.00042196230349
643 8.12276582522e-05
644 0.000269177995663
645 0.000266009482637
646 0.000218950924488
647 0.000124456705557
648 0.000218561675144
649 5.63048959241e-05
650 8.29237691298e-05
651 0.000248942706309
652 0.000479173909223
653 5.79381806654e-05
654 0.000290191771414
655 0.000340533176208
656 9.02374949772e-05
657 5.13280862903e-05
658 0.000107396639996
659 0.000268189670722
660 0.000268189670722
661 6.80176937216e-05
662 0.000269177995663
663 0.000268605494454
664 0.000123871841147
665 0.000195652216655
666 0.000210546604391
667 0.000192847410416
668 6.8931214792e-05
669 4.66536885309e-05
670 0.000227324822976
671 0.000257774125108
672 6.9024182166e-05
673 0.000108410671864
674 6.34053852549e-05
675 4.66536885309e-05
676 0.000258499058947
677 0.000137565655752
678 0.000242157728422
679 0.000280970346187
680 0.000103190800819
681 0.000284621095881
682 0.000259320659245
683 0.000167429820547
684 0.000222847517164
685 0.000226303102963
686 0.000192952765543
687 0.00212293263554
688 0.000275928212805
689 0.000442495407891
690 0.000153675442739
691 0.000109857555243
692 0.000120940471818
693 4.7786280463e-05
694 0.000151069967221
695 0.000492530966266
696 0.000387802100684
697 0.00026055786333
698 0.000514879623977
699 0.00128588037531
700 6.2846078831e-05
701 9.64424747535e-05
702 0.000203864923111
703 0.000155331062374
704 0.000448923105228
705 8.70981227228e-05
706 0.000652348567617
707 0.000174957058784
708 0.00017975680074
709 0.000307943119818
710 0.000178812411138
711 9.7010340534e-05
712 0.000202705450648
713 0.000224954809805
714 0.000701417307129
715 0.000246415563978
716 0.000115735478146
717 0.000138248463383
718 0.000121432736178
719 0.000290426274161
720 0.000616861165203
721 0.000213912736452
722 7.92611643378e-05
723 0.000155436605381
724 0.000138278918827
725 0.000451006373641
726 0.000152856524146
727 0.000324987641414
728 0.000266422629182
729 0.000366864630218
730 0.000229754070834
731 0.000170427766372
732 0.000239210086269
733 0.000254164961585
734 0.000129870723347
735 0.000248152727118
736 7.95231469126e-05
737 0.000228888898118
738 0.000166238942401
739 0.000247100804329
740 0.000300733012166
741 0.000126845046362
742 0.000182217344586
743 0.000183712207962
744 7.70122577443e-05
745 5.77416336181e-05
746 0.000561402041034
747 0.000159138283929
748 0.000574417712446
749 0.000203458232328
750 7.31037396895e-05
751 5.72931300528e-05
752 0.000133176462346
753 0.000336868888062
754 0.000187183921953
755 0.000274691843564
756 0.000203949418776
757 0.000112894695549
758 0.000118798745059
759 0.000210518758014
760 0.00012223991112
761 0.000285536459114
762 9.78321146404e-05
763 0.0001425310573
764 0.000169663516033
765 0.000273259130194
766 0.000157898171206
767 0.000323068100131
768 0.000152327787059
769 0.000225939440667
770 0.000216067213535
771 0.000301662146263
772 0.000250355486767
773 0.000193695010245
774 0.000326711481266
775 0.000361896342153
776 7.31037396895e-05
777 0.000231735911545
778 0.000192193470856
779 0.000169918615091
780 0.000188910499117
781 0.000312728666366
782 0.00051903042074
783 0.00021572905353
784 0.000192905353301
785 0.000403944553368
786 7.12208922845e-05
787 0.000145983061537
788 0.000290835495822
789 9.24402466664e-05
790 0.000225992590255
791 8.3595886606e-05
792 0.00013719989597
793 0.000233514493798
794 0.000220252205759
795 0.000153345890937
796 0.000200879739238
797 0.000132846992045
798 0.000268860698981
799 0.000152762713519
800 0.00015179651523
801 0.000376811610206
802 4.7786280463e-05
803 0.000106427849637
804 0.000235506996896
805 0.00025945996647
806 0.000612951578168
807 0.000265997412523
808 0.000207913055931
809 0.00011913457798
810 0.000193275412578
811 0.000293904555351
812 0.000141257987264
813 0.000103551533255
814 0.000142112842344
815 0.000251936469322
816 0.00035454162738
817 0.000156729412949
818 0.000245064763071
819 0.000256001276791
820 0.00033649644459
821 0.000355456644837
822 0.000112104512804
823 0.000255466467168
824 0.000528204685914
825 0.000551046887207
826 0.00013677900421
827 0.000129132012214
828 0.000427790310319
829 0.000774147678753
830 0.000344625976505
831 0.000527987195599
832 0.00016446724248
833 8.57056779066e-05
834 0.000264515513308
835 0.00039855519282
836 0.000206267244994
837 0.000143087779583
838 0.000150114955857
839 0.000212324522457
840 0.000258979784099
841 0.000269680522832
842 6.12783010312e-05
843 0.000341695395173
844 0.000145280371852
845 0.000149349033599
846 0.000226282221248
847 0.000100531027183
848 0.000255069416356
849 0.000233964102985
850 0.000299502751472
851 0.000154978159606
852 6.36342107249e-05
853 0.000121432736178
854 0.00041871977669
855 6.39738067542e-05
856 0.000121432736178
857 0.000502659162721
858 0.000200984275618
859 0.000151619178049
860 7.59553997722e-05
861 5.89266596843e-05
862 0.000184411000762
863 0.000298973452914
864 0.000205919019659
865 0.000131120897889
866 9.71503056535e-05
867 0.000156236514759
868 0.000219622961843
869 9.71503056535e-05
870 0.000120829589055
871 0.00020595882328
872 0.000193936100603
873 0.000193463456536
874 0.000168912770609
875 0.000193463456536
876 5.19985458176e-05
877 0.000205919019659
878 0.000121546635314
879 0.000188997283342
880 0.000180626670335
881 0.000107586286636
882 0.000205055479624
883 0.000156928207921
884 5.19985458176e-05
885 0.000117440705249
886 0.00025162573031
887 0.000161585645769
888 0.000168912770609
889 0.000171587314901
890 0.000238027704325
891 0.00012128861464
892 5.19985458176e-05
893 5.19985458176e-05
894 0.000110470785558
895 0.000129789162771
896 0.000178826261979
897 0.000587195717679
898 0.000269987682225
899 0.000204262211282
900 6.84542353672e-05
901 0.000126346382981
902 0.000273336171358
903 0.000239129733697
904 0.000271335901892
905 8.52473909624e-05
906 0.000133140449484
907 0.00029882122791
908 8.67071071656e-05
909 0.000290012289103
910 0.000175052387689
911 9.79107811795e-05
912 4.28617647168e-05
913 0.000126350598386
914 0.0002792232771
915 0.000123122125156
916 0.000221311980055
917 0.000446402170725
918 0.000708907010947
919 4.28617647168e-05
920 0.00016595506022
921 0.000101211552166
922 0.000340568808549
923 0.00015373975145
924 0.000102331200746
925 0.000354951910742
926 0.000512791099662
927 0.000106362199132
928 0.000298984614881
929 0.000114645095143
930 8.68800360689e-05
931 0.000337694219903
932 0.000135767676801
933 0.000239814335929
934 0.000156523859226
935 0.000303328285549
936 7.47809370318e-05
937 0.000231054662292
938 9.5687310367e-05
939 0.000235572972036
940 0.000167120614559
941 0.000138103146335
942 0.000320932346336
943 0.000331998265429
944 0.000118400619718
945 0.000271458642177
946 5.35599179545e-05
947 0.000505933916149
948 0.000378328588445
949 0.000241203722625
950 0.000171052688086
951 0.000115732934695
952 0.000168709713739
953 0.000294000038249
954 0.000354462859686
955 0.000301827249684
956 0.000161706330805
957 0.000155497850228
958 0.000323902481108
959 0.000201777577356
960 0.000189734218612
961 0.000338772410178
962 0.000143616929139
963 0.00019418305686
964 0.00026383586531
965 0.000205644522642
966 0.000131917383921
967 0.000346481185526
968 0.000356289506497
969 0.000264981019289
970 0.000179783484438
971 0.000157627832525
972 0.000193575163209
973 9.98210591231e-05
974 0.000146135115541
975 0.000116795118014
976 0.000285134808792
977 0.000164011617184
978 0.000214925430265
979 0.000342001035287
980 0.00015933863045
981 0.000412676496651
982 0.000244303345124
983 0.000255616934488
984 0.000222085612163
985 0.000222175860958
986 9.25363729818e-05
987 0.000105822948251
988 9.15245075133e-05
989 0.000209208458527
990 0.000181143696957
991 0.00026962933681
992 0.000163484107204
993 0.000249809669223
994 0.000467289848873
995 0.000163211472391
996 0.000293342419512
997 7.13365897023e-05
998 0.000330216829063
999 8.0741619734e-05
1000 0.000292485787955
1001 0.000175061120559
1002 0.000234752902104
1003 0.000114608554465
1004 0.000335304246428
1005 0.000366313271396
1006 0.000126449097749
1007 0.000437789005359
1008 0.000114638359151
1009 9.54019766284e-05
1010 0.000294085487098
1011 0.00026126059281
1012 0.000219460526671
1013 0.000194480248129
1014 0.000120570226332
1015 0.000503705012997
1016 0.000184395703167
1017 0.000147834751239
1018 0.000456015651971
1019 0.000261612839554
1020 0.000291847443833
1021 0.000300537419337
1022 0.000294369824455
1023 5.63112118434e-05
1024 0.00011088420247
1025 0.000322398096972
1026 0.000194136103988
1027 0.000314978155229
1028 8.93561733973e-05
1029 0.000219172048698
1030 0.000503639493119
1031 0.000175615136686
1032 6.68779085328e-05
1033 0.000434201076371
1034 0.000174439185406
1035 5.68744196118e-05
1036 0.000192191794361
1037 0.000288814998287
1038 0.000246442578158
1039 7.02064655776e-05
1040 0.000113410042565
1041 0.000249734011284
1042 0.00036044996522
1043 0.000125828673483
1044 0.000181811622464
1045 0.000152385904048
1046 0.000166336994517
1047 9.01263538492e-05
1048 0.000232958643973
1049 0.000373821310335
1050 0.000327848996381
1051 0.000129328702175
1052 0.00031619699346
1053 0.000402013420997
1054 0.00011620699102
1055 0.00021553330194
1056 0.000143380968267
1057 0.0002364420375
1058 9.02116070945e-05
1059 8.60754674022e-05
1060 0.000498030121664
1061 0.000270752478122
1062 0.000123274398401
1063 0.000172646516734
1064 0.000102328053252
1065 0.000236862462324
1066 5.13156053614e-05
1067 0.000345698285628
1068 0.000404936644785
1069 0.000203299214095
1070 0.000100723398719
1071 0.000545032903851
1072 8.11178805643e-05
1073 0.000198481205724
1074 0.00011013574959
1075 0.000237939788747
1076 0.000313179875107
1077 0.000425933201969
1078 0.000141733097994
1079 0.000538120795477
1080 0.000372012864753
1081 0.000379189061747
1082 0.000167838193394
1083 0.000280974420745
1084 0.000334430641856
1085 8.8731546342e-05
1086 0.000604725828847
1087 0.000679242884321
1088 0.000105526362765
1089 0.00015492676881
1090 0.00013778238491
1091 0.00013000608151
1092 0.00011524310205
1093 0.000207748201663
1094 9.30993767585e-05
1095 0.000112183120811
1096 0.000162612286873
1097 4.28617647168e-05
1098 0.000289846948177
1099 0.00023250195732
1100 0.000296743713327
1101 0.000329803784811
1102 0.00037877103021
1103 0.000272614731972
1104 8.00516391391e-05
1105 0.000498242172835
1106 0.000114608554465
1107 0.000213008032785
1108 0.000423872145635
1109 0.00022782482247
1110 0.000268776965636
1111 0.000292103650205
1112 0.000145629223637
1113 0.00020910220005
1114 0.000310216116518
1115 0.000249058870942
1116 0.00018424246047
1117 0.000122876730466
1118 0.000378249003376
1119 0.000280676699917
1120 4.28617647168e-05
1121 0.000268549536957
1122 0.000180114264709
1123 0.00030943309375
1124 0.000460853689735
1125 0.000426599387684
1126 0.000358006399297
1127 0.000599249215963
1128 0.00019775742134
1129 0.00034914794771
1130 0.000292913561914
1131 0.00023639931193
1132 0.000230954327125
1133 0.000425450897946
1134 8.47294676035e-05
1135 0.000126344816488
1136 0.000254756401426
1137 0.000311426694425
1138 0.000239125085487
1139 0.000210250840299
1140 0.000182315860039
1141 0.000100945281964
1142 0.000151156405114
1143 0.000213221316663
1144 0.000100926187447
1145 0.000215279882964
1146 4.28617647168e-05
1147 0.000456287773288
1148 6.35761578496e-05
1149 0.000321290615127
1150 0.000323752744272
1151 0.000129186351975
1152 6.78292906804e-05
1153 0.000123506644705
1154 0.000419405710766
1155 0.000106660746134
1156 0.00027592221404
1157 0.000316519006536
1158 7.46898770422e-05
1159 0.000323944692345
1160 0.000394357561154
1161 0.000311732054265
1162 0.000153384724691
1163 9.74896793226e-05
1164 0.000311996438147
1165 0.000115899606537
1166 0.000238267852838
1167 0.000307949555107
1168 0.000200610126999
1169 8.09145493076e-05
1170 0.000155665666545
1171 0.000223514141201
1172 0.000241710211771
1173 0.000348708879172
1174 0.000411596692728
1175 0.000192091829966
1176 0.000419990427147
1177 4.28617647168e-05
1178 0.000205994051414
1179 0.000139480313636
1180 0.000288962003849
1181 0.000182331179745
1182 0.000300035965135
1183 0.000241522879426
1184 0.000231341085567
1185 0.00047249888214
1186 0.000463637464313
1187 0.000153285570046
1188 0.000189878516026
1189 0.000220972001732
1190 0.00027691503237
1191 0.000196295220174
1192 0.000348254101609
1193 0.000450541903407
1194 0.00012718094126
1195 0.000101528854069
1196 0.000200346826964
1197 0.000129727798569
1198 0.00018597434416
1199 0.000292436161366
1200 0.000641544960805
1201 7.29647172188e-05
1202 0.000209121512045
1203 0.000160598514293
1204 0.000107648837854
1205 0.000489069430045
1206 0.000324545535004
1207 4.28617647168e-05
1208 0.000258268141038
1209 9.18821937126e-05
1210 0.000269564456003
1211 0.000278438790357
1212 0.00051847412888
1213 0.000219374376703
1214 0.000171003647935
1215 0.000380607333046
1216 0.000259281189797
1217 0.000285724112668
1218 0.000295229428801
1219 0.000167919664079
1220 0.000210644282218
1221 7.77212857595e-05
1222 0.000373587504889
1223 0.000455518977403
1224 0.000156455417941
1225 6.7076248419e-05
1226 0.000218298749906
1227 0.000244249858508
1228 0.000419905978011
1229 0.000178297929783
1230 0.00025076273938
1231 0.000382845391666
1232 0.000367005742589
1233 0.000237517029331
1234 4.28617647168e-05
1235 0.000141609152373
1236 0.000491703829479
1237 0.000355515174393
1238 0.000354606158076
1239 0.000474973141932
1240 6.56151035929e-05
1241 0.000143142694826
1242 0.000139543017392
1243 0.000316991204263
1244 0.000357011322104
1245 0.000112916103365
1246 0.00022733916057
1247 0.000247568760903
1248 0.000153820904393
1249 9.42469866579e-05
1250 0.00013187416518
1251 0.000416454165498
1252 0.000134807049486
1253 7.260677384e-05
1254 8.11178805643e-05
1255 0.000112744675295
1256 0.000392264143836
1257 0.000417855163297
1258 0.000281997224123
1259 0.000283896193965
1260 0.000343558372595
1261 0.000278943762296
1262 0.000345973365444
1263 4.55382817449e-05
1264 6.63655045054e-05
1265 8.3595754081e-05
1266 0.000133311099791
1267 0.000143842941867
1268 0.000360313807559
1269 0.000124943024812
1270 0.000388578939144
1271 5.63003994594e-05
1272 0.000322879468539
1273 0.000324832744113
1274 0.000338565476491
1275 0.000228924372892
1276 0.000381740989149
1277 4.55655251431e-05
1278 0.00054647101266
1279 0.00014843111675
1280 0.000231099921246
1281 0.00027875595762
1282 0.000212019459764
1283 0.000343092891664
1284 0.000250734707088
1285 0.000296719294185
1286 0.00021218570981
1287 0.00013511884463
1288 0.000214040309763
1289 0.000310177341626
1290 0.000297700782473
1291 0.000306978137843
1292 0.000346087325299
1293 0.000283248079263
1294 0.000175296959058
1295 0.000155903735432
1296 8.23463202874e-05
1297 0.000182475817692
1298 9.8893686777e-05
1299 0.000343846698656
1300 0.000221995130933
1301 0.000189369240313
1302 8.08989777877e-05
1303 0.00032678512458
1304 0.000254870699497
1305 0.000303106545022
1306 0.00035360189675
1307 0.000190604437453
1308 0.000294645082028
1309 0.000169910162527
1310 0.000226931567314
1311 0.000188714661118
1312 0.000180764858155
1313 0.000308961422242
1314 0.00021418162805
1315 0.00021388112117
1316 0.000228596472252
1317 0.000174485055495
1318 0.000219553000014
1319 0.000251564010051
1320 0.000222218486378
1321 0.00038438394881
1322 0.000167838568947
1323 0.000445053369739
1324 0.000268094705329
1325 0.000225116057417
1326 0.000185826749738
1327 5.80779439107e-05
1328 0.000267592297461
1329 0.000208102611501
1330 0.000428606050446
1331 0.000402775905331
1332 0.000444544793278
1333 0.000258408141182
1334 0.000265323664836
1335 0.000378738785744
1336 0.000385639632851
1337 0.000204176665008
1338 0.000277179172199
1339 0.000435609302504
1340 0.000317024538312
1341 0.00020519263017
1342 0.000375606608493
1343 0.000101216639269
1344 0.000256077091881
1345 0.000313191980469
1346 0.000451599395427
1347 6.53368633924e-05
1348 0.000378260324199
1349 0.000264108497082
1350 0.000257756011169
1351 0.000176439247605
1352 0.000213028549449
1353 0.000704799738726
1354 6.64428745602e-05
1355 7.07977645009e-05
1356 0.000286030483823
1357 0.000185486417603
1358 0.000223532689871
1359 0.00044856354884
1360 0.000298047201664
1361 0.000343746945098
1362 0.000443878604942
1363 5.48919588813e-05
1364 0.000181111139349
1365 9.98774086158e-05
1366 0.000153645053134
1367 0.000414674324985
1368 0.000502885889045
1369 0.000161706330805
1370 0.000297169735947
1371 0.000345320027447
1372 0.000286921535096
1373 8.72185550303e-05
1374 0.000381376261927
1375 0.000249524545906
1376 0.00025741924519
1377 0.000549089627238
1378 0.00058426453078
1379 0.000258459731558
1380 0.000262716911865
1381 0.000298216548405
1382 0.000146758429402
1383 0.00021095227118
1384 6.75404082959e-05
1385 0.000138496703477
1386 0.000128544206081
1387 4.28617647168e-05
1388 0.000127773634469
1389 0.000296092749579
1390 0.000176134489949
1391 0.000572567172105
1392 0.00052657349005
1393 0.000188299791744
1394 0.00022681501798
1395 6.03056197298e-05
1396 4.83271622462e-05
1397 0.000293601959705
1398 0.000117313602002
1399 0.000171513043328
1400 0.000532645634021
1401 0.000152556761404
1402 7.93610250103e-05
1403 0.000256038564702
1404 0.000147834751239
1405 0.000257188080765
1406 0.000298875919702
1407 0.0001804241048
1408 0.000154905499722
1409 0.000214793923482
1410 0.00035459658256
1411 0.000212087787757
1412 7.96063684188e-05
1413 0.000161927467266
1414 0.000285257821875
1415 7.14400143779e-05
1416 0.000230125975603
1417 0.000345099038302
1418 5.72022962393e-05
1419 0.000152841739132
1420 0.000195279410077
1421 0.000464518909639
1422 0.000233322593531
1423 0.000116419320698
1424 0.000287756500386
1425 0.000179146631625
1426 0.000250054745771
1427 0.000301380125159
1428 0.000377048699573
1429 0.000218540746347
1430 0.000219846641512
1431 4.93476955274e-05
1432 0.000694319743727
1433 0.000283058633564
1434 0.000217796650213
1435 0.000139666879959
1436 0.000285408934612
1437 0.00019842484945
1438 0.000235539245103
1439 0.00017483463542
1440 9.27984398297e-05
1441 0.000175851125476
1442 0.000160092036679
1443 7.99499516046e-05
1444 0.000100697413799
1445 0.000205046391523
1446 0.000106671773299
1447 0.000226561685476
1448 0.000451311287624
1449 0.000267931711315
1450 0.000322449393609
1451 0.000205333120876
1452 0.000164501451032
1453 0.00027437290849
1454 0.000217252085318
1455 0.000276680929014
1456 6.9463185504e-05
1457 0.000403502279121
1458 0.000199469098251
1459 0.000152304131169
1460 0.000465834347197
1461 0.000193047237645
1462 9.01099246728e-05
1463 0.000410739218519
1464 6.97114988006e-05
1465 0.000176481187661
1466 0.000361475880912
1467 4.28617647168e-05
1468 0.000400795330415
1469 0.000252365347129
1470 0.000425724898439
1471 0.000268933469564
1472 0.000531529291936
1473 0.000628750325418
1474 0.000344350607783
1475 7.30125381951e-05
1476 0.000339573942289
1477 7.4628816671e-05
1478 0.000105484342092
1479 0.000159535971615
1480 0.000399032903602
1481 0.0003498070275
1482 0.00013047852187
1483 0.000365268665914
1484 0.000343365242071
1485 0.000108903813633
1486 0.000179957621714
1487 9.1466437626e-05
1488 0.000350294311993
1489 0.000415228657227
1490 0.000133392165672
1491 8.0593336047e-05
1492 0.000377347891904
1493 0.000122190787923
1494 0.000215503215208
1495 0.000256797429317
1496 0.00030815057861
1497 0.000322715785297
1498 0.000192242750344
1499 6.63394188478e-05
1500 0.00019069095626
1501 0.000206444142864
1502 0.000110049142194
1503 0.000364186153452
1504 0.000170396317015
1505 0.000384304177458
1506 0.000536416060713
1507 7.85440663615e-05
1508 0.000265537741507
1509 0.000177424845038
1510 0.000423722839093
1511 6.16391067074e-05
1512 0.000279101918059
1513 0.000219449932831
1514 0.000218245668163
1515 0.000215342399938
1516 0.000338886140152
1517 0.000466671059899
1518 0.000140170341515
1519 0.000132352651766
1520 0.000155725643506
1521 0.000375490982159
1522 6.93967033954e-05
1523 0.000473526090198
1524 0.000263027219244
1525 0.000145802844111
1526 0.000361382742733
1527 0.000162655723789
1528 0.000105224788795
1529 0.000404400616485
1530 0.000282204117155
1531 0.000317565924166
1532 0.000182082469804
1533 0.00014731743287
1534 0.000279120336695
1535 0.000285752986351
1536 0.000224170736576
1537 0.000529718298367
1538 0.000166985811812
1539 0.000255546385851
1540 0.000268003550979
1541 0.00031320627269
1542 0.000236678401275
1543 0.000193703680327
1544 0.000218203373375
1545 0.000144280091069
1546 0.000303386426265
1547 6.90383927932e-05
1548 0.000365099188117
1549 0.000307996464991
1550 0.000338262311875
1551 0.000192596515547
1552 0.000513080528765
1553 9.56406306299e-05
1554 0.000237401052965
1555 0.000486557172451
1556 0.000325873774593
1557 0.000110504657922
1558 0.000463172135564
1559 5.08493591319e-05
1560 0.000559071870139
1561 4.28617647168e-05
1562 0.000184991334875
1563 0.000129532005185
1564 0.000355778984369
1565 0.000159835189661
1566 0.000266929541578
1567 0.000175124351345
1568 0.000302469804452
1569 0.000235703137288
1570 0.000298233633918
1571 0.000394396419862
1572 0.000224408074652
1573 0.00016010554372
1574 0.000440072274462
1575 0.000410133126892
1576 0.00014024356633
1577 0.000309216941275
1578 0.000538275601677
1579 0.000186032141625
1580 7.30308732205e-05
1581 0.000279806453506
1582 4.28617647168e-05
1583 0.000205164892672
1584 0.000446391058076
1585 0.000664759650778
1586 0.000187300318918
1587 9.01263538492e-05
1588 0.000259245344496
1589 0.000223297490535
1590 0.00060506068539
1591 0.000335316297604
1592 0.000471058685469
1593 0.000139482668364
1594 0.000299567260475
1595 0.000122625469139
1596 0.000201496017368
1597 0.000369125509171
1598 0.000348605610665
1599 0.000426792199478
1600 0.000115793527844
1601 0.000368999721558
1602 0.000258539220955
1603 0.000101969797196
1604 0.000434310120175
1605 0.00047148608759
1606 0.000302976700534
1607 0.000187123426897
1608 9.67851561154e-05
1609 0.000364962527372
1610 0.000312120332161
1611 0.000531805743498
1612 0.000342111545636
1613 0.000566869834792
1614 0.000543741658538
1615 0.000248235012628
1616 0.000240310027953
1617 0.000308410279482
1618 0.000362250059032
1619 0.000128529096583
1620 0.000353132909602
1621 0.000446561700482
1622 0.000571244458422
1623 0.000538257565527
1624 0.000309787901773
1625 0.00025549268928
1626 0.000172920469554
1627 0.000220194879449
1628 8.93561733973e-05
1629 0.000385522472512
1630 0.000188013433671
1631 0.000391969043079
1632 8.61097138008e-05
1633 0.000266306469242
1634 0.000171809212792
1635 0.000273301622651
1636 0.000180371287956
1637 0.000362979670668
1638 0.000336730010326
1639 0.00018132958875
1640 0.0002867697122
1641 0.000102210932972
1642 0.000146821668963
1643 0.000278184177249
1644 0.000309315308568
1645 0.000235681833765
1646 0.000338412331636
1647 0.000123754447796
1648 0.000247398657429
1649 0.000208738243188
1650 0.000195521440283
1651 0.000161632062058
1652 5.15651560676e-05
1653 0.000257363181553
1654 0.000248585324877
1655 8.96582209508e-05
1656 0.000271519376293
1657 0.000290643468227
1658 9.79107811795e-05
1659 0.000126331658189
1660 0.000265723179952
1661 0.000183070771569
1662 0.000390657326828
1663 0.000435721400215
1664 0.00172733567079
1665 9.33070906796e-05
1666 0.000385155518503
1667 0.000318493686301
1668 0.000223050418292
1669 0.000371363485877
1670 0.000417745167762
1671 0.000103107327086
1672 0.000229726485695
1673 0.000205727052461
1674 0.000250738803077
1675 0.000187789735825
1676 0.000389329696019
1677 0.000178917657532
1678 0.000224661170842
1679 0.000146122202889
1680 0.000179919396593
1681 0.000309542330584
1682 0.000186517531089
1683 0.000192379113287
1684 0.000399339304565
1685 0.00667506008257
1686 0.000321110068628
1687 0.000236886362104
1688 0.000394043887771
1689 0.000372950734776
1690 0.00037797447966
1691 4.28617647168e-05
1692 0.000283801763267
1693 0.000309159577746
1694 8.04707328341e-05
1695 0.000243605821275
1696 0.000199385904906
1697 0.000119665342366
1698 8.28798205856e-05
1699 0.000180015154907
1700 0.000269946943573
1701 9.21650347963e-05
1702 0.000103777543829
1703 0.000266148080377
1704 0.000472430792993
1705 0.000164691331124
1706 0.000262797990256
1707 0.000218154607444
1708 0.000545221465967
1709 0.00011828556773
1710 0.000399207123776
1711 8.75672557452e-05
1712 7.90389685468e-05
1713 0.000326359576928
1714 6.66054585096e-05
1715 0.000547159054053
1716 0.000302948019862
1717 0.000286319696567
1718 0.000425350371371
1719 0.000532429981788
1720 0.000189599606737
1721 0.000248970467425
1722 0.00035281882568
1723 0.000226839637275
1724 0.000174593221845
1725 0.000215432213038
1726 0.000371692112065
1727 0.000195640579174
1728 0.00021079282298
1729 0.00016569958613
1730 0.000392189203247
1731 0.000700405449226
1732 9.63031466097e-05
1733 0.000257977666952
1734 0.000301245432078
1735 0.000182173092594
1736 0.000340439092332
1737 0.000464270854018
1738 0.000252166644154
1739 0.000173673607263
1740 0.000138945464812
1741 0.000229267729502
1742 0.000331505501455
1743 0.000380193485499
1744 0.000203553496967
1745 0.00023475794314
1746 0.000144158558308
1747 0.000598632958585
1748 0.000189099091898
1749 0.000119572754063
1750 0.000135197893287
1751 0.000388030127906
1752 0.000258796003676
1753 0.000352459325509
1754 0.0002693616457
1755 0.000207956825681
1756 4.69736118355e-05
1757 0.000138582454421
1758 0.000397452139524
1759 0.000247977225314
1760 8.51226478735e-05
1761 7.10244157954e-05
1762 0.000430670443214
1763 6.50481786572e-05
1764 0.000206010873498
1765 0.000140472019919
1766 0.000246628088315
1767 0.000251029695833
1768 0.000230262601446
1769 0.000652634854524
1770 0.000117907612669
1771 0.000333705342791
1772 9.88309893687e-05
1773 0.000205786993278
1774 0.000161687708506
1775 0.000179140698793
1776 6.31612229654e-05
1777 9.79107811795e-05
1778 6.87913720634e-05
1779 0.00025046396109
1780 0.000175228825317
1781 0.000134456482515
1782 0.000186109253273
1783 0.000230400333794
1784 0.000639767871824
1785 0.000154317863239
1786 0.000238401621274
1787 0.000461773159134
1788 0.000299321423062
1789 0.000155996422425
1790 0.000321108944753
1791 0.000218744782813
1792 0.000419467650891
1793 8.26227278283e-05
1794 0.000433308597221
1795 0.000341688507117
1796 0.000281639215264
1797 0.000230479470302
1798 7.53876936164e-05
1799 0.00027449283619
1800 0.000455612239968
1801 0.00171293098027
1802 0.000172249904124
1803 0.000118831861947
1804 0.000241778158891
1805 0.000579296209817
1806 0.000126336681695
1807 0.000295696727064
1808 0.000302840864292
1809 0.000159089274114
1810 0.000352534818347
1811 0.000315563660234
1812 0.000210911124822
1813 0.000218586624641
1814 0.000506368324962
1815 0.000111622377376
1816 0.000175469983272
1817 0.000392124145329
1818 0.000115563825064
1819 0.000181660181982
1820 0.000292885888966
1821 0.000323566711892
1822 0.000112401878734
1823 0.000136270755663
1824 0.000387680321192
1825 0.000287461937436
1826 0.000275662962484
1827 0.000314809921312
1828 0.000619106770131
1829 0.000300003601249
1830 0.000144909798613
1831 0.00011829111325
1832 0.000326196262464
1833 0.000167883700188
1834 0.000563995187587
1835 4.28617647168e-05
1836 0.000576797709563
1837 0.000122368382147
1838 0.000304335772144
1839 0.000104174545818
1840 0.000496604003622
1841 0.000129430420411
1842 0.000238837060337
1843 0.000368374476257
1844 0.000160250342111
1845 0.000406784073834
1846 0.000345809465091
1847 0.000177088601439
1848 0.00022075218065
1849 0.000192095533827
1850 0.000358116214635
1851 0.000181925484194
1852 0.000181289199683
1853 0.000147729625776
1854 0.000100322908738
1855 5.56712923092e-05
1856 6.90282291744e-05
1857 5.77178477545e-05
1858 0.000339286954622
1859 0.000210477925144
1860 0.00022669275123
1861 0.000159478377343
1862 0.000353486271185
1863 0.000328202007096
1864 0.000233741117616
1865 0.000341664896023
1866 8.35156307683e-05
1867 0.000286930601898
1868 0.00038872938606
1869 0.000375425447405
1870 0.000127537460046
1871 0.000154630979065
1872 0.000404389926456
1873 0.000250545806706
1874 0.000189465251987
1875 7.75468593508e-05
1876 0.000155948695441
1877 0.000377700245864
1878 0.000209721597855
1879 0.000221413837768
1880 0.000443986527136
1881 0.000259541189214
1882 0.00029513461062
1883 0.000295959097059
1884 0.000122790813502
1885 0.000168067830806
1886 0.000160542255156
1887 0.0003370000378
1888 8.42872108535e-05
1889 0.00169130861342
1890 0.000219689755952
1891 0.000147658483233
1892 0.00024435384583
1893 0.000118341579104
1894 0.000397204771467
1895 0.000341275743358
1896 0.000294465686737
1897 0.000135537783298
1898 0.000222613064058
1899 0.000319627771118
1900 0.000370857020204
1901 0.000118302140457
1902 0.000125462769832
1903 0.000400079571988
1904 0.000199776860026
1905 0.000222302276278
1906 0.000123550497963
1907 0.000168004154134
1908 0.000164884940618
1909 0.000114637225733
1910 0.000257228834586
1911 0.000253851888225
1912 0.00024136711905
1913 0.00474488145083
1914 0.000105909051263
1915 0.000252402458874
1916 0.000128291752905
1917 0.000264793953642
1918 0.000348842114531
1919 0.0002998130695
1920 0.000301432467217
1921 0.000371470014941
1922 0.00021584101876
1923 0.000159494058122
1924 0.000261772714769
1925 7.62475353899e-05
1926 0.000243597009759
1927 0.000478885559258
1928 0.000288512047167
1929 0.000139762271317
1930 0.000281556760408
1931 0.000123863358132
1932 0.000223490328701
1933 0.000316673050738
1934 0.000123583756322
1935 0.000128825645369
1936 0.000265426318774
1937 0.000209584412888
1938 7.44139737596e-05
1939 0.000347070830927
1940 0.000263836999549
1941 0.000310677727731
1942 0.000539901277031
1943 0.000126766824458
1944 0.000355477277015
1945 0.000166731271958
1946 0.000446446352702
1947 0.000350046303373
1948 0.000380562782979
1949 0.000331234268663
1950 9.85337650846e-05
1951 9.57666453755e-05
1952 0.000329527658941
1953 9.27859360045e-05
1954 0.000236418094974
1955 0.00035370749254
1956 0.000310910980755
1957 0.000152145381444
1958 0.00021746416439
1959 0.000193402344646
1960 0.000374181633072
1961 0.000360461436246
1962 0.000114233539729
1963 0.0003433204159
1964 0.000178274840669
1965 0.000565694641343
1966 0.000162420697451
1967 0.000332911695093
1968 4.82617571769e-05
1969 0.000191851978611
1970 5.01083094842e-05
1971 0.000273465296926
1972 0.000326363565539
1973 0.000349613745022
1974 0.000324263769514
1975 8.64550515781e-05
1976 0.000307111024208
1977 0.000215546911555
1978 9.17468857429e-05
1979 0.000148066065856
1980 0.000326601821713
1981 0.000304081780689
1982 0.000197330988292
1983 0.000118204354264
1984 0.000378772503461
1985 0.000332275456797
1986 0.000440552627258
1987 0.000290568152789
1988 0.000144529754371
1989 0.00021532801981
1990 0.000180959563651
1991 0.000188931452887
1992 0.000261472771466
1993 0.000163726702683
1994 0.000378200866508
1995 0.000208647354564
1996 0.000326810221113
1997 8.07947279968e-05
1998 0.000256311835758
1999 0.000284262516432
2000 0.000203824617009
2001 0.0001815172745
2002 0.000308293145978
2003 0.000274802157695
2004 0.000184383768029
2005 0.000264458260648
2006 0.00028939506451
2007 0.000273446290769
2008 0.000498967968502
2009 8.75232871983e-05
2010 0.000231241814365
2011 0.00026812206215
2012 0.000231289052763
2013 0.000104695605056
2014 7.86051421208e-05
2015 8.54277478296e-05
2016 8.52727939938e-05
2017 0.000118130394535
2018 0.000129359779246
2019 0.000287781518782
2020 9.09210265794e-05
2021 0.000294007278301
2022 9.07464483369e-05
2023 0.000263809680517
2024 0.000218637288797
2025 0.000272914081893
2026 0.000175250484299
2027 0.000304997006582
2028 0.000230730348628
2029 0.000331017273433
2030 0.000174009920187
2031 0.000342969527566
2032 0.000264259486092
2033 0.000452384578015
2034 0.000319306810106
2035 0.000148755152386
2036 0.000257981474752
2037 0.000141450660085
2038 0.000345653031256
2039 0.000434249567432
2040 0.000343610748184
2041 0.00029415632136
2042 0.000135467991524
2043 0.00032345977875
2044 0.000321726089612
2045 9.40964195171e-05
2046 0.000323650995075
2047 0.000236602355168
2048 0.000847098571904
2049 9.77431909433e-05
2050 0.000317373351372
2051 0.000137171749754
2052 0.000122759366069
2053 0.000329232243548
2054 0.000354420739194
2055 0.000498703220739
2056 0.000159233978097
2057 0.000251742241993
2058 0.000152083616018
2059 0.000176679951473
2060 0.000350880678659
2061 0.000223676336584
2062 0.000260355640628
2063 0.000250966075991
2064 0.000269641246596
2065 0.000343279874562
2066 0.000104557121392
2067 8.47114596666e-05
2068 0.000117552941186
2069 0.000437005008885
2070 0.000323831525349
2071 0.000134766395615
2072 0.000372584502798
2073 0.000402150029916
2074 0.000357636735686
2075 0.000298987408589
2076 0.000177777593348
2077 0.000177663212984
2078 0.000240849919287
2079 0.000374512793233
2080 4.17474114223e-05
2081 0.000100036622746
2082 0.000524567334812
2083 0.000170224100005
2084 0.000277502918491
2085 0.00028597212934
2086 0.00019611666373
2087 0.000259140250447
2088 0.000482535047182
2089 0.000365602425053
2090 0.000210784080558
2091 0.00034529631201
2092 0.000292704484016
2093 0.000136927323944
2094 0.000332502952436
2095 0.00013849861627
2096 0.000289275785776
2097 0.000105039983485
2098 0.000211289146292
2099 0.000228203585153
2100 0.000120049011387
2101 9.699857023e-05
2102 0.000247542299738
2103 0.000434924575596
2104 0.000342978116476
2105 0.000331275108015
2106 0.000124480661635
2107 0.000105078143885
2108 0.000318079073285
2109 0.000302339710842
2110 0.000256102539376
2111 0.000161204143317
2112 0.000564736329567
2113 0.000300012045413
2114 0.000145806150332
2115 0.000149350078078
2116 0.000258715316874
2117 0.000317332795506
2118 0.000491742731429
2119 0.000344432142372
2120 0.000154693275802
2121 0.000230189509589
2122 0.000295773761121
2123 0.000273230125564
2124 0.000371936658259
2125 0.000312472897774
2126 0.000375667588569
2127 0.000465336043907
2128 0.000359417636674
2129 0.00033219950414
2130 0.000342892714809
2131 0.000118201709748
2132 0.000365032585251
2133 0.000327986225704
2134 0.000582063619791
2135 0.000273409452101
2136 0.000279290465118
2137 0.000159039304404
2138 0.000163804399308
2139 0.000419268748924
2140 0.000326659007705
2141 0.00031569197075
2142 0.000137585844764
2143 0.000438060419431
2144 0.000346017819784
2145 0.000256283182921
2146 0.000247745230623
2147 0.000225489610139
2148 0.0001278591226
2149 0.000305490148607
2150 0.00040133047297
2151 0.000356713735227
2152 0.000272234587983
2153 0.000191902802929
2154 0.000424635856679
2155 0.000299915584038
2156 0.000175881153025
2157 0.000275316231951
2158 0.000212158591307
2159 0.000108957713991
2160 0.000256963375729
2161 0.000234270319968
2162 0.000274425016489
2163 0.000144863818132
2164 0.000124644364977
2165 0.000208996103024
2166 0.000249457219061
2167 9.67685379394e-05
2168 0.000105996702375
2169 8.32740810061e-05
2170 0.000340763099309
2171 0.000184745051106
2172 0.000338070875117
2173 0.000356715951951
2174 0.000273796710126
2175 0.000384274753963
2176 7.27112495716e-05
2177 0.000427566332397
2178 7.28530134894e-05
2179 6.68919080504e-05
2180 0.000210959430428
2181 0.000350395216686
2182 0.000176065170461
2183 7.42688154893e-05
2184 0.000405394725394
2185 0.000344927155804
2186 9.54126193373e-05
2187 0.000118310230941
2188 0.000448347599542
2189 0.00035640729756
2190 0.00033687462533
2191 0.000309679973562
2192 0.000275133663665
2193 0.000218655363445
2194 0.00014433795592
2195 0.000337548163987
2196 4.17474114223e-05
2197 0.000337404135009
2198 0.000194823218352
2199 0.000192520418862
2200 0.000554010896615
2201 0.000321096453327
2202 0.000347002786104
2203 0.000259917204079
2204 0.000329792744583
2205 9.72727723162e-05
2206 9.2939275629e-05
2207 0.000384401987834
2208 0.000198776156095
2209 9.3687158087e-05
2210 0.000181790176312
2211 0.00021055671847
2212 0.000277930434742
2213 0.000264313654683
2214 0.000204850092174
2215 0.000188289119338
2216 0.0001996515915
2217 0.000254673609084
2218 0.000177549933963
2219 0.000378365817896
2220 6.13600908906e-05
2221 0.000355578759294
2222 0.000161373750192
2223 0.000187719497415
2224 0.000372166065331
2225 0.000396388737806
2226 0.000224441114389
2227 0.000229752187846
2228 9.8113162787e-05
2229 0.000275105036411
2230 0.00039180802452
2231 6.95666337081e-05
2232 0.000305071968181
2233 0.000291733366803
2234 0.000425389984799
2235 0.000107658791964
2236 0.000259345581626
2237 0.000322774455651
2238 0.000239549107332
2239 0.000144526566879
2240 0.000157224450265
2241 0.000369465346422
2242 0.0003664592764
2243 0.000197811931678
2244 0.000207697332688
2245 0.000365325762431
2246 0.000136840273968
2247 0.000325544948433
2248 0.000393956344111
2249 0.000172508732538
2250 0.000103659335385
2251 0.000353729086428
2252 0.000109574493809
2253 6.89738033449e-05
2254 0.000293558613018
2255 0.000311904879264
2256 0.000121089100021
2257 7.84728906435e-05
2258 0.000291437659471
2259 0.00012089268155
2260 0.000223582914005
2261 0.000188587177233
2262 0.000246663304049
2263 7.9677610196e-05
2264 0.000117308880222
2265 0.000247796917071
2266 0.000101937430966
2267 0.000459252057051
2268 0.000272918203384
2269 0.000451174532596
2270 4.17474114223e-05
2271 0.000102881882599
2272 0.000333008038412
2273 0.000154854387027
2274 0.000306147636403
2275 0.000142356839361
2276 0.000338724106156
2277 0.000288699190404
2278 0.000151619437844
2279 0.000331009558563
2280 0.000392645543098
2281 0.000210330558602
2282 0.00016958100964
2283 0.000480793651794
2284 0.000524197419112
2285 0.000296232870912
2286 0.000188554041175
2287 0.000215367794577
2288 0.000153797661139
2289 0.000102119303408
2290 0.000600654671227
2291 0.000335393330369
2292 0.000125113331221
2293 0.00043720770197
2294 0.000175881811034
2295 0.000389987945622
2296 0.000103306732715
2297 0.000191994451081
2298 0.000213025153451
2299 9.85501178371e-05
2300 0.000289015779428
2301 0.00026226993215
2302 0.000169537643683
2303 0.000389628489722
2304 0.000102396020424
2305 0.000236973134367
2306 8.58794036649e-05
2307 0.000220582943589
2308 0.000264666911732
2309 0.000290230976934
2310 0.00037357718097
2311 0.000124407097323
2312 0.000125531355997
2313 9.75604805916e-05
2314 0.000752769745279
2315 0.000177498026349
2316 0.000235405573381
2317 0.000121004024991
2318 0.000324533965566
2319 0.000199460073719
2320 0.000378706537532
2321 0.000172092856754
2322 0.000121271696143
2323 0.000295642498404
2324 0.000336128442186
2325 0.000372809881234
2326 0.00034131331632
2327 0.000330890377136
2328 0.000396475281141
2329 0.000516203972406
2330 0.000240512665782
2331 0.000169682120036
2332 0.000350086598558
2333 0.000320976016474
2334 0.000490689068834
2335 0.000275961958327
2336 0.000293904027227
2337 0.00045714684656
2338 0.000196177477106
2339 0.000331922608669
2340 0.000338595503232
2341 0.000361958252127
2342 0.000251670212601
2343 0.000269501498501
2344 0.000254079072417
2345 0.000385515832671
2346 0.000231181983929
2347 0.000201800110397
2348 0.000636649121183
2349 0.00028430651736
2350 0.000185995892403
2351 0.000105204937573
2352 0.000337252573989
2353 0.000309951134557
2354 0.000178694210182
2355 0.00032601526
2356 0.000140305327836
2357 0.000315424459854
2358 0.000149388927535
2359 7.79854043431e-05
2360 0.000273993809075
2361 0.000135273261778
2362 0.000370233370616
2363 0.000139551881092
2364 0.000308967210123
2365 0.000337563341024
2366 0.000287813354739
2367 0.00019923097844
2368 0.000213783917085
2369 0.000272701689163
2370 0.000361448720341
2371 0.000293597847169
2372 0.00030759947891
2373 0.000330023254855
2374 0.000132474871746
2375 0.000309248160099
2376 9.90276978658e-05
2377 0.000338437961783
2378 0.000320067501189
2379 0.000262811526718
2380 0.0001638057424
2381 5.6996195642e-05
2382 0.000323851410133
2383 5.62614142805e-05
2384 8.60932457792e-05
2385 0.00058578492989
2386 0.000205117502736
2387 0.000262873450083
2388 0.000155214685459
2389 8.45031385488e-05
2390 0.000144902884663
2391 0.000180865789913
2392 0.000183849372959
2393 0.000209651235794
2394 0.000116641719775
2395 0.000328102431078
2396 0.000334489127596
2397 0.000240934178832
2398 0.000307847481596
2399 0.000348078948384
2400 0.000271403582052
2401 0.00010479210187
2402 0.000189874466369
2403 0.000153016301038
2404 0.000163015570073
2405 0.000322717961311
2406 0.000194076902288
2407 0.000213908158775
2408 0.00018346185279
2409 0.000285337095894
2410 0.000329446637541
2411 0.000386098484868
2412 0.000285776190357
2413 0.000300556136472
2414 0.000100677339015
2415 0.000337138545348
2416 0.000156245934023
2417 0.000191782945378
2418 0.000255783965399
2419 0.000226255570537
2420 0.000379073950018
2421 0.00025300050375
2422 0.000177887943633
2423 8.8824935198e-05
2424 0.000306041495487
2425 0.000121475148325
2426 0.000193139254674
2427 0.000168473960461
2428 9.31335496733e-05
2429 0.000356763851762
2430 0.000198431149137
2431 0.000278064240504
2432 8.96795499286e-05
2433 0.000129260368182
2434 0.000281382455602
2435 0.000314195094808
2436 0.000160356343262
2437 0.000302723042777
2438 0.000120009797593
2439 0.000243024657291
2440 0.000153518183456
2441 0.000280787818732
2442 7.60703320431e-05
2443 4.53960802842e-05
2444 0.000141030493628
2445 0.000170802621046
2446 0.00023195836552
2447 0.000299242199395
2448 0.00025772212258
2449 0.000295284807499
2450 0.000140403898491
2451 0.000167084263026
2452 0.000341501072247
2453 8.11934824327e-05
2454 0.000127385994298
2455 7.7422366182e-05
2456 0.000166762418026
2457 0.000135983306547
2458 4.17474114223e-05
2459 0.000315681556992
2460 0.000240000199778
2461 0.00031372487086
2462 0.00038737417135
2463 0.000209749157048
2464 0.000385529971173
2465 0.000367710181293
2466 0.000200444162214
2467 0.000123332918632
2468 0.00024830901386
2469 0.000370360084111
2470 0.00025611274638
2471 4.17474114223e-05
2472 0.00040160322038
2473 0.000273086932307
2474 0.000202110254578
2475 0.000227337212124
2476 0.000311537494613
2477 0.000116432418843
2478 0.000220287457364
2479 0.000231657680739
2480 0.00017172603319
2481 0.000151203525299
2482 7.30019995709e-05
2483 0.000300650726772
2484 8.70788273297e-05
2485 0.000243055747379
2486 0.000260585079561
2487 0.000185411651084
2488 0.00016958100964
2489 0.000337836875616
2490 0.000215666913635
2491 0.000149065924701
2492 0.000377637676374
2493 0.00032728732776
2494 6.08739431607e-05
2495 0.000217610807106
2496 0.000273441937706
2497 9.69666462805e-05
2498 0.000228564860475
2499 0.000320515026752
2500 0.000214918007057
2501 0.000331416199311
2502 0.000253779601769
2503 0.000165124410372
2504 0.000155110668134
2505 0.000282830757947
2506 7.52799513599e-05
2507 0.000246316211047
2508 0.000370589165787
2509 0.000308751953664
2510 0.000422355802284
2511 0.000427694390568
2512 0.00042735460234
2513 0.000322760293216
2514 0.000157659885386
2515 8.7218086373e-05
2516 0.000142195035018
2517 0.000282476933438
2518 6.71602516986e-05
2519 0.000174297744963
2520 0.00013569797781
2521 0.000307797111625
2522 0.00026883585834
2523 7.92478620611e-05
2524 0.000158802445853
2525 6.37161558265e-05
2526 0.000177128864137
2527 0.000381766539218
2528 9.64864019645e-05
2529 0.000118342677249
2530 0.000156967807317
2531 0.000118788430046
2532 0.000122651424662
2533 0.000208944590442
2534 0.000307995670642
2535 0.000172791196285
2536 0.00019178402103
2537 0.000146804077375
2538 0.000309549844351
2539 0.000289407342777
2540 0.000264442503795
2541 0.000250718034492
2542 5.62614142805e-05
2543 0.000373682599864
2544 0.000679148882842
2545 0.000125157807532
2546 7.17995947685e-05
2547 0.00027314683609
2548 0.000182487046745
2549 0.000124258000481
2550 0.00029707893489
2551 0.000314532104684
2552 0.000297238169838
2553 0.000219892622044
2554 0.000324384329934
2555 0.000188260891051
2556 0.00041372901597
2557 0.000252219829613
2558 0.000166390738274
2559 0.000297043892452
2560 0.000305201139457
2561 0.000382993675927
2562 0.000293788410968
2563 0.000145836861338
2564 0.000217192027218
2565 0.000347321888461
2566 8.07947279968e-05
2567 0.000171146771787
2568 0.00035205972616
2569 7.37848972069e-05
2570 4.17474114223e-05
2571 0.000223334946335
2572 0.000133476614715
2573 9.13341779711e-05
2574 0.000285557878125
2575 0.000206090843075
2576 0.000271555473601
2577 0.000121369189015
2578 0.000193615710253
2579 0.000303496289555
2580 0.000225394870509
2581 7.55880742566e-05
2582 0.000162571011654
2583 0.000319344646355
2584 0.000244854720856
2585 8.14896017934e-05
2586 0.000218877967394
2587 0.00034084987788
2588 0.000197336191311
2589 0.000295900875594
2590 0.00026110364736
2591 0.000361548065744
2592 0.000193431372688
2593 0.000382218160197
2594 0.000337494524198
2595 0.000323997331979
2596 8.70788273297e-05
2597 4.17474114223e-05
2598 0.000329454131339
2599 0.000497606617707
2600 7.41258371349e-05
2601 0.000337210863327
2602 0.000348712638523
2603 0.000367839428013
2604 0.00026273023276
2605 0.0003649239236
2606 8.93141184821e-05
2607 0.000160133622419
2608 0.000357678593807
2609 0.000326082537317
2610 0.000168293911173
2611 0.00025618114126
2612 0.000397051054041
2613 0.000160704548201
2614 8.99548524192e-05
2615 0.000185724745086
2616 0.000340168490483
2617 0.000328773030196
2618 0.000357679466752
2619 0.000217678015821
2620 0.000305733243646
2621 0.000286291198039
2622 0.000102823147525
2623 0.000192957117854
2624 0.000252447419364
2625 0.000351667491032
2626 0.000340228308273
2627 0.000198967806719
2628 0.000216488562697
2629 0.000242951593805
2630 0.00039077347362
2631 0.00031975128263
2632 0.000232220954892
2633 0.000102090994597
2634 0.000220273271224
2635 9.85033375944e-05
2636 0.00010124856356
2637 0.000208374781535
2638 0.000179522548121
2639 0.000305556859637
2640 0.000203469021451
2641 0.000287842241752
2642 0.000115892098299
2643 0.00047697990776
2644 0.000312393681273
2645 0.000244675118351
2646 0.00028489730489
2647 0.000263317447205
2648 0.000256644491864
2649 0.000259047219666
2650 0.000378651058859
2651 0.000190828729143
2652 8.57939202814e-05
2653 0.000179936199623
2654 0.000236326584349
2655 0.000280966839473
2656 0.000309171047424
2657 0.000157545079721
2658 0.000276148134477
2659 0.000206764264165
2660 0.000356506513837
2661 0.000207065671368
2662 0.000537794409807
2663 0.000251075550872
2664 0.000206921584633
2665 0.000379542675506
2666 0.00034502847189
2667 0.000276782820362
2668 0.000177788379852
2669 0.000282475549417
2670 0.000437321737411
2671 0.000255976374149
2672 0.00010571245009
2673 0.000232620414495
2674 0.000169879572373
2675 0.000388854892875
2676 0.000274522404673
2677 0.000383843251935
2678 0.000168946076774
2679 0.000113792215939
2680 0.000427427056204
2681 0.000257046022646
2682 0.000222447207315
2683 0.0001532469027
2684 0.000414881055404
2685 0.000186290324263
2686 0.000125724317177
2687 0.000192646449305
2688 0.00015227562687
2689 0.000126987645579
2690 0.000313424497923
2691 0.000249016516746
2692 0.000102340148033
2693 7.05429178114e-05
2694 0.00019317355551
2695 0.000428700544684
2696 8.98563689996e-05
2697 0.000171991492236
2698 0.000156277007772
2699 0.000316421694194
2700 0.000182583278339
2701 0.000155346473151
2702 0.000174418224132
2703 0.000195526351367
2704 0.000241611679764
2705 5.78858329105e-05
2706 0.000151890387606
2707 0.000318898250361
2708 0.000133215329071
2709 0.000215135838692
2710 0.000125347334781
2711 0.00012531259359
2712 0.000249572250924
2713 0.000256136990772
2714 0.000224105318276
2715 5.91988515384e-05
2716 0.000245712666037
2717 0.000567704398573
2718 0.000252983773633
2719 0.000278518220916
2720 0.000549167532904
2721 0.000298948769393
2722 0.00010571245009
2723 4.92021082533e-05
2724 0.000109135638126
2725 0.000529153770984
2726 0.000103680308474
2727 0.000156046210199
2728 0.000129936008389
2729 0.000292605550004
2730 0.000326617852407
2731 0.000629239813921
2732 0.000177314160731
2733 0.000176880245873
2734 0.000165161720429
2735 0.000260636309188
2736 0.000167786466419
2737 7.58023205103e-05
2738 0.000154859952191
2739 0.000435490050467
2740 0.000238930605159
2741 5.78858329105e-05
2742 0.000279775761621
2743 0.000628320555135
2744 0.000254196272722
2745 0.000128613447811
2746 0.000208432299004
2747 0.000100452294139
2748 0.000123461331309
2749 0.000443873468612
2750 0.000251039828261
2751 0.000385635867106
2752 0.000241407836649
2753 8.72104699937e-05
2754 0.000296962933822
2755 0.00057351262083
2756 0.000399923406852
2757 0.000229187669772
2758 0.000380720047168
2759 0.000345723707522
2760 0.000167491625927
2761 0.000134819812627
2762 0.000171294171783
2763 0.000176702262231
2764 0.000315320713503
2765 0.000239911799649
2766 0.000269733256371
2767 0.000113322046478
2768 0.000101289694868
2769 0.000217003014523
2770 0.000117711151826
2771 0.000219322262518
2772 0.000160578430382
2773 0.000263955982
2774 0.000276336743801
2775 0.000157895132222
2776 0.000213468592677
2777 0.000134189267764
2778 0.000383347007027
2779 0.000526937434805
2780 0.000165322545515
2781 0.000403432263755
2782 0.000397767026624
2783 0.00044623301438
2784 0.000235943296657
2785 0.000230841857599
2786 0.000290918318172
2787 0.000473131415754
2788 0.000324513108216
2789 6.56228654033e-05
2790 0.000175686158551
2791 0.000102429552636
2792 0.000132937865368
2793 0.000102340148033
2794 0.000541439562897
2795 0.000127400137409
2796 0.000205006427378
2797 0.000330740562259
2798 0.000182610013398
2799 4.96407034263e-05
2800 0.000164725237192
2801 0.000370454032589
2802 0.000106100943392
2803 9.25615116273e-05
2804 0.000191858059887
2805 9.09694986999e-05
2806 0.000133980961409
2807 0.00027565763464
2808 0.000181730488918
2809 7.11539871488e-05
2810 0.000165684575491
2811 0.000312213654686
2812 8.17164444866e-05
2813 0.000207497676635
2814 0.000245019985752
2815 5.84744930378e-05
2816 0.000269661003734
2817 0.000109122712757
2818 0.000134377252006
2819 0.000157242441092
2820 0.000187602884706
2821 0.000153238501427
2822 0.000114583766934
2823 0.000155506330391
2824 0.000234847013142
2825 0.00010571245009
2826 0.000170966952762
2827 0.000119168028861
2828 0.000345302495757
2829 0.000420548526141
2830 0.000228222719611
2831 0.000165996102758
2832 0.000160666438527
2833 0.000230327888604
2834 0.000442198537954
2835 0.000131556024653
2836 0.000215932997489
2837 0.000274905976422
2838 0.000136000785088
2839 9.19113458388e-05
2840 0.00142042326463
2841 0.000218032392942
2842 0.000266034558372
2843 4.40660192888e-05
2844 0.000243359778425
2845 0.000222091764101
2846 0.000186531089605
2847 0.000194456119254
2848 0.000121704672978
2849 0.000183891848972
2850 0.00044449068066
2851 0.000172785026339
2852 0.000184295818885
2853 8.38564557316e-05
2854 0.000329242269915
2855 0.000214229975788
2856 5.98949377288e-05
2857 0.000164866857565
2858 6.16778470069e-05
2859 0.000168071494393
2860 0.000160816646231
2861 5.66783432507e-05
2862 0.000224191195454
2863 0.000333349256144
2864 0.000589792535472
2865 0.000349309323841
2866 0.000322771547261
2867 0.000356397930476
2868 0.000372675498599
2869 0.000177640621153
2870 0.000401234283409
2871 0.000189787147965
2872 0.00027562731793
2873 0.000356121682924
2874 0.000344016491085
2875 0.000241438040064
2876 0.000307335947267
2877 0.000123191287127
2878 0.000478122982696
2879 0.000108897858756
2880 0.000217012919102
2881 0.000307566358698
2882 0.000307357752281
2883 0.00010776558762
2884 0.000139854938995
2885 8.09067440209e-05
2886 8.93653014183e-05
2887 0.000164582331608
2888 0.000215108927943
2889 0.000133483288228
2890 0.000247552673031
2891 0.000422594827019
2892 0.000131186727759
2893 0.00022222665093
2894 0.000112529698815
2895 0.000352543591441
2896 9.93503438712e-05
2897 0.000248429482542
2898 0.000257996827849
2899 9.93777813651e-05
2900 8.28132173295e-05
2901 0.000104684281593
2902 0.000460856142679
2903 0.000157309784904
2904 0.000105137944082
2905 0.00044078482096
2906 0.000341710284636
2907 0.000410490178247
2908 0.000177777559193
2909 0.000146934244951
2910 0.000370712228207
2911 0.000376155980969
2912 0.000314134784169
2913 0.00028124439922
2914 0.000356678520067
2915 0.00026839463175
2916 0.00043318927668
2917 0.000395476696688
2918 0.000112718338107
2919 0.000172751443675
2920 0.000327938825481
2921 0.000341823856541
2922 0.000282773098115
2923 7.06950367993e-05
2924 0.000153246692883
2925 0.000210117995941
2926 0.000367922986809
2927 0.000142111086926
2928 0.000426836319434
2929 0.00040756532525
2930 0.000242578338632
2931 0.000176880245873
2932 0.000268121944504
2933 0.000293538212879
2934 0.000177684487259
2935 0.000187953579167
2936 0.000154760031505
2937 0.000363103418214
2938 0.000354639840037
2939 0.000168806808726
2940 0.000374801050884
2941 0.000296109025936
2942 0.000123565743191
2943 9.97702935215e-05
2944 0.000383082404546
2945 0.000496295044015
2946 0.000266529300533
2947 0.000343091008815
2948 0.000149076800147
2949 0.000136837930691
2950 0.000275616766654
2951 0.000303273986675
2952 0.000677240554375
2953 6.14725541909e-05
2954 0.000181586709064
2955 0.000135409119988
2956 0.00033119236286
2957 0.000439339146698
2958 0.00014558357507
2959 0.000291057747
2960 0.000231086726194
2961 0.000420160984207
2962 0.000103791247603
2963 0.000208739405208
2964 5.9774921485e-05
2965 0.000168283430466
2966 0.000140722606048
2967 0.000486626975967
2968 0.000143812718042
2969 0.000137044864393
2970 0.000322708218044
2971 0.000242467999109
2972 6.8334145083e-05
2973 0.000229847001017
2974 0.000402294023217
2975 0.000278827359104
2976 6.97458030524e-05
2977 0.000256599717066
2978 0.000179795188696
2979 0.000216198337039
2980 0.000174930793356
2981 6.98717326148e-05
2982 0.000146729481361
2983 0.000205060172689
2984 0.000226087862792
2985 0.000179801254222
2986 0.000277526021582
2987 0.000448362337247
2988 0.000156050190895
2989 0.000305612748929
2990 0.000342826154862
2991 0.000119496140045
2992 0.000323199366146
2993 0.0004177363051
2994 0.000275294668127
2995 0.00030786991274
2996 0.00013034916866
2997 0.000276847894274
2998 0.000177930597394
2999 5.74859904632e-05
3000 0.000312668615654
3001 0.00041793789951
3002 0.000290608365264
3003 0.000482819825535
3004 9.19113458388e-05
3005 0.000258685662421
3006 0.000309792071553
3007 4.40660192888e-05
3008 0.000174370557501
3009 0.00021672092888
3010 0.000148840411829
3011 0.000232161451216
3012 0.000308371454801
3013 0.000153299175296
3014 0.000178973358126
3015 0.000219140650705
3016 0.000102366792198
3017 0.000205101829258
3018 0.000426970790221
3019 0.000228459892922
3020 0.000497113321042
3021 0.000343778403067
3022 0.000273312165911
3023 0.000364670030496
3024 0.000197146637416
3025 0.000127056471397
3026 0.00029439570032
3027 0.000473813216916
3028 0.000436136030089
3029 0.000173125575673
3030 0.0002563988382
3031 8.98878385076e-05
3032 4.40660192888e-05
3033 0.000184334018021
3034 0.000403095685696
3035 0.000297989471622
3036 0.000492675132315
3037 0.000225322795955
3038 0.000102340148033
3039 0.00051325094278
3040 0.000155956455229
3041 0.00024262151742
3042 0.000191758710599
3043 0.000146918824967
3044 0.000148198945807
3045 7.14816657426e-05
3046 0.000117076285072
3047 0.000247732853648
3048 0.000238011406751
3049 0.000142399374959
3050 0.000412064767282
3051 0.000145161985546
3052 0.000571632448535
3053 0.000262678566937
3054 0.00020005558461
3055 0.000389523674459
3056 0.000157895132222
3057 0.000362524984928
3058 0.000182657351614
3059 0.000122167509737
3060 8.0196255772e-05
3061 0.000440017473001
3062 0.000156854447269
3063 0.000254612706248
3064 0.000151152075162
3065 0.000292097750575
3066 0.000254435003243
3067 0.000203205851218
3068 0.000127653094294
3069 0.000146737590549
3070 0.000145944686562
3071 0.000330420082099
3072 4.40660192888e-05
3073 0.000380487854999
3074 0.000298135162619
3075 0.000157895132222
3076 0.000183938516654
3077 0.000537448457406
3078 0.000465788134922
3079 0.000438932191521
3080 0.000247492839488
3081 0.000211061131902
3082 0.000234118061424
3083 0.000629190862947
3084 0.000154328765017
3085 0.00039678127138
3086 0.00024968433701
3087 0.000288942716292
3088 0.000378608204069
3089 9.9960774927e-05
3090 0.00032273944451
3091 0.000545342064829
3092 0.00010571245009
3093 9.03267469516e-05
3094 0.000135329190789
3095 7.36446353664e-05
3096 0.000139271080668
3097 0.000346341684193
3098 0.000287766644119
3099 0.0003000626551
3100 0.00011159219537
3101 0.000252749489748
3102 0.00130813675698
3103 0.000267045624925
3104 0.000173165744203
3105 0.000418392540126
3106 0.000227443174279
3107 0.000345387170528
3108 0.000354785588921
3109 0.000286425300372
3110 0.000139230143656
3111 0.000148192474609
3112 0.000330552418891
3113 0.000100795059344
3114 0.000383401578613
3115 0.000267225104663
3116 0.000351772855109
3117 0.000567681210644
3118 0.000335763764593
3119 0.000307401848433
3120 0.000339268090846
3121 0.000365981006152
3122 8.70953686437e-05
3123 0.000182378905879
3124 0.000193813921697
3125 0.000226865606948
3126 5.12843239166e-05
3127 0.000139770828508
3128 0.000157895132222
3129 0.000161216478401
3130 0.000193455988994
3131 0.000126941565201
3132 0.000176880245873
3133 0.000448310570608
3134 0.000104723848041
3135 5.11344323666e-05
3136 0.000191918422489
3137 0.000465120012629
3138 0.00029604156511
3139 0.000174886556971
3140 0.000182432948555
3141 0.00045846375844
3142 0.000222885907391
3143 0.000266013615881
3144 6.6443131448e-05
3145 0.000146480404824
3146 0.000391927509434
3147 0.000338308094894
3148 0.000134377252006
3149 0.000209803521251
3150 0.000305030409974
3151 0.000508093898706
3152 0.000125687362301
3153 0.000483987323541
3154 0.000117759947985
3155 0.000566308550394
3156 0.000161584540827
3157 0.000130032406807
3158 0.000146086171458
3159 0.000266399613645
3160 9.16502740352e-05
3161 0.000199580048818
3162 8.06673371994e-05
3163 0.00042486997733
3164 0.000134459328914
3165 0.000119704034841
3166 9.24703246667e-05
3167 0.000206758536226
3168 0.000152850647077
3169 0.000365058823798
3170 0.000327048502866
3171 0.000166659689754
3172 0.000167133916966
3173 0.000415593545579
3174 0.000163471372435
3175 0.000338552393716
3176 7.3670103475e-05
3177 0.000227888067421
3178 0.000305838610791
3179 0.000217019203174
3180 0.000390687171195
3181 0.000176880245873
3182 0.000176880245873
3183 0.000387871469558
3184 4.40660192888e-05
3185 0.000301752283071
3186 0.000496286149801
3187 0.000187566182776
3188 0.000303225998137
3189 0.00032514387177
3190 0.000156519189583
3191 0.000126797205296
3192 0.0002733276755
3193 0.000130904395168
3194 0.000166137417546
3195 0.000136773022969
3196 0.000335209045397
3197 0.000309731506502
3198 9.23654994199e-05
3199 0.000524676218245
3200 0.000156506564097
3201 0.000225918088134
3202 0.000494540537258
3203 8.69068640024e-05
3204 0.000226299733811
3205 0.000285993933585
3206 0.000151964336385
3207 0.000303872104708
3208 0.000305164733545
3209 0.000142421085061
3210 0.000171567777258
3211 0.000127089113206
3212 0.000207439238451
3213 0.000231581221107
3214 0.000203351751326
3215 0.000474913284629
3216 0.000188546099528
3217 0.000142677407189
3218 7.80378181173e-05
3219 0.000182378905879
3220 0.000285071878388
3221 0.000265794426976
3222 0.000228883211252
3223 0.000164199841897
3224 0.000189177978749
3225 0.000327670048
3226 0.000199409285693
3227 0.000362100987451
3228 7.82664763512e-05
3229 0.000189360210778
3230 0.000135810700769
3231 4.40660192888e-05
3232 0.000228244295542
3233 0.00047889193909
3234 0.000467569831041
3235 0.000193585616593
3236 8.11778574415e-05
3237 0.000175823882428
3238 0.000175162005192
3239 0.000201600191962
3240 0.000337890877632
3241 0.000379100184621
3242 0.000168146546728
3243 0.00014264273719
3244 0.000151361806043
3245 0.000143036113015
3246 0.000145865170142
3247 0.000137538284093
3248 0.000359071267418
3249 0.000277318802374
3250 0.000122567582994
3251 0.000174125998316
3252 0.000193637824018
3253 0.000462302011222
3254 0.000356190056233
3255 0.000118968453393
3256 0.000253514824989
3257 0.000504611472697
3258 0.000227698828072
3259 0.00030204033238
3260 0.000236748852019
3261 0.000190928918665
3262 0.000318820747483
3263 0.00016568840605
3264 0.000477765904482
3265 0.000250837463119
3266 0.000284711518465
3267 0.000107329013084
3268 0.000430570491006
3269 7.67202065577e-05
3270 0.000110266313439
3271 7.68675623762e-05
3272 0.000126045797217
3273 0.000305609973636
3274 0.000214842956791
3275 0.000423687281677
3276 0.000251170626266
3277 0.00016759433793
3278 0.000376332112497
3279 0.000186515741635
3280 0.000214227818268
3281 0.000610919885805
3282 0.000104561809814
3283 5.03539685336e-05
3284 0.000217999324998
3285 0.000316348582886
3286 0.000222349913264
3287 0.000147777450097
3288 0.000309620073255
3289 0.000303336581605
3290 0.000158587663535
3291 9.99622673831e-05
3292 0.000671037228923
3293 0.000120134815284
3294 0.000293908558336
3295 0.000153936141649
3296 0.00035578818527
3297 0.000253587155863
3298 0.000340292309597
3299 0.000282794102692
3300 0.000370292027317
3301 0.00017778697241
3302 0.000209777312651
3303 0.000461446040902
3304 0.000236362464397
3305 0.000199015074276
3306 7.438109943e-05
3307 0.00016410555551
3308 0.000167245695474
3309 0.000116581501029
3310 0.000234257774727
3311 8.80252525945e-05
3312 0.000158483638063
3313 0.000153928152057
3314 0.000230557899417
3315 0.000219006910796
3316 0.000107310493426
3317 0.000229675551073
3318 8.5456094712e-05
3319 0.000263606158984
3320 0.000184152613941
3321 0.000632980360232
3322 0.000405087532058
3323 0.000139770828508
3324 7.94935928722e-05
3325 0.000440226832456
3326 0.000250208162786
3327 0.00014003660599
3328 0.000398924149857
3329 0.00016298830546
3330 0.000171037585785
3331 0.000523387207777
3332 0.000281565941487
3333 0.000347291118034
3334 8.41946364024e-05
3335 9.79786202096e-05
3336 0.000376874338271
3337 0.000126099441719
3338 0.000185607879504
3339 0.00012892251359
3340 0.000354270612822
3341 0.000150551874813
3342 0.000240014743515
3343 0.000434460927876
3344 0.000142142117909
3345 0.000416892058082
3346 0.000391176470879
3347 0.000271176846793
3348 0.000425739901065
3349 0.000380930279535
3350 0.000120124938037
3351 0.000455694469963
3352 0.000454467157147
3353 0.000111698486634
3354 0.000387203835472
3355 0.000182378905879
3356 0.0003081863691
3357 0.000171826970116
3358 0.000127376808712
3359 0.000110025803705
3360 0.000154167677973
3361 0.000453406097583
3362 0.000151403582692
3363 0.000371237421952
3364 0.0006020000467
3365 0.000239694061906
3366 0.000360930753514
3367 0.000436347550461
3368 9.82371896708e-05
3369 0.000127922934355
3370 0.000333754666267
3371 7.65000217524e-05
3372 0.000139286850715
3373 0.000157309784904
3374 0.000151156488635
3375 0.000164221105608
3376 5.92952670019e-05
3377 0.000121828295656
3378 0.000210269499968
3379 0.000349371564075
3380 0.000191544357641
3381 0.000162242351576
3382 0.000329616120613
3383 0.000229086808486
3384 0.000167217191007
3385 0.000242545530786
3386 0.000385365263527
3387 0.00031349005058
3388 0.000441173772299
3389 9.72403514918e-05
3390 9.50397606322e-05
3391 0.000159315923713
3392 0.000290289356726
3393 0.000162019111126
3394 0.000158526972676
3395 0.000217720219869
3396 0.000274534926
3397 0.000442969386375
3398 0.00065131556485
3399 0.000107154042922
3400 0.000187623183418
3401 0.000206105810902
3402 0.000121828295656
3403 0.000172471772538
3404 0.000331110749271
3405 0.000153043933511
3406 0.000149617119737
3407 0.000412027417627
3408 7.67202065577e-05
3409 5.12430224525e-05
3410 0.000142891219357
3411 0.000147081369931
3412 0.000373084281915
3413 0.000339530389084
3414 5.89576148556e-05
3415 0.000122194616035
3416 0.000219689139793
3417 0.000295291147758
3418 0.000412247680407
3419 0.000102757835128
3420 0.00034958184973
3421 0.000197113492936
3422 0.000157402409631
3423 0.000252841932117
3424 0.000217177260842
3425 9.36877424041e-05
3426 0.000135624889558
3427 0.000541447126623
3428 0.00012892251359
3429 9.69948688141e-05
3430 7.47547408744e-05
3431 0.000147978345244
3432 0.00019160875677
3433 9.07994934804e-05
3434 0.000306568598258
3435 0.00057416092512
3436 0.000245668260527
3437 7.22210313422e-05
3438 0.0076034137822
3439 0.000247786013551
3440 0.000208838587775
3441 0.000271062539368
3442 0.000135403818249
3443 0.000560394664894
3444 0.000281662808868
3445 0.000124639919381
3446 0.000128860326279
3447 0.000227630095016
3448 0.000141321037964
3449 0.000419013977352
3450 0.000430099836098
3451 0.000184696448314
3452 4.89699061591e-05
3453 0.000172435701421
3454 4.89699061591e-05
3455 0.000195869557068
3456 0.000452350667391
3457 0.000462499157633
3458 9.46993444013e-05
3459 0.000233968695594
3460 0.000208786825132
3461 0.00033454069731
3462 0.000110082332254
3463 0.000205427004946
3464 0.000275345927142
3465 0.000377450970637
3466 0.000252083563898
3467 0.00032330429554
3468 6.90249523187e-05
3469 0.000344793017889
3470 0.000337780904352
3471 0.000212238467998
3472 0.000250048277451
3473 0.000206048534404
3474 0.000267753149972
3475 0.000228868615078
3476 0.000306815635464
3477 0.000236910754511
3478 0.000117969813229
3479 0.000256909227375
3480 0.000231757444586
3481 0.000255935200633
3482 0.000218339188441
3483 0.00018878636979
3484 0.000188170663363
3485 0.000170930101299
3486 0.000197313383974
3487 0.000331787243427
3488 0.000185965661995
3489 0.000421024967455
3490 0.000116204707896
3491 0.000302231443095
3492 0.000230909591178
3493 0.000122852005385
3494 0.000224298933249
3495 8.40482514262e-05
3496 0.000551975784451
3497 0.00025069141811
3498 0.000238011945735
3499 0.000223469919621
3500 0.000271113343689
3501 0.000294255253752
3502 0.000459069283652
3503 0.000161293764762
3504 0.000164881353826
3505 0.000157178498239
3506 0.000325202374619
3507 0.000531139333692
3508 0.000140842918313
3509 0.000325917594102
3510 0.000250049115137
3511 0.000249576208558
3512 0.000299775247781
3513 0.000149476472063
3514 0.0001475617044
3515 0.000372511913884
3516 0.000159395248644
3517 0.000218081026239
3518 0.000188564034365
3519 0.00030489268165
3520 0.000262164632073
3521 0.000132903037128
3522 0.00066297395538
3523 0.000137249197792
3524 0.000218339188441
3525 0.000207049895041
3526 0.000363734724119
3527 0.000353185992647
3528 0.000222578215767
3529 0.000330871940329
3530 0.000406727440736
3531 0.000164960331384
3532 0.000190193405156
3533 0.000208205823686
3534 0.000189378982497
3535 0.00028270002972
3536 0.000249647390913
3537 0.000247738481065
3538 0.000101393388575
3539 0.000316502008742
3540 0.000174685924776
3541 0.000330765969931
3542 0.000196923084641
3543 0.000316414245759
3544 0.00013335417106
3545 0.000116884046049
3546 0.000730780408665
3547 0.000333620784359
3548 0.000184516175296
3549 0.000137858091553
3550 0.000300667040502
3551 0.000218773583305
3552 0.000172148119324
3553 0.000102308363535
3554 0.000404389306101
3555 0.000262243077283
3556 0.00025587823128
3557 0.000170270254237
3558 0.000286484137541
3559 0.000417691318746
3560 0.000273602748591
3561 8.13699078319e-05
3562 0.000201792198982
3563 0.000231757444586
3564 0.00018807539919
3565 0.000232580143416
3566 9.22594984523e-05
3567 0.000166589841718
3568 0.000224545355229
3569 0.000409243347867
3570 0.00028806889719
3571 4.89699061591e-05
3572 0.000273258132119
3573 0.000115827336479
3574 0.000230467161013
3575 0.000163979858433
3576 6.91637574364e-05
3577 0.00038975909552
3578 0.000457443840872
3579 0.000230952503433
3580 0.000252083563898
3581 0.000196747336864
3582 0.000194703361297
3583 7.09980844426e-05
3584 0.000159435334102
3585 0.000554593043205
3586 0.000174487073737
3587 0.00043844641698
3588 0.000256542165733
3589 8.37170187829e-05
3590 6.26582609651e-05
3591 0.000317919386337
3592 0.000221565888816
3593 0.000208999005512
3594 0.000509341831169
3595 0.000191022069022
3596 0.000224845364578
3597 0.000769208903834
3598 6.92745766875e-05
3599 0.00016456736236
3600 0.000388444948041
3601 0.000121137574818
3602 0.000256117775467
3603 0.00021774067833
3604 0.000113583620679
3605 0.000701339834215
3606 0.000364545173518
3607 0.000127217199761
3608 0.000133134695409
3609 0.000241126599586
3610 0.000265073796606
3611 0.000247601107244
3612 0.000508860066153
3613 0.000269763069517
3614 0.000231757444586
3615 0.00014919401345
3616 0.000254786770829
3617 0.000265841430315
3618 0.000405842030289
3619 0.000204098033262
3620 8.71088800335e-05
3621 0.000195671069036
3622 0.000161128298715
3623 0.000171526393277
3624 0.000229707350265
3625 0.000288017228778
3626 0.000368094814084
3627 0.000154859815765
3628 0.000193629421885
3629 0.00033653092061
3630 0.000438714854999
3631 0.000173605997253
3632 0.000138016381232
3633 0.000129159747396
3634 0.000593539085594
3635 0.000269742396916
3636 0.000266481935621
3637 0.000300926082347
3638 0.000107514171932
3639 0.000242635119514
3640 0.000190468316533
3641 0.00038314586115
3642 0.000161796483334
3643 0.000238100709011
3644 0.000276540026163
3645 0.000189231227495
3646 0.000230901337019
3647 0.000205966737014
3648 0.000178528643078
3649 0.000263385571067
3650 0.000231757444586
3651 4.89699061591e-05
3652 0.000320083421318
3653 0.000141984875617
3654 0.000103951195438
3655 0.000143008278283
3656 0.000228979535839
3657 0.000226801332417
3658 0.000211786814897
3659 0.000172070239633
3660 0.000163670759843
3661 0.000113235736707
3662 0.000115677696542
3663 0.000343664689643
3664 0.00018761366929
3665 0.000176021697272
3666 0.000128786962524
3667 0.000129807424377
3668 0.000237739685769
3669 0.000152271107055
3670 0.000147283112456
3671 0.000227325974735
3672 0.000144848873979
3673 0.000468421406493
3674 9.05356035915e-05
3675 0.000390849262265
3676 0.000225076311205
3677 0.000116204707896
3678 0.000505361148629
3679 9.88926659608e-05
3680 0.000280703259909
3681 0.000494981758066
3682 0.000121572554658
3683 0.000195838712398
3684 0.000184490404699
3685 0.000630407778686
3686 0.000206085445596
3687 7.36741147085e-05
3688 0.000293582858757
3689 6.00940096161e-05
3690 7.0004799728e-05
3691 0.000358486289876
3692 8.13699078319e-05
3693 0.000356565739532
3694 0.000293444014042
3695 0.000103095013805
3696 0.000231757444586
3697 0.00023101252378
3698 0.000209980650801
3699 0.000242816147492
3700 8.77574095419e-05
3701 0.000147283112456
3702 0.000247549893707
3703 0.000348885145253
3704 0.000174186111325
3705 5.84487053214e-05
3706 0.000438004859505
3707 0.000286981066956
3708 0.000238657105875
3709 0.000237929320256
3710 4.89699061591e-05
3711 0.000312303584331
3712 0.000326674945118
3713 0.000105386456896
3714 0.000308450222157
3715 0.000294986292624
3716 0.000182922543487
3717 0.000162817216966
3718 8.13699078319e-05
3719 0.000299825863285
3720 0.000277839908644
3721 0.000221776796132
3722 0.000303200922657
3723 0.000391960979036
3724 0.000154406651165
3725 0.000108539134777
3726 0.000297390844265
3727 0.00019864457838
3728 0.000147060518543
3729 0.000334482502386
3730 4.89699061591e-05
3731 0.000265763380274
3732 0.000368957056866
3733 6.30258094271e-05
3734 8.75035585603e-05
3735 0.000449946079561
3736 0.00020375863615
3737 0.00014037066466
3738 0.000366523744085
3739 0.000365052340723
3740 0.000239644477387
3741 0.000329952427857
3742 0.000188774192372
3743 0.000130014823858
3744 0.000297390844265
3745 8.13699078319e-05
3746 0.000146246532715
3747 8.52472094525e-05
3748 0.000316101634504
3749 4.89699061591e-05
3750 0.000146193493085
3751 0.000298268738063
3752 0.000152356018066
3753 0.000249071117868
3754 0.000302859481751
3755 0.000126966806896
3756 0.000110338540903
3757 0.00060414137957
3758 0.000267855095693
3759 0.000495652305283
3760 0.000293364444893
3761 0.000201297176463
3762 0.000258741322058
3763 0.000179535366686
3764 0.000168066770046
3765 0.000353515557597
3766 7.51844090308e-05
3767 0.000163768265342
3768 0.000148116398265
3769 0.000278585302145
3770 0.000177605320591
3771 0.00014679384588
3772 0.000145528652868
3773 0.000131274124613
3774 0.000186601195691
3775 0.000286797381127
3776 0.00016676442152
3777 0.000280434988661
3778 0.000142801741503
3779 0.000180883944027
3780 0.000245530335062
3781 0.000188040965551
3782 9.34293113239e-05
3783 0.00037666025035
3784 0.000202747763153
3785 0.00015653873332
3786 0.000196929116512
3787 0.000247394746519
3788 0.000128518659691
3789 0.000137952523174
3790 0.000197910003433
3791 0.000408345565848
3792 0.000316277398328
3793 0.000194603997952
3794 0.000537705094128
3795 0.000384734806693
3796 8.77424427146e-05
3797 0.000137547472464
3798 0.000416120472781
3799 4.89699061591e-05
3800 0.000285671501931
3801 0.000440146170008
3802 9.12348258821e-05
3803 0.000211377932345
3804 0.000267312309229
3805 0.000441771964858
3806 9.41816071737e-05
3807 0.00014380412011
3808 7.01011324786e-05
3809 6.8866751502e-05
3810 0.00025284221313
3811 0.000389955479781
3812 8.53932374817e-05
3813 0.000153873025317
3814 0.000147283112456
3815 0.000173097375534
3816 0.000192688035158
3817 7.71529379798e-05
3818 0.00014643844424
3819 0.000178115832559
3820 0.000212352342446
3821 4.89699061591e-05
3822 0.00032946411283
3823 0.000332797080424
3824 0.000211854585192
3825 0.000444663156593
3826 0.00037763395519
3827 0.000355616602441
3828 0.000130006480205
3829 0.000268087632865
3830 0.00043425643438
3831 0.00118625637923
3832 0.000266793594152
3833 0.000141142779242
3834 0.000351219674368
3835 0.000112206110551
3836 0.000308592392001
3837 0.000337812642535
3838 0.000264340603722
3839 0.000541541568209
3840 9.92601206312e-05
3841 0.000170015185627
3842 0.000320256968471
3843 0.000398258121645
3844 0.000123750150399
3845 0.000124205478103
3846 0.000201645639421
3847 8.52472094525e-05
3848 0.000222621326393
3849 0.000140347093019
3850 0.000124639919381
3851 0.000258270736743
3852 0.000534209583164
3853 0.000220474719845
3854 4.89699061591e-05
3855 6.38746957978e-05
3856 0.000193822742778
3857 4.89699061591e-05
3858 0.000183215402909
3859 0.000296464746146
3860 0.000106285021437
3861 0.000335883221506
3862 0.000279826232074
3863 0.000241698527757
3864 0.000227919270109
3865 0.000147283112456
3866 7.99494688804e-05
3867 0.000234828990556
3868 0.000315202543441
3869 0.000282225110111
3870 0.00035971107654
3871 0.000302037212793
3872 0.000142244274399
3873 0.000193273786848
3874 0.000356343352896
3875 0.000224498557588
3876 7.02450663697e-05
3877 0.000132972588186
3878 0.000489688199969
3879 0.000148183272573
3880 6.38746957978e-05
3881 0.000152269014756
3882 0.000227256525563
3883 8.34451999809e-05
3884 0.000231757444586
3885 0.0003125848888
3886 7.48383659805e-05
3887 0.000288535967924
3888 0.000124958500099
3889 0.00016569441579
3890 0.000159501589461
3891 9.53979156632e-05
3892 0.000268179307201
3893 0.000210654901709
3894 0.000109929100663
3895 0.000200448747595
3896 0.000186113962918
3897 0.000245177896971
3898 9.57920770018e-05
3899 0.00024886435643
3900 0.000129607589031
3901 0.000373271898646
3902 0.000151666105085
3903 0.000392708869163
3904 0.000217958303788
3905 0.000142452920697
3906 0.000175823235889
3907 0.000478785896222
3908 0.00031356654452
3909 0.000129923898376
3910 0.00025630377261
3911 8.96995974309e-05
3912 0.000147283112456
3913 0.000238306500917
3914 0.000183005556439
3915 0.000126342829915
3916 0.000268592950219
3917 0.000131658017966
3918 0.000239954054627
3919 0.000541229577747
3920 0.000190468316533
3921 0.00024253352202
3922 0.00036839150704
3923 6.82103394207e-05
3924 0.000168399939162
3925 0.000438963558434
3926 0.00011570726534
3927 0.000393699271465
3928 0.000319208819284
3929 6.5288877201e-05
3930 0.000176431706569
3931 0.000466817045962
3932 0.000286420599345
3933 0.000184046259645
3934 0.000324481996483
3935 0.000127014246841
3936 4.89699061591e-05
3937 0.000103481305818
3938 0.000186080889063
3939 0.00072213174736
3940 0.000106229533756
3941 0.000134839571526
3942 0.000117541163549
3943 6.12292627389e-05
3944 0.000239983705527
3945 0.000153511312252
3946 0.000402430860806
3947 9.34293113239e-05
3948 0.000356390064262
3949 0.000561728972191
3950 0.000261156421259
3951 0.000233467568693
3952 0.000380328705893
3953 0.000106292255375
3954 9.33893118558e-05
3955 0.000110892786358
3956 7.04707573149e-05
3957 0.000304155877256
3958 0.000277480651602
3959 0.00013472946903
3960 5.97312406221e-05
3961 0.000255067789234
3962 0.000139295717836
3963 0.000368229867213
3964 0.000147413258333
3965 0.000226238253944
3966 8.98924642677e-05
3967 0.000428403684366
3968 0.000240146455125
3969 0.000436853757695
3970 0.000280650069187
3971 0.000106919552064
3972 0.000443427844219
3973 0.000227423811195
3974 0.000116932605394
3975 4.89699061591e-05
3976 0.000238272218852
3977 0.000183132405613
3978 0.000103029547687
3979 7.92009905875e-05
3980 0.00019268676392
3981 0.00216816622032
3982 0.000251283359884
3983 0.000416706399135
3984 9.7207733878e-05
3985 6.84511261519e-05
3986 0.000205642290776
3987 0.000289414323604
3988 0.000119157736282
3989 0.000229744682606
3990 0.000215847135931
3991 0.000190033772398
3992 0.000126957922857
3993 0.000125524479546
3994 0.000204530674226
3995 0.00033788356844
3996 0.000288083463214
3997 0.000168670527907
3998 0.000328586911259
3999 0.000434009981236
4000 0.000177479794839
4001 0.000299780840737
4002 0.000119157736282
4003 0.00024554478744
4004 0.000169900646288
4005 0.00031808511727
4006 0.000132584105127
4007 0.000101180240065
4008 0.000190033772398
4009 6.84511261519e-05
4010 0.00030400709127
4011 6.84511261519e-05
4012 0.000149235449118
4013 0.000119157736282
4014 0.000207540604211
4015 0.000368304544626
4016 6.84511261519e-05
4017 0.000190033772398
4018 0.000304369116165
4019 0.000223282901309
4020 0.000250258698096
4021 0.000270269686696
4022 0.000335322165047
4023 6.84511261519e-05
4024 0.000540145532276
4025 6.84511261519e-05
4026 0.000190033772398
4027 0.000282617171904
4028 0.000268804450565
4029 0.000104355169446
4030 0.000119157736282
4031 0.000554768974072
4032 0.000359692997243
4033 0.000101180240065
4034 0.000124090646735
4035 9.39728912925e-05
4036 6.84511261519e-05
4037 0.000106229990747
4038 0.000148563633279
4039 0.000296490701593
