node,closeness
1 0.439960845304
2 0.434604717797
3 0.370567792632
4 0.406899434193
5 0.386065747018
6 0.369990001888
7 0.382841509973
8 0.382986897426
9 0.344845357376
10 0.427557073724
11 0.387996632739
12 0.375745248751
13 0.367696745109
14 0.418986392874
15 0.349052607994
16 0.367127865907
17 0.395180347824
18 0.34796868719
19 0.365332457036
20 0.346355369674
21 0.365233226853
22 0.41652049464
23 0.349809312399
24 0.330927070598
25 0.350721699756
26 0.414466350621
27 0.415148810393
28 0.360242988979
29 0.34638510996
30 0.38139368352
31 0.374315764182
32 0.389607976684
33 0.344051257193
34 0.364441321763
35 0.384923758644
36 0.343465388726
37 0.344933817066
38 0.331716223221
39 0.393484294829
40 0.366494139238
41 0.44063364179
42 0.368738664588
43 0.360726190699
44 0.346593435054
45 0.372277684624
46 0.366894132841
47 0.319879548853
48 0.327408569969
49 0.363259882088
50 0.341112886064
51 0.366860766696
52 0.333388511619
53 0.359024652064
54 0.404168018294
55 0.349294396969
56 0.367529244769
57 0.449671273056
58 0.348509804803
59 0.431952135195
60 0.38777285308
61 0.348570032886
62 0.334522015971
63 0.364178115969
64 0.346444605856
65 0.336531324818
66 0.367261561416
67 0.368267390048
68 0.428283362415
69 0.311289527787
70 0.366760704663
71 0.305536695493
72 0.305559838705
73 0.372587142384
74 0.356171727935
75 0.305513555785
76 0.368301012562
77 0.322797550659
78 0.334549758715
79 0.31162618699
80 0.366927505056
81 0.362118580843
82 0.305559838705
83 0.395800725136
84 0.330574530082
85 0.366594055851
86 0.368704962123
87 0.305629289385
88 0.366427558415
89 0.36348900618
90 0.328662293514
91 0.305536695493
92 0.322178818832
93 0.34863028179
94 0.33507774654
95 0.360919834534
96 0.32246210956
97 0.327222663091
98 0.305559838705
99 0.412348051783
100 0.330276812722
101 0.315008667077
102 0.329602172611
103 0.311193473007
104 0.347998705192
105 0.408671967439
106 0.343933923658
107 0.330330903258
108 0.475595495236
109 0.331688948412
110 0.397321086436
111 0.32210164409
112 0.342067412074
113 0.311121470815
114 0.433437304243
115 0.305513555785
116 0.34419803674
117 0.327834294237
118 0.34189346475
119 0.40111375068
120 0.390060045503
121 0.33054744269
122 0.344815880895
123 0.408299695404
124 0.345850565037
125 0.313004421989
126 0.321485574641
127 0.334744086847
128 0.331770786297
129 0.366594055851
130 0.329763834758
131 0.3311987677
132 0.311241492986
133 0.345465529724
134 0.346087936736
135 0.346653002543
136 0.323159576271
137 0.375535374287
138 0.342038408563
139 0.311097477488
140 0.31706366349
141 0.325532681616
142 0.364869843577
143 0.423962269111
144 0.328903464377
145 0.325769279705
146 0.305536695493
147 0.337037429241
148 0.32246210956
149 0.364013805323
150 0.325296426949
151 0.336981120256
152 0.325532681616
153 0.323340893763
154 0.324694220105
155 0.305536695493
156 0.311121470815
157 0.346980990073
158 0.305559838705
159 0.364178115969
160 0.332071204362
161 0.305536695493
162 0.36316177445
163 0.323030188228
164 0.325716672635
165 0.32730231161
166 0.344521392996
167 0.307141844875
168 0.322127364896
169 0.343523885769
170 0.392871152181
171 0.396930137813
172 0.425572422259
173 0.420383596352
174 0.344550819148
175 0.311145467843
176 0.327914240822
177 0.34419803674
178 0.311505867999
179 0.343173202092
180 0.305559838705
181 0.346623216239
182 0.311650261943
183 0.305559838705
184 0.305536695493
185 0.332153231008
186 0.362933062581
187 0.416005052139
188 0.324746497391
189 0.398853172888
190 0.336531324818
191 0.311145467843
192 0.317963347568
193 0.322178818832
194 0.322642645012
195 0.335049916162
196 0.31162618699
197 0.331743502516
198 0.332098542075
199 0.309664618914
200 0.399683046724
201 0.427104392863
202 0.322075927392
203 0.312060106025
204 0.426833244164
205 0.346980990073
206 0.305536695493
207 0.305582985425
208 0.342852370439
209 0.330195710124
210 0.305513555785
211 0.305513555785
212 0.400715306505
213 0.345583910785
214 0.386843209684
215 0.325821903771
216 0.305513555785
217 0.305536695493
218 0.336559401851
219 0.31162618699
220 0.32246210956
221 0.316939109883
222 0.343202398383
223 0.344139309895
224 0.380925494862
225 0.363521761791
226 0.311313550748
227 0.327727759411
228 0.311433721191
229 0.319626098613
230 0.330791389142
231 0.325453891939
232 0.363456256473
233 0.363587290725
234 0.305536695493
235 0.322900903753
236 0.331907272551
237 0.386694880233
238 0.330574530082
239 0.363227173653
240 0.405916783114
241 0.311121470815
242 0.308433442204
243 0.347249805508
244 0.319347766829
245 0.305536695493
246 0.328287841031
247 0.346980990073
248 0.314787435863
249 0.362639427417
250 0.360822986636
251 0.329548320447
252 0.331770786297
253 0.404532790873
254 0.305559838705
255 0.329548320447
256 0.308433442204
257 0.305536695493
258 0.34505183394
259 0.345524710115
260 0.322178818832
261 0.330655818901
262 0.388744433901
263 0.316939109883
264 0.311217481144
265 0.32210164409
266 0.364671939124
267 0.329575244329
268 0.311097477488
269 0.34399258042
270 0.330764266201
271 0.342357717949
272 0.412348051783
273 0.40739254601
274 0.31162618699
275 0.345850565037
276 0.311650261943
277 0.344727481677
278 0.404979519184
279 0.311481815349
280 0.305536695493
281 0.413150449671
282 0.331825367327
283 0.305536695493
284 0.333940479353
285 0.332153231008
286 0.397556025484
287 0.305536695493
288 0.305513555785
289 0.342473978316
290 0.311145467843
291 0.344080603087
292 0.386806116654
293 0.305513555785
294 0.311121470815
295 0.321665017988
296 0.344639127774
297 0.311217481144
298 0.363325316634
299 0.344874838898
300 0.351546927284
301 0.317013830302
302 0.321716324315
303 0.360693936927
304 0.362606830615
305 0.426337031345
306 0.316889315836
307 0.31162618699
308 0.334106426254
309 0.367562732628
310 0.323159576271
311 0.342096420505
312 0.32259104283
313 0.360661688922
314 0.38837017335
315 0.334438815337
316 0.426156876251
317 0.312495235153
318 0.336054730972
319 0.334244841378
320 0.328662293514
321 0.344139309895
322 0.305582985425
323 0.42942314143
324 0.376095561308
325 0.3666606972
326 0.360790715552
327 0.327887587628
328 0.305582985425
329 0.31162618699
330 0.374281034569
331 0.329521400963
332 0.362704638607
333 0.415277021885
334 0.313077298455
335 0.364243881769
336 0.305513555785
337 0.322797550659
338 0.335105581541
339 0.343611668704
340 0.365763078302
341 0.325191534912
342 0.344580250328
343 0.36404665559
344 0.342619414862
345 0.343553141764
346 0.343963249539
347 0.351945645663
348 0.342735853066
349 0.385401833437
350 0.289923888931
351 0.369042264257
352 0.283028203928
353 0.368704962123
354 0.378886164233
355 0.366927505056
356 0.350264911921
357 0.278206964868
358 0.336166749216
359 0.278168596786
360 0.351914942911
361 0.418812395202
362 0.366028580945
363 0.353673592021
364 0.379956766562
365 0.283107656017
366 0.316119504004
367 0.382188630089
368 0.378034016549
369 0.365862596643
370 0.350417042268
371 0.435402157646
372 0.317412934974
373 0.336054730972
374 0.37595535793
375 0.412221642202
376 0.35133260674
377 0.379171067825
378 0.278187779504
379 0.392374379009
380 0.278187779504
381 0.320235055219
382 0.334078756985
383 0.347638830626
384 0.285209346054
385 0.293574047783
386 0.328581981803
387 0.278206964868
388 0.361728926703
389 0.356991238105
390 0.417209741503
391 0.283605243995
392 0.392565296865
393 0.358100398632
394 0.283067924398
395 0.364079511786
396 0.430890941101
397 0.350052151214
398 0.389006845766
399 0.368806088004
400 0.283087788813
401 0.435543186201
402 0.278187779504
403 0.430201662642
404 0.351455043613
405 0.412769977549
406 0.350234501701
407 0.285229512168
408 0.349385154217
409 0.421525704346
410 0.365729917551
411 0.348660414053
412 0.278206964868
413 0.37220898603
414 0.348750842102
415 0.380243283117
416 0.351118547357
417 0.355763382184
418 0.389232052353
419 0.349900337461
420 0.42020843652
421 0.390777970608
422 0.350295327422
423 0.391650581611
424 0.400994134253
425 0.334217149179
426 0.351118547357
427 0.352684122276
428 0.319702091503
429 0.40983450072
430 0.331907272551
431 0.360629446682
432 0.443345531442
433 0.396072753126
434 0.333940479353
435 0.375186104035
436 0.335914813106
437 0.395257788614
438 0.331879966318
439 0.440826247469
440 0.409003446273
441 0.348780995209
442 0.283087788813
443 0.337969251893
444 0.278187779504
445 0.393330829816
446 0.348389411054
447 0.341488274832
448 0.278168596786
449 0.307188622494
450 0.334688541491
451 0.348329245366
452 0.351516294056
453 0.413150449671
454 0.283008347874
455 0.278206964868
456 0.360758450241
457 0.389645609059
458 0.322256030563
459 0.349294396969
460 0.321973101651
461 0.414253541856
462 0.398301835564
463 0.350477931415
464 0.412727746121
465 0.283107656017
466 0.431490104887
467 0.313881185075
468 0.282988494605
469 0.278187779504
470 0.351271420288
471 0.332728554156
472 0.374176884388
473 0.305005367503
474 0.378140325327
475 0.349294396969
476 0.384740199389
477 0.283048062769
478 0.331443676821
479 0.31781304582
480 0.365862596643
481 0.302285574417
482 0.336054730972
483 0.372655980655
484 0.408547801356
485 0.378424107935
486 0.301585002287
487 0.334189461568
488 0.372346408583
489 0.3501736971
490 0.337121928012
491 0.334494277827
492 0.328528462464
493 0.413658838247
494 0.393139166805
495 0.355074464448
496 0.348359325612
497 0.41990225779
498 0.429149041552
499 0.283008347874
500 0.282968644121
501 0.432276145584
502 0.283087788813
503 0.300193554888
504 0.393561072253
505 0.412348051783
506 0.316243414126
507 0.43843071303
508 0.410585342554
509 0.333995776667
510 0.303331152011
511 0.339020168971
512 0.380997449055
513 0.34229961736
514 0.414764650482
515 0.413446857701
516 0.392183646762
517 0.318264377956
518 0.383934614123
519 0.318239270321
520 0.33496645276
521 0.398774316982
522 0.334633014566
523 0.3154520637
524 0.413108140357
525 0.41391350201
526 0.413531623843
527 0.374872315825
528 0.402755689955
529 0.319322487975
530 0.316665436109
531 0.293574047783
532 0.41472200993
533 0.283187152727
534 0.286485405198
535 0.3176628861
536 0.330222739898
537 0.33845129546
538 0.413150449671
539 0.411171235408
540 0.318038551765
541 0.331934583279
542 0.316690296011
543 0.400476619735
544 0.333995776667
545 0.412348051783
546 0.393407547356
547 0.380458454267
548 0.36921114686
549 0.369956070304
550 0.303422413734
551 0.278168596786
552 0.316342612185
553 0.293574047783
554 0.403561523668
555 0.305097639585
556 0.357212520197
557 0.396773973698
558 0.362509075359
559 0.337742882668
560 0.408341025467
561 0.379313680356
562 0.434838955545
563 0.313344802749
564 0.418204539767
565 0.283107656017
566 0.33491083359
567 0.420427409129
568 0.413277429627
569 0.313954470433
570 0.320973980792
571 0.366794052609
572 0.310069253696
573 0.282988494605
574 0.370942619824
575 0.315328772812
576 0.299458168702
577 0.2757160133
578 0.275866852943
579 0.275904588646
580 0.329359976371
581 0.423428255546
582 0.275490062869
583 0.275847988963
584 0.275923460369
585 0.307118461408
586 0.275471250382
587 0.299524873076
588 0.318842948987
589 0.299702896775
590 0.3062557691
591 0.317288106858
592 0.406735328755
593 0.378388611818
594 0.30312601372
595 0.302580332327
596 0.27581026874
597 0.411380888292
598 0.30653502968
599 0.304820990675
600 0.275885719504
601 0.275904588646
602 0.369414010127
603 0.275471250382
604 0.30502843029
605 0.371968740488
606 0.30502843029
607 0.386843209684
608 0.275471250382
609 0.275471250382
610 0.377362113245
611 0.332372166976
612 0.299547114472
613 0.304797959244
614 0.275471250382
615 0.371489178616
616 0.275904588646
617 0.304705868313
618 0.30660492442
619 0.306978235339
620 0.30662822975
621 0.318314605112
622 0.297844136931
623 0.299480400192
624 0.304844025587
625 0.275471250382
626 0.299858841194
627 0.30493620006
628 0.275904588646
629 0.275678329159
630 0.350234501701
631 0.344668574042
632 0.293253924876
633 0.275866852943
634 0.299725164618
635 0.335133421167
636 0.294732300036
637 0.30660492442
638 0.3740034295
639 0.275471250382
640 0.319095158249
641 0.275885719504
642 0.426652669549
643 0.275490062869
644 0.275904588646
645 0.326745584853
646 0.34030715291
647 0.333995776667
648 0.27581026874
649 0.275490062869
650 0.327967560211
651 0.275866852943
652 0.449972224271
653 0.303765134834
654 0.31753786135
655 0.362704638607
656 0.305074566331
657 0.302648435036
658 0.293168676642
659 0.275904588646
660 0.275904588646
661 0.275508877926
662 0.275904588646
663 0.275904588646
664 0.305143796565
665 0.305005367503
666 0.275791412497
667 0.317213257104
668 0.276604566003
669 0.275471250382
670 0.367763788002
671 0.275885719504
672 0.302308227712
673 0.299369275739
674 0.305189967513
675 0.275471250382
676 0.275885719504
677 0.325008136528
678 0.30627902138
679 0.319600775677
680 0.277460691285
681 0.307539909323
682 0.275885719504
683 0.304682854274
684 0.36669402696
685 0.299636113094
686 0.3062557691
687 0.310355515509
688 0.310666229541
689 0.387549331404
690 0.23693180962
691 0.30493620006
692 0.237224404033
693 0.236834438478
694 0.31042716357
695 0.391688609631
696 0.385659750534
697 0.366627373497
698 0.394137859364
699 0.412643309185
700 0.237168616061
701 0.298306662027
702 0.305629289385
703 0.23693180962
704 0.386917417091
705 0.240161992653
706 0.410919933848
707 0.310905664015
708 0.237336058751
709 0.312132543376
710 0.310188465251
711 0.303673666862
712 0.310283900515
713 0.237377956372
714 0.431674798351
715 0.237350022981
716 0.304959252388
717 0.286444719917
718 0.23693180962
719 0.366560744261
720 0.410836234911
721 0.305097639585
722 0.304544843016
723 0.305374791112
724 0.309640849754
725 0.374628620969
726 0.237266262239
727 0.356234633574
728 0.310522745792
729 0.342154452128
730 0.295574515723
731 0.299280435536
732 0.311145467843
733 0.237350022981
734 0.294345201794
735 0.305374791112
736 0.258822083318
737 0.304383987821
738 0.310618386894
739 0.305837830977
740 0.310785900662
741 0.282374421853
742 0.310379394521
743 0.304590832874
744 0.237182560594
745 0.240076235826
746 0.395141638808
747 0.304269195247
748 0.391005233168
749 0.305536695493
750 0.236848343741
751 0.239990540222
752 0.310021594727
753 0.346028563269
754 0.305745110701
755 0.366594055851
756 0.305189967513
757 0.303719393961
758 0.240033380375
759 0.305189967513
760 0.310236175543
761 0.369617096444
762 0.295487913169
763 0.305444157688
764 0.30502843029
765 0.310761959062
766 0.299080737736
767 0.355637925645
768 0.237029260861
769 0.294216394908
770 0.311097477488
771 0.31057055898
772 0.287896159762
773 0.311867104027
774 0.354046076057
775 0.344786409452
776 0.236848343741
777 0.295228409733
778 0.305120716329
779 0.310260036194
780 0.309854903648
781 0.345110872666
782 0.392298063852
783 0.304797959244
784 0.298527417345
785 0.394716339588
786 0.240033380375
787 0.276169027904
788 0.311217481144
789 0.237196506767
790 0.237391925533
791 0.285633434156
792 0.237252307863
793 0.310331640172
794 0.299347060744
795 0.305189967513
796 0.29888130626
797 0.259822297475
798 0.310164615607
799 0.30486706398
800 0.304567836209
801 0.339077161519
802 0.236834438478
803 0.237224404033
804 0.30627902138
805 0.305490419583
806 0.409876142104
807 0.237363988855
808 0.310761959062
809 0.295077243112
810 0.304982308202
811 0.356675595985
812 0.295704514777
813 0.309926320728
814 0.304429929106
815 0.31080984595
816 0.342939810473
817 0.304269195247
818 0.310642306375
819 0.304913151216
820 0.343144010768
821 0.333305873799
822 0.298792755395
823 0.259956243755
824 0.389796211285
825 0.400397120654
826 0.295422994551
827 0.309498311385
828 0.387140210229
829 0.439433659106
830 0.345288110125
831 0.393522679796
832 0.30567560738
833 0.23721045458
834 0.30440695673
835 0.384300370638
836 0.310761959062
837 0.304636836625
838 0.309712168183
839 0.310546650546
840 0.237419868789
841 0.311987702288
842 0.236848343741
843 0.335663254334
844 0.305005367503
845 0.31042716357
846 0.310953595205
847 0.308622216402
848 0.311121470815
849 0.310738021152
850 0.348028728375
851 0.304292146835
852 0.304521853294
853 0.23693180962
854 0.383241591354
855 0.286485405198
856 0.23693180962
857 0.320336773651
858 0.314272436163
859 0.292170709828
860 0.292107240448
861 0.335133421167
862 0.292785672129
863 0.324694220105
864 0.292806923901
865 0.292615768939
866 0.293552684514
867 0.292170709828
868 0.292234206794
869 0.293552684514
870 0.293147372327
871 0.292213038072
872 0.292615768939
873 0.292213038072
874 0.292191872417
875 0.292213038072
876 0.292086090116
877 0.292806923901
878 0.292149550303
879 0.292785672129
880 0.292191872417
881 0.309593322378
882 0.292213038072
883 0.292743177837
884 0.292086090116
885 0.292149550303
886 0.292255378584
887 0.292297731367
888 0.292191872417
889 0.292764423441
890 0.292849436703
891 0.302421545138
892 0.292086090116
893 0.292086090116
894 0.292594544904
895 0.292149550303
896 0.292191872417
897 0.390362007992
898 0.414892624765
899 0.362867769235
900 0.322333279312
901 0.330330903258
902 0.37459383328
903 0.404654528096
904 0.37459383328
905 0.335663254334
906 0.35857786583
907 0.439146635161
908 0.346623216239
909 0.379385026859
910 0.322616841858
911 0.322384799056
912 0.322281776032
913 0.33198921822
914 0.386806116654
915 0.349082813308
916 0.377821578214
917 0.371591837748
918 0.366627373497
919 0.322281776032
920 0.365464847852
921 0.329144989441
922 0.370057883734
923 0.376727772748
924 0.330006625539
925 0.404816958413
926 0.37269040933
927 0.362737252998
928 0.442615864669
929 0.322487887968
930 0.323314978808
931 0.404898222482
932 0.338252640499
933 0.402675283549
934 0.361631644159
935 0.438240194524
936 0.340968725432
937 0.375395588181
938 0.328689072809
939 0.330628718186
940 0.32903760119
941 0.343231599642
942 0.401512988015
943 0.414594140862
944 0.344639127774
945 0.373276671656
946 0.336868558713
947 0.369888225801
948 0.366994267703
949 0.367328445692
950 0.345998884174
951 0.329952641141
952 0.341488274832
953 0.437527222407
954 0.367864398193
955 0.40135319775
956 0.322539457151
957 0.322513670498
958 0.414764650482
959 0.330303855776
960 0.40554951147
961 0.366460845802
962 0.330114647348
963 0.364079511786
964 0.374976853559
965 0.330249774097
966 0.336868558713
967 0.367428817797
968 0.367864398193
969 0.404979519184
970 0.374907155259
971 0.328957105976
972 0.374072792154
973 0.346087936736
974 0.344344941578
975 0.34291065884
976 0.402153423446
977 0.363652843288
978 0.359248462961
979 0.366794052609
980 0.322513670498
981 0.368873536082
982 0.384007709718
983 0.419334822307
984 0.397360223659
985 0.387512102842
986 0.32823441746
987 0.344815880895
988 0.328341281995
989 0.390740119197
990 0.37494200117
991 0.346028563269
992 0.34590987743
993 0.374767836361
994 0.368772373214
995 0.362151089917
996 0.419378416737
997 0.323289068007
998 0.380171613476
999 0.356707135077
1000 0.439098834286
1001 0.342939810473
1002 0.370193722179
1003 0.322359037126
1004 0.379885204877
1005 0.367161280658
1006 0.329629105294
1007 0.369380184103
1008 0.361728926703
1009 0.329091286555
1010 0.383971158442
1011 0.373795495792
1012 0.376481660344
1013 0.375745248751
1014 0.34626617945
1015 0.366494139238
1016 0.37459383328
1017 0.322487887968
1018 0.368301012562
1019 0.384300370638
1020 0.377009438373
1021 0.376868552932
1022 0.390097765263
1023 0.34282323367
1024 0.328742644494
1025 0.414040951513
1026 0.36975261142
1027 0.433204573732
1028 0.322333279312
1029 0.388706975389
1030 0.444910222851
1031 0.328903464377
1032 0.322900903753
1033 0.433856849924
1034 0.330141663851
1035 0.327967560211
1036 0.358418568689
1037 0.376587097703
1038 0.376095561308
1039 0.322410565105
1040 0.355951733044
1041 0.424721098188
1042 0.386843209684
1043 0.349869990511
1044 0.32259104283
1045 0.352807503113
1046 0.328261127072
1047 0.322333279312
1048 0.396813003206
1049 0.367730263499
1050 0.433530466479
1051 0.322539457151
1052 0.404816958413
1053 0.405182903836
1054 0.32893028299
1055 0.384227163596
1056 0.329494485877
1057 0.398459204918
1058 0.322565247928
1059 0.342998128611
1060 0.369481680765
1061 0.38452015924
1062 0.328769436886
1063 0.356644062469
1064 0.346177035149
1065 0.34326080587
1066 0.322307525614
1067 0.413871036277
1068 0.434136998557
1069 0.383934614123
1070 0.346058247456
1071 0.435120374349
1072 0.322333279312
1073 0.330141663851
1074 0.328154314699
1075 0.393330829816
1076 0.428328837395
1077 0.368435564032
1078 0.344374337595
1079 0.370533754991
1080 0.367328445692
1081 0.389307179173
1082 0.374907155259
1083 0.376235869296
1084 0.367061054649
1085 0.356928064996
1086 0.408423710701
1087 0.372931588295
1088 0.32903760119
1089 0.343553141764
1090 0.329521400963
1091 0.343056466586
1092 0.353735618256
1093 0.383934614123
1094 0.34282323367
1095 0.329198709857
1096 0.363587290725
1097 0.322281776032
1098 0.35680178583
1099 0.345406369603
1100 0.384044267954
1101 0.390286473548
1102 0.367094457238
1103 0.384080833151
1104 0.343085643017
1105 0.365597334656
1106 0.322359037126
1107 0.335551571335
1108 0.362248652172
1109 0.386213594121
1110 0.377009438373
1111 0.413065839708
1112 0.322513670498
1113 0.384776897233
1114 0.406653325664
1115 0.376551945355
1116 0.374524277281
1117 0.362867769235
1118 0.366760704663
1119 0.37410748313
1120 0.322281776032
1121 0.384556815118
1122 0.346355369674
1123 0.385770392138
1124 0.412643309185
1125 0.368099369522
1126 0.367428817797
1127 0.373760862651
1128 0.34326080587
1129 0.38035083826
1130 0.388594643155
1131 0.386917417091
1132 0.374142180541
1133 0.368401916949
1134 0.337997569383
1135 0.329171847457
1136 0.402956846528
1137 0.379064178781
1138 0.330439137499
1139 0.322616841858
1140 0.343465388726
1141 0.32409423882
1142 0.343319233242
1143 0.375255906101
1144 0.354949493233
1145 0.330222739898
1146 0.322281776032
1147 0.369109798755
1148 0.322926752369
1149 0.388744433901
1150 0.366627373497
1151 0.329440668893
1152 0.322565247928
1153 0.34326080587
1154 0.368637575673
1155 0.329118135807
1156 0.395180347824
1157 0.366960883343
1158 0.328662293514
1159 0.388258035668
1160 0.389645609059
1161 0.405020179778
1162 0.329602172611
1163 0.328796233645
1164 0.366827406619
1165 0.363292596415
1166 0.365001899257
1167 0.379813670143
1168 0.332948249471
1169 0.322642645012
1170 0.354357079286
1171 0.374072792154
1172 0.389044362098
1173 0.367428817797
1174 0.374038107611
1175 0.328983933338
1176 0.370295666476
1177 0.322410565105
1178 0.322668452295
1179 0.344815880895
1180 0.398262512646
1181 0.405671861483
1182 0.405020179778
1183 0.389683248705
1184 0.374767836361
1185 0.368637575673
1186 0.368603891684
1187 0.330114647348
1188 0.345672749836
1189 0.374976853559
1190 0.358450416793
1191 0.372105985665
1192 0.367663232828
1193 0.367529244769
1194 0.344668574042
1195 0.322384799056
1196 0.38386154635
1197 0.365398640452
1198 0.340767105135
1199 0.427829143132
1200 0.371044977059
1201 0.322436335272
1202 0.37602544655
1203 0.322539457151
1204 0.329871697652
1205 0.365332457036
1206 0.367462287356
1207 0.322281776032
1208 0.403117916517
1209 0.322333279312
1210 0.417771436474
1211 0.408796209018
1212 0.369549376199
1213 0.343202398383
1214 0.358005057738
1215 0.367127865907
1216 0.395102937374
1217 0.356517984144
1218 0.38777285308
1219 0.322539457151
1220 0.383642509804
1221 0.356612534529
1222 0.391536541841
1223 0.370329660386
1224 0.356234633574
1225 0.322307525614
1226 0.374907155259
1227 0.376692594135
1228 0.39944558774
1229 0.358036832395
1230 0.384300370638
1231 0.367529244769
1232 0.398853172888
1233 0.330439137499
1234 0.322281776032
1235 0.32903760119
1236 0.365034928114
1237 0.39533525976
1238 0.390891568856
1239 0.37073807468
1240 0.346325634494
1241 0.322875059276
1242 0.345110872666
1243 0.379885204877
1244 0.367328445692
1245 0.328769436886
1246 0.405631069944
1247 0.374907155259
1248 0.35870540553
1249 0.328715856469
1250 0.343085643017
1251 0.368099369522
1252 0.328823034773
1253 0.322333279312
1254 0.322333279312
1255 0.322410565105
1256 0.368603891684
1257 0.368301012562
1258 0.384373605583
1259 0.376095561308
1260 0.38349662426
1261 0.372897115048
1262 0.386991652973
1263 0.322333279312
1264 0.328314559338
1265 0.328608748012
1266 0.372966067917
1267 0.323185466319
1268 0.367696745109
1269 0.347548978254
1270 0.367897947158
1271 0.322307525614
1272 0.379849434142
1273 0.410251295697
1274 0.388033954462
1275 0.34638510996
1276 0.376692594135
1277 0.322333279312
1278 0.367897947158
1279 0.37351861024
1280 0.373934092565
1281 0.412938989722
1282 0.368401916949
1283 0.386843209684
1284 0.374176884388
1285 0.386731951931
1286 0.382007669563
1287 0.361956122978
1288 0.386843209684
1289 0.380171613476
1290 0.414211006324
1291 0.379706418542
1292 0.367061054649
1293 0.3831687871
1294 0.364770864508
1295 0.361469622813
1296 0.32246210956
1297 0.358992701841
1298 0.342677624073
1299 0.398577313565
1300 0.374976853559
1301 0.377786195036
1302 0.328876650138
1303 0.367228128411
1304 0.369447842347
1305 0.375081449613
1306 0.367228128411
1307 0.358163987445
1308 0.374211594674
1309 0.343348454387
1310 0.378388611818
1311 0.360822986636
1312 0.35797328872
1313 0.416477492318
1314 0.378140325327
1315 0.331144392595
1316 0.379349350253
1317 0.372931588295
1318 0.354918264173
1319 0.367596226589
1320 0.330385011514
1321 0.390853695435
1322 0.343144010768
1323 0.3813215796
1324 0.411548764598
1325 0.379885204877
1326 0.330195710124
1327 0.322307525614
1328 0.382369762141
1329 0.344315550579
1330 0.369617096444
1331 0.368334641215
1332 0.368671265819
1333 0.367931502243
1334 0.372793733536
1335 0.370704005752
1336 0.367629726655
1337 0.374246311401
1338 0.373760862651
1339 0.379563510594
1340 0.366560744261
1341 0.36447424924
1342 0.367663232828
1343 0.328823034773
1344 0.358354889455
1345 0.379777912878
1346 0.367061054649
1347 0.356549495368
1348 0.398616698675
1349 0.364573067383
1350 0.367596226589
1351 0.358100398632
1352 0.365464847852
1353 0.427829143132
1354 0.322333279312
1355 0.322513670498
1356 0.364375484653
1357 0.329252447812
1358 0.36513405056
1359 0.420602751599
1360 0.409003446273
1361 0.357782792957
1362 0.37351861024
1363 0.328876650138
1364 0.330222739898
1365 0.342764974984
1366 0.361826261601
1367 0.364408400234
1368 0.36921114686
1369 0.322539457151
1370 0.388145962724
1371 0.366960883343
1372 0.333471190427
1373 0.328689072809
1374 0.398498566689
1375 0.371044977059
1376 0.398813741037
1377 0.373934092565
1378 0.370806231325
1379 0.330520359737
1380 0.384227163596
1381 0.388258035668
1382 0.353054523944
1383 0.363816828156
1384 0.328635518582
1385 0.330141663851
1386 0.343523885769
1387 0.322281776032
1388 0.343202398383
1389 0.382841509973
1390 0.363718419492
1391 0.370125790494
1392 0.370023939698
1393 0.354325954378
1394 0.374246311401
1395 0.322307525614
1396 0.328555219954
1397 0.374454747108
1398 0.353580593443
1399 0.375046577779
1400 0.369718723361
1401 0.362639427417
1402 0.33904866285
1403 0.398419850922
1404 0.322487887968
1405 0.383569553161
1406 0.406325643694
1407 0.354170411816
1408 0.363620064052
1409 0.366394277074
1410 0.371831596515
1411 0.344403738631
1412 0.328769436886
1413 0.360210821555
1414 0.363456256473
1415 0.323340893763
1416 0.358514129985
1417 0.367194701492
1418 0.331062863405
1419 0.343377680506
1420 0.368301012562
1421 0.370125790494
1422 0.345761634575
1423 0.33071003366
1424 0.365729917551
1425 0.329010765075
1426 0.366394277074
1427 0.363521761791
1428 0.365729917551
1429 0.360242988979
1430 0.363227173653
1431 0.322333279312
1432 0.370840319047
1433 0.374281034569
1434 0.330330903258
1435 0.324851102479
1436 0.374524277281
1437 0.350752194643
1438 0.370329660386
1439 0.362443934464
1440 0.363652843288
1441 0.363816828156
1442 0.328983933338
1443 0.336222786347
1444 0.328796233645
1445 0.351669513607
1446 0.329709929758
1447 0.365663614085
1448 0.368941008834
1449 0.379992557516
1450 0.379278017167
1451 0.345613518728
1452 0.345583910785
1453 0.330574530082
1454 0.349264155029
1455 0.380028355213
1456 0.337093757048
1457 0.367998630778
1458 0.358514129985
1459 0.358259413019
1460 0.357719339416
1461 0.367361896967
1462 0.343670215589
1463 0.382514791446
1464 0.355168250624
1465 0.361469622813
1466 0.375850273976
1467 0.322281776032
1468 0.368469217262
1469 0.330493281221
1470 0.367194701492
1471 0.3983805047
1472 0.36924494193
1473 0.381285537863
1474 0.37602544655
1475 0.322359037126
1476 0.379135431446
1477 0.322849218935
1478 0.330006625539
1479 0.329064441683
1480 0.384300370638
1481 0.380889527957
1482 0.343523885769
1483 0.375640282204
1484 0.38452015924
1485 0.342619414862
1486 0.370193722179
1487 0.335775011702
1488 0.366627373497
1489 0.368233773673
1490 0.353828698411
1491 0.352345269507
1492 0.367328445692
1493 0.351669513607
1494 0.330357955171
1495 0.344491971869
1496 0.366860766696
1497 0.366394277074
1498 0.343436147675
1499 0.322565247928
1500 0.322565247928
1501 0.361631644159
1502 0.351485666166
1503 0.37764472857
1504 0.3586735121
1505 0.368200163435
1506 0.367596226589
1507 0.344963313716
1508 0.364342575017
1509 0.362021088629
1510 0.372931588295
1511 0.328207712195
1512 0.346325634494
1513 0.366594055851
1514 0.379599227495
1515 0.364309671326
1516 0.364770864508
1517 0.368637575673
1518 0.363390774758
1519 0.345672749836
1520 0.359857358661
1521 0.369109798755
1522 0.328689072809
1523 0.372966067917
1524 0.369109798755
1525 0.337997569383
1526 0.366294469317
1527 0.354699814525
1528 0.323314978808
1529 0.380207444919
1530 0.349324644145
1531 0.366760704663
1532 0.358259413019
1533 0.363620064052
1534 0.331008532911
1535 0.377256241522
1536 0.365829417846
1537 0.387363260091
1538 0.358928818453
1539 0.378743872931
1540 0.384593477985
1541 0.368671265819
1542 0.336138737654
1543 0.375465468223
1544 0.363521761791
1545 0.345406369603
1546 0.380207444919
1547 0.322333279312
1548 0.367730263499
1549 0.3313075715
1550 0.378069446166
1551 0.362639427417
1552 0.369888225801
1553 0.323756098763
1554 0.359664852941
1555 0.369617096444
1556 0.346802010883
1557 0.339590958043
1558 0.369414010127
1559 0.322307525614
1560 0.370057883734
1561 0.322281776032
1562 0.344403738631
1563 0.322565247928
1564 0.366994267703
1565 0.323263161358
1566 0.37595535793
1567 0.329225576642
1568 0.346058247456
1569 0.330439137499
1570 0.358323058322
1571 0.368166559331
1572 0.364276773577
1573 0.373968757819
1574 0.380314979786
1575 0.368704962123
1576 0.343377680506
1577 0.364342575017
1578 0.395025557245
1579 0.354108233022
1580 0.322384799056
1581 0.384813602079
1582 0.322281776032
1583 0.342183475324
1584 0.366594055851
1585 0.371489178616
1586 0.343085643017
1587 0.322333279312
1588 0.375570337081
1589 0.34573200125
1590 0.370704005752
1591 0.386954531471
1592 0.367897947158
1593 0.354325954378
1594 0.347249805508
1595 0.329386869486
1596 0.363521761791
1597 0.377821578214
1598 0.367027658138
1599 0.369109798755
1600 0.329091286555
1601 0.368099369522
1602 0.330520359737
1603 0.344139309895
1604 0.368200163435
1605 0.369515525381
1606 0.379742162345
1607 0.359280458727
1608 0.322384799056
1609 0.367931502243
1610 0.379742162345
1611 0.369684841513
1612 0.377821578214
1613 0.37077214987
1614 0.370227697374
1615 0.379849434142
1616 0.330357955171
1617 0.37753869823
1618 0.370431679577
1619 0.344609686536
1620 0.367361896967
1621 0.369008506274
1622 0.373414883883
1623 0.371113246604
1624 0.366460845802
1625 0.358833035989
1626 0.361404854918
1627 0.35133260674
1628 0.322333279312
1629 0.383971158442
1630 0.332071204362
1631 0.364079511786
1632 0.352530017529
1633 0.384300370638
1634 0.358737304632
1635 0.362248652172
1636 0.362769873254
1637 0.378779435736
1638 0.368099369522
1639 0.36306371979
1640 0.380064159656
1641 0.328368009002
1642 0.328368009002
1643 0.345672749836
1644 0.366560744261
1645 0.365365545747
1646 0.37690376442
1647 0.342532138116
1648 0.374907155259
1649 0.330330903258
1650 0.354450486828
1651 0.343963249539
1652 0.34238677564
1653 0.371694553634
1654 0.378388611818
1655 0.337178284068
1656 0.375011712428
1657 0.353147245959
1658 0.322384799056
1659 0.344668574042
1660 0.372312043432
1661 0.361923648896
1662 0.370942619824
1663 0.36853654217
1664 0.4252135544
1665 0.322771722723
1666 0.367965063449
1667 0.36853654217
1668 0.330276812722
1669 0.367629726655
1670 0.368806088004
1671 0.344639127774
1672 0.358514129985
1673 0.358227598845
1674 0.377220964147
1675 0.3586735121
1676 0.368065783813
1677 0.32893028299
1678 0.363652843288
1679 0.324929600531
1680 0.363554523305
1681 0.364342575017
1682 0.344433144688
1683 0.362281184606
1684 0.367462287356
1685 0.43306505535
1686 0.379885204877
1687 0.361404854918
1688 0.380171613476
1689 0.384373605583
1690 0.367830855347
1691 0.322281776032
1692 0.363685628434
1693 0.380171613476
1694 0.322333279312
1695 0.363456256473
1696 0.362476501985
1697 0.342852370439
1698 0.349566810276
1699 0.330168684776
1700 0.352314496995
1701 0.34010631402
1702 0.323756098763
1703 0.36176136585
1704 0.362248652172
1705 0.353952881512
1706 0.344580250328
1707 0.358482270558
1708 0.370329660386
1709 0.328769436886
1710 0.359024652064
1711 0.345229010748
1712 0.342503055747
1713 0.367295000509
1714 0.322410565105
1715 0.369684841513
1716 0.363652843288
1717 0.365431741153
1718 0.368065783813
1719 0.397203721011
1720 0.345554307914
1721 0.360242988979
1722 0.367395354334
1723 0.375290816875
1724 0.364638975919
1725 0.373795495792
1726 0.37494200117
1727 0.352745801905
1728 0.351057435436
1729 0.353178164121
1730 0.370465698465
1731 0.372037350419
1732 0.322539457151
1733 0.37718569337
1734 0.330872784661
1735 0.373587793164
1736 0.366760704663
1737 0.368907269373
1738 0.366527438723
1739 0.361307746582
1740 0.329682983866
1741 0.365962169154
1742 0.367161280658
1743 0.364935859471
1744 0.352776649811
1745 0.363816828156
1746 0.361696493373
1747 0.371968740488
1748 0.330249774097
1749 0.329467575187
1750 0.343144010768
1751 0.367596226589
1752 0.375081449613
1753 0.367127865907
1754 0.368637575673
1755 0.373968757819
1756 0.335384186115
1757 0.329548320447
1758 0.367965063449
1759 0.345583910785
1760 0.328074251024
1761 0.322307525614
1762 0.366894132841
1763 0.328715856469
1764 0.36316177445
1765 0.361956122978
1766 0.365995372037
1767 0.375500418001
1768 0.364770864508
1769 0.371489178616
1770 0.357370746863
1771 0.375011712428
1772 0.362509075359
1773 0.359152509846
1774 0.361210690418
1775 0.373934092565
1776 0.355637925645
1777 0.322384799056
1778 0.342125433855
1779 0.366194715921
1780 0.330195710124
1781 0.351271420288
1782 0.358386726243
1783 0.368772373214
1784 0.365663614085
1785 0.328957105976
1786 0.344051257193
1787 0.367127865907
1788 0.33305820596
1789 0.322539457151
1790 0.366161476862
1791 0.364112373914
1792 0.368267390048
1793 0.32308193101
1794 0.368637575673
1795 0.374176884388
1796 0.36853654217
1797 0.364869843577
1798 0.328635518582
1799 0.330574530082
1800 0.36836827601
1801 0.427013971694
1802 0.346236459582
1803 0.328823034773
1804 0.344521392996
1805 0.370567792632
1806 0.347998705192
1807 0.346414855353
1808 0.358928818453
1809 0.341257168648
1810 0.367328445692
1811 0.366927505056
1812 0.365796245066
1813 0.373968757819
1814 0.369820406178
1815 0.342009409969
1816 0.358068612692
1817 0.367730263499
1818 0.330114647348
1819 0.349961047158
1820 0.368772373214
1821 0.36316177445
1822 0.362313722884
1823 0.323133690371
1824 0.367864398193
1825 0.366794052609
1826 0.34647436147
1827 0.366227961016
1828 0.370567792632
1829 0.366627373497
1830 0.329010765075
1831 0.354481633619
1832 0.342998128611
1833 0.374559052051
1834 0.369990001888
1835 0.322281776032
1836 0.37494200117
1837 0.365597334656
1838 0.330899925403
1839 0.322410565105
1840 0.369143575274
1841 0.328368009002
1842 0.37282818767
1843 0.368132961361
1844 0.373934092565
1845 0.36513405056
1846 0.3666606972
1847 0.368267390048
1848 0.344933817066
1849 0.362183604829
1850 0.367629726655
1851 0.363031046669
1852 0.356833347244
1853 0.341632875219
1854 0.338508096886
1855 0.322307525614
1856 0.328876650138
1857 0.356517984144
1858 0.364013805323
1859 0.331117211737
1860 0.37435050024
1861 0.343056466586
1862 0.367629726655
1863 0.369481680765
1864 0.367495763013
1865 0.366794052609
1866 0.328796233645
1867 0.355481229343
1868 0.367763788002
1869 0.367629726655
1870 0.34311482441
1871 0.36221612558
1872 0.368132961361
1873 0.365332457036
1874 0.34068076941
1875 0.339219726757
1876 0.353735618256
1877 0.365531079249
1878 0.364935859471
1879 0.36316177445
1880 0.368704962123
1881 0.330520359737
1882 0.367730263499
1883 0.364507182668
1884 0.358386726243
1885 0.345761634575
1886 0.350782694834
1887 0.36669402696
1888 0.33155264162
1889 0.427421168742
1890 0.322616841858
1891 0.322410565105
1892 0.36556420395
1893 0.329979631132
1894 0.369008506274
1895 0.366860766696
1896 0.335300556112
1897 0.322565247928
1898 0.363816828156
1899 0.367462287356
1900 0.36513405056
1901 0.34611763111
1902 0.329925655565
1903 0.368603891684
1904 0.37494200117
1905 0.358482270558
1906 0.32259104283
1907 0.34543594713
1908 0.3620535802
1909 0.323004323051
1910 0.33953379266
1911 0.343523885769
1912 0.367395354334
1913 0.436202529259
1914 0.313881185075
1915 0.320948443837
1916 0.304154489225
1917 0.319347766829
1918 0.324172371471
1919 0.325506414152
1920 0.307986027683
1921 0.320413104892
1922 0.322642645012
1923 0.304338060399
1924 0.308622216402
1925 0.303833771981
1926 0.324720356644
1927 0.322978462017
1928 0.307868502678
1929 0.304890105857
1930 0.325139114257
1931 0.304521853294
1932 0.307493024666
1933 0.343202398383
1934 0.304223302458
1935 0.304338060399
1936 0.307774547233
1937 0.304705868313
1938 0.303856657923
1939 0.326243509146
1940 0.309403358689
1941 0.348570032886
1942 0.332098542075
1943 0.320107997984
1944 0.326349081028
1945 0.306162795278
1946 0.321896025422
1947 0.326296286548
1948 0.338820845842
1949 0.320336773651
1950 0.304131558398
1951 0.304429929106
1952 0.284887075607
1953 0.304959252388
1954 0.322384799056
1955 0.348329245366
1956 0.347668791743
1957 0.303971139371
1958 0.305051496566
1959 0.318339724636
1960 0.319727430498
1961 0.311193473007
1962 0.306558324386
1963 0.326217126847
1964 0.347489102471
1965 0.336924830083
1966 0.305652446627
1967 0.32584822218
1968 0.320209635703
1969 0.272899539344
1970 0.303902440153
1971 0.326825001263
1972 0.325900871755
1973 0.308929467804
1974 0.286099361035
1975 0.304913151216
1976 0.252172344226
1977 0.307610263123
1978 0.304844025587
1979 0.304544843016
1980 0.325900871755
1981 0.305559838705
1982 0.308150713512
1983 0.305074566331
1984 0.326560429903
1985 0.325795589613
1986 0.327727759411
1987 0.325165322472
1988 0.289736478531
1989 0.304429929106
1990 0.348449597529
1991 0.304659843712
1992 0.320820819993
1993 0.304039869656
1994 0.326613309901
1995 0.303057695935
1996 0.279614680155
1997 0.303833771981
1998 0.324615835728
1999 0.307633721543
2000 0.260796547103
2001 0.2650460572
2002 0.307798030718
2003 0.343523885769
2004 0.32584822218
2005 0.307727591013
2006 0.325348898346
2007 0.305397909803
2008 0.330466207143
2009 0.304200361254
2010 0.312713255084
2011 0.323938086452
2012 0.319347766829
2013 0.30445290495
2014 0.304269195247
2015 0.304315101885
2016 0.303948236181
2017 0.304521853294
2018 0.303902440153
2019 0.307798030718
2020 0.306325536532
2021 0.325401386673
2022 0.310594471096
2023 0.305606135651
2024 0.305397909803
2025 0.308386284733
2026 0.304844025587
2027 0.337686337736
2028 0.311578048242
2029 0.336727962487
2030 0.279073053655
2031 0.326190748815
2032 0.317712923572
2033 0.321921713398
2034 0.325821903771
2035 0.303994046013
2036 0.305444157688
2037 0.305768285499
2038 0.325821903771
2039 0.321025066894
2040 0.319702091503
2041 0.325401386673
2042 0.30417742351
2043 0.338110886815
2044 0.32584822218
2045 0.319651425562
2046 0.325900871755
2047 0.32282338273
2048 0.322127364896
2049 0.32076979887
2050 0.305074566331
2051 0.304636836625
2052 0.304223302458
2053 0.320158808777
2054 0.319448922283
2055 0.322230289208
2056 0.320973980792
2057 0.324016143822
2058 0.314150065461
2059 0.323030188228
2060 0.326349081028
2061 0.324120278852
2062 0.319626098613
2063 0.317562858426
2064 0.324903430299
2065 0.326164375048
2066 0.315748355556
2067 0.305490419583
2068 0.263006975524
2069 0.321741983617
2070 0.325795589613
2071 0.304292146835
2072 0.321101726545
2073 0.321203996384
2074 0.326401892596
2075 0.325427637189
2076 0.321613728023
2077 0.304223302458
2078 0.322668452295
2079 0.326639756323
2080 0.30369652869
2081 0.30445290495
2082 0.322642645012
2083 0.304567836209
2084 0.325139114257
2085 0.325008136528
2086 0.305791463811
2087 0.32482494489
2088 0.321870341545
2089 0.326481142003
2090 0.304544843016
2091 0.326243509146
2092 0.255704930945
2093 0.310953595205
2094 0.325927202924
2095 0.303833771981
2096 0.325296426949
2097 0.306954876776
2098 0.305074566331
2099 0.324354827578
2100 0.305305456035
2101 0.304085707115
2102 0.317288106858
2103 0.321408731622
2104 0.326111640306
2105 0.325927202924
2106 0.304246247122
2107 0.303765134834
2108 0.305143796565
2109 0.325585229265
2110 0.32482494489
2111 0.313271801708
2112 0.322978462017
2113 0.325480150927
2114 0.30417742351
2115 0.304498867043
2116 0.324720356644
2117 0.315057871805
2118 0.324302676308
2119 0.326217126847
2120 0.304361022377
2121 0.340393299349
2122 0.325453891939
2123 0.325008136528
2124 0.326613309901
2125 0.325716672635
2126 0.32076979887
2127 0.306395335758
2128 0.320846336641
2129 0.348750842102
2130 0.304959252388
2131 0.304429929106
2132 0.326481142003
2133 0.347908666717
2134 0.337601555828
2135 0.323366812873
2136 0.319246675419
2137 0.321896025422
2138 0.325769279705
2139 0.357275794047
2140 0.325953538348
2141 0.325769279705
2142 0.306046657354
2143 0.339934354984
2144 0.320362213357
2145 0.31947422116
2146 0.32344459514
2147 0.304820990675
2148 0.312350057343
2149 0.348208976313
2150 0.32099952181
2151 0.326375484676
2152 0.31955014184
2153 0.304429929106
2154 0.330033624363
2155 0.325375140393
2156 0.317863130611
2157 0.304844025587
2158 0.307422724477
2159 0.304200361254
2160 0.319626098613
2161 0.304751906821
2162 0.309142538937
2163 0.305120716329
2164 0.300282938111
2165 0.346891477392
2166 0.324641959648
2167 0.304590832874
2168 0.303788010437
2169 0.303742262675
2170 0.320235055219
2171 0.304200361254
2172 0.280528580709
2173 0.326375484676
2174 0.304913151216
2175 0.344904325461
2176 0.30493620006
2177 0.320464012598
2178 0.304338060399
2179 0.303788010437
2180 0.3470108379
2181 0.321050616044
2182 0.304383987821
2183 0.304544843016
2184 0.320642317033
2185 0.326164375048
2186 0.307469587697
2187 0.305305456035
2188 0.321947405474
2189 0.326375484676
2190 0.32903760119
2191 0.325690375471
2192 0.343085643017
2193 0.306744809565
2194 0.304498867043
2195 0.319322487975
2196 0.30369652869
2197 0.320565876557
2198 0.305444157688
2199 0.318440242389
2200 0.322771722723
2201 0.325716672635
2202 0.326269895713
2203 0.32143434188
2204 0.320489472518
2205 0.303765134834
2206 0.304567836209
2207 0.326798524837
2208 0.306348799407
2209 0.307071705153
2210 0.316069967139
2211 0.334244841378
2212 0.308740317663
2213 0.324929600531
2214 0.3220502148
2215 0.305907408098
2216 0.317288106858
2217 0.324746497391
2218 0.304338060399
2219 0.326666207028
2220 0.304728885828
2221 0.326401892596
2222 0.321383125445
2223 0.298682140574
2224 0.328876650138
2225 0.321152853323
2226 0.278591228632
2227 0.308645829425
2228 0.304154489225
2229 0.257780113144
2230 0.326877966987
2231 0.304223302458
2232 0.261201825342
2233 0.309118849854
2234 0.433623668772
2235 0.319651425562
2236 0.308716690181
2237 0.305606135651
2238 0.323004323051
2239 0.304269195247
2240 0.304636836625
2241 0.326560429903
2242 0.320489472518
2243 0.338621756954
2244 0.321203996384
2245 0.326533996324
2246 0.303833771981
2247 0.34823903579
2248 0.321280741525
2249 0.304613833013
2250 0.307516465207
2251 0.320795307403
2252 0.304223302458
2253 0.304269195247
2254 0.325401386673
2255 0.347668791743
2256 0.303925336442
2257 0.304959252388
2258 0.325348898346
2259 0.322204551964
2260 0.308433442204
2261 0.30502843029
2262 0.324641959648
2263 0.3176628861
2264 0.304108631028
2265 0.318389975579
2266 0.305051496566
2267 0.428784118898
2268 0.320006424765
2269 0.32754148998
2270 0.30369652869
2271 0.304844025587
2272 0.32603257016
2273 0.30567560738
2274 0.347668791743
2275 0.275414828333
2276 0.326111640306
2277 0.325322660531
2278 0.304567836209
2279 0.325979878027
2280 0.320438556723
2281 0.308174254438
2282 0.303879547314
2283 0.321690669106
2284 0.322436335272
2285 0.307704118275
2286 0.317437912385
2287 0.304751906821
2288 0.312810250511
2289 0.320057203316
2290 0.344021916305
2291 0.326111640306
2292 0.305490419583
2293 0.329736880055
2294 0.317313064626
2295 0.329898674402
2296 0.316169056399
2297 0.286526102038
2298 0.307469587697
2299 0.313661534141
2300 0.325217751579
2301 0.324511382076
2302 0.30417742351
2303 0.320438556723
2304 0.319702091503
2305 0.288637735446
2306 0.304659843712
2307 0.324250541804
2308 0.324851102479
2309 0.325270197596
2310 0.326533996324
2311 0.307680649118
2312 0.32246210956
2313 0.304774931293
2314 0.307165231904
2315 0.304659843712
2316 0.318189066934
2317 0.304246247122
2318 0.305606135651
2319 0.30653502968
2320 0.321203996384
2321 0.304062786658
2322 0.303994046013
2323 0.308433442204
2324 0.32608527933
2325 0.326666207028
2326 0.318616301287
2327 0.325900871755
2328 0.320235055219
2329 0.330276812722
2330 0.324380909504
2331 0.317512868209
2332 0.326401892596
2333 0.31899422668
2334 0.321793314501
2335 0.324929600531
2336 0.256420098563
2337 0.329898674402
2338 0.278034391797
2339 0.31919615371
2340 0.325953538348
2341 0.326481142003
2342 0.304913151216
2343 0.305536695493
2344 0.327381998912
2345 0.320235055219
2346 0.308268454118
2347 0.305005367503
2348 0.333968125721
2349 0.325243972474
2350 0.304154489225
2351 0.344344941578
2352 0.328047571813
2353 0.32555895332
2354 0.323340893763
2355 0.325927202924
2356 0.316566035517
2357 0.325795589613
2358 0.304567836209
2359 0.304315101885
2360 0.325008136528
2361 0.304269195247
2362 0.258225642721
2363 0.305977016883
2364 0.325690375471
2365 0.280606635405
2366 0.307915501915
2367 0.306395335758
2368 0.3084806141
2369 0.319499524045
2370 0.326454721258
2371 0.323600271987
2372 0.30567560738
2373 0.319246675419
2374 0.304269195247
2375 0.325690375471
2376 0.304085707115
2377 0.326138005545
2378 0.347788687869
2379 0.307680649118
2380 0.305582985425
2381 0.304039869656
2382 0.325874544841
2383 0.303719393961
2384 0.306488450888
2385 0.322204551964
2386 0.317387961494
2387 0.32308193101
2388 0.320387657103
2389 0.304131558398
2390 0.316441872497
2391 0.307868502678
2392 0.322875059276
2393 0.347160154095
2394 0.30850420546
2395 0.348058756738
2396 0.32608527933
2397 0.308858509348
2398 0.245242932129
2399 0.319930287143
2400 0.317462893727
2401 0.307024963132
2402 0.304223302458
2403 0.304361022377
2404 0.304590832874
2405 0.325664082553
2406 0.304636836625
2407 0.30653502968
2408 0.321793314501
2409 0.325296426949
2410 0.325769279705
2411 0.326798524837
2412 0.25110494806
2413 0.256828228853
2414 0.313856764225
2415 0.32399012052
2416 0.284264744598
2417 0.30644188625
2418 0.318540823641
2419 0.324198424061
2420 0.320184220223
2421 0.318465381747
2422 0.303902440153
2423 0.304062786658
2424 0.325611509451
2425 0.304429929106
2426 0.30808011231
2427 0.30440695673
2428 0.319854185743
2429 0.326296286548
2430 0.323600271987
2431 0.3250867105
2432 0.304062786658
2433 0.30728222049
2434 0.325401386673
2435 0.34695114738
2436 0.304705868313
2437 0.347608874674
2438 0.303788010437
2439 0.308575001192
2440 0.30417742351
2441 0.278034391797
2442 0.304039869656
2443 0.305837830977
2444 0.319778120538
2445 0.304062786658
2446 0.318389975579
2447 0.325506414152
2448 0.307657183541
2449 0.277996071297
2450 0.320235055219
2451 0.304246247122
2452 0.320514936484
2453 0.30644188625
2454 0.305259250139
2455 0.319271942271
2456 0.304429929106
2457 0.30417742351
2458 0.30369652869
2459 0.333360961126
2460 0.307798030718
2461 0.325611509451
2462 0.321229574024
2463 0.345850565037
2464 0.321050616044
2465 0.326586867761
2466 0.317512868209
2467 0.304039869656
2468 0.322410565105
2469 0.330222739898
2470 0.324772642347
2471 0.30369652869
2472 0.321383125445
2473 0.318691814709
2474 0.308457026349
2475 0.305143796565
2476 0.346891477392
2477 0.319981041532
2478 0.324120278852
2479 0.343933923658
2480 0.307845008439
2481 0.305444157688
2482 0.303742262675
2483 0.325480150927
2484 0.303742262675
2485 0.324433085941
2486 0.324877264282
2487 0.304223302458
2488 0.303879547314
2489 0.305652446627
2490 0.322281776032
2491 0.304039869656
2492 0.321050616044
2493 0.325953538348
2494 0.304292146835
2495 0.307235414363
2496 0.323756098763
2497 0.313320465288
2498 0.304774931293
2499 0.344786409452
2500 0.344256783631
2501 0.325927202924
2502 0.325296426949
2503 0.301089788818
2504 0.304567836209
2505 0.325112910267
2506 0.304751906821
2507 0.324380909504
2508 0.326560429903
2509 0.333195753745
2510 0.321025066894
2511 0.3400776421
2512 0.321588089173
2513 0.328341281995
2514 0.304085707115
2515 0.305005367503
2516 0.304016956107
2517 0.327196122199
2518 0.304728885828
2519 0.321280741525
2520 0.299369275739
2521 0.325585229265
2522 0.32482494489
2523 0.306861478061
2524 0.304429929106
2525 0.306372065815
2526 0.281881139724
2527 0.326296286548
2528 0.303788010437
2529 0.304108631028
2530 0.318063627737
2531 0.316119504004
2532 0.319626098613
2533 0.322127364896
2534 0.332975731786
2535 0.304820990675
2536 0.304200361254
2537 0.312737498301
2538 0.330981374351
2539 0.3084806141
2540 0.324851102479
2541 0.28035311631
2542 0.303719393961
2543 0.329790793868
2544 0.339333865292
2545 0.316392234556
2546 0.304085707115
2547 0.325034323631
2548 0.31889335894
2549 0.304131558398
2550 0.325348898346
2551 0.325427637189
2552 0.325585229265
2553 0.322204551964
2554 0.325690375471
2555 0.331579894015
2556 0.358514129985
2557 0.324615835728
2558 0.281291471347
2559 0.304498867043
2560 0.325611509451
2561 0.326745584853
2562 0.325348898346
2563 0.304383987821
2564 0.324016143822
2565 0.326217126847
2566 0.303833771981
2567 0.307563357014
2568 0.328127622465
2569 0.304200361254
2570 0.30369652869
2571 0.304475884262
2572 0.308127176183
2573 0.304890105857
2574 0.325243972474
2575 0.323886069096
2576 0.324981953645
2577 0.307024963132
2578 0.304498867043
2579 0.32555895332
2580 0.324328749846
2581 0.304338060399
2582 0.3070950815
2583 0.320082598634
2584 0.307610263123
2585 0.306209275132
2586 0.307516465207
2587 0.326190748815
2588 0.304429929106
2589 0.332591391754
2590 0.319752773509
2591 0.326454721258
2592 0.323652197576
2593 0.319803471586
2594 0.326138005545
2595 0.332728554156
2596 0.303742262675
2597 0.30369652869
2598 0.319448922283
2599 0.322436335272
2600 0.306861478061
2601 0.326058922615
2602 0.326243509146
2603 0.326507567025
2604 0.311818890824
2605 0.32642830479
2606 0.313856764225
2607 0.32143434188
2608 0.326401892596
2609 0.31919615371
2610 0.317163376884
2611 0.308433442204
2612 0.326772052701
2613 0.305930607507
2614 0.307212016647
2615 0.30445290495
2616 0.326164375048
2617 0.320057203316
2618 0.320489472518
2619 0.305421031995
2620 0.325585229265
2621 0.307845008439
2622 0.304085707115
2623 0.304269195247
2624 0.324641959648
2625 0.326243509146
2626 0.326164375048
2627 0.264542002137
2628 0.271979570563
2629 0.304774931293
2630 0.321408731622
2631 0.325821903771
2632 0.324302676308
2633 0.304131558398
2634 0.257172063661
2635 0.304016956107
2636 0.307610263123
2637 0.307235414363
2638 0.284104584167
2639 0.32563779388
2640 0.305005367503
2641 0.308433442204
2642 0.307539909323
2643 0.369820406178
2644 0.320565876557
2645 0.304844025587
2646 0.305698771642
2647 0.324851102479
2648 0.307516465207
2649 0.305305456035
2650 0.321229574024
2651 0.304108631028
2652 0.30493620006
2653 0.307868502678
2654 0.318440242389
2655 0.325217751579
2656 0.32555895332
2657 0.304521853294
2658 0.305351675921
2659 0.328528462464
2660 0.308268454118
2661 0.307422724477
2662 0.307516465207
2663 0.305606135651
2664 0.303605102024
2665 0.318364848125
2666 0.30567560738
2667 0.297383043906
2668 0.303331152011
2669 0.297492698421
2670 0.306791466316
2671 0.302580332327
2672 0.30235354449
2673 0.304705868313
2674 0.31641705158
2675 0.318189066934
2676 0.304890105857
2677 0.362835131372
2678 0.306698167003
2679 0.304269195247
2680 0.306395335758
2681 0.316690296011
2682 0.304567836209
2683 0.302966653443
2684 0.363129083679
2685 0.303833771981
2686 0.302807460636
2687 0.304567836209
2688 0.30301216785
2689 0.302534947547
2690 0.317362991943
2691 0.272089639187
2692 0.302217634896
2693 0.302466895898
2694 0.307001597457
2695 0.349900337461
2696 0.315600140087
2697 0.303217152029
2698 0.303353962294
2699 0.317888178927
2700 0.302444218818
2701 0.302784732462
2702 0.303765134834
2703 0.305005367503
2704 0.302557638235
2705 0.319803471586
2706 0.316169056399
2707 0.317387961494
2708 0.307422724477
2709 0.273139751546
2710 0.302580332327
2711 0.302557638235
2712 0.273918720078
2713 0.305374791112
2714 0.275414828333
2715 0.302285574417
2716 0.273102768302
2717 0.307798030718
2718 0.31706366349
2719 0.304521853294
2720 0.307563357014
2721 0.30644188625
2722 0.30235354449
2723 0.302512260262
2724 0.302898407463
2725 0.335998749841
2726 0.304315101885
2727 0.303376776009
2728 0.302966653443
2729 0.304705868313
2730 0.304913151216
2731 0.306209275132
2732 0.304338060399
2733 0.302330884403
2734 0.304016956107
2735 0.305953810435
2736 0.303536568141
2737 0.302444218818
2738 0.303971139371
2739 0.36404665559
2740 0.271832950848
2741 0.319803471586
2742 0.317313064626
2743 0.308433442204
2744 0.316615728011
2745 0.302943901366
2746 0.296595911373
2747 0.315575451036
2748 0.302852927221
2749 0.363652843288
2750 0.316839537432
2751 0.318038551765
2752 0.305259250139
2753 0.310666229541
2754 0.318038551765
2755 0.307352456426
2756 0.318239270321
2757 0.30493620006
2758 0.318239270321
2759 0.34863028179
2760 0.30369652869
2761 0.304292146835
2762 0.316020445796
2763 0.304544843016
2764 0.317362991943
2765 0.308882158544
2766 0.335551571335
2767 0.302671142751
2768 0.302285574417
2769 0.304223302458
2770 0.302603029824
2771 0.304797959244
2772 0.303034930182
2773 0.275678329159
2774 0.305421031995
2775 0.302285574417
2776 0.311867104027
2777 0.302285574417
2778 0.317988411681
2779 0.307258815644
2780 0.303103237703
2781 0.318013479747
2782 0.318767363934
2783 0.305837830977
2784 0.276036744942
2785 0.303833771981
2786 0.304429929106
2787 0.306814800014
2788 0.305444157688
2789 0.302194995175
2790 0.302875665635
2791 0.302557638235
2792 0.303285541733
2793 0.302217634896
2794 0.3082448988
2795 0.303376776009
2796 0.303034930182
2797 0.317863130611
2798 0.303948236181
2799 0.302966653443
2800 0.302330884403
2801 0.317863130611
2802 0.302966653443
2803 0.303788010437
2804 0.303582253958
2805 0.30301216785
2806 0.302376207975
2807 0.304315101885
2808 0.303331152011
2809 0.302262924516
2810 0.304108631028
2811 0.317138442656
2812 0.302603029824
2813 0.303673666862
2814 0.304223302458
2815 0.323314978808
2816 0.317263153015
2817 0.302852927221
2818 0.302262924516
2819 0.303879547314
2820 0.347908666717
2821 0.302693853875
2822 0.302648435036
2823 0.306861478061
2824 0.304521853294
2825 0.30235354449
2826 0.304774931293
2827 0.307001597457
2828 0.317888178927
2829 0.319095158249
2830 0.304108631028
2831 0.304636836625
2832 0.303285541733
2833 0.304844025587
2834 0.359248462961
2835 0.302376207975
2836 0.304636836625
2837 0.274216639969
2838 0.302580332327
2839 0.337742882668
2840 0.413871036277
2841 0.274702144405
2842 0.273398914984
2843 0.302172358846
2844 0.307165231904
2845 0.317437912385
2846 0.304039869656
2847 0.304039869656
2848 0.302807460636
2849 0.303376776009
2850 0.319120401122
2851 0.257813062606
2852 0.302807460636
2853 0.3154520637
2854 0.318339724636
2855 0.304039869656
2856 0.302398874857
2857 0.303605102024
2858 0.302194995175
2859 0.303171576025
2860 0.304567836209
2861 0.302534947547
2862 0.302398874857
2863 0.317863130611
2864 0.307868502678
2865 0.318289489553
2866 0.303971139371
2867 0.318038551765
2868 0.31816397118
2869 0.303331152011
2870 0.330006625539
2871 0.304475884262
2872 0.30923733159
2873 0.340450754544
2874 0.306116329533
2875 0.304890105857
2876 0.317913231192
2877 0.303194362314
2878 0.30653502968
2879 0.302989408937
2880 0.302512260262
2881 0.322616841858
2882 0.305305456035
2883 0.303765134834
2884 0.321741983617
2885 0.302534947547
2886 0.337742882668
2887 0.302376207975
2888 0.304774931293
2889 0.303331152011
2890 0.302693853875
2891 0.324903430299
2892 0.303080465108
2893 0.312713255084
2894 0.302534947547
2895 0.277003432712
2896 0.303833771981
2897 0.304959252388
2898 0.30493620006
2899 0.302852927221
2900 0.302308227712
2901 0.302739286348
2902 0.357846269014
2903 0.302308227712
2904 0.302648435036
2905 0.330141663851
2906 0.318038551765
2907 0.30630227719
2908 0.29550955905
2909 0.31609473363
2910 0.343173202092
2911 0.317863130611
2912 0.317888178927
2913 0.358482270558
2914 0.31816397118
2915 0.304797959244
2916 0.322333279312
2917 0.318113791546
2918 0.303308345157
2919 0.303422413734
2920 0.339305323458
2921 0.317913231192
2922 0.348449597529
2923 0.302240278009
2924 0.303353962294
2925 0.316715159817
2926 0.318314605112
2927 0.302534947547
2928 0.30653502968
2929 0.318465381747
2930 0.304475884262
2931 0.302330884403
2932 0.30440695673
2933 0.304429929106
2934 0.302625730727
2935 0.303308345157
2936 0.302580332327
2937 0.318565978883
2938 0.359857358661
2939 0.303422413734
2940 0.318817749987
2941 0.317387961494
2942 0.302921152706
2943 0.302830192222
2944 0.317988411681
2945 0.306838137262
2946 0.317213257104
2947 0.342183475324
2948 0.303948236181
2949 0.31577307167
2950 0.302671142751
2951 0.347190032756
2952 0.307118461408
2953 0.302534947547
2954 0.304751906821
2955 0.302807460636
2956 0.304269195247
2957 0.30662822975
2958 0.303171576025
2959 0.30486706398
2960 0.302534947547
2961 0.305629289385
2962 0.302830192222
2963 0.311025519706
2964 0.30235354449
2965 0.305351675921
2966 0.303217152029
2967 0.306721486511
2968 0.316119504004
2969 0.308033062812
2970 0.3176628861
2971 0.305166880293
2972 0.302557638235
2973 0.302534947547
2974 0.318591138097
2975 0.317338026321
2976 0.302217634896
2977 0.307516465207
2978 0.271869590955
2979 0.303605102024
2980 0.320667805293
2981 0.302330884403
2982 0.315871974833
2983 0.302489576379
2984 0.302603029824
2985 0.305051496566
2986 0.317387961494
2987 0.306023440342
2988 0.303353962294
2989 0.305074566331
2990 0.318314605112
2991 0.30355940933
2992 0.318440242389
2993 0.358737304632
2994 0.348780995209
2995 0.305351675921
2996 0.302943901366
2997 0.305721939416
2998 0.3027620077
2999 0.302262924516
3000 0.303468065191
3001 0.306395335758
3002 0.344168670812
3003 0.348389411054
3004 0.337742882668
3005 0.317263153015
3006 0.349566810276
3007 0.302217634896
3008 0.316789774665
3009 0.302512260262
3010 0.304590832874
3011 0.273621446828
3012 0.306674851041
3013 0.302466895898
3014 0.303765134834
3015 0.304383987821
3016 0.302671142751
3017 0.304797959244
3018 0.362118580843
3019 0.304338060399
3020 0.320209635703
3021 0.308976791559
3022 0.304751906821
3023 0.317988411681
3024 0.31641705158
3025 0.302989408937
3026 0.317238203098
3027 0.314345904355
3028 0.363456256473
3029 0.302512260262
3030 0.316939109883
3031 0.302466895898
3032 0.302172358846
3033 0.303788010437
3034 0.318389975579
3035 0.348479698565
3036 0.31906991937
3037 0.305166880293
3038 0.302217634896
3039 0.34291065884
3040 0.30369652869
3041 0.316839537432
3042 0.316740027527
3043 0.303103237703
3044 0.303445237746
3045 0.302398874857
3046 0.302376207975
3047 0.305097639585
3048 0.304751906821
3049 0.303468065191
3050 0.31906991937
3051 0.303080465108
3052 0.308527800427
3053 0.303879547314
3054 0.302376207975
3055 0.317988411681
3056 0.302285574417
3057 0.31781304582
3058 0.303788010437
3059 0.303513730388
3060 0.302308227712
3061 0.31889335894
3062 0.302830192222
3063 0.292977049211
3064 0.302466895898
3065 0.317562858426
3066 0.31706366349
3067 0.302489576379
3068 0.303057695935
3069 0.303765134834
3070 0.303810889486
3071 0.318540823641
3072 0.302172358846
3073 0.305328564229
3074 0.338564917381
3075 0.302285574417
3076 0.304269195247
3077 0.364968876376
3078 0.305120716329
3079 0.306209275132
3080 0.306698167003
3081 0.304085707115
3082 0.303627953529
3083 0.308409861666
3084 0.302398874857
3085 0.305698771642
3086 0.317138442656
3087 0.304659843712
3088 0.305074566331
3089 0.302784732462
3090 0.318389975579
3091 0.306674851041
3092 0.30235354449
3093 0.303513730388
3094 0.304223302458
3095 0.302648435036
3096 0.302693853875
3097 0.317762976809
3098 0.305953810435
3099 0.317788009342
3100 0.302648435036
3101 0.317788009342
3102 0.414083452124
3103 0.305582985425
3104 0.302830192222
3105 0.318490525074
3106 0.302466895898
3107 0.35705443358
3108 0.306581622632
3109 0.317338026321
3110 0.302943901366
3111 0.316466697308
3112 0.335467857845
3113 0.303308345157
3114 0.318943784835
3115 0.304498867043
3116 0.318138879384
3117 0.308127176183
3118 0.357592499831
3119 0.30493620006
3120 0.317863130611
3121 0.318214166647
3122 0.302285574417
3123 0.30235354449
3124 0.271704788212
3125 0.304521853294
3126 0.302262924516
3127 0.302330884403
3128 0.302285574417
3129 0.302376207975
3130 0.303673666862
3131 0.302580332327
3132 0.302330884403
3133 0.318591138097
3134 0.302852927221
3135 0.302262924516
3136 0.316342612185
3137 0.306209275132
3138 0.30502843029
3139 0.302921152706
3140 0.302898407463
3141 0.358545995075
3142 0.302398874857
3143 0.317338026321
3144 0.302308227712
3145 0.303856657923
3146 0.327036967214
3147 0.318063627737
3148 0.302262924516
3149 0.303536568141
3150 0.3176628861
3151 0.319651425562
3152 0.303285541733
3153 0.31947422116
3154 0.302512260262
3155 0.361275388733
3156 0.315723643311
3157 0.302921152706
3158 0.303034930182
3159 0.317038744938
3160 0.302512260262
3161 0.305513555785
3162 0.302784732462
3163 0.313393489014
3164 0.316193838422
3165 0.304705868313
3166 0.30486706398
3167 0.303673666862
3168 0.303285541733
3169 0.314566515174
3170 0.317913231192
3171 0.303673666862
3172 0.303171576025
3173 0.306023440342
3174 0.324406995624
3175 0.317712923572
3176 0.303194362314
3177 0.303673666862
3178 0.305005367503
3179 0.303605102024
3180 0.318490525074
3181 0.302330884403
3182 0.302330884403
3183 0.343933923658
3184 0.302172358846
3185 0.317437912385
3186 0.363980960984
3187 0.307563357014
3188 0.329198709857
3189 0.342619414862
3190 0.304108631028
3191 0.302784732462
3192 0.306000226852
3193 0.304361022377
3194 0.316169056399
3195 0.303971139371
3196 0.31781304582
3197 0.304039869656
3198 0.302784732462
3199 0.350295327422
3200 0.304108631028
3201 0.302398874857
3202 0.307212016647
3203 0.315600140087
3204 0.272641321343
3205 0.305120716329
3206 0.304728885828
3207 0.343027295118
3208 0.304636836625
3209 0.303034930182
3210 0.303171576025
3211 0.303194362314
3212 0.303490896072
3213 0.304200361254
3214 0.357719339416
3215 0.360082209282
3216 0.30493620006
3217 0.302308227712
3218 0.303582253958
3219 0.30235354449
3220 0.304890105857
3221 0.317138442656
3222 0.30369652869
3223 0.307024963132
3224 0.332290032174
3225 0.339505217185
3226 0.317113512349
3227 0.354824609956
3228 0.302330884403
3229 0.31641705158
3230 0.303308345157
3231 0.302172358846
3232 0.303673666862
3233 0.306908170313
3234 0.313588385462
3235 0.295921434169
3236 0.302648435036
3237 0.303285541733
3238 0.31609473363
3239 0.30417742351
3240 0.362118580843
3241 0.318565978883
3242 0.302943901366
3243 0.302784732462
3244 0.303833771981
3245 0.302898407463
3246 0.308056585765
3247 0.303376776009
3248 0.318364848125
3249 0.293445914788
3250 0.303422413734
3251 0.316566035517
3252 0.30235354449
3253 0.31914564799
3254 0.318264377956
3255 0.302921152706
3256 0.273139751546
3257 0.305977016883
3258 0.304705868313
3259 0.31080984595
3260 0.273993139346
3261 0.30369652869
3262 0.317988411681
3263 0.303742262675
3264 0.310093088676
3265 0.270447907655
3266 0.348088790283
3267 0.302603029824
3268 0.318716993805
3269 0.302194995175
3270 0.302466895898
3271 0.302376207975
3272 0.302262924516
3273 0.327594688208
3274 0.303582253958
3275 0.306768136166
3276 0.303627953529
3277 0.303719393961
3278 0.318339724636
3279 0.309189927998
3280 0.304338060399
3281 0.307516465207
3282 0.303719393961
3283 0.302262924516
3284 0.302512260262
3285 0.317562858426
3286 0.303627953529
3287 0.315946192872
3288 0.305629289385
3289 0.352530017529
3290 0.307821517786
3291 0.338508096886
3292 0.308953127869
3293 0.302921152706
3294 0.317512868209
3295 0.304062786658
3296 0.313125901621
3297 0.305328564229
3298 0.318063627737
3299 0.304890105857
3300 0.306186033441
3301 0.302716568407
3302 0.30445290495
3303 0.318943784835
3304 0.303856657923
3305 0.325401386673
3306 0.30235354449
3307 0.303627953529
3308 0.303217152029
3309 0.302625730727
3310 0.302580332327
3311 0.302285574417
3312 0.302398874857
3313 0.303422413734
3314 0.309807310544
3315 0.302512260262
3316 0.302603029824
3317 0.316839537432
3318 0.302398874857
3319 0.302648435036
3320 0.304338060399
3321 0.308433442204
3322 0.306954876776
3323 0.302330884403
3324 0.302739286348
3325 0.318088707664
3326 0.302693853875
3327 0.30445290495
3328 0.304498867043
3329 0.303742262675
3330 0.303627953529
3331 0.330493281221
3332 0.31283450877
3333 0.318189066934
3334 0.302398874857
3335 0.303399593155
3336 0.318389975579
3337 0.302308227712
3338 0.303627953529
3339 0.302512260262
3340 0.31781304582
3341 0.303399593155
3342 0.275396026119
3343 0.333113211444
3344 0.303057695935
3345 0.318716993805
3346 0.30662822975
3347 0.304636836625
3348 0.31914564799
3349 0.318088707664
3350 0.302671142751
3351 0.32344459514
3352 0.31899422668
3353 0.302671142751
3354 0.318716993805
3355 0.30235354449
3356 0.342473978316
3357 0.303331152011
3358 0.303422413734
3359 0.302671142751
3360 0.303422413734
3361 0.31879255497
3362 0.306884822411
3363 0.340364579024
3364 0.307727591013
3365 0.305606135651
3366 0.304475884262
3367 0.327063482292
3368 0.303308345157
3369 0.302421545138
3370 0.304062786658
3371 0.303308345157
3372 0.303513730388
3373 0.302308227712
3374 0.31609473363
3375 0.302693853875
3376 0.30235354449
3377 0.302444218818
3378 0.274403169212
3379 0.3062557691
3380 0.304567836209
3381 0.305444157688
3382 0.317437912385
3383 0.302534947547
3384 0.303148793161
3385 0.304844025587
3386 0.322178818832
3387 0.30822134708
3388 0.3062557691
3389 0.3027620077
3390 0.302512260262
3391 0.304292146835
3392 0.31781304582
3393 0.302671142751
3394 0.303445237746
3395 0.270920147118
3396 0.32884984027
3397 0.306418609236
3398 0.308433442204
3399 0.302489576379
3400 0.303605102024
3401 0.304498867043
3402 0.302444218818
3403 0.302852927221
3404 0.318314605112
3405 0.311385641883
3406 0.302739286348
3407 0.35680178583
3408 0.302194995175
3409 0.302466895898
3410 0.305213058227
3411 0.303171576025
3412 0.318540823641
3413 0.313028710374
3414 0.302240278009
3415 0.315674230424
3416 0.304383987821
3417 0.317737948219
3418 0.318364848125
3419 0.302671142751
3420 0.317988411681
3421 0.303605102024
3422 0.303582253958
3423 0.305189967513
3424 0.302512260262
3425 0.302534947547
3426 0.302739286348
3427 0.307024963132
3428 0.302512260262
3429 0.302421545138
3430 0.302421545138
3431 0.30301216785
3432 0.303422413734
3433 0.302716568407
3434 0.317562858426
3435 0.308103642449
3436 0.304567836209
3437 0.302376207975
3438 0.422231629746
3439 0.299814269089
3440 0.297054564845
3441 0.314934888796
3442 0.297010822455
3443 0.232199446877
3444 0.297448826913
3445 0.296967092947
3446 0.296988956091
3447 0.29709832012
3448 0.296967092947
3449 0.316864424679
3450 0.28394460411
3451 0.297668313945
3452 0.29685782549
3453 0.297624390629
3454 0.29685782549
3455 0.316342612185
3456 0.297954131811
3457 0.337573304652
3458 0.299191648045
3459 0.297383043906
3460 0.297273470198
3461 0.297580480274
3462 0.297492698421
3463 0.297734223233
3464 0.297624390629
3465 0.297998152515
3466 0.297361122703
3467 0.297646350667
3468 0.240290742828
3469 0.297690280466
3470 0.297932126336
3471 0.297339204731
3472 0.29956935917
3473 0.297273470198
3474 0.297207764723
3475 0.297646350667
3476 0.299992637063
3477 0.297273470198
3478 0.297273470198
3479 0.297229663321
3480 0.297668313945
3481 0.299992637063
3482 0.297646350667
3483 0.297404968342
3484 0.297339204731
3485 0.297822147699
3486 0.297822147699
3487 0.297734223233
3488 0.315723643311
3489 0.282592013351
3490 0.296967092947
3491 0.297185869352
3492 0.299524873076
3493 0.297448826913
3494 0.297470761049
3495 0.29703269204
3496 0.330222739898
3497 0.297844136931
3498 0.297800161715
3499 0.29742689601
3500 0.297514639029
3501 0.29729537848
3502 0.33371947308
3503 0.297514639029
3504 0.297536582873
3505 0.297120202592
3506 0.297602433832
3507 0.298108261202
3508 0.297120202592
3509 0.297470761049
3510 0.29742689601
3511 0.297404968342
3512 0.29742689601
3513 0.297690280466
3514 0.296988956091
3515 0.282552426321
3516 0.297185869352
3517 0.297646350667
3518 0.298108261202
3519 0.299836553485
3520 0.29742689601
3521 0.297514639029
3522 0.298969909626
3523 0.29742689601
3524 0.297646350667
3525 0.29729537848
3526 0.313856764225
3527 0.297888125136
3528 0.299502634983
3529 0.299769710232
3530 0.297734223233
3531 0.297010822455
3532 0.297054564845
3533 0.297383043906
3534 0.298042186228
3535 0.297580480274
3536 0.297361122703
3537 0.29709832012
3538 0.296945233021
3539 0.297273470198
3540 0.297185869352
3541 0.31397890649
3542 0.29709832012
3543 0.298042186228
3544 0.29742689601
3545 0.297142088287
3546 0.332071204362
3547 0.297207764723
3548 0.297580480274
3549 0.297536582873
3550 0.297207764723
3551 0.313320465288
3552 0.29709832012
3553 0.297602433832
3554 0.297888125136
3555 0.297558529954
3556 0.297734223233
3557 0.313028710374
3558 0.299613858481
3559 0.297778178976
3560 0.297888125136
3561 0.231333925369
3562 0.313053002529
3563 0.297668313945
3564 0.297910124111
3565 0.297448826913
3566 0.297163977207
3567 0.297076440871
3568 0.297142088287
3569 0.297866129409
3570 0.297646350667
3571 0.29685782549
3572 0.297383043906
3573 0.297120202592
3574 0.297998152515
3575 0.297734223233
3576 0.239890639307
3577 0.28257221845
3578 0.315847243234
3579 0.333195753745
3580 0.297361122703
3581 0.297054564845
3582 0.297207764723
3583 0.229347944203
3584 0.297163977207
3585 0.298130292705
3586 0.29703269204
3587 0.326772052701
3588 0.297229663321
3589 0.296945233021
3590 0.238373869325
3591 0.297844136931
3592 0.297470761049
3593 0.313004421989
3594 0.231745906278
3595 0.297602433832
3596 0.297142088287
3597 0.301404736296
3598 0.230330078257
3599 0.297185869352
3600 0.297690280466
3601 0.297142088287
3602 0.297756199483
3603 0.29731728999
3604 0.297448826913
3605 0.301157222142
3606 0.300148883228
3607 0.296967092947
3608 0.29703269204
3609 0.297448826913
3610 0.326613309901
3611 0.297448826913
3612 0.300596199001
3613 0.297404968342
3614 0.297668313945
3615 0.297163977207
3616 0.297470761049
3617 0.29729537848
3618 0.298196406756
3619 0.298108261202
3620 0.297076440871
3621 0.29729537848
3622 0.297668313945
3623 0.29731728999
3624 0.297361122703
3625 0.297185869352
3626 0.303650808475
3627 0.297142088287
3628 0.297712250228
3629 0.297668313945
3630 0.297844136931
3631 0.297229663321
3632 0.297163977207
3633 0.297142088287
3634 0.33802589162
3635 0.297448826913
3636 0.299858841194
3637 0.297514639029
3638 0.297185869352
3639 0.297273470198
3640 0.297602433832
3641 0.281017136231
3642 0.297076440871
3643 0.299435940513
3644 0.297580480274
3645 0.297163977207
3646 0.297734223233
3647 0.29731728999
3648 0.297207764723
3649 0.297404968342
3650 0.297668313945
3651 0.29685782549
3652 0.336981120256
3653 0.29703269204
3654 0.297120202592
3655 0.299369275739
3656 0.297185869352
3657 0.298064207964
3658 0.297120202592
3659 0.297624390629
3660 0.297383043906
3661 0.297076440871
3662 0.297470761049
3663 0.297251565145
3664 0.297229663321
3665 0.297229663321
3666 0.297054564845
3667 0.297185869352
3668 0.298064207964
3669 0.297163977207
3670 0.297492698421
3671 0.29974743577
3672 0.297142088287
3673 0.283346280157
3674 0.296967092947
3675 0.315402735777
3676 0.297251565145
3677 0.296967092947
3678 0.315600140087
3679 0.297010822455
3680 0.297163977207
3681 0.242836563363
3682 0.297470761049
3683 0.297076440871
3684 0.297976140537
3685 0.322926752369
3686 0.297273470198
3687 0.29729537848
3688 0.299925724207
3689 0.23838795595
3690 0.239819332417
3691 0.297624390629
3692 0.231333925369
3693 0.333443626268
3694 0.299903426555
3695 0.296988956091
3696 0.297668313945
3697 0.297185869352
3698 0.299725164618
3699 0.297339204731
3700 0.22916553943
3701 0.297492698421
3702 0.297273470198
3703 0.332481743228
3704 0.299435940513
3705 0.229504522421
3706 0.297932126336
3707 0.297624390629
3708 0.297800161715
3709 0.297339204731
3710 0.29685782549
3711 0.297558529954
3712 0.297690280466
3713 0.299369275739
3714 0.297602433832
3715 0.297646350667
3716 0.297229663321
3717 0.297010822455
3718 0.231333925369
3719 0.297646350667
3720 0.297558529954
3721 0.297251565145
3722 0.315328772812
3723 0.298108261202
3724 0.31564952978
3725 0.297120202592
3726 0.297251565145
3727 0.29731728999
3728 0.297010822455
3729 0.297602433832
3730 0.29685782549
3731 0.297866129409
3732 0.299903426555
3733 0.229243677365
3734 0.240362330369
3735 0.327967560211
3736 0.297339204731
3737 0.299480400192
3738 0.300014947984
3739 0.297756199483
3740 0.297163977207
3741 0.297624390629
3742 0.314910303715
3743 0.296967092947
3744 0.297251565145
3745 0.231333925369
3746 0.296988956091
3747 0.000247647350173
3748 0.297339204731
3749 0.29685782549
3750 0.297163977207
3751 0.33507774654
3752 0.296988956091
3753 0.297383043906
3754 0.297536582873
3755 0.297207764723
3756 0.297558529954
3757 0.316045204528
3758 0.297383043906
3759 0.231759220418
3760 0.297492698421
3761 0.298086232956
3762 0.29742689601
3763 0.297690280466
3764 0.297229663321
3765 0.297624390629
3766 0.297383043906
3767 0.297076440871
3768 0.297163977207
3769 0.297448826913
3770 0.297229663321
3771 0.297492698421
3772 0.297054564845
3773 0.29731728999
3774 0.297251565145
3775 0.297404968342
3776 0.297120202592
3777 0.297273470198
3778 0.297273470198
3779 0.297229663321
3780 0.299658371014
3781 0.297602433832
3782 0.296967092947
3783 0.297646350667
3784 0.297142088287
3785 0.29729537848
3786 0.297712250228
3787 0.297404968342
3788 0.296945233021
3789 0.297844136931
3790 0.297207764723
3791 0.282216383839
3792 0.297339204731
3793 0.297273470198
3794 0.298152327464
3795 0.297844136931
3796 0.297602433832
3797 0.297690280466
3798 0.322720079247
3799 0.29685782549
3800 0.29742689601
3801 0.300506629216
3802 0.229426206597
3803 0.297383043906
3804 0.297536582873
3805 0.300282938111
3806 0.297207764723
3807 0.296967092947
3808 0.229100465163
3809 0.229061438339
3810 0.297229663321
3811 0.297712250228
3812 0.229191579489
3813 0.29703269204
3814 0.297492698421
3815 0.29703269204
3816 0.29731728999
3817 0.296967092947
3818 0.297536582873
3819 0.297273470198
3820 0.297120202592
3821 0.29685782549
3822 0.297624390629
3823 0.297734223233
3824 0.297361122703
3825 0.300551407435
3826 0.297668313945
3827 0.297778178976
3828 0.297120202592
3829 0.299591607173
3830 0.297778178976
3831 0.300955012727
3832 0.299881132217
3833 0.297690280466
3834 0.297756199483
3835 0.297185869352
3836 0.297602433832
3837 0.297558529954
3838 0.297404968342
3839 0.30039474202
3840 0.297273470198
3841 0.297207764723
3842 0.335244825944
3843 0.283665072118
3844 0.297229663321
3845 0.296967092947
3846 0.297954131811
3847 0.000247647350173
3848 0.297404968342
3849 0.297163977207
3850 0.296967092947
3851 0.297383043906
3852 0.315970939969
3853 0.297756199483
3854 0.29685782549
3855 0.22966131458
3856 0.297273470198
3857 0.29685782549
3858 0.297076440871
3859 0.299836553485
3860 0.297120202592
3861 0.299970329461
3862 0.31641705158
3863 0.29731728999
3864 0.29709832012
3865 0.297492698421
3866 0.296967092947
3867 0.297361122703
3868 0.297602433832
3869 0.297229663321
3870 0.298020167744
3871 0.297624390629
3872 0.297010822455
3873 0.313077298455
3874 0.300327649687
3875 0.297142088287
3876 0.228996423172
3877 0.297142088287
3878 0.31577307167
3879 0.297273470198
3880 0.22966131458
3881 0.297646350667
3882 0.297339204731
3883 0.29709832012
3884 0.297668313945
3885 0.300014947984
3886 0.186603801952
3887 0.31378352447
3888 0.29703269204
3889 0.297404968342
3890 0.299413715623
3891 0.297010822455
3892 0.297888125136
3893 0.297120202592
3894 0.297076440871
3895 0.297054564845
3896 0.29731728999
3897 0.297404968342
3898 0.296945233021
3899 0.297690280466
3900 0.29709832012
3901 0.297800161715
3902 0.297185869352
3903 0.282809940451
3904 0.297339204731
3905 0.29709832012
3906 0.297010822455
3907 0.23183913739
3908 0.297602433832
3909 0.297273470198
3910 0.297558529954
3911 0.296923376313
3912 0.297492698421
3913 0.297163977207
3914 0.297778178976
3915 0.297470761049
3916 0.297778178976
3917 0.297163977207
3918 0.297163977207
3919 0.298152327464
3920 0.297602433832
3921 0.297207764723
3922 0.297712250228
3923 0.229035427842
3924 0.297185869352
3925 0.231705973038
3926 0.296945233021
3927 0.282710841025
3928 0.297624390629
3929 0.297339204731
3930 0.297778178976
3931 0.300327649687
3932 0.297558529954
3933 0.29703269204
3934 0.297361122703
3935 0.297514639029
3936 0.29685782549
3937 0.297076440871
3938 0.297273470198
3939 0.385291403113
3940 0.296945233021
3941 0.297514639029
3942 0.297339204731
3943 0.23840204424
3944 0.315057871805
3945 0.297910124111
3946 0.297734223233
3947 0.296967092947
3948 0.297646350667
3949 0.336166749216
3950 0.297120202592
3951 0.297646350667
3952 0.297822147699
3953 0.296923376313
3954 0.296945233021
3955 0.296945233021
3956 0.29709832012
3957 0.297470761049
3958 0.297800161715
3959 0.297251565145
3960 0.229295798931
3961 0.297229663321
3962 0.315624833001
3963 0.315501407054
3964 0.296988956091
3965 0.297207764723
3966 0.296923376313
3967 0.300193554888
3968 0.297207764723
3969 0.283545441104
3970 0.297602433832
3971 0.297470761049
3972 0.300461864337
3973 0.297339204731
3974 0.297120202592
3975 0.29685782549
3976 0.297339204731
3977 0.297273470198
3978 0.297010822455
3979 0.29729537848
3980 0.297404968342
3981 0.233800915184
3982 0.189549900883
3983 0.189603355452
3984 0.189496476446
3985 0.189487575301
3986 0.189532089391
3987 0.189558807884
3988 0.189496476446
3989 0.189540994718
3990 0.233084936187
3991 0.189514281245
3992 0.189505378428
3993 0.189505378428
3994 0.189532089391
3995 0.189576624399
3996 0.189558807884
3997 0.189514281245
3998 0.189576624399
3999 0.189603355452
4000 0.189514281245
4001 0.189558807884
4002 0.189496476446
4003 0.189540994718
4004 0.1895231849
4005 0.189567715723
4006 0.189505378428
4007 0.189496476446
4008 0.189514281245
4009 0.189487575301
4010 0.189567715723
4011 0.189487575301
4012 0.233058003963
4013 0.189496476446
4014 0.189532089391
4015 0.189585533912
4016 0.189487575301
4017 0.189514281245
4018 0.189558807884
4019 0.189540994718
4020 0.189549900883
4021 0.189549900883
4022 0.189576624399
4023 0.189487575301
4024 0.189639008584
4025 0.189487575301
4026 0.189514281245
4027 0.189558807884
4028 0.189540994718
4029 0.189496476446
4030 0.189496476446
4031 0.189647923962
4032 0.233152293989
4033 0.189496476446
4034 0.189505378428
4035 0.189496476446
4036 0.189487575301
4037 0.189496476446
4038 0.189514281245
4039 0.189558807884
