node,pagerank
1 0.00465088493918
2 0.000532324619395
3 0.000345553078509
4 0.000491623379809
5 0.000355643765083
6 0.000334793588966
7 0.000277144029584
8 0.000397753970146
9 0.000260667065198
10 0.00060259793068
11 0.000253311115294
12 0.000163590620098
13 0.000165365008538
14 0.000558516798128
15 0.000258929270503
16 0.000160565477923
17 0.0002351812634
18 0.000213700702891
19 0.000133102676508
20 0.000248850689339
21 0.000209796926118
22 0.000652550133955
23 0.000171183404037
24 0.000278413177308
25 0.000204831560877
26 0.000649461199339
27 0.000543330635965
28 0.000172140382933
29 0.000215976129507
30 0.000158700902601
31 0.000160909863171
32 0.000222357418782
33 0.000174098060833
34 0.000146232611136
35 0.000122420266911
36 0.000102602015867
37 0.000155405658895
38 0.000101592236909
39 0.000110157729216
40 0.000141487458839
41 0.000597265495748
42 0.000318906861887
43 9.46323803993e-05
44 9.69556913104e-05
45 0.00012048596985
46 0.00010725914811
47 0.000121228050594
48 9.82522336414e-05
49 0.000209551845695
50 0.000140890789315
51 0.000112565725809
52 0.000119750940617
53 0.000106380999013
54 0.000640017791686
55 9.79211493339e-05
56 0.000137003110325
57 0.000602452541446
58 0.000160479562831
59 0.000193135857056
60 0.000172493461315
61 9.80411068616e-05
62 0.000107326013271
63 0.000212449402771
64 9.09375937746e-05
65 0.000126726321166
66 0.000107486134282
67 0.000119754093662
68 0.00051002115779
69 0.000157527691959
70 9.86149133903e-05
71 9.79374741413e-05
72 0.00010792232911
73 0.000201895272306
74 0.000114256838776
75 8.14442873435e-05
76 0.000126029602301
77 9.42762276951e-05
78 0.000107889176278
79 0.000155233958815
80 9.95499415854e-05
81 0.000247686523407
82 0.000122894066232
83 0.00056852795996
84 0.000117723878351
85 0.000133984641406
86 0.000150604002144
87 0.00013255264046
88 0.000121352612503
89 0.000213408235609
90 0.000143686786626
91 0.000112653589449
92 0.000153696993888
93 0.000224030921737
94 0.00013811799917
95 0.000233014895702
96 0.000124582922259
97 0.000113877750194
98 0.00011151602448
99 0.000516299649286
100 0.000206032812367
101 0.000136213394983
102 0.000192861721476
103 0.00012578553429
104 0.000125388889495
105 0.000419483282926
106 0.000126298051049
107 9.91872552323e-05
108 0.0068610689295
109 0.000152406210805
110 0.000398785625754
111 0.000121137799277
112 0.000195902100523
113 0.000105849816818
114 0.000424577880434
115 9.04780908064e-05
116 0.000279565493553
117 0.000202212042742
118 0.000103742849304
119 0.000405844058819
120 0.000504986441084
121 0.000104734058543
122 0.000123298241416
123 0.000544193767575
124 0.00013830020993
125 0.000109608601115
126 8.52970565071e-05
127 0.000104606202588
128 0.000185655681539
129 0.000383871590373
130 0.000104246323121
131 0.000161058638566
132 0.000139191505611
133 0.000146750053507
134 0.000138117405433
135 0.000146135851113
136 0.000134426018936
137 0.000551290597145
138 0.000216861883788
139 8.07291384385e-05
140 0.000124782409531
141 0.000144824866858
142 0.000382120510473
143 0.000363403367601
144 0.000186794423362
145 0.000191741925646
146 9.99771184756e-05
147 0.00010362849817
148 0.000112574666629
149 0.000179821080423
150 0.000171183529658
151 0.000143694062754
152 0.00010314013827
153 7.92605836639e-05
154 5.06627034548e-05
155 6.11492008461e-05
156 7.84247504169e-05
157 0.000114768215977
158 7.64284980493e-05
159 0.000208802728775
160 0.000152960348707
161 5.73687509068e-05
162 0.00020897731782
163 0.000117323810884
164 9.51601724449e-05
165 5.82210616317e-05
166 9.37378191189e-05
167 9.3595805092e-05
168 0.000115499390151
169 0.000114270569926
170 0.00037050837708
171 0.000391369444784
172 0.000350644931259
173 0.000376396670692
174 0.00018784596782
175 8.47079615716e-05
176 0.000247322272045
177 0.000114106900992
178 0.000170158025621
179 0.000134180459848
180 6.29278904287e-05
181 0.000210670913966
182 0.000166325724553
183 7.7086527672e-05
184 4.48270538541e-05
185 0.000206318021126
186 0.000211859374497
187 0.000368737011433
188 0.000170460498295
189 0.000389497136298
190 0.000109557600369
191 7.85952606234e-05
192 5.88596777096e-05
193 0.000102350248823
194 8.85088761307e-05
195 0.000188132011995
196 0.000149428188835
197 0.000130871536785
198 0.000183923852837
199 0.000243429230723
200 0.000370857484054
201 0.000423891351174
202 7.9374948201e-05
203 8.44214303006e-05
204 0.000421186941735
205 0.000216444019409
206 6.22667767782e-05
207 7.49133695121e-05
208 5.55765733235e-05
209 7.82917638984e-05
210 4.48270538541e-05
211 4.48270538541e-05
212 0.000357988010439
213 0.000153270827256
214 0.000356005397622
215 0.00022239363914
216 4.48270538541e-05
217 5.99006532088e-05
218 0.000117357028502
219 0.000149428188835
220 0.000114833627368
221 8.30029357633e-05
222 8.75272608462e-05
223 0.000111530309969
224 0.000205217154974
225 0.000322584227658
226 0.000159394814162
227 0.000168551716599
228 0.000222893063065
229 6.34176218831e-05
230 8.57361830147e-05
231 0.000142286290931
232 0.0001733381705
233 0.000202807494112
234 7.80778969364e-05
235 4.48270538541e-05
236 6.55529588694e-05
237 0.000333019411132
238 9.76629469037e-05
239 0.000184956690588
240 0.000385540419597
241 6.5354644901e-05
242 5.68190893762e-05
243 0.000238765823846
244 0.000141070967056
245 7.80778969364e-05
246 9.12678069111e-05
247 0.000125676372277
248 6.12469012681e-05
249 0.000167182879311
250 0.000244979328098
251 6.22088476547e-05
252 0.000167163677458
253 0.000479643276287
254 8.01931154337e-05
255 0.000175327938742
256 5.68190893762e-05
257 7.80778969364e-05
258 0.000157117378608
259 0.000133753433547
260 0.000137854875478
261 0.000117820725816
262 0.00032115508533
263 8.30029357633e-05
264 0.000121796614017
265 8.97004124284e-05
266 0.000208700646887
267 0.000183270286442
268 5.67199125642e-05
269 9.82869201804e-05
270 9.30550226309e-05
271 6.39794696951e-05
272 0.000535148060938
273 0.000369900612349
274 0.000149428188835
275 0.000125614659264
276 0.000166325724553
277 0.000141215599934
278 0.000539353142767
279 0.000156508697634
280 5.68011114279e-05
281 0.000342545585513
282 0.000182992877971
283 7.80778969364e-05
284 7.85068805097e-05
285 0.00018316664224
286 0.000386555545608
287 5.52924078628e-05
288 4.48270538541e-05
289 6.14869657213e-05
290 7.71354282358e-05
291 0.000118162895841
292 0.000316274021579
293 4.48270538541e-05
294 7.30055220918e-05
295 5.96150876907e-05
296 9.14564052252e-05
297 0.000121796614017
298 0.000193157817705
299 0.000100966182096
300 0.00021269076008
301 9.49221491586e-05
302 6.01418181361e-05
303 0.000210183261699
304 0.000172993982191
305 0.000404179927457
306 5.53233524322e-05
307 0.000149428188835
308 7.25861277425e-05
309 0.000195948436896
310 0.000134426018936
311 0.000176769265425
312 8.69787933793e-05
313 0.000343331732736
314 0.000316293498556
315 0.000118642294143
316 0.00041988101213
317 5.11626252491e-05
318 8.72599985335e-05
319 0.000100752733797
320 0.00013076715097
321 0.000244592019105
322 7.06293486224e-05
323 0.000560725579183
324 0.000320504414098
325 0.000228731528077
326 0.00030770424604
327 0.000223002332903
328 8.28477908793e-05
329 0.000149428188835
330 0.000366534775568
331 0.000165681082461
332 0.000170085497419
333 0.000327086000716
334 0.000113014587526
335 0.000337745869036
336 4.48270538541e-05
337 5.82644595156e-05
338 0.000138196298496
339 8.27000461002e-05
340 0.00023950557083
341 7.7971892943e-05
342 0.000107239833605
343 0.000289742698604
344 0.000215333353782
345 8.69943300183e-05
346 0.000137779881089
347 0.000274117887463
348 8.78373987868e-05
349 0.00227803478178
350 8.21291489349e-05
351 0.000215065685484
352 0.000126167690112
353 0.000189222229414
354 0.000632115203779
355 0.000227266597203
356 0.000317837407617
357 8.68418902875e-05
358 0.000193890329146
359 4.53107032389e-05
360 0.000245831439547
361 0.000284882873543
362 0.000227540569996
363 0.000171237516455
364 0.000593396653841
365 0.000201225220891
366 6.53781563239e-05
367 0.000628440912183
368 0.000275611074999
369 0.000256718538979
370 0.000260217966459
371 0.000515238863732
372 6.11372411688e-05
373 0.00016364437809
374 0.00063730125761
375 0.000494777016437
376 0.000144068603552
377 0.000845165701645
378 7.89292010131e-05
379 0.000394418410522
380 6.53358931387e-05
381 0.00013192696533
382 0.000143443732969
383 0.000124629038069
384 7.89292010131e-05
385 9.19432745392e-05
386 7.98666041538e-05
387 9.63679040539e-05
388 0.00024775804609
389 0.000246558021645
390 0.00042826661575
391 6.57396413881e-05
392 0.00039921580345
393 0.000242574606107
394 0.000159300804259
395 0.000253707562968
396 0.000590494932319
397 0.000229191435508
398 0.000354165149217
399 0.000231346309221
400 0.000179539715568
401 0.000468545072735
402 7.27102484867e-05
403 0.000370055916119
404 0.000177411457071
405 0.000342299237741
406 0.00011750120343
407 8.88266974837e-05
408 0.000161153373578
409 0.000348073205666
410 0.000230950330735
411 0.000144331753075
412 8.97042065443e-05
413 0.000652121221884
414 0.00014839639759
415 0.00174593389138
416 0.000187451326736
417 0.000155043266148
418 0.000386291425023
419 0.000183227152714
420 0.000416467684339
421 0.000219555943181
422 0.000193198078646
423 0.000508302215787
424 0.000422572422359
425 0.000190905083565
426 0.000165769319504
427 0.000155658257986
428 0.000123535960406
429 0.000750186439124
430 0.000126191020325
431 0.000242209068157
432 0.00046874596019
433 0.000376624456435
434 0.000126213731357
435 0.000244486421438
436 0.000121315504053
437 0.000396815151542
438 0.000211043737742
439 0.00046611741024
440 0.000310965378698
441 0.000116455270914
442 0.000179539715568
443 0.000110033806689
444 6.97101866313e-05
445 0.000326274079302
446 0.000197026866068
447 0.000143511718686
448 4.53107032389e-05
449 5.80369438383e-05
450 0.000116778230568
451 0.000190416856721
452 0.000164194717632
453 0.000292948885921
454 0.000142553597319
455 8.65201634673e-05
456 0.000305610495833
457 0.000387907478441
458 0.000214338856756
459 0.000202519273716
460 0.00012838895198
461 0.000503626833427
462 0.000359842225413
463 0.000158053504095
464 0.000331594776893
465 0.000109581504931
466 0.000590926535387
467 0.000109690908288
468 0.000106114865533
469 6.97101866313e-05
470 0.000220645605125
471 0.000157206922798
472 0.000203530715757
473 9.37501121848e-05
474 0.000205713021974
475 0.000177638738278
476 0.000739101848538
477 0.000139705624587
478 0.000144555607182
479 0.000104630579095
480 0.000235880463921
481 0.000107076251811
482 0.00022921641324
483 0.000217291131155
484 0.00217927600049
485 0.000634538392823
486 7.02084275988e-05
487 0.00018229473766
488 0.000211667287147
489 0.000192363886026
490 0.000201650451082
491 0.000130337354399
492 0.000115989779147
493 0.000466216620538
494 0.000368021585386
495 0.000163955011149
496 0.000151967689218
497 0.000309863315666
498 0.000562908736016
499 0.000138532484314
500 8.3416819872e-05
501 0.000582922777539
502 0.000179539715568
503 0.000107234029476
504 0.000367361308553
505 0.000382874176656
506 0.000147054243016
507 0.000466048496463
508 0.000468285048436
509 0.000139918247104
510 0.000165941091538
511 0.00021645406872
512 0.000197393591711
513 0.000191011555638
514 0.000635337758072
515 0.000461474599081
516 0.000381455027578
517 0.000205794590987
518 0.000652655451032
519 0.000201642009529
520 0.000196048387467
521 0.000350389362607
522 0.000120200893668
523 0.000126032891038
524 0.000313576349523
525 0.000447231154931
526 0.000445812709146
527 0.00045495986156
528 0.000345546634694
529 0.000117154171261
530 0.000107928836023
531 6.81971727511e-05
532 0.000367294252501
533 0.000233596656195
534 9.15441872988e-05
535 0.00010380834178
536 0.000109275785882
537 0.000147562223721
538 0.000287347929912
539 0.000556996495959
540 0.000197284088101
541 8.71584293622e-05
542 0.000104344387167
543 0.000423019079622
544 0.000185464131192
545 0.000440807547268
546 0.000317405022487
547 0.000234071855138
548 0.000244044879805
549 0.000233735567817
550 0.000104501832384
551 4.53107032389e-05
552 0.000182811555799
553 9.19432745392e-05
554 0.000614123704177
555 0.000190053814116
556 0.000281454808617
557 0.000363438859169
558 0.00025294073787
559 0.000149213362064
560 0.000573848326016
561 0.000203843145184
562 0.000471417011451
563 7.44000904376e-05
564 0.000706935186435
565 0.000205512464518
566 0.000145245062121
567 0.000526874404346
568 0.000460260224261
569 0.00013076924394
570 0.000122304961814
571 0.000244415691375
572 5.70927197605e-05
573 0.000106114865533
574 0.000342220274437
575 0.000142001113367
576 0.000146426060745
577 0.000170509124396
578 0.000247339742161
579 0.000267730526091
580 0.000412265531763
581 0.000537897719539
582 8.10640246321e-05
583 0.000237509352146
584 0.000278543091457
585 0.000185762165069
586 4.65557090826e-05
587 8.793701346e-05
588 0.000104863839549
589 0.00016560767759
590 0.000229237542501
591 0.000146179424072
592 0.000316285046139
593 0.000469804648999
594 6.63582967711e-05
595 0.000199783992723
596 0.000218170103116
597 0.000378514495565
598 0.000234647405451
599 0.000180440926328
600 0.000258315959789
601 0.000268723059446
602 0.000172928261066
603 4.65557090826e-05
604 0.000201164979386
605 0.000269997255507
606 0.000199683729316
607 0.000552448197233
608 4.65557090826e-05
609 4.65557090826e-05
610 0.000295728625799
611 6.27373426677e-05
612 0.000182740281971
613 0.000172963923391
614 4.65557090826e-05
615 0.000201937098734
616 0.000268870224381
617 0.00023687661555
618 0.000278655596556
619 0.000262501683511
620 0.000274049939509
621 0.00019762242306
622 0.00010751749016
623 0.000165196569207
624 0.000193664545482
625 4.65557090826e-05
626 0.000232821549496
627 0.000166314429635
628 0.000267730526091
629 0.000152209288307
630 9.98153820869e-05
631 0.000399132430995
632 0.000146516578638
633 0.000248668466234
634 0.000172476162692
635 0.000142541645164
636 0.000243011985045
637 0.000262686605509
638 0.000635660497975
639 4.65557090826e-05
640 0.000134276402404
641 0.00025774247095
642 0.000421541706688
643 8.10640246321e-05
644 0.000268723059446
645 0.000256125501698
646 0.000213001877068
647 0.000121682487079
648 0.000218040709836
649 5.60714799378e-05
650 8.18255436452e-05
651 0.000248513315968
652 0.000469531262802
653 5.7167845686e-05
654 0.000286054521974
655 0.000335181889829
656 8.94960176876e-05
657 5.14251459515e-05
658 0.000106429680774
659 0.000267730526091
660 0.000267730526091
661 6.77571670632e-05
662 0.000268723059446
663 0.00026814506445
664 0.000122904822141
665 0.000192808658752
666 0.000210190149341
667 0.000189997775737
668 7.31310253932e-05
669 4.65557090826e-05
670 0.000220149428784
671 0.000257330907179
672 6.82432627083e-05
673 0.000107128629732
674 6.24455280336e-05
675 4.65557090826e-05
676 0.000258054989349
677 0.000128683312995
678 0.000239000017752
679 0.00027802177768
680 0.000102563550159
681 0.000280283815672
682 0.000258874697192
683 0.000165712359297
684 0.000215505341916
685 0.000223136082995
686 0.000190163143757
687 0.00204203854946
688 0.000268450367276
689 0.000440282666154
690 0.000154378201362
691 0.000100317689763
692 0.000121317711075
693 4.7966297118e-05
694 0.00014011605872
695 0.000497098654025
696 0.000445973408656
697 0.000244037586472
698 0.000531076306083
699 0.0012602561769
700 6.30667780985e-05
701 8.00665563608e-05
702 0.000187056273555
703 0.000156024625137
704 0.000437928950111
705 8.65727849132e-05
706 0.000638950019495
707 0.00016811762438
708 0.000180936510092
709 0.000290796168859
710 0.000174280291279
711 8.84160871228e-05
712 0.000207469355336
713 0.000226315773776
714 0.000687436953167
715 0.000247475091124
716 0.000112189822897
717 0.000129282345849
718 0.000121578510706
719 0.000282761829004
720 0.000590353190874
721 0.000215281829512
722 8.60542610342e-05
723 0.000151372743724
724 0.000136058159135
725 0.000450443838006
726 0.000153390695004
727 0.000344120028666
728 0.000259999159796
729 0.000342176999547
730 0.000226191787316
731 0.000167923564716
732 0.000229416566673
733 0.000255113934669
734 0.000129432993486
735 0.000244382960831
736 8.63416225554e-05
737 0.000227168296173
738 0.000161544498434
739 0.000238634090282
740 0.000293310925849
741 0.000125885913798
742 0.000177970277336
743 0.000176096464466
744 7.7227212768e-05
745 5.77061843044e-05
746 0.000509041475485
747 0.00015994429981
748 0.000522042017511
749 0.000199452953648
750 7.3344004921e-05
751 5.73440106085e-05
752 0.000139585508365
753 0.000359192519284
754 0.000182225505025
755 0.000272274609649
756 0.000199727220988
757 0.000117684769941
758 0.000119006296009
759 0.000205826669184
760 0.000112482580895
761 0.000264417731015
762 8.90349133622e-05
763 0.00013851800794
764 0.000167684855714
765 0.000266873929106
766 0.000153773024506
767 0.000311708528495
768 0.000152999800131
769 0.000226657561591
770 0.000208394559811
771 0.000297172917961
772 0.000250618606301
773 0.000188243793519
774 0.000312705986146
775 0.000360494445632
776 7.3344004921e-05
777 0.000228671584122
778 0.000187349310648
779 0.000167041704639
780 0.000184357436633
781 0.000392755236851
782 0.000492410255333
783 0.000215460986189
784 0.0001895275009
785 0.000436634957782
786 7.28955797069e-05
787 0.00014593466376
788 0.000284862464163
789 9.26529449254e-05
790 0.000227418632511
791 7.73297808476e-05
792 0.000137592701333
793 0.000227189639428
794 0.000216962749504
795 0.000150899207924
796 0.000197968343968
797 0.000133042104413
798 0.000255643292176
799 0.000151798763882
800 0.00014959577267
801 0.000372653392904
802 4.7966297118e-05
803 0.000106737308734
804 0.000233393990097
805 0.000255436157752
806 0.000607574723231
807 0.000266837685358
808 0.000202450986004
809 0.000117994680981
810 0.000189726139869
811 0.000275729643556
812 0.000137624495034
813 8.78626174829e-05
814 0.00014035809939
815 0.00023531727316
816 0.000365739600192
817 0.000157044178419
818 0.000239481271455
819 0.000255395736113
820 0.000359867224645
821 0.000345624342718
822 0.000101888404319
823 0.000256136389773
824 0.000512591375416
825 0.000527792181421
826 0.000134783408673
827 0.000118708476541
828 0.00041329847089
829 0.000704933158221
830 0.000335761533798
831 0.000509640828587
832 0.000160956775393
833 9.00519565645e-05
834 0.000265026536523
835 0.000398538031358
836 0.000200478434867
837 0.000140992873681
838 0.000148641009575
839 0.000199438475266
840 0.000259956943069
841 0.000260728143847
842 6.13694797274e-05
843 0.000328510684918
844 0.000133852720746
845 0.000145103282768
846 0.000211974631675
847 9.32295413919e-05
848 0.000258189217896
849 0.00022862095866
850 0.000292918107445
851 0.000154557617377
852 6.34250482082e-05
853 0.000121578510706
854 0.0004053959708
855 6.32474274799e-05
856 0.000121578510706
857 0.000488238803615
858 0.000187307219564
859 0.000149434872324
860 7.47623651969e-05
861 5.80323146284e-05
862 0.000181236665232
863 0.000287316806715
864 0.000202521243671
865 0.000128892760206
866 9.64420090727e-05
867 0.000153912471735
868 0.000216429067336
869 9.64420090727e-05
870 0.000117569791539
871 0.000202995806139
872 0.000191561699765
873 0.000190646463742
874 0.00016644401922
875 0.000190646463742
876 5.11446129441e-05
877 0.000202521243671
878 0.000119743609576
879 0.000185870331635
880 0.000178005862296
881 9.71427281124e-05
882 0.000202109990438
883 0.000154322387748
884 5.11446129441e-05
885 0.0001155419046
886 0.000247941108791
887 0.000159023028946
888 0.00016644401922
889 0.000168727783191
890 0.000234040129595
891 0.000117889349368
892 5.11446129441e-05
893 5.11446129441e-05
894 0.000108546475837
895 0.000127837773794
896 0.000176249654762
897 0.00181811079874
898 0.000291668740068
899 0.000202458255616
900 6.84265955601e-05
901 0.000123579485056
902 0.000272619202275
903 0.000247095160572
904 0.000270615663646
905 8.36674535612e-05
906 0.000138448826461
907 0.000302633981958
908 8.37680294674e-05
909 0.000308514035047
910 0.000176517979233
911 9.78600002259e-05
912 4.28364194243e-05
913 0.000126284510379
914 0.000278104454084
915 0.000121528210646
916 0.000224460833823
917 0.000461222141902
918 0.000695120648359
919 4.28364194243e-05
920 0.000179056552435
921 9.85923606208e-05
922 0.000342191140058
923 0.000153085676073
924 0.000101904737327
925 0.000317146164859
926 0.000514260988126
927 0.000106856149513
928 0.000304498213354
929 0.000105230367735
930 8.67211430788e-05
931 0.000343292170942
932 0.000134196840362
933 0.000418162960358
934 0.000151189478894
935 0.000301747827813
936 8.01433525523e-05
937 0.000236868612246
938 9.50008104424e-05
939 0.000234970620877
940 0.000164652783301
941 0.00013619404176
942 0.0003041808273
943 0.000355589805018
944 0.000117163515312
945 0.000285831113866
946 5.75737716584e-05
947 0.000518041551061
948 0.000368607177825
949 0.00023547101924
950 0.000166688492885
951 0.000113171077212
952 0.000165457107255
953 0.000297490495163
954 0.000356239345068
955 0.000302149653282
956 0.000163095490051
957 0.000156350810514
958 0.000379563372507
959 0.000201247316637
960 0.000206295110725
961 0.000339907374785
962 0.000143829479828
963 0.000190314571563
964 0.000263032034964
965 0.000201913791243
966 0.000130111363556
967 0.000351461423495
968 0.000356897554753
969 0.000282289315389
970 0.000178016371457
971 0.000153297499063
972 0.000192412576058
973 0.000101061324936
974 0.00014520382008
975 0.000110419573193
976 0.000287837217446
977 0.000162017912321
978 0.000198484096083
979 0.000342828884816
980 0.000161250371073
981 0.000418056612245
982 0.000268607558008
983 0.000276285255125
984 0.000437171191089
985 0.000261650945268
986 9.21165881134e-05
987 0.000104725112732
988 9.14107967233e-05
989 0.000206969978323
990 0.000181876247543
991 0.000270447307743
992 0.000163401359853
993 0.000249160309731
994 0.000468687474178
995 0.000159633890321
996 0.000309969742165
997 7.13258303124e-05
998 0.00032969758317
999 8.01447412969e-05
1000 0.00029591555247
1001 0.00017410355279
1002 0.000230689619075
1003 0.000114539783487
1004 0.000343349744762
1005 0.000367372412246
1006 0.000123750648199
1007 0.000440211314052
1008 0.000109755651558
1009 8.80569295043e-05
1010 0.000301124124526
1011 0.00027312844482
1012 0.000220663917087
1013 0.000205517352608
1014 0.000113781757397
1015 0.000469653824356
1016 0.000185410687855
1017 0.000148751243894
1018 0.000459226613858
1019 0.000264925337093
1020 0.000303701008093
1021 0.000309096015454
1022 0.000294271778679
1023 5.64676830923e-05
1024 0.000107983495984
1025 0.000329987374841
1026 0.000189885178503
1027 0.000319951943355
1028 8.93022133308e-05
1029 0.000223980180666
1030 0.000505910432364
1031 0.000176790656264
1032 6.66722820252e-05
1033 0.000433649302802
1034 0.000170260813793
1035 5.68301174775e-05
1036 0.00018921508375
1037 0.00029636844277
1038 0.00026836543626
1039 7.00416429628e-05
1040 0.000114031378259
1041 0.000266164679828
1042 0.000378215951416
1043 0.000123940931617
1044 0.000183429196674
1045 0.000153425171103
1046 0.00016712736151
1047 9.01310971053e-05
1048 0.000238473130954
1049 0.000372197191239
1050 0.000328008157499
1051 0.000129131468402
1052 0.000320821599381
1053 0.000470344829234
1054 0.000116424548835
1055 0.000226291246251
1056 0.000143248271123
1057 0.000516615423426
1058 9.02784475388e-05
1059 8.63546859549e-05
1060 0.000505705684733
1061 0.00025931136553
1062 0.000121398132199
1063 0.000167585400343
1064 0.000103609984785
1065 0.000233809422474
1066 5.11746920901e-05
1067 0.000361692611442
1068 0.000399873758544
1069 0.000216178180631
1070 0.00010194263315
1071 0.000572738906237
1072 8.11260025259e-05
1073 0.000194497118984
1074 0.000112334646302
1075 0.000240488068576
1076 0.000320419797714
1077 0.000427823828495
1078 0.000140750578541
1079 0.000541033297555
1080 0.000373444957822
1081 0.000376839776786
1082 0.000166710343861
1083 0.000287918017867
1084 0.000333400398785
1085 8.88377821593e-05
1086 0.000612339189465
1087 0.000679799101815
1088 0.000105388509044
1089 0.000153304619141
1090 0.000135016401022
1091 0.000128857123721
1092 0.000115160335118
1093 0.000220537083439
1094 9.20475790544e-05
1095 0.000110082764788
1096 0.000161147466824
1097 4.28364194243e-05
1098 0.000289111070111
1099 0.000229199872042
1100 0.000300698408788
1101 0.000368812566224
1102 0.000380445131946
1103 0.000283811248736
1104 7.97473939508e-05
1105 0.000521820772549
1106 0.000114539783487
1107 0.000209978694526
1108 0.000426410802881
1109 0.000239851115019
1110 0.00026346889439
1111 0.000476595812739
1112 0.000146968705447
1113 0.000218875145674
1114 0.000307819178493
1115 0.000246670092605
1116 0.000184530251989
1117 0.000122920013689
1118 0.000381048319347
1119 0.000279939942786
1120 4.28364194243e-05
1121 0.000269444302964
1122 0.000170959055904
1123 0.000314722219885
1124 0.000442311676378
1125 0.000428190045981
1126 0.000359894035703
1127 0.00058779611972
1128 0.000196598459566
1129 0.000351948683171
1130 0.000296514741361
1131 0.000237295010128
1132 0.000227542257378
1133 0.000427099806525
1134 8.47242018761e-05
1135 0.00012569011557
1136 0.0002498287482
1137 0.000317204705313
1138 0.000238500322115
1139 0.00021238381226
1140 0.000173366528316
1141 0.000100657936081
1142 0.000149173550173
1143 0.000207848826817
1144 0.00010047339877
1145 0.00020451619771
1146 4.28364194243e-05
1147 0.000457506552689
1148 6.26765312363e-05
1149 0.000347783561706
1150 0.000324712758844
1151 0.000128315827756
1152 6.75921956035e-05
1153 0.000133832904257
1154 0.000422035077311
1155 0.000105525943985
1156 0.000283714498264
1157 0.000324710705413
1158 7.44347846519e-05
1159 0.000337929522539
1160 0.000366836121319
1161 0.000321325586175
1162 0.000152228123919
1163 9.66165297406e-05
1164 0.000313783174402
1165 0.000113827627429
1166 0.000236337750071
1167 0.000317811536725
1168 0.000197354925466
1169 8.02632773313e-05
1170 0.000152209954222
1171 0.000221330597951
1172 0.000238693588811
1173 0.000350984649536
1174 0.000413361443838
1175 0.000188925988847
1176 0.000420164199308
1177 4.28364194243e-05
1178 0.000207028153044
1179 0.000138342400933
1180 0.000288876340642
1181 0.000199085459632
1182 0.000298984469832
1183 0.000239888926706
1184 0.000228215458592
1185 0.000473838451699
1186 0.00046483208254
1187 0.000152888998475
1188 0.000186264002283
1189 0.00022227037008
1190 0.000264817627574
1191 0.000196685201892
1192 0.000351026661133
1193 0.000433758788099
1194 0.000124904811645
1195 0.000101658768592
1196 0.000209924484474
1197 0.000129771396356
1198 0.000183838189881
1199 0.000302165683358
1200 0.000644026055464
1201 7.32752932619e-05
1202 0.000216288524012
1203 0.000160913171657
1204 0.000106550735915
1205 0.000510427120534
1206 0.000327578434545
1207 4.28364194243e-05
1208 0.000266375322562
1209 9.18274240401e-05
1210 0.000287559259854
1211 0.000288625818933
1212 0.000526705884424
1213 0.000215834443646
1214 0.000176023447936
1215 0.000383981469886
1216 0.000258975623705
1217 0.000284982660728
1218 0.000316884912277
1219 0.000169715280648
1220 0.000218562301374
1221 7.72647132876e-05
1222 0.000379340266069
1223 0.000456925045506
1224 0.000141017560879
1225 6.65935921362e-05
1226 0.00021493971921
1227 0.00023945295917
1228 0.000390845343501
1229 0.000182489264675
1230 0.000255314521814
1231 0.00038454487813
1232 0.00037932137586
1233 0.000236773264583
1234 4.92823649967e-05
1235 0.000139886690662
1236 0.000509444165994
1237 0.000352023399891
1238 0.000350226568628
1239 0.000504993002538
1240 6.57911798791e-05
1241 0.000143031484832
1242 0.000138032935829
1243 0.000316060168672
1244 0.000358180027218
1245 0.000111778699234
1246 0.00028076868464
1247 0.000245584993715
1248 0.000157360567979
1249 9.35694162708e-05
1250 0.000129435886299
1251 0.000417834723968
1252 0.000132389383515
1253 7.27160456589e-05
1254 8.11260025259e-05
1255 0.00011302377266
1256 0.000393112560284
1257 0.000419991774534
1258 0.00028679782329
1259 0.000286804795149
1260 0.000357412069207
1261 0.000274630854284
1262 0.000341487845851
1263 4.55182760673e-05
1264 6.16254764292e-05
1265 8.31079347255e-05
1266 0.000132836435643
1267 0.000143891846587
1268 0.000361786804907
1269 0.000118742819995
1270 0.000389791916609
1271 5.63111800992e-05
1272 0.000319413067348
1273 0.000327006414148
1274 0.00034504085094
1275 0.00022361629549
1276 0.000376340919056
1277 4.5556298016e-05
1278 0.000556924248083
1279 0.000148305349184
1280 0.000240993569899
1281 0.000288374129587
1282 0.000204383811138
1283 0.000341793347578
1284 0.000250224591634
1285 0.000290759512526
1286 0.000208007662402
1287 0.000127448385799
1288 0.000205781405125
1289 0.000304109926612
1290 0.000300750198431
1291 0.000306337409017
1292 0.000347470791049
1293 0.000286256408667
1294 0.000190020914793
1295 0.00014808749361
1296 8.1898968214e-05
1297 0.000178511547572
1298 9.64751391383e-05
1299 0.000335009307702
1300 0.000223095585435
1301 0.000185618892089
1302 8.06008240324e-05
1303 0.000328845786529
1304 0.000251769466754
1305 0.000303594037012
1306 0.000353716466822
1307 0.000187096686317
1308 0.000287028242641
1309 0.000167862814777
1310 0.000268427628721
1311 0.000191869678187
1312 0.000177731696178
1313 0.000313725767882
1314 0.000209182884403
1315 0.000213226202554
1316 0.000236596302493
1317 0.000168801807871
1318 0.000218135859829
1319 0.000240372656587
1320 0.000221645236941
1321 0.000363035189488
1322 0.000166962856845
1323 0.000447435848603
1324 0.000281348295912
1325 0.000245217053902
1326 0.000181248041854
1327 5.80829871164e-05
1328 0.000276535728518
1329 0.000204683611168
1330 0.000429509642858
1331 0.000388282816891
1332 0.00044814156518
1333 0.0002985718617
1334 0.000264621323578
1335 0.000372755608886
1336 0.000387084899714
1337 0.000205671734066
1338 0.000275624045586
1339 0.0004304697858
1340 0.000318409466254
1341 0.00020568240283
1342 0.000376970846002
1343 9.99734174291e-05
1344 0.000253294822159
1345 0.000312133056496
1346 0.000451811211592
1347 6.48428815548e-05
1348 0.000388864014563
1349 0.000258234780973
1350 0.000265949075598
1351 0.000176297054691
1352 0.000210933359079
1353 0.00163412336247
1354 6.66479059803e-05
1355 7.00718023557e-05
1356 0.000283746490997
1357 0.000182993914407
1358 0.000202365247542
1359 0.000465086195119
1360 0.000311794676245
1361 0.000336749191845
1362 0.000458102059516
1363 4.88597509019e-05
1364 0.000180631126066
1365 9.88934209461e-05
1366 0.000173126613168
1367 0.000379101539855
1368 0.000504144517061
1369 0.000163095490051
1370 0.000307946557158
1371 0.000347561709923
1372 0.000286029014859
1373 8.6167581779e-05
1374 0.000374859440405
1375 0.000262811211583
1376 0.000265789192183
1377 0.000562040250586
1378 0.000598169863357
1379 0.000257779603821
1380 0.000271816094763
1381 0.000297256308906
1382 0.000147834588709
1383 0.000215151007733
1384 6.74235653875e-05
1385 0.000138334375293
1386 0.000125862504976
1387 4.28364194243e-05
1388 0.000125086892312
1389 0.000308856999469
1390 0.00018394339125
1391 0.000575290302283
1392 0.000533820507569
1393 0.000189145575466
1394 0.000234787830825
1395 6.0267339872e-05
1396 4.82455554288e-05
1397 0.000291082377039
1398 0.000110713785535
1399 0.000188431384719
1400 0.000535267681042
1401 0.000149027337447
1402 7.92249460092e-05
1403 0.00026153585744
1404 0.000148751243894
1405 0.000266530489068
1406 0.000316963501644
1407 0.000176010349565
1408 0.000154585005862
1409 0.000210651698385
1410 0.000357738175872
1411 0.000200592360907
1412 7.96506943356e-05
1413 0.00015528585173
1414 0.000285933517521
1415 6.721517309e-05
1416 0.000225021389094
1417 0.000345473585213
1418 5.08669056812e-05
1419 0.000151321042132
1420 0.000195217874543
1421 0.000466182379213
1422 0.000228632165561
1423 0.000111375186556
1424 0.000284324390271
1425 0.000179124981377
1426 0.000235579278831
1427 0.000302130315292
1428 0.000367062221724
1429 0.000214119789602
1430 0.000207301384881
1431 4.91945966568e-05
1432 0.000697211857953
1433 0.000283903211615
1434 0.000220694102676
1435 0.000139625632727
1436 0.000286885754282
1437 0.000197888312349
1438 0.000239202459194
1439 0.000182688269728
1440 9.59433234823e-05
1441 0.000169518527476
1442 0.000160437611335
1443 7.99544174014e-05
1444 9.954142591e-05
1445 0.000207806148982
1446 0.000104124845772
1447 0.000220404444008
1448 0.000455009333799
1449 0.000283592210325
1450 0.000317045298038
1451 0.00020531846343
1452 0.000165694070011
1453 0.000273531221656
1454 0.000208326322268
1455 0.000278247006312
1456 6.83434012721e-05
1457 0.00040568832318
1458 0.000201626241978
1459 0.000152253001897
1460 0.000492513876187
1461 0.000203236016813
1462 8.98861595352e-05
1463 0.000403444843408
1464 6.62998126171e-05
1465 0.00017309765933
1466 0.000362692305786
1467 4.28364194243e-05
1468 0.000400662966237
1469 0.000251707507205
1470 0.000423750783143
1471 0.00039351114157
1472 0.000532634340415
1473 0.000589029198056
1474 0.000346954880949
1475 7.28291273945e-05
1476 0.000338172177159
1477 7.50614035734e-05
1478 0.000105761697828
1479 0.000156944171421
1480 0.00039948929001
1481 0.000346008502482
1482 0.000129178378615
1483 0.000349471070818
1484 0.000336644642806
1485 0.000109692396189
1486 0.000191056814308
1487 8.93787783885e-05
1488 0.000356586528628
1489 0.000418012989606
1490 0.000124575241647
1491 7.46018240789e-05
1492 0.000378732990094
1493 0.000115785655344
1494 0.000214942068387
1495 0.000246011105273
1496 0.000304312870117
1497 0.000322332988906
1498 0.000190773761536
1499 6.61972300596e-05
1500 0.000192717301013
1501 0.00020335298264
1502 0.00011322170046
1503 0.000360328073631
1504 0.000182275579176
1505 0.000376120057285
1506 0.000536531706334
1507 7.28685126934e-05
1508 0.000259550464008
1509 0.000175885668772
1510 0.00041595942377
1511 6.11285918093e-05
1512 0.000272510284969
1513 0.000209135440754
1514 0.000233053033653
1515 0.000209149553129
1516 0.000336832435017
1517 0.000468522542305
1518 0.000138352017181
1519 0.000130648452243
1520 0.000160589484856
1521 0.000377009198853
1522 6.90020017421e-05
1523 0.000474894547931
1524 0.00026575966906
1525 0.000176256607869
1526 0.000357209324671
1527 0.000152259703645
1528 0.000102296314315
1529 0.000370557046102
1530 0.000298105724343
1531 0.000319122345332
1532 0.000179671829747
1533 0.000147331176246
1534 0.000278400508309
1535 0.000284510970894
1536 0.000222672241969
1537 0.00050502289441
1538 0.000164459763288
1539 0.00024969476317
1540 0.000266291121311
1541 0.000309869024075
1542 0.000231976806674
1543 0.000205272105974
1544 0.000213534704795
1545 0.000144725542669
1546 0.000319954650977
1547 6.92887479729e-05
1548 0.000367712465169
1549 0.000328491543057
1550 0.000339619342963
1551 0.000193584167389
1552 0.000515891943627
1553 9.58234960527e-05
1554 0.000248573972083
1555 0.000488357388735
1556 0.000319181987743
1557 0.000110511029522
1558 0.000464120451258
1559 5.08542191702e-05
1560 0.000566469765296
1561 4.28364194243e-05
1562 0.000183626434111
1563 0.000127803326812
1564 0.000356964097296
1565 0.000159769653828
1566 0.000316104639158
1567 0.000173251673534
1568 0.000295290984116
1569 0.000235084291441
1570 0.000301433194843
1571 0.000396445228599
1572 0.000225521273496
1573 0.000180865638222
1574 0.000434082194683
1575 0.000405377123151
1576 0.000139011714265
1577 0.00033070702456
1578 0.000539811395552
1579 0.000210250252793
1580 7.23705615694e-05
1581 0.000280276320899
1582 4.28364194243e-05
1583 0.000214680524323
1584 0.000475561392609
1585 0.000679482611763
1586 0.000186608249512
1587 9.01310971053e-05
1588 0.000267784350366
1589 0.000218216411822
1590 0.000607168841557
1591 0.000338031972506
1592 0.000438339074721
1593 0.000135576143992
1594 0.000294294029083
1595 0.000122798992575
1596 0.000200305091221
1597 0.000364294531199
1598 0.000349634448459
1599 0.000428839063319
1600 0.000114721386695
1601 0.000369959020521
1602 0.000257873238684
1603 0.000100315697769
1604 0.000435477540866
1605 0.000474221659817
1606 0.000303448311053
1607 0.000197644577977
1608 9.69014397328e-05
1609 0.000365516010384
1610 0.000312238409993
1611 0.000538429293648
1612 0.000340638250802
1613 0.000567585744431
1614 0.000565926105278
1615 0.000247264001362
1616 0.000226674753943
1617 0.000321881993014
1618 0.000363015778206
1619 0.000128267370088
1620 0.000355194864108
1621 0.000447230887775
1622 0.000563316030034
1623 0.000554836329096
1624 0.000310874936074
1625 0.000249466256763
1626 0.000168434462103
1627 0.000219033914696
1628 8.93022133308e-05
1629 0.000379508951375
1630 0.000187398887785
1631 0.000385540581152
1632 8.53275857171e-05
1633 0.000265117235864
1634 0.000169312471936
1635 0.000265740448416
1636 0.000180650680923
1637 0.000361494656343
1638 0.000337996632185
1639 0.000180956523554
1640 0.000285042722211
1641 0.000102018117499
1642 0.000146411419817
1643 0.000279182915115
1644 0.000310316000688
1645 0.00023358540921
1646 0.000340180154282
1647 0.000122994155492
1648 0.00025539192466
1649 0.000208189579176
1650 0.00019477020458
1651 0.000160402298292
1652 5.1664662702e-05
1653 0.0002681541238
1654 0.000239524978426
1655 8.81264403331e-05
1656 0.000281993645579
1657 0.000287970843367
1658 9.78600002259e-05
1659 0.000125068803899
1660 0.000275159870165
1661 0.000179447221746
1662 0.000406790362124
1663 0.000438180801187
1664 0.00163936159376
1665 9.30011926705e-05
1666 0.00038841056765
1667 0.000318699218707
1668 0.000218602770933
1669 0.000373414345903
1670 0.000425139077101
1671 0.000103503358553
1672 0.000219950821029
1673 0.000210313522249
1674 0.000265565319323
1675 0.000188377560088
1676 0.000391333400777
1677 0.000176312170536
1678 0.000220230695572
1679 0.000145357661929
1680 0.000176716305675
1681 0.000290679716268
1682 0.000183438549329
1683 0.000192109555421
1684 0.000400040297475
1685 0.00663613699634
1686 0.000321535846801
1687 0.00023342184987
1688 0.000408417306451
1689 0.000365687440584
1690 0.000379318992746
1691 4.28364194243e-05
1692 0.000284614490843
1693 0.000344607036389
1694 8.03758409704e-05
1695 0.00023862753248
1696 0.000194214618825
1697 0.000118490584777
1698 8.13618185416e-05
1699 0.000175646750626
1700 0.000273971815989
1701 9.21741808972e-05
1702 0.000103579038255
1703 0.000276174498194
1704 0.000465276102248
1705 0.000160642153323
1706 0.000257887027099
1707 0.000225539365779
1708 0.000544287037695
1709 0.000116647453498
1710 0.000390235071754
1711 8.73561095038e-05
1712 7.92451362036e-05
1713 0.000328723560158
1714 6.65916611512e-05
1715 0.000549203483828
1716 0.000303875508221
1717 0.000310210946883
1718 0.000427821526525
1719 0.000527490994667
1720 0.000185708596637
1721 0.000265798407927
1722 0.000354382849247
1723 0.000236189809353
1724 0.000177788797139
1725 0.000218732966791
1726 0.000357691610824
1727 0.000188161027472
1728 0.000199881046514
1729 0.000161670810631
1730 0.000397813509353
1731 0.000717263481577
1732 9.58806278427e-05
1733 0.000250328798638
1734 0.000300467071858
1735 0.000186264842174
1736 0.000340704674664
1737 0.000467201513145
1738 0.000253284417393
1739 0.000175906820569
1740 0.000137051799583
1741 0.000223197188602
1742 0.000334311689434
1743 0.000377188570784
1744 0.0001997670951
1745 0.000229166980803
1746 0.000141167161233
1747 0.000600042618592
1748 0.000188564310872
1749 0.000117779032361
1750 0.000134166790763
1751 0.0003896401795
1752 0.000260330125462
1753 0.000353560680242
1754 0.000278017652618
1755 0.000214681123585
1756 4.28364194243e-05
1757 0.000135906712523
1758 0.000398321314956
1759 0.000248066728703
1760 8.47001699639e-05
1761 7.08252079451e-05
1762 0.000430347411525
1763 6.40238650894e-05
1764 0.000195413837861
1765 0.000141038089111
1766 0.00024334738595
1767 0.00027345404814
1768 0.000234554197476
1769 0.000674352410237
1770 0.000117622979137
1771 0.000336329622752
1772 9.87721780112e-05
1773 0.000204193386364
1774 0.000157480602497
1775 0.00019027587842
1776 6.36845709055e-05
1777 9.78600002259e-05
1778 6.86835621723e-05
1779 0.000244903361735
1780 0.000174760896183
1781 0.000134703365664
1782 0.000183003965648
1783 0.000227426340442
1784 0.000632825423847
1785 0.000153837847375
1786 0.000234620896999
1787 0.000458397401097
1788 0.000298137153181
1789 0.000157337435142
1790 0.000322138395729
1791 0.000215290442338
1792 0.00042211904544
1793 8.30239144328e-05
1794 0.000436691844775
1795 0.000345044818233
1796 0.000298107604981
1797 0.00023069817942
1798 7.53183128484e-05
1799 0.000273791337958
1800 0.000456588702308
1801 0.00163084677436
1802 0.000158028557418
1803 0.000118510913705
1804 0.000237276752141
1805 0.000581020726128
1806 0.000126006753416
1807 0.000324135138787
1808 0.000294495318491
1809 0.00015896626888
1810 0.00035526669045
1811 0.000317517810942
1812 0.000209643281692
1813 0.000243418074399
1814 0.000508495977955
1815 0.00011150744199
1816 0.000177886543658
1817 0.000393671957996
1818 0.000112147566542
1819 0.000182941790105
1820 0.000301600093429
1821 0.00034008490834
1822 0.000112442074716
1823 0.000136209871019
1824 0.000389094522347
1825 0.000291689271053
1826 0.000269860876663
1827 0.000316520645279
1828 0.000645532432237
1829 0.000301924015274
1830 0.000143126847941
1831 0.000113552644369
1832 0.000332652616261
1833 0.000181056197028
1834 0.000566559900924
1835 4.28364194243e-05
1836 0.000578220292789
1837 0.000121588891767
1838 0.000341715534393
1839 0.000103805202486
1840 0.000499087053624
1841 0.000128755356993
1842 0.000241297662443
1843 0.000369997098042
1844 0.000169327921073
1845 0.000431878304043
1846 0.000347833718971
1847 0.00017754946396
1848 0.000216882032131
1849 0.000190263584691
1850 0.000360481696111
1851 0.0001814505403
1852 0.000189504024711
1853 0.000147526037794
1854 9.87968305074e-05
1855 5.56330942731e-05
1856 7.22494664128e-05
1857 5.72820734567e-05
1858 0.00035181259642
1859 0.000209727868568
1860 0.000231637585288
1861 0.000160091778671
1862 0.000354067245368
1863 0.000293389751984
1864 0.000236125170767
1865 0.000343756725007
1866 8.28979841074e-05
1867 0.000280940261301
1868 0.000389789231215
1869 0.000378814635093
1870 0.000124995395699
1871 0.000151111169956
1872 0.000424827006817
1873 0.000253981324076
1874 0.000198538758498
1875 7.74482036842e-05
1876 0.000155617031816
1877 0.000367050335445
1878 0.000210187411591
1879 0.000215918086063
1880 0.000446575211246
1881 0.000258881146336
1882 0.000287373182055
1883 0.000282632677296
1884 0.000122350846782
1885 0.000164480407492
1886 0.000159359754701
1887 0.000338629961162
1888 8.44929193838e-05
1889 0.00162678716028
1890 0.000221907702343
1891 0.000147567970768
1892 0.000242750753287
1893 0.000118060464888
1894 0.000396954563993
1895 0.00031216036846
1896 0.000293657506279
1897 0.000137076171035
1898 0.000220374287436
1899 0.000323263892252
1900 0.000376825311817
1901 0.000118889333625
1902 0.000123159051626
1903 0.00040259273762
1904 0.000212345282311
1905 0.000229152907954
1906 0.000123497516458
1907 0.000159735846308
1908 0.00016368482468
1909 0.000112487563523
1910 0.000292684253899
1911 0.000250419596219
1912 0.000246922311257
1913 0.00461680454714
1914 0.00010615149185
1915 0.000255786941782
1916 0.000128068833084
1917 0.000264970778367
1918 0.00035884953648
1919 0.000309269138182
1920 0.000283911967608
1921 0.000371962961633
1922 0.000219408447021
1923 0.000159296597958
1924 0.000261703715978
1925 7.60761068027e-05
1926 0.000251314663699
1927 0.000467222767095
1928 0.000280871918081
1929 0.000138823615397
1930 0.00029060884081
1931 0.00012039025192
1932 0.000211551592491
1933 0.000313554004909
1934 0.000123459876484
1935 0.000123769004612
1936 0.000262688960126
1937 0.000209957769605
1938 7.42294803741e-05
1939 0.000358000427744
1940 0.00026351084737
1941 0.000313097212499
1942 0.00054734070235
1943 0.000129706625942
1944 0.000366611824781
1945 0.000167346342235
1946 0.00044660018418
1947 0.000361077898461
1948 0.000377795300534
1949 0.000331618551824
1950 9.85171404095e-05
1951 9.52223873299e-05
1952 0.000326197123445
1953 9.2781634249e-05
1954 0.000243048233661
1955 0.000353390506161
1956 0.000312109542897
1957 0.000151939325022
1958 0.000215693564683
1959 0.000202430524172
1960 0.000374372085657
1961 0.00036617213486
1962 0.000114025800858
1963 0.000354131156583
1964 0.000183207181791
1965 0.000551424627118
1966 0.000162331103747
1967 0.00034296922248
1968 4.79646074796e-05
1969 0.000189799777467
1970 4.99869518485e-05
1971 0.000280774430912
1972 0.000336670290275
1973 0.000346577652437
1974 0.000321178695961
1975 8.61103514863e-05
1976 0.000307494618119
1977 0.000213439233589
1978 8.69702572169e-05
1979 0.000148027301297
1980 0.000336916876333
1981 0.000301263381947
1982 0.000197219016036
1983 0.000118431873687
1984 0.000390345470862
1985 0.000342711290653
1986 0.000452217574063
1987 0.00029987343227
1988 0.00014430999904
1989 0.000214964580727
1990 0.000186981679347
1991 0.000188838540933
1992 0.00026208112609
1993 0.000163353794448
1994 0.00038979027915
1995 0.000209060708475
1996 0.000309824957385
1997 8.03481749242e-05
1998 0.000264639813623
1999 0.000272366005047
2000 0.000187387492692
2001 0.000185498119567
2002 0.000305395466703
2003 0.00027520278965
2004 0.000189722327644
2005 0.000261786439757
2006 0.000298642805188
2007 0.000256226120869
2008 0.000520387541189
2009 8.73501434771e-05
2010 0.000225781828334
2011 0.000268313096854
2012 0.000217991836513
2013 0.000103844396691
2014 7.80090040241e-05
2015 8.49908834157e-05
2016 8.50631472475e-05
2017 0.000117177885861
2018 0.000128876720252
2019 0.000301515179095
2020 9.18526645237e-05
2021 0.000303400854626
2022 9.30710359884e-05
2023 0.000261389007679
2024 0.000218464644069
2025 0.000268558572092
2026 0.000173648106106
2027 0.00030053486509
2028 0.000227021040033
2029 0.00033142111325
2030 0.000174742236895
2031 0.000353786902151
2032 0.00025982922307
2033 0.000452463570307
2034 0.000329428573564
2035 0.000148321144892
2036 0.000258112500236
2037 0.000156709355089
2038 0.000355922974128
2039 0.000428568414893
2040 0.000343764912607
2041 0.000303161407114
2042 0.000135088903638
2043 0.000316978438785
2044 0.000331909698225
2045 9.63367594432e-05
2046 0.000333934961398
2047 0.000244253217193
2048 0.000853587971548
2049 9.84982128755e-05
2050 0.000317993855734
2051 0.000141176046124
2052 0.000122483959885
2053 0.000329407274456
2054 0.000354815751963
2055 0.000498650740602
2056 0.000163479038371
2057 0.00025950734654
2058 0.000155100816663
2059 0.000182313654164
2060 0.000362034527603
2061 0.000230322648505
2062 0.000260956665436
2063 0.000251170171272
2064 0.000278176902962
2065 0.000354072418768
2066 0.000104945463417
2067 8.26303656868e-05
2068 0.000119364649044
2069 0.000436926947706
2070 0.000333690117478
2071 0.000134742016762
2072 0.000372992672613
2073 0.000402149844099
2074 0.000368875577304
2075 0.000308588333168
2076 0.000180388248153
2077 0.000177257039011
2078 0.000248687654982
2079 0.00038617359492
2080 4.16210386126e-05
2081 9.99841155298e-05
2082 0.000519177792019
2083 0.000170151580943
2084 0.000286460569042
2085 0.000294724750716
2086 0.000195417515828
2087 0.000267567344778
2088 0.000483004444299
2089 0.000376997873222
2090 0.000210683095766
2091 0.000356248761065
2092 0.000292857749167
2093 0.000142080738557
2094 0.000342795008709
2095 0.000138193967191
2096 0.000298461304858
2097 0.000104801438888
2098 0.000209634171371
2099 0.000235629929504
2100 0.000120025212299
2101 9.67561202906e-05
2102 0.000244618326781
2103 0.000434151759557
2104 0.000353714762588
2105 0.000341815329581
2106 0.00012441213901
2107 0.000104761144863
2108 0.000308771250908
2109 0.000311959511729
2110 0.00026441042711
2111 0.000163923416755
2112 0.000593401210257
2113 0.000316505409896
2114 0.00014545265239
2115 0.000149189459691
2116 0.00026705219098
2117 0.000313191216741
2118 0.00049220242304
2119 0.000355308099185
2120 0.000154719153967
2121 0.000229742690213
2122 0.000305107821144
2123 0.000282068736399
2124 0.000383679274777
2125 0.000322461081265
2126 0.000375980935156
2127 0.000464925582118
2128 0.000359539504361
2129 0.000334430267005
2130 0.0003431808407
2131 0.000117995001527
2132 0.000376443072435
2133 0.000329203471388
2134 0.00058369433155
2135 0.000273746762727
2136 0.000279528585428
2137 0.000163413608887
2138 0.000167075020815
2139 0.000423537623715
2140 0.000337041606773
2141 0.000325708714503
2142 0.000137311392532
2143 0.000448961511659
2144 0.000344766136502
2145 0.000256638845167
2146 0.000227410115956
2147 0.000224992279797
2148 0.000133938819604
2149 0.000306962416204
2150 0.000401243644599
2151 0.000367748410761
2152 0.000272539627228
2153 0.000191627112821
2154 0.000420538958559
2155 0.00030946460865
2156 0.000178632959776
2157 0.000274949531966
2158 0.000210403864487
2159 0.000109032886036
2160 0.000257379994569
2161 0.000233962107178
2162 0.00027164395519
2163 0.000144332269012
2164 0.000122118348859
2165 0.000216350048479
2166 0.000257352664502
2167 9.63780158174e-05
2168 0.000105748324888
2169 8.30225528385e-05
2170 0.000340959873805
2171 0.000184342218985
2172 0.000334802550071
2173 0.000367955058187
2174 0.000273487489853
2175 0.00038972824142
2176 7.26002420125e-05
2177 0.00042725455082
2178 6.99885051835e-05
2179 6.66893371266e-05
2180 0.000218427418937
2181 0.000357389216588
2182 0.000175850886404
2183 7.04256959833e-05
2184 0.00041256863691
2185 0.000355744810044
2186 9.51341473272e-05
2187 0.000117737394737
2188 0.00044839528744
2189 0.00036769831027
2190 0.000339517803536
2191 0.00031958478744
2192 0.000276631792513
2193 0.000219853397691
2194 0.000144313277224
2195 0.000337842188286
2196 4.16210386126e-05
2197 0.000337710176887
2198 0.00019449201007
2199 0.000192656992161
2200 0.000555099776258
2201 0.000331284612939
2202 0.000358002408258
2203 0.000260377489771
2204 0.000330035013714
2205 9.69817042001e-05
2206 8.88956480057e-05
2207 0.00039640541339
2208 0.000198608014168
2209 9.12716999544e-05
2210 0.00018133668186
2211 0.000216513035475
2212 0.00027907933707
2213 0.000272810807166
2214 0.000211675818183
2215 0.00018812395887
2216 0.000199893810423
2217 0.000262902878369
2218 0.000177132040421
2219 0.000390186563035
2220 6.11519328995e-05
2221 0.000366803685764
2222 0.00016682853995
2223 0.000190359498634
2224 0.000366185166838
2225 0.00039652076022
2226 0.000225171244473
2227 0.000234818568856
2228 9.78874263151e-05
2229 0.000274859005498
2230 0.000403569421943
2231 6.94230411778e-05
2232 0.00034822678165
2233 0.000291345759611
2234 0.00140856160237
2235 0.00011012431977
2236 0.00025890772175
2237 0.000338965290724
2238 0.000246279169016
2239 0.000144441974152
2240 0.000154881931087
2241 0.00038106879215
2242 0.00036680578293
2243 0.000190274980366
2244 0.000208653123099
2245 0.000376795138416
2246 0.00013655393817
2247 0.000326877914769
2248 0.000394041119083
2249 0.000172420204315
2250 0.000103724083719
2251 0.000354056916421
2252 0.000109377825288
2253 6.39658599918e-05
2254 0.000302901096927
2255 0.000312660030871
2256 0.000120773018136
2257 7.88572869395e-05
2258 0.000300780786706
2259 0.000125270241778
2260 0.00022365703843
2261 0.000188953574132
2262 0.000254639014679
2263 7.79951415322e-05
2264 0.000117009756858
2265 0.000244532034641
2266 0.000102058910144
2267 0.0014332370914
2268 0.00027298494479
2269 0.000448168987525
2270 4.16210386126e-05
2271 0.000102754067895
2272 0.000343433861557
2273 0.000154471123726
2274 0.000301507599236
2275 0.000142294400865
2276 0.00034943989584
2277 0.00029791758942
2278 0.000151533921523
2279 0.000340798973044
2280 0.000392846174719
2281 0.000210156298441
2282 0.000169226792793
2283 0.000475403931564
2284 0.000524270720181
2285 0.000293384329187
2286 0.000188806515356
2287 0.000215559535541
2288 0.000153274127772
2289 0.000103555943147
2290 0.000609474126653
2291 0.000346078701184
2292 0.000125192949985
2293 0.000438237671894
2294 0.00017896219849
2295 0.000388147027146
2296 0.000103473709403
2297 0.000186188525036
2298 0.000211225375969
2299 9.83915932529e-05
2300 0.00029819504755
2301 0.000270350299599
2302 0.000169329530415
2303 0.000389757467903
2304 0.000104783642147
2305 0.000238125792944
2306 8.58806173288e-05
2307 0.000227807598875
2308 0.000273249923905
2309 0.000299546246487
2310 0.000384947104904
2311 0.000124143661614
2312 0.000129935443517
2313 9.49151496412e-05
2314 0.000752183852727
2315 0.000177459362099
2316 0.000232921363622
2317 0.000120811955129
2318 0.000325884396283
2319 0.000195067091158
2320 0.000378991515421
2321 0.000171706863997
2322 0.000120781861661
2323 0.00029508961507
2324 0.000346737643544
2325 0.000383591562639
2326 0.000333408490105
2327 0.000341399802441
2328 0.000396232765109
2329 0.000518961835369
2330 0.000248210413962
2331 0.00016980756382
2332 0.000361021824766
2333 0.00032144502711
2334 0.00049509431673
2335 0.000284492824464
2336 0.000294212638417
2337 0.000458341969485
2338 0.000186171000862
2339 0.000332318455659
2340 0.000349292037158
2341 0.000373396228777
2342 0.000251778613338
2343 0.000269154448654
2344 0.000255240900098
2345 0.000385686189996
2346 0.000228357480114
2347 0.00020034227857
2348 0.0006476349293
2349 0.000293346558581
2350 0.000185602907716
2351 0.00010337091044
2352 0.000338780235651
2353 0.000319872212982
2354 0.000184736140697
2355 0.000336405798564
2356 0.000140534210709
2357 0.000325502138062
2358 0.000149062150804
2359 7.79166576391e-05
2360 0.000282888947791
2361 0.000135297747366
2362 0.000370503844759
2363 0.000139074646941
2364 0.000318709290921
2365 0.00033449304088
2366 0.000284928686828
2367 0.000198520986377
2368 0.000212986218106
2369 0.000272897457789
2370 0.000372699268648
2371 0.000302963439893
2372 0.00030723816637
2373 0.000330384412406
2374 0.000132624980558
2375 0.000319123117921
2376 9.87772480207e-05
2377 0.00034889720497
2378 0.000318249469335
2379 0.000260157176728
2380 0.000163323303987
2381 5.68556733714e-05
2382 0.000334015149657
2383 5.61054822471e-05
2384 8.467432138e-05
2385 0.000601367995666
2386 0.000205367711229
2387 0.00027136006133
2388 0.000158817915695
2389 8.4805825676e-05
2390 0.000145064997591
2391 0.000180710763766
2392 0.000189558536819
2393 0.000213763733807
2394 0.000119134636041
2395 0.000325781313002
2396 0.000344737531505
2397 0.000240680487172
2398 0.000308419009115
2399 0.000348316396801
2400 0.000268666351027
2401 0.000104996002753
2402 0.000189513030059
2403 0.000152866690155
2404 0.000162902228501
2405 0.000332866906847
2406 0.000193714278353
2407 0.000212860988896
2408 0.000189570526526
2409 0.000294460363886
2410 0.000339922440478
2411 0.000398055349141
2412 0.000280088271383
2413 0.000300453148156
2414 0.00010087853436
2415 0.000346683070863
2416 0.000152931282528
2417 0.000191409359427
2418 0.00025523579696
2419 0.000233680195085
2420 0.000378944457952
2421 0.000245422111971
2422 0.000177350696266
2423 8.85975693677e-05
2424 0.000315740492449
2425 0.000121235009395
2426 0.000192536957836
2427 0.000168233563626
2428 9.52142739163e-05
2429 0.000367843170319
2430 0.000204381180955
2431 0.0002869550459
2432 8.94480981718e-05
2433 0.000128868021286
2434 0.000290205234574
2435 0.000318105590844
2436 0.000159099673665
2437 0.000306931006256
2438 0.000119650136605
2439 0.000242829558043
2440 0.000153133456416
2441 0.000280951909249
2442 7.58732797632e-05
2443 4.53799076338e-05
2444 0.000142563680252
2445 0.000170424359774
2446 0.000231857030072
2447 0.000308801478411
2448 0.000255567293619
2449 0.00029492653701
2450 0.000143601194255
2451 0.000166690211345
2452 0.000341741948296
2453 7.81082862675e-05
2454 0.000126797248607
2455 7.91905485431e-05
2456 0.000166508704951
2457 0.000135704022645
2458 4.16210386126e-05
2459 0.000315690538065
2460 0.000248827103654
2461 0.000323705092508
2462 0.000387540652162
2463 0.000214537464427
2464 0.000385327522805
2465 0.000379241158516
2466 0.000200842827349
2467 0.000123050647727
2468 0.000255275363439
2469 0.000379328899491
2470 0.000264411700063
2471 4.16210386126e-05
2472 0.000401873136621
2473 0.000272582449111
2474 0.00020186987542
2475 0.000228898215316
2476 0.000311328760664
2477 0.000119071178903
2478 0.000227591865599
2479 0.000249367213956
2480 0.000171522067071
2481 0.000167204644428
2482 7.28342244188e-05
2483 0.000310196101327
2484 8.68351950799e-05
2485 0.000250954619215
2486 0.000268988798437
2487 0.000184993095934
2488 0.000169226792793
2489 0.000337845789805
2490 0.000222678658884
2491 0.000148803707906
2492 0.000377647810578
2493 0.000337609347818
2494 6.08291558657e-05
2495 0.000215900233697
2496 0.000281188932281
2497 9.70168739818e-05
2498 0.000228602834868
2499 0.000323657055936
2500 0.000224480737663
2501 0.000342004645208
2502 0.000255156495757
2503 0.000165045395358
2504 0.000155031723099
2505 0.00029201335958
2506 7.49540628485e-05
2507 0.000254298051999
2508 0.000382167135505
2509 0.000311899628402
2510 0.000423804701938
2511 0.000436810102049
2512 0.000427329537531
2513 0.000324786344562
2514 0.000157328101807
2515 8.51747591249e-05
2516 0.000141930580475
2517 0.00028393701641
2518 6.96101335156e-05
2519 0.000175493475173
2520 0.000135791298142
2521 0.000317576064203
2522 0.000277389764662
2523 7.91463485297e-05
2524 0.000159140796541
2525 6.40822977045e-05
2526 0.000171717007848
2527 0.000392613858989
2528 9.62738532593e-05
2529 0.000118038850655
2530 0.00015719317621
2531 0.000119036900789
2532 0.000124059847574
2533 0.000215865043974
2534 0.000311238969424
2535 0.00017263870483
2536 0.000191511305745
2537 0.000146150794378
2538 0.000309429103262
2539 0.000308817279763
2540 0.000272998985208
2541 0.000250668782377
2542 5.61054822471e-05
2543 0.000384802200099
2544 0.000689145137725
2545 0.000125084040056
2546 7.22947051049e-05
2547 0.00028195473655
2548 0.000185219025178
2549 0.000123947744297
2550 0.000306668863903
2551 0.000323951075426
2552 0.00030663995259
2553 0.000227161694127
2554 0.00033450681175
2555 0.000194494445957
2556 0.000444615882204
2557 0.000260379136138
2558 0.000154604646438
2559 0.000296351168006
2560 0.000314920257292
2561 0.000394341741775
2562 0.000303065822493
2563 0.000145633781148
2564 0.000224314575835
2565 0.000358309497519
2566 8.03481749242e-05
2567 0.000169177777315
2568 0.00035365917612
2569 7.34701157698e-05
2570 4.16210386126e-05
2571 0.000215622587908
2572 0.000132961689908
2573 9.14258099505e-05
2574 0.000294579491084
2575 0.000212908856943
2576 0.000280134993255
2577 0.000124828171051
2578 0.00019342449142
2579 0.000313180509563
2580 0.000232777305472
2581 7.22851504651e-05
2582 0.000165077443072
2583 0.000319675554725
2584 0.000242287219814
2585 8.21441935034e-05
2586 0.000217075991449
2587 0.000351676215456
2588 0.000197197007738
2589 0.000300907161988
2590 0.0002610475119
2591 0.000372846324328
2592 0.000199882343012
2593 0.000382728578628
2594 0.00034816917924
2595 0.000323577415063
2596 8.68351950799e-05
2597 4.16210386126e-05
2598 0.000326794601199
2599 0.000497775737211
2600 7.41290806247e-05
2601 0.000347814008585
2602 0.000359713974896
2603 0.00037923592792
2604 0.000250782803312
2605 0.00037611344924
2606 8.93183298475e-05
2607 0.000165563652174
2608 0.000368806839901
2609 0.000326127633622
2610 0.000168644886547
2611 0.000266915560221
2612 0.000408928447582
2613 0.000165430695025
2614 9.23136933609e-05
2615 0.000185396157438
2616 0.00035089090461
2617 0.000329269248259
2618 0.000357622386313
2619 0.000217140725383
2620 0.000315493091262
2621 0.000283367663033
2622 0.000102559252156
2623 0.000192735715928
2624 0.000260534658931
2625 0.000362521907975
2626 0.00035100261539
2627 0.00020868133076
2628 0.000209459885012
2629 0.000242814817797
2630 0.000390930410333
2631 0.000329881458203
2632 0.00023971850771
2633 0.000101853883371
2634 0.000218133451052
2635 9.8256956798e-05
2636 0.000100960427756
2637 0.000206400372975
2638 0.000179621963688
2639 0.00031533871052
2640 0.000212974071278
2641 0.000284853565012
2642 0.000115740224895
2643 0.000476432179709
2644 0.000312636908301
2645 0.000244774708655
2646 0.000272765087647
2647 0.000271705746037
2648 0.000253914711704
2649 0.000256821757443
2650 0.000378753462206
2651 0.000190400972185
2652 8.54479212648e-05
2653 0.000179736988791
2654 0.000230837306861
2655 0.000290027976236
2656 0.000319091943405
2657 0.000157229492449
2658 0.000268725555589
2659 0.000198886021102
2660 0.000353923666014
2661 0.000205274226256
2662 0.000539883360611
2663 0.000260101745705
2664 0.0002081589203
2665 0.000378751178768
2666 0.000348295621373
2667 0.000275425544381
2668 0.000179639276761
2669 0.000284086166529
2670 0.000441719210553
2671 0.000255779448312
2672 0.000105822453264
2673 0.000229751450135
2674 0.000170567282038
2675 0.000406757228129
2676 0.000269911559473
2677 0.000387413575552
2678 0.000164464352268
2679 0.000114487239331
2680 0.000431339530405
2681 0.00025906149342
2682 0.000224197810774
2683 0.000154293570559
2684 0.000444933376625
2685 0.000188497666446
2686 0.000125990992007
2687 0.000188302062801
2688 0.000148967540264
2689 0.000127707819622
2690 0.00031209035351
2691 0.000239644530522
2692 0.000102242228925
2693 7.06895844955e-05
2694 0.000194526965768
2695 0.000433283711048
2696 9.00247439217e-05
2697 0.000172784630607
2698 0.000156878292083
2699 0.000326387253746
2700 0.000182437593789
2701 0.000156514649426
2702 0.000176009848014
2703 0.000196211384251
2704 0.000241426359703
2705 5.65042523527e-05
2706 0.000152607246388
2707 0.000331051423433
2708 0.000133421183483
2709 0.000212672210706
2710 0.000125997756626
2711 0.000122833160871
2712 0.000244180181321
2713 0.000258840234244
2714 0.000221814807479
2715 5.92512144285e-05
2716 0.000240444018052
2717 0.000564503612052
2718 0.000255262716758
2719 0.000288819805778
2720 0.000568870113093
2721 0.000301643803462
2722 0.000105822453264
2723 5.42670323369e-05
2724 0.000110050667044
2725 0.000532520321397
2726 0.000103948335978
2727 0.000156869715739
2728 0.000130926702839
2729 0.000294942678963
2730 0.000329366486984
2731 0.000626052908973
2732 0.000178649258737
2733 0.000176707834355
2734 0.000161816534305
2735 0.000264391848378
2736 0.000168912380114
2737 7.61391755651e-05
2738 0.000145205478602
2739 0.000454006771146
2740 0.000246255633118
2741 5.65042523527e-05
2742 0.000295994322554
2743 0.000647475072589
2744 0.000255690865797
2745 0.000129520455828
2746 0.000244125668061
2747 0.000100827314708
2748 0.000123994387169
2749 0.000444722951859
2750 0.000253330149943
2751 0.000412072634061
2752 0.000239198224121
2753 8.2248139554e-05
2754 0.00029512282791
2755 0.000574042321396
2756 0.000413546354458
2757 0.000226939108537
2758 0.000406934135682
2759 0.000346359463123
2760 0.000169809985621
2761 0.000129079971315
2762 0.000171915262313
2763 0.000166197496355
2764 0.000317742337376
2765 0.00024086015644
2766 0.000265328821165
2767 0.000113602866438
2768 0.000101210301415
2769 0.000210337219227
2770 0.000114469479688
2771 0.000207959559895
2772 0.000161336800974
2773 0.000266569001804
2774 0.00027899694073
2775 0.000157738066211
2776 0.000214439186805
2777 0.000134090400889
2778 0.000386707017475
2779 0.000563135601501
2780 0.000165804936839
2781 0.000404962801992
2782 0.000388100618332
2783 0.000450425988501
2784 0.000238060760634
2785 0.000232695070968
2786 0.00030779485826
2787 0.000477751098025
2788 0.000316420146977
2789 6.55630930473e-05
2790 0.000177240217288
2791 9.88841370471e-05
2792 0.000128164631139
2793 0.000102242228925
2794 0.000554278135695
2795 0.000128003014801
2796 0.00020139047063
2797 0.000335388273514
2798 0.000184362917257
2799 5.39910962235e-05
2800 0.00016460029833
2801 0.000359430081407
2802 0.000106501292569
2803 8.32736374338e-05
2804 0.000194000114388
2805 9.18917082085e-05
2806 0.000134033376503
2807 0.000277570272862
2808 0.000179802464001
2809 7.12635655824e-05
2810 0.000167703747008
2811 0.000295774432947
2812 8.19067414987e-05
2813 0.000210276379152
2814 0.000247523883105
2815 5.77651142864e-05
2816 0.000272112108741
2817 0.000109607005184
2818 0.000134244095121
2819 0.000159540013367
2820 0.00018906068306
2821 0.000153814501482
2822 0.000114829846444
2823 0.000155717683769
2824 0.000237866950705
2825 0.000105822453264
2826 0.000172030046855
2827 0.000119162207586
2828 0.000349180359877
2829 0.000466873426796
2830 0.000228939088839
2831 0.000163565589812
2832 0.000161432025474
2833 0.000231890641058
2834 0.00047165878005
2835 0.000131488727315
2836 0.000217650829106
2837 0.000274007612685
2838 0.00013269039986
2839 8.92885850785e-05
2840 0.00137921001217
2841 0.000221257165028
2842 0.000267985388711
2843 4.40256071065e-05
2844 0.000236622023525
2845 0.000224517945453
2846 0.000187788813102
2847 0.000198023910084
2848 0.000122175611462
2849 0.0001858438368
2850 0.000386870977201
2851 0.000170114771644
2852 0.000185790127974
2853 8.00181711791e-05
2854 0.000327708713123
2855 0.000215984166774
2856 5.99553050324e-05
2857 0.000166251180621
2858 6.16234177788e-05
2859 0.000169041828854
2860 0.000161753073338
2861 5.06270130339e-05
2862 0.000224010347948
2863 0.000336661328842
2864 0.000641998793323
2865 0.000352297141793
2866 0.000324233446694
2867 0.000387572645981
2868 0.000412780329004
2869 0.000179331577769
2870 0.000456248911366
2871 0.000191200460881
2872 0.000295613880425
2873 0.000354824388284
2874 0.000347769252015
2875 0.000239147281395
2876 0.000305085294446
2877 0.000124353164637
2878 0.000484387002298
2879 9.61138257096e-05
2880 0.00021684448101
2881 0.000310372841575
2882 0.000303824279604
2883 0.000108415139373
2884 0.000139944674496
2885 8.24822884046e-05
2886 8.68412980083e-05
2887 0.000164592403632
2888 0.00021677201599
2889 0.000134488876324
2890 0.000247469906969
2891 0.000436333849935
2892 0.000132423202746
2893 0.000223174028315
2894 0.000113007929524
2895 0.000336433750733
2896 0.000100856500732
2897 0.000250217805376
2898 0.000260397067634
2899 9.98536706665e-05
2900 8.27443352043e-05
2901 9.89030764833e-05
2902 0.000465529535175
2903 0.000157156895463
2904 0.000105400888186
2905 0.000436983143848
2906 0.00034504206977
2907 0.00041069700383
2908 0.000178608211858
2909 0.000143871846873
2910 0.000374453374017
2911 0.00037967456302
2912 0.000328313627117
2913 0.000289631569609
2914 0.000365436194081
2915 0.000253987199418
2916 0.000429646221393
2917 0.000399561390234
2918 0.000113425985262
2919 0.000173489008656
2920 0.000331068970129
2921 0.000352866860699
2922 0.000294087435284
2923 7.06680331996e-05
2924 0.000154288257169
2925 0.000211554928178
2926 0.000371262058314
2927 0.000143974337914
2928 0.000432076837217
2929 0.000411532596509
2930 0.000240499461165
2931 0.000176707834355
2932 0.000270712076406
2933 0.000288151755914
2934 0.000177916015059
2935 0.000189966569796
2936 0.000154977074124
2937 0.000367117616389
2938 0.00035981512913
2939 0.000169646769185
2940 0.000380906992596
2941 0.000299245475146
2942 0.00012373659923
2943 0.000100173424715
2944 0.000382745543035
2945 0.000500477861102
2946 0.000268797677541
2947 0.000345501654358
2948 0.000149475963277
2949 0.000141510844605
2950 0.000275829860395
2951 0.000296253575773
2952 0.000654098137541
2953 6.15004145956e-05
2954 0.000179498130837
2955 0.000136029465724
2956 0.000333147005437
2957 0.000443854796548
2958 0.000145882676606
2959 0.000304456760615
2960 0.000230906528781
2961 0.000450512417398
2962 0.000104201308552
2963 0.000210069198423
2964 5.98667869348e-05
2965 0.000168644541331
2966 0.000141608347218
2967 0.000500403654475
2968 0.000140230027081
2969 0.000137449402374
2970 0.000329457806227
2971 0.000245185795046
2972 6.87858333273e-05
2973 0.000229671190668
2974 0.00041205024397
2975 0.000312076788604
2976 7.0194237392e-05
2977 0.000258605689854
2978 0.000177309971164
2979 0.000217973999118
2980 0.00017527278163
2981 7.00202970189e-05
2982 0.000147522164694
2983 0.000204900889529
2984 0.000226295372021
2985 0.000181644096681
2986 0.000280244827833
2987 0.000452693230269
2988 0.000157373320059
2989 0.000308345343566
2990 0.000346472241131
2991 0.000109169373465
2992 0.00031984940253
2993 0.000414625965086
2994 0.00027836750497
2995 0.000310778168903
2996 0.000131183278472
2997 0.000278897631743
2998 0.000178145225194
2999 5.75455387619e-05
3000 0.000313784988831
3001 0.000417636005467
3002 0.000290235076461
3003 0.000527948603784
3004 8.92885850785e-05
3005 0.000260886321051
3006 0.000305531005701
3007 4.40256071065e-05
3008 0.000176115684474
3009 0.000216552341997
3010 0.000149775903877
3011 0.000234859014318
3012 0.000305000258099
3013 0.000153440220002
3014 0.000182477749455
3015 0.000212859533234
3016 0.000102811134221
3017 0.000206902390498
3018 0.00043301601542
3019 0.000229815172434
3020 0.000513097567373
3021 0.000337360784661
3022 0.000276344458282
3023 0.000368099173774
3024 0.000198143251613
3025 0.000122650537487
3026 0.000297125975204
3027 0.000476369333764
3028 0.000438228912353
3029 0.000173242297389
3030 0.000258665351208
3031 9.07347090134e-05
3032 4.40256071065e-05
3033 0.000185237928165
3034 0.000419556806223
3035 0.000288697828835
3036 0.000499255240817
3037 0.000227162906631
3038 0.000102242228925
3039 0.000530499885422
3040 0.000147665605429
3041 0.000232998611306
3042 0.000193743050963
3043 0.000148027849563
3044 0.00014877213658
3045 6.79886101302e-05
3046 0.000117393917191
3047 0.000250728415783
3048 0.000240680233448
3049 0.000142954810863
3050 0.000417628840631
3051 0.000146004000626
3052 0.000580642118961
3053 0.000265599343673
3054 0.000199906540743
3055 0.000392942604894
3056 0.000157738066211
3057 0.000365525796959
3058 0.000183744570436
3059 0.000123562992046
3060 8.03905810949e-05
3061 0.000467335301301
3062 0.000157137851238
3063 0.000255408933529
3064 0.000151299583579
3065 0.000295127688714
3066 0.000256435628815
3067 0.000203277734723
3068 0.000128142057394
3069 0.00014696318166
3070 0.000146587202606
3071 0.000328222858336
3072 4.40256071065e-05
3073 0.000382714108295
3074 0.000295446401618
3075 0.000157738066211
3076 0.000180038700729
3077 0.00053546351508
3078 0.000468576959952
3079 0.000458306807115
3080 0.00024979438346
3081 0.000213127892303
3082 0.000234771225575
3083 0.000645690807971
3084 0.000154406556702
3085 0.000400814902846
3086 0.000251561437582
3087 0.000290360592262
3088 0.000374662632298
3089 0.000100800553078
3090 0.000325684075164
3091 0.000538333459697
3092 0.000105822453264
3093 9.07162446131e-05
3094 0.000136201430047
3095 7.39651269457e-05
3096 0.000135976883994
3097 0.00035019640606
3098 0.000289505605472
3099 0.000303366743937
3100 0.000112703303658
3101 0.000236019925681
3102 0.00126105186565
3103 0.000270430156513
3104 0.000174565085593
3105 0.00042241294934
3106 0.000227438722351
3107 0.000345475136507
3108 0.000355823032142
3109 0.000294383593676
3110 0.000140465561927
3111 0.000148790481131
3112 0.00034953905804
3113 9.1747592534e-05
3114 0.000432570560335
3115 0.00026887313875
3116 0.000321287613731
3117 0.000574391161572
3118 0.000347823605915
3119 0.000301587354045
3120 0.000343973221014
3121 0.000359919207994
3122 8.72158135872e-05
3123 0.000182240060515
3124 0.000195206171597
3125 0.000228181922111
3126 5.12875769791e-05
3127 0.00013974190894
3128 0.000157738066211
3129 0.000161225864148
3130 0.000195034918047
3131 0.000128647428669
3132 0.000176707834355
3133 0.000443352829403
3134 0.0001051488639
3135 5.1135306645e-05
3136 0.000192923363794
3137 0.000465275369808
3138 0.000305328020819
3139 0.000175854894878
3140 0.000187833710507
3141 0.000451834881055
3142 0.000222717207595
3143 0.000268485397577
3144 6.67525893223e-05
3145 0.000147824572958
3146 0.000396901550591
3147 0.000342304648443
3148 0.000134244095121
3149 0.000211897188979
3150 0.000315064170804
3151 0.000511787539679
3152 0.000114468828761
3153 0.00050328298982
3154 0.000118158854932
3155 0.000575204480697
3156 0.000161498678373
3157 0.000130651154065
3158 0.000146782523686
3159 0.000268519253115
3160 9.18504155735e-05
3161 0.000201278732643
3162 8.0905885688e-05
3163 0.000427355295208
3164 0.00013130384953
3165 0.000119831103979
3166 9.25788390865e-05
3167 0.000208602146592
3168 0.00015359119673
3169 0.000371976765207
3170 0.000331275335745
3171 0.00016378455574
3172 0.000168014798294
3173 0.000440416517426
3174 0.000163446261857
3175 0.000341760873205
3176 6.91311357422e-05
3177 0.000228909971269
3178 0.000301742839026
3179 0.000217982330415
3180 0.000395326581715
3181 0.000176707834355
3182 0.000176707834355
3183 0.00041640428253
3184 4.40256071065e-05
3185 0.000304196203877
3186 0.000455823761977
3187 0.000188395229826
3188 0.000316894886432
3189 0.000308280689269
3190 0.000157100181748
3191 0.000127444223216
3192 0.000276218224719
3193 0.000121962422903
3194 0.000166765522536
3195 0.000139496671155
3196 0.000338581639681
3197 0.000309709167858
3198 9.26739246788e-05
3199 0.000524153704322
3200 0.000153127495852
3201 0.000225745991724
3202 0.000453800186885
3203 7.92848688323e-05
3204 0.000217288523254
3205 0.000289486441988
3206 0.0001523989079
3207 0.000295507034114
3208 0.000305907308907
3209 0.000143151458341
3210 0.000168890580075
3211 0.000127392834872
3212 0.00020882413108
3213 0.000229681888319
3214 0.00020469232051
3215 0.000455003797809
3216 0.000189633371467
3217 0.00014260078831
3218 7.23140380889e-05
3219 0.000182240060515
3220 0.000286536301747
3221 0.000267952146439
3222 0.00023022754777
3223 0.000164998242378
3224 0.000190372956896
3225 0.000321270168215
3226 0.000196345012863
3227 0.000366140074304
3228 7.86003954835e-05
3229 0.000190655354271
3230 0.00013617086108
3231 4.40256071065e-05
3232 0.000230116961642
3233 0.000494852829863
3234 0.000464652731203
3235 0.00019484515566
3236 8.16116727267e-05
3237 0.000176543022532
3238 0.000172016757364
3239 0.000190976344448
3240 0.000336698390135
3241 0.000387823363878
3242 0.000169775651293
3243 0.000143565259901
3244 0.000152704638418
3245 0.000143555450754
3246 0.000146031632712
3247 0.000137937874101
3248 0.000356851816289
3249 0.000279003630715
3250 0.000123864715304
3251 0.000171815986995
3252 0.000193462728551
3253 0.000472946867785
3254 0.000358982768672
3255 0.000119672114993
3256 0.000282366390467
3257 0.000493660206605
3258 0.000230254359257
3259 0.000305106456487
3260 0.000238108268499
3261 0.000192985605089
3262 0.000327380292464
3263 0.000167170964575
3264 0.000459124088179
3265 0.000238994337666
3266 0.000282484706119
3267 0.000107368525297
3268 0.00043355223316
3269 7.66487044957e-05
3270 0.000111064363543
3271 7.70679889e-05
3272 0.000125936279588
3273 0.000293694487071
3274 0.000215923583064
3275 0.00042663045455
3276 0.000252852743072
3277 0.000168496063052
3278 0.000396351998805
3279 0.00018661250554
3280 0.000215283950584
3281 0.000638679385635
3282 0.000106276623066
3283 5.03163301936e-05
3284 0.000217828196919
3285 0.00031942366179
3286 0.000223503050203
3287 0.000144231511352
3288 0.000312752796063
3289 0.000302958598193
3290 0.000159072004881
3291 9.72509746049e-05
3292 0.000692299151272
3293 0.00012047101957
3294 0.000296510668167
3295 0.000154658469209
3296 0.000357114025523
3297 0.000256010998416
3298 0.000344207396454
3299 0.00028703748769
3300 0.000383710448001
3301 0.000179296471281
3302 0.000211321304562
3303 0.000455173771498
3304 0.000232529272013
3305 0.000200089438192
3306 7.44990783985e-05
3307 0.000165219196767
3308 0.000168106913344
3309 0.000116638186802
3310 0.000234110065397
3311 8.80907036926e-05
3312 0.000158362244427
3313 0.000154982984156
3314 0.000237701788786
3315 0.000218836718621
3316 0.000107535542429
3317 0.000226956259088
3318 8.6258296829e-05
3319 0.00026345678609
3320 0.00019256789544
3321 0.00064022560321
3322 0.000415556406246
3323 0.00013974190894
3324 8.00236623448e-05
3325 0.000444820073155
3326 0.000250075275842
3327 0.0001408331278
3328 0.000402170766636
3329 0.000164270928153
3330 0.00017281938771
3331 0.000524379505283
3332 0.000282590099359
3333 0.000379239421076
3334 8.459241879e-05
3335 9.82088015557e-05
3336 0.000371116316352
3337 0.000126065238151
3338 0.000186728040585
3339 0.000130736103223
3340 0.000349156679297
3341 0.000151099427398
3342 0.000241166423731
3343 0.000433526214286
3344 0.00014264827596
3345 0.000421133907723
3346 0.000396063257656
3347 0.000273246512812
3348 0.000401718697265
3349 0.000384731229436
3350 0.000115893443473
3351 0.000441697502054
3352 0.000459631027206
3353 0.000107963104418
3354 0.000391868413164
3355 0.000182240060515
3356 0.000311486521409
3357 0.000172615126915
3358 0.000128250353965
3359 0.000110791501185
3360 0.000154654039342
3361 0.000452283561655
3362 0.000151787453056
3363 0.000367144866086
3364 0.000607233669539
3365 0.000242113602115
3366 0.000363084458452
3367 0.000427798175921
3368 8.95655659164e-05
3369 0.000128045830956
3370 0.000329552095169
3371 7.12657411971e-05
3372 0.000140124081662
3373 0.000157156895463
3374 0.000151705921043
3375 0.000164915365078
3376 5.97102681422e-05
3377 0.000123567715438
3378 0.000198853641561
3379 0.000354788218699
3380 0.000192418758956
3381 0.000157942967332
3382 0.000304669369855
3383 0.000228908370415
3384 0.00016830885408
3385 0.000227283613343
3386 0.000388087886459
3387 0.000316354419048
3388 0.00043723366006
3389 9.77889082567e-05
3390 9.52995656048e-05
3391 0.000160851165828
3392 0.000314339355122
3393 0.000162457376205
3394 0.000159385746259
3395 0.000215558854228
3396 0.000276321452434
3397 0.000455430379477
3398 0.000649859902586
3399 0.000107232004464
3400 0.000189526050627
3401 0.000207930860277
3402 0.000123567715438
3403 0.000174515207229
3404 0.00033451993183
3405 0.000153633681026
3406 0.000149913325145
3407 0.000412498032362
3408 7.66487044957e-05
3409 5.11316391337e-05
3410 0.000143921820129
3411 0.000142032352238
3412 0.000376927376088
3413 0.000342401278011
3414 5.89501309796e-05
3415 0.000122613014741
3416 0.000220450726641
3417 0.000320464591249
3418 0.000422974047171
3419 0.000103136306158
3420 0.000397876213039
3421 0.000198610229262
3422 0.000158745760648
3423 0.000256461609931
3424 0.000217011771431
3425 9.41301596602e-05
3426 0.00013139616338
3427 0.00054041930867
3428 0.000130736103223
3429 9.72685013924e-05
3430 7.5075727643e-05
3431 0.000152532942785
3432 0.000193059121273
3433 9.14601642186e-05
3434 0.000309198840542
3435 0.000596501301731
3436 0.000248270500611
3437 7.22519519773e-05
3438 0.00664051507384
3439 0.000238437671014
3440 0.000220780744206
3441 0.000259751474392
3442 0.000138508845599
3443 0.000545704313966
3444 0.000277869352494
3445 0.000120547272925
3446 0.000125638123521
3447 0.000219977735665
3448 0.000140859934097
3449 0.000402915944961
3450 0.000396605636345
3451 0.000177222810396
3452 4.64315572541e-05
3453 0.000165463048139
3454 4.64315572541e-05
3455 0.000181610164326
3456 0.000442955828931
3457 0.000435910542118
3458 9.10835891058e-05
3459 0.000224741827218
3460 0.000201899907448
3461 0.000323701944562
3462 0.000105194581672
3463 0.000197313382242
3464 0.000266008846351
3465 0.000355765063138
3466 0.000246729926651
3467 0.000312222525331
3468 5.73499460249e-05
3469 0.000332598354734
3470 0.000327849457691
3471 0.000207419393731
3472 0.000240548349297
3473 0.000202242884382
3474 0.000263573913265
3475 0.000220564732748
3476 0.000277643691078
3477 0.000230406405778
3478 0.000113777770498
3479 0.000248609464538
3480 0.000234304260556
3481 0.000247031204153
3482 0.00021067798207
3483 0.000175741633309
3484 0.000172091001207
3485 0.000164804083963
3486 0.00018943345127
3487 0.000319584188129
3488 0.000177708382954
3489 0.000396121532997
3490 0.000110780441232
3491 0.000305157912508
3492 0.000222042514161
3493 0.00011938442776
3494 0.000215460107443
3495 8.03583248443e-05
3496 0.000520748373587
3497 0.000243743184958
3498 0.000228835942196
3499 0.000218507561353
3500 0.000261303239295
3501 0.000285150659202
3502 0.00044060782648
3503 0.000155898558746
3504 0.000165765451504
3505 0.00015052229498
3506 0.000318345301548
3507 0.000512362567958
3508 0.000135177300888
3509 0.000319328244284
3510 0.000240718579893
3511 0.000241363298834
3512 0.000289008978648
3513 0.000142355023798
3514 0.000148996158092
3515 0.000342669178237
3516 0.000143771922292
3517 0.000210392011352
3518 0.000181876333548
3519 0.000276930170947
3520 0.000256571042077
3521 0.000127740996918
3522 0.000657087514267
3523 0.00013539080762
3524 0.00021067798207
3525 0.000199376860169
3526 0.000367877206273
3527 0.000344738064929
3528 0.000213019087705
3529 0.000318012087055
3530 0.000384090309637
3531 0.000157451803582
3532 0.000193129142378
3533 0.000202056279894
3534 0.00018759487756
3535 0.000272408477675
3536 0.000240183235471
3537 0.000261340619241
3538 0.000101797119137
3539 0.000312640727425
3540 0.000167853996365
3541 0.00031019199196
3542 0.000183880702354
3543 0.00029570733153
3544 0.000120397463759
3545 0.000136458293409
3546 0.000696920909015
3547 0.000346257524117
3548 0.000169887839955
3549 0.000132132406748
3550 0.000306172317902
3551 0.000211189648262
3552 0.000164152479177
3553 9.82839381868e-05
3554 0.000388305155655
3555 0.000254135577832
3556 0.000246597808114
3557 0.000171650904576
3558 0.000258676714637
3559 0.000402180298009
3560 0.000262959381859
3561 8.13143077776e-05
3562 0.00021181358768
3563 0.000234304260556
3564 0.000181386617984
3565 0.000224455419576
3566 8.81466782457e-05
3567 0.00016163678714
3568 0.000220417952179
3569 0.000385710482591
3570 0.000277515074954
3571 4.64315572541e-05
3572 0.000267039912151
3573 0.000111132181668
3574 0.000221383975094
3575 0.000158276768795
3576 5.71600877837e-05
3577 0.00039906845779
3578 0.000448959665922
3579 0.000222165726294
3580 0.000246729926651
3581 0.000197709460331
3582 0.000186145093324
3583 5.89464568066e-05
3584 0.000153238213877
3585 0.000534989227741
3586 0.0001776978383
3587 0.000401943402567
3588 0.000248190228566
3589 8.0340673506e-05
3590 5.2447106746e-05
3591 0.000311051182383
3592 0.000213132594881
3593 0.000215442116423
3594 0.000482415125038
3595 0.000182214580539
3596 0.000221184168652
3597 0.00072745343725
3598 5.73421422677e-05
3599 0.000151055555412
3600 0.000371172531671
3601 0.000116730367125
3602 0.000246681206118
3603 0.000209706483184
3604 0.000108823216959
3605 0.000677837714999
3606 0.000332721172065
3607 0.000128529701894
3608 0.000128908875056
3609 0.000235590187922
3610 0.000263088820691
3611 0.000261204207545
3612 0.000494565907465
3613 0.000261422791942
3614 0.000234304260556
3615 0.000143084117799
3616 0.000249046731931
3617 0.000269757737502
3618 0.000383867550743
3619 0.000195808027614
3620 8.31705996441e-05
3621 0.000188018992983
3622 0.000153632783027
3623 0.000155996613218
3624 0.000221150112016
3625 0.000295290068375
3626 0.000344837180224
3627 0.000153703509995
3628 0.000185891768919
3629 0.000331319562301
3630 0.00043024263632
3631 0.000157849379332
3632 0.00013229099217
3633 0.000127090946256
3634 0.00057361458478
3635 0.000260688423286
3636 0.000256973224217
3637 0.000294720990834
3638 0.000103045739741
3639 0.000237946253556
3640 0.000181583843873
3641 0.000360393428646
3642 0.000155856192205
3643 0.000229229882486
3644 0.000266343329235
3645 0.00017543638937
3646 0.000222526608788
3647 0.00019818896528
3648 0.000183347062968
3649 0.000253309045257
3650 0.000234304260556
3651 4.64315572541e-05
3652 0.000281524325838
3653 0.000135562182506
3654 0.000105185407826
3655 0.000127847563872
3656 0.000221304989949
3657 0.000210081279485
3658 0.00019938458882
3659 0.000165461884504
3660 0.000160583087905
3661 0.000111286175958
3662 0.000110286428665
3663 0.00034957744355
3664 0.000183332271752
3665 0.000172569070569
3666 0.000123044140503
3667 0.000126705095515
3668 0.000227940849654
3669 0.000137033886171
3670 0.000141849908053
3671 0.000218496939947
3672 0.000138708417304
3673 0.000463625589533
3674 8.68497637377e-05
3675 0.000396057289626
3676 0.000218647107439
3677 0.000110780441232
3678 0.000500781201489
3679 9.500248428e-05
3680 0.000274411155792
3681 0.000468619448754
3682 0.000116413921742
3683 0.000199263611847
3684 0.000177365612179
3685 0.000611738296927
3686 0.000202265156116
3687 7.03016497621e-05
3688 0.000281045634099
3689 4.92985296401e-05
3690 5.87021967128e-05
3691 0.000345788069795
3692 8.13143077776e-05
3693 0.000352606800645
3694 0.000283868623748
3695 9.86724068496e-05
3696 0.000234304260556
3697 0.000223433918551
3698 0.000202027387765
3699 0.000238064193013
3700 7.91508045847e-05
3701 0.000141849908053
3702 0.000240158735674
3703 0.000337012349467
3704 0.00016747361666
3705 4.68972512991e-05
3706 0.000426828180789
3707 0.0002768438196
3708 0.000229376575435
3709 0.000232975308415
3710 4.64315572541e-05
3711 0.000306081609043
3712 0.00031437294957
3713 0.000100262412029
3714 0.000301981619388
3715 0.000283943858061
3716 0.000178755167422
3717 0.000166374312622
3718 8.13143077776e-05
3719 0.000288529665142
3720 0.000268093602291
3721 0.000222733534265
3722 0.000299321595897
3723 0.000376125150211
3724 0.000147416694229
3725 0.000104426761852
3726 0.000293101399566
3727 0.000192107268709
3728 0.000149535899211
3729 0.000327855610389
3730 4.64315572541e-05
3731 0.00025602559794
3732 0.000356066426885
3733 5.19887465155e-05
3734 7.69373280402e-05
3735 0.000433731605521
3736 0.000199346252282
3737 0.000125471433982
3738 0.000351501509715
3739 0.000354230837805
3740 0.000235438686019
3741 0.000322577871461
3742 0.000181517370453
3743 0.000127389236848
3744 0.000293101399566
3745 8.13143077776e-05
3746 0.000146478743993
3747 0.000247586036148
3748 0.000307133886056
3749 4.64315572541e-05
3750 0.000147602924817
3751 0.000288418248394
3752 0.000152240043471
3753 0.000246831777311
3754 0.000296902011201
3755 0.000122250162744
3756 0.000106356039835
3757 0.00053751404285
3758 0.00026199971148
3759 0.000468415399009
3760 0.00028669679797
3761 0.000194009075483
3762 0.000249860670195
3763 0.000171653596429
3764 0.000153341771871
3765 0.000342961439952
3766 7.20511481147e-05
3767 0.000158055892421
3768 0.000142473424043
3769 0.000268328233055
3770 0.000163639791318
3771 0.000140796212291
3772 0.000144815387777
3773 0.00012890035947
3774 0.000182214521463
3775 0.000280222631304
3776 0.000167200668464
3777 0.000271820033933
3778 0.000137366427379
3779 0.000166984988337
3780 0.000241811623312
3781 0.000180625542808
3782 8.90725646894e-05
3783 0.000354650992877
3784 0.000186491265756
3785 0.000141061167977
3786 0.000195066631291
3787 0.00023809278345
3788 0.000125994077104
3789 0.000115364920598
3790 0.000219319427369
3791 0.000373655672279
3792 0.000306994954432
3793 0.000186420601908
3794 0.000519682905252
3795 0.000361678812013
3796 8.47162838293e-05
3797 0.000115017512662
3798 0.000394802181006
3799 4.64315572541e-05
3800 0.000291325785705
3801 0.00042446178809
3802 0.000125653972893
3803 0.000207468585443
3804 0.000258773474079
3805 0.000426297717435
3806 9.07572397535e-05
3807 0.000142772796754
3808 6.05900718801e-05
3809 6.040746987e-05
3810 0.000249047712347
3811 0.000366755175846
3812 7.59297813929e-05
3813 0.000155111533373
3814 0.000141849908053
3815 0.000175003310697
3816 0.000188287043935
3817 7.34786846485e-05
3818 0.000132548227068
3819 0.000171425840073
3820 0.000198464087325
3821 4.64315572541e-05
3822 0.000318362212331
3823 0.000320393622443
3824 0.000203394082645
3825 0.000438062666959
3826 0.000364393135514
3827 0.000333101349615
3828 0.000126110519849
3829 0.000257428986772
3830 0.000425787453949
3831 0.0012036011076
3832 0.000257609153381
3833 0.00011990476509
3834 0.000329118352479
3835 0.000107723286524
3836 0.000302297791739
3837 0.000329620163352
3838 0.000258628672705
3839 0.000522204394121
3840 9.52192213875e-05
3841 0.000156433851039
3842 0.000299201120675
3843 0.000379180655004
3844 0.000118715839989
3845 0.000126087477726
3846 0.000194003819161
3847 0.000247586036148
3848 0.000211579824168
3849 0.000143450728575
3850 0.000120547272925
3851 0.00025349287536
3852 0.00052081783539
3853 0.000211738057552
3854 4.64315572541e-05
3855 5.33837844709e-05
3856 0.000187187656142
3857 4.64315572541e-05
3858 0.000169925303542
3859 0.000275716980476
3860 0.000103170835382
3861 0.000322787632323
3862 0.000282142751672
3863 0.000235944854001
3864 0.00022103569583
3865 0.000141849908053
3866 7.69402428107e-05
3867 0.000225989744903
3868 0.00030821182028
3869 0.000278329991274
3870 0.000337896897512
3871 0.00029111339827
3872 0.000138357274281
3873 0.000194177097763
3874 0.000342237248667
3875 0.000220659101367
3876 6.1840595467e-05
3877 0.000129451497926
3878 0.000470055327584
3879 0.000143037439036
3880 5.33837844709e-05
3881 0.000146847701809
3882 0.000218757629234
3883 7.95991206112e-05
3884 0.000234304260556
3885 0.000290675038637
3886 9.12377895411e-05
3887 0.000277513277699
3888 0.000144834788333
3889 0.00016843548362
3890 0.000152475473607
3891 9.13412969312e-05
3892 0.000275646053286
3893 0.000197419417539
3894 0.000105455850042
3895 0.000200914869387
3896 0.000170808557047
3897 0.000235854984341
3898 9.12122701821e-05
3899 0.000250889901104
3900 0.000125279748307
3901 0.000350073012233
3902 0.000149488299692
3903 0.000401460979014
3904 0.000209220317066
3905 0.000137405240113
3906 0.000175664056995
3907 0.000453144323074
3908 0.000306701342089
3909 0.000124087373725
3910 0.000247111445939
3911 8.61631306826e-05
3912 0.000141849908053
3913 0.000234252214101
3914 0.000176177775542
3915 0.000124276374922
3916 0.000259695975033
3917 0.000130651949158
3918 0.000235758985884
3919 0.000570121338222
3920 0.000181583843873
3921 0.000234653532683
3922 0.000388774275373
3923 5.94900462181e-05
3924 0.000169477702378
3925 0.000413998803519
3926 0.000110175165361
3927 0.000369881673601
3928 0.000309915991059
3929 6.21381800199e-05
3930 0.000169585319615
3931 0.000474395538428
3932 0.000280710645537
3933 0.000187862258545
3934 0.000314603155238
3935 0.000121211607825
3936 4.64315572541e-05
3937 0.00010066868426
3938 0.000179853563104
3939 0.00072056212939
3940 0.000105371433931
3941 0.000120276350361
3942 0.000112945650254
3943 5.00186160747e-05
3944 0.000230711921727
3945 0.000138262533512
3946 0.000393019749895
3947 8.90725646894e-05
3948 0.000334534298627
3949 0.00054021611144
3950 0.000260635649169
3951 0.000230073310283
3952 0.000370647964003
3953 0.000105875466995
3954 9.2162193379e-05
3955 0.000116026751162
3956 6.72413354313e-05
3957 0.000294251749856
3958 0.000271841216646
3959 0.000129355351256
3960 4.88715467706e-05
3961 0.000247062253339
3962 0.000132891398602
3963 0.000354682677237
3964 0.000146442698376
3965 0.000219355402462
3966 8.63742823512e-05
3967 0.000412604513083
3968 0.000231920940345
3969 0.000411301573722
3970 0.000269857895951
3971 0.000102536006777
3972 0.000412747502696
3973 0.000219517769262
3974 0.000112449589334
3975 4.64315572541e-05
3976 0.000233290957287
3977 0.000176121868461
3978 9.98135610343e-05
3979 6.78493817527e-05
3980 0.000182942580661
3981 0.00216454307177
3982 0.000251072834935
3983 0.00041635665391
3984 9.71353468303e-05
3985 6.8399636946e-05
3986 0.00020544851309
3987 0.000289191239706
3988 0.00011906905032
3989 0.000229554705126
3990 0.000214180574803
3991 0.000189898501361
3992 0.000126523161186
3993 0.000125431621405
3994 0.000204339607012
3995 0.000337598979563
3996 0.000287814304772
3997 0.000168515666213
3998 0.000328314146806
3999 0.000433633161572
4000 0.000177345372989
4001 0.000299552834256
4002 0.00011906905032
4003 0.000245155256656
4004 0.000169753632687
4005 0.000317554119597
4006 0.00013248304846
4007 0.000101073800287
4008 0.000189898501361
4009 6.8399636946e-05
4010 0.000303752262502
4011 6.8399636946e-05
4012 0.000147773588005
4013 0.00011906905032
4014 0.000206959257092
4015 0.000367945918463
4016 6.8399636946e-05
4017 0.000189898501361
4018 0.000304136729012
4019 0.000223092386148
4020 0.000250061176629
4021 0.000269804394325
4022 0.000335059476623
4023 6.8399636946e-05
4024 0.000539426335964
4025 6.8399636946e-05
4026 0.000189898501361
4027 0.000282398823965
4028 0.000268350968759
4029 0.00010427159373
4030 0.00011906905032
4031 0.000554268796011
4032 0.000357797111905
4033 0.000101073800287
4034 0.000123998647155
4035 9.38881668277e-05
4036 6.8399636946e-05
4037 0.00010615082089
4038 0.000148418167257
4039 0.000295766440724
