node,pagerank
1 0.00550286677356
2 0.00029313088471
3 0.000206045008465
4 0.000243409663851
5 0.000222415989705
6 0.000223667026007
7 0.000171257213001
8 0.000439252665815
9 0.000203924227824
10 0.000592787470708
11 0.00019468365105
12 6.59651801907e-05
13 5.07400521116e-05
14 0.000357118717165
15 0.000279401516893
16 5.07400521116e-05
17 0.000134151360563
18 0.000236884603199
19 5.07400521116e-05
20 0.000331043239655
21 0.000257337117215
22 0.000769556655733
23 0.000173645338986
24 0.000370774559396
25 0.000211813728762
26 0.000771348443661
27 0.000613457423966
28 9.8987169154e-05
29 0.000230753558504
30 0.000178736406788
31 0.00027103303112
32 0.000287951397332
33 0.000156827448765
34 8.85672368126e-05
35 9.37969177797e-05
36 6.96983515142e-05
37 0.000175638984533
38 5.07400521116e-05
39 0.00013002708909
40 0.000172852205784
41 0.000581750426194
42 0.000410208962331
43 8.85672368126e-05
44 0.000101600161692
45 0.000156446867742
46 0.000218553907857
47 0.000142800048835
48 7.73115676321e-05
49 0.000278413776417
50 0.000185751097604
51 0.000155547458601
52 0.000123048745074
53 7.58127197866e-05
54 0.000387642557557
55 0.000124036955811
56 0.000193713187161
57 0.000742679411757
58 0.000197205095845
59 0.000210718402161
60 0.000218415151604
61 0.000120392227382
62 9.27910441729e-05
63 0.000232924361991
64 8.93603483666e-05
65 0.000136472963282
66 0.000139175489672
67 0.000152266521991
68 0.000679627342788
69 0.000195322585432
70 0.000131816895317
71 7.16052725848e-05
72 0.000120158116562
73 0.000245537985444
74 0.000142338072851
75 5.07400521116e-05
76 0.000175054347823
77 7.86792313802e-05
78 0.000111365265413
79 0.000196722613018
80 0.000162385592285
81 0.000289174404446
82 0.000103561478489
83 0.00033613186581
84 0.000123048745074
85 0.000194153321448
86 0.000167369671211
87 0.000170830118733
88 0.000149005187227
89 0.000256542019758
90 0.000199389302525
91 8.65045947355e-05
92 0.00019256226844
93 0.00026447400884
94 0.000167181999455
95 0.000281479730534
96 0.000146994343564
97 0.000126808276737
98 0.000102769483636
99 0.000497711285392
100 0.000281224924711
101 0.000165967758157
102 0.000246962966315
103 0.000148780232108
104 0.000162369561273
105 0.00028764727526
106 0.000160854848405
107 0.000116223951985
108 0.00700467935612
109 0.00018728017585
110 0.000328146382767
111 0.000157565938071
112 0.000259830311225
113 0.000100999815641
114 0.000472988280523
115 5.07400521116e-05
116 0.00037546980151
117 0.000293886746808
118 0.000103477543803
119 0.000350146962303
120 0.000654005074253
121 8.53013654747e-05
122 0.000153856905128
123 0.000554793459943
124 0.000183189575106
125 0.00010632524985
126 6.72217634601e-05
127 0.000112059907997
128 0.000228567147582
129 0.000282010198733
130 0.000106338222145
131 0.000198043649207
132 0.000157393214227
133 0.000184221473776
134 0.000206806653203
135 0.00019156407289
136 0.000163039531131
137 0.000571028209311
138 0.000295714875066
139 6.84784647374e-05
140 0.000147025685934
141 0.000202357684157
142 0.000279818752582
143 0.000460585509722
144 0.000265166568301
145 0.000263745257965
146 8.21708742859e-05
147 0.000132345358195
148 0.000145880089666
149 0.000207896979416
150 0.000245010130179
151 0.000183250911103
152 0.000138708329269
153 0.00010905632699
154 5.89123783897e-05
155 7.28632976284e-05
156 9.83039110807e-05
157 0.000155395179241
158 0.00010163389063
159 0.000232493345213
160 0.000189758914986
161 6.64054973588e-05
162 0.000250417321045
163 0.000156154803142
164 0.000114800361472
165 6.91053532334e-05
166 0.00013201004005
167 9.95893636564e-05
168 0.000149580827886
169 0.000156358197933
170 0.000373556501186
171 0.000452012010547
172 0.000371485080425
173 0.000377086514432
174 0.000206231809487
175 0.000112110560412
176 0.000333138413694
177 0.000163665618631
178 0.000225351131766
179 0.000172443773281
180 0.000110593771344
181 0.000253293563469
182 0.000204600826177
183 0.000109557157726
184 6.11082022471e-05
185 0.00025011168911
186 0.000256518568251
187 0.000407004346978
188 0.000212330751504
189 0.000473627802379
190 0.000136472963282
191 9.65306683147e-05
192 7.20286480661e-05
193 0.000146699791036
194 0.000136108819919
195 0.000241962224228
196 0.000185763232357
197 0.000173491571752
198 0.000228006346163
199 0.000256979691628
200 0.000422266793253
201 0.000505618627301
202 0.000109600951643
203 0.000110580218863
204 0.000534399199977
205 0.000271779347864
206 7.58127197866e-05
207 8.78288804684e-05
208 6.58523373098e-05
209 9.9167549752e-05
210 5.07400521116e-05
211 5.07400521116e-05
212 0.000301270421812
213 0.000179013725763
214 0.000392126826183
215 0.000306176891493
216 5.07400521116e-05
217 6.97398433595e-05
218 0.00014712007982
219 0.000185763232357
220 0.000154771075191
221 0.000103236307601
222 0.000105403977333
223 0.000145839595257
224 0.000265959058748
225 0.000265396278733
226 0.000207632194188
227 0.000243077248702
228 0.000301640866829
229 7.58833434398e-05
230 0.000111688360733
231 0.000219578362479
232 0.000216495042836
233 0.000237195473505
234 8.85672368126e-05
235 5.85054712011e-05
236 8.62447307355e-05
237 0.000352903495691
238 0.000123048745074
239 0.000233465053853
240 0.000547100097559
241 8.07095678754e-05
242 6.65862317772e-05
243 0.000291190832927
244 0.000177606529652
245 8.85672368126e-05
246 0.000128274327208
247 0.000164484190672
248 7.97969669445e-05
249 0.000221100871551
250 0.000297490331343
251 8.31500719868e-05
252 0.000205432317379
253 0.000580137472822
254 0.000102769483636
255 0.000222951284454
256 6.65862317772e-05
257 8.85672368126e-05
258 0.000201747949128
259 0.000170300713127
260 0.00019256226844
261 0.000146960965505
262 0.000361955409592
263 0.000103236307601
264 0.000158393250384
265 0.000123111403325
266 0.000262446185744
267 0.000234249083042
268 6.94134276766e-05
269 0.000131391522875
270 0.000129745391568
271 8.27250384469e-05
272 0.000670644137787
273 0.000443341530182
274 0.000185763232357
275 0.000162134935856
276 0.000204600826177
277 0.000184663940602
278 0.000623261556945
279 0.000206571810594
280 6.66335954973e-05
281 0.000412455048462
282 0.000225887964859
283 8.85672368126e-05
284 9.68567455796e-05
285 0.000227387527484
286 0.000448021493629
287 8.02098912955e-05
288 5.07400521116e-05
289 7.42860251169e-05
290 9.97618336763e-05
291 0.000153639098347
292 0.00034831964109
293 5.07400521116e-05
294 9.24447025607e-05
295 7.47344324145e-05
296 0.000112770469425
297 0.000158393250384
298 0.00023944191525
299 0.000129039489231
300 0.000253748117341
301 0.000115835657022
302 9.34264448673e-05
303 0.000251137342569
304 0.000217339867829
305 0.000542340311738
306 6.58470627428e-05
307 0.000185763232357
308 8.98780094106e-05
309 0.000221342985179
310 0.000163039531131
311 0.000242212731945
312 9.80243817611e-05
313 0.000458421513168
314 0.000357451360043
315 0.000157181064901
316 0.000560057867025
317 6.13379929796e-05
318 0.000108847556713
319 0.000124168097433
320 0.000187724587424
321 0.000286706925891
322 8.65318623912e-05
323 0.000679137439058
324 0.000363612335269
325 0.000295411387641
326 0.000345139906641
327 0.000321937396992
328 0.000109065103082
329 0.000185763232357
330 0.000350799356266
331 0.000209181871752
332 0.00022047431988
333 0.00040823683426
334 0.000156669371125
335 0.000275994671223
336 5.07400521116e-05
337 6.8793045771e-05
338 0.000181184060976
339 0.000108990911282
340 0.000313450473216
341 9.37148213489e-05
342 0.000144546730585
343 0.000318929731419
344 0.000305137891523
345 0.000113112592393
346 0.000179589577033
347 0.000334212104951
348 0.000123934396865
349 0.00236854970608
350 8.43326369934e-05
351 0.000219191713748
352 0.000129629431306
353 0.000172135672882
354 0.000610920890908
355 0.000225279311925
356 0.000314067111847
357 8.85469354882e-05
358 0.000201309883524
359 4.59639459358e-05
360 0.000243111892594
361 0.000302358106489
362 0.000221644321726
363 0.000169230968115
364 0.000608164940201
365 0.000207244710381
366 7.59862170425e-05
367 0.000606316807655
368 0.000258639368675
369 0.000249492578538
370 0.000268486753117
371 0.000513467138933
372 7.16918864657e-05
373 0.000168368072281
374 0.000677582907613
375 0.000464201693816
376 0.000145071677669
377 0.000923234956027
378 6.92764961458e-05
379 0.000395997999727
380 6.655590811e-05
381 0.000140941893883
382 0.000145947083541
383 0.000126279940682
384 8.21349343519e-05
385 9.43350665816e-05
386 8.50829177693e-05
387 9.80976186284e-05
388 0.000282566710589
389 0.000281157720721
390 0.000401079959202
391 7.33093387112e-05
392 0.000428880740589
393 0.000268811443104
394 0.000164048533256
395 0.000272216024216
396 0.000537601550835
397 0.000236110904703
398 0.000390245101615
399 0.000237882955265
400 0.000184924401801
401 0.000503161384048
402 7.40042857082e-05
403 0.000406757894531
404 0.000179937338294
405 0.000352307784384
406 0.000122588802201
407 9.18763320573e-05
408 0.000163695499815
409 0.00037910672222
410 0.000251679394317
411 0.000147034201745
412 9.15564503269e-05
413 0.000683105594781
414 0.000158177543356
415 0.00181872446978
416 0.000208371937192
417 0.000151411561426
418 0.00041454445081
419 0.000219801463833
420 0.000440611506851
421 0.000233633645136
422 0.000204748741871
423 0.000523799580132
424 0.000396190220452
425 0.000197392699408
426 0.000171461960891
427 0.000161657040218
428 0.000129844331604
429 0.000788614400318
430 0.000125574908322
431 0.000268412775634
432 0.000496491207272
433 0.000393066354955
434 0.000125119811032
435 0.000248362492897
436 0.000121909417119
437 0.000412776734845
438 0.000217239989361
439 0.000466685171434
440 0.000293925811922
441 0.000127495233831
442 0.000184924401801
443 0.000116933211311
444 7.08740753931e-05
445 0.000331660770916
446 0.000219387516582
447 0.000151831118522
448 4.59639459358e-05
449 5.99623233658e-05
450 0.000121402522892
451 0.00019568827938
452 0.00019739852866
453 0.000301444790769
454 0.000145644191107
455 8.84146470068e-05
456 0.000327609024087
457 0.000366411445281
458 0.00022317273882
459 0.000201449741217
460 0.000128768763324
461 0.000473653163611
462 0.000360335092
463 0.000180437533666
464 0.000334035429536
465 0.000113224919784
466 0.00052310804941
467 0.000116307503054
468 0.000108515687609
469 7.08740753931e-05
470 0.000223661864952
471 0.000161826302026
472 0.000220304538833
473 9.71259856134e-05
474 0.000238944950032
475 0.000184510577611
476 0.000795282309327
477 0.000143843252124
478 0.000144267844464
479 0.000108664275217
480 0.00026728248481
481 0.000105587290828
482 0.000241182689532
483 0.000234713455629
484 0.00132084478583
485 0.000628860816266
486 7.99634840455e-05
487 0.000188159417957
488 0.000235434588855
489 0.000199316669896
490 0.000211240629582
491 0.000131726288558
492 0.00010958075452
493 0.000421233345488
494 0.00036327004452
495 0.000171832553459
496 0.000168643415246
497 0.000292375726301
498 0.000544211488366
499 0.000142030134714
500 8.52067978928e-05
501 0.000558575654457
502 0.000184924401801
503 0.000114775207766
504 0.000383010927652
505 0.000379268872222
506 0.00015763763412
507 0.000477589092184
508 0.00045395619979
509 0.000160373885045
510 0.000178662212163
511 0.00023073595094
512 0.000229066669215
513 0.000211459049821
514 0.000612267990965
515 0.000441565456006
516 0.000381472493034
517 0.000222694462281
518 0.000631574892413
519 0.000215737011186
520 0.00021421387321
521 0.000345648013465
522 0.000125683916244
523 0.000133930449684
524 0.000311793206601
525 0.000423278689444
526 0.000484090665922
527 0.000476787702315
528 0.000316967901075
529 0.000136910774202
530 0.000114716430551
531 7.10802831639e-05
532 0.00035109005483
533 0.000240325411344
534 9.5877279954e-05
535 0.000107996245301
536 0.000117682137514
537 0.000166570398547
538 0.000273851704826
539 0.000567130783194
540 0.000214540553489
541 8.52224898756e-05
542 0.000111160282181
543 0.000405935901103
544 0.000199898404936
545 0.000468456650487
546 0.000321730814121
547 0.000251812690866
548 0.000262857472283
549 0.000247154771853
550 0.000110030445326
551 4.59639459358e-05
552 0.000197438499233
553 9.43350665816e-05
554 0.000598536863023
555 0.000205012179538
556 0.000313087467467
557 0.000357737022708
558 0.000284885695553
559 0.000172853963649
560 0.00053378646538
561 0.000220584027347
562 0.000527871185698
563 7.82389617054e-05
564 0.000752585803379
565 0.000211479747673
566 0.000159925156502
567 0.000547128865333
568 0.000489890675185
569 0.000138719717055
570 0.000121274508112
571 0.000259013227007
572 5.95413489999e-05
573 0.000108515687609
574 0.000351357788386
575 0.000146591561523
576 0.000152112352755
577 0.000171590052978
578 0.000248927555729
579 0.000269443485144
580 0.000424413251941
581 0.000550790060194
582 8.16831207041e-05
583 0.000239019942427
584 0.000280323848566
585 0.000192158051991
586 4.68795588446e-05
587 9.09652956064e-05
588 0.000110389656121
589 0.000172050587812
590 0.000238574946592
591 0.000153549600111
592 0.000318376601758
593 0.000447369345566
594 7.83612791506e-05
595 0.000201759314473
596 0.000219561662816
597 0.000368647478439
598 0.000244523270848
599 0.000187725964594
600 0.000259972748022
601 0.000270426610945
602 0.000195142227797
603 4.68795588446e-05
604 0.000209268690644
605 0.000256004364093
606 0.000207786050758
607 0.000548450427425
608 4.68795588446e-05
609 4.68795588446e-05
610 0.000305167624049
611 7.08142658956e-05
612 0.000189909993345
613 0.000179854568528
614 4.68795588446e-05
615 0.000222425824383
616 0.000270591483903
617 0.000244814496817
618 0.000289846442642
619 0.000272786383441
620 0.000285484495498
621 0.000208122998946
622 0.000111096902234
623 0.000171184629062
624 0.000201407447982
625 4.68795588446e-05
626 0.000241898950077
627 0.000172873912945
628 0.000269443485144
629 0.000153196137075
630 0.000106509531891
631 0.00041547549518
632 0.000150685654252
633 0.000250265989133
634 0.000179392907081
635 0.000142176198842
636 0.000245068722064
637 0.000273839897589
638 0.00069917500474
639 4.68795588446e-05
640 0.000138488528445
641 0.000259394029247
642 0.000413701759887
643 8.16831207041e-05
644 0.000270426610945
645 0.000267561747425
646 0.000231052330153
647 0.000112310101427
648 0.000219841602631
649 5.6774333641e-05
650 8.40507450407e-05
651 0.000250108376544
652 0.000463080329515
653 5.91029006534e-05
654 0.000298876017652
655 0.000350042390639
656 9.28748538735e-05
657 5.23214766589e-05
658 0.000109395786846
659 0.000269443485144
660 0.000269443485144
661 6.88048468236e-05
662 0.000270426610945
663 0.000269862128437
664 0.000126666133377
665 0.000200635623723
666 0.000211533417436
667 0.000198960489465
668 7.42227095081e-05
669 4.68795588446e-05
670 0.000242774347405
671 0.000258980153046
672 7.07710293241e-05
673 0.000111205670785
674 5.91029006534e-05
675 4.68795588446e-05
676 0.0002597084262
677 0.000145715434514
678 0.000248497652203
679 0.000289294028876
680 0.00010498723402
681 0.000292596185908
682 0.000260534434681
683 0.000171526951736
684 0.000238394135269
685 0.000231797415164
686 0.000198024143784
687 0.00221357017123
688 0.000297872206684
689 0.000459169554728
690 0.000156038328314
691 0.000110059800409
692 0.000123139997252
693 4.82150091882e-05
694 0.000156242338174
695 0.000532119914307
696 0.00039905173323
697 0.000320089759778
698 0.000537854469734
699 0.0013060787347
700 6.36292805491e-05
701 0.000102775105841
702 0.000226990107942
703 0.000157651384237
704 0.000446942688404
705 8.98210100578e-05
706 0.00068083214503
707 0.000194337118659
708 0.000183156918049
709 0.000332487380767
710 0.000192925060613
711 0.00011097250716
712 0.000219667422638
713 0.00022913452584
714 0.000748665699923
715 0.000250562898251
716 0.00012524655948
717 0.000145284360187
718 0.000118773339865
719 0.000314393833624
720 0.000636265847909
721 0.000221184128874
722 0.000114500528138
723 0.000168250688207
724 0.000148319750679
725 0.000474998606902
726 0.00015531791086
727 0.000356562545331
728 0.000288403276593
729 0.000392750168922
730 0.000238116289159
731 0.000180209754255
732 0.000253720693683
733 0.000258301228073
734 0.000134191335725
735 0.000267429280112
736 9.06387500234e-05
737 0.000232334622769
738 0.000187716888406
739 0.000261640265219
740 0.000322004501289
741 0.000131978977999
742 0.00019603022326
743 0.000190549107539
744 7.82008632199e-05
745 5.867346216e-05
746 0.000565144537937
747 0.000163284020917
748 0.00059000898147
749 0.000218261343473
750 7.38314554201e-05
751 5.82832501062e-05
752 0.000136597716485
753 0.000369090457039
754 0.000197299796231
755 0.000307784375026
756 0.000217382470531
757 0.000129372934219
758 0.000120613846632
759 0.000225514862023
760 0.00012222096505
761 0.000302288180597
762 0.000111566115527
763 0.000154245178052
764 0.000178526979129
765 0.00029472922693
766 0.000168721933082
767 0.000355465108728
768 0.000154829189743
769 0.000231934526145
770 0.000223056939955
771 0.000320561378706
772 0.000256227300748
773 0.000210557697036
774 0.000359212336009
775 0.000393130835713
776 7.38314554201e-05
777 0.000239561965771
778 0.000206897341101
779 0.000184335620147
780 0.000202165978974
781 0.00034131110429
782 0.000509567438541
783 0.000222072514257
784 0.000205144970526
785 0.00041659854066
786 7.29356294055e-05
787 0.000150805094221
788 0.000303333175374
789 9.36006267035e-05
790 0.000230182561512
791 0.000101665259539
792 0.000139484822821
793 0.000251683595876
794 0.000233236846544
795 0.000166503070508
796 0.000215963975784
797 0.000135475628961
798 0.000286521040472
799 0.00016198136167
800 0.000160299889798
801 0.000399539001108
802 4.82150091882e-05
803 0.000108104172096
804 0.000247754327856
805 0.000269732434906
806 0.00065471365551
807 0.0002706943297
808 0.000223315458286
809 0.00012439408696
810 0.000206275569685
811 0.000322477921542
812 0.000147589310984
813 0.00011051107554
814 0.00014956529858
815 0.000274719693265
816 0.000389597885731
817 0.000160746131115
818 0.000264330772214
819 0.000263333340453
820 0.000393292364665
821 0.000376495326332
822 0.000119383186757
823 0.000260537051504
824 0.000555998175086
825 0.00056454407234
826 0.000141541105281
827 0.00013868935625
828 0.000446240456155
829 0.000789133449213
830 0.00037354549337
831 0.000547247058333
832 0.000178497271824
833 8.355555425e-05
834 0.000270865762895
835 0.000415088166765
836 0.000222094282762
837 0.000151908586127
838 0.000160147908045
839 0.000237142490808
840 0.00026363143271
841 0.000288958436534
842 6.22190895384e-05
843 0.000366476338342
844 0.000155843802456
845 0.000163299015108
846 0.00024573493981
847 0.000105034322676
848 0.000270068464095
849 0.000246572419047
850 0.000322619682977
851 0.000159979128069
852 7.47969759682e-05
853 0.000118773339865
854 0.000425734430711
855 6.64440202534e-05
856 0.000118773339865
857 0.0005296754795
858 0.000197225428351
859 0.000156546485623
860 7.83404802487e-05
861 6.04770712581e-05
862 0.000191134585751
863 0.0002876482126
864 0.000213186238116
865 0.000135625375797
866 0.000110001598651
867 0.000161398117897
868 0.000226974245544
869 9.34042844199e-05
870 0.000125983222536
871 0.000212744643953
872 0.000199644274849
873 0.000199919270861
874 0.000174518372542
875 0.000199919270861
876 5.35646041523e-05
877 0.000213186238116
878 0.000125510630225
879 0.000195667245587
880 0.000186551312446
881 0.000115990508529
882 0.000211812141089
883 0.000162446413744
884 5.35646041523e-05
885 0.00012131274232
886 0.000260029912962
887 0.000167102514875
888 0.000174518372542
889 0.000177658214715
890 0.000246636701457
891 0.000126984570914
892 5.35646041523e-05
893 5.35646041523e-05
894 0.000114238972595
895 0.000134040759731
896 0.000184684074493
897 0.000596717285644
898 0.000246834216297
899 0.000205524956814
900 6.83335876133e-05
901 0.000123199347675
902 0.000274215171859
903 0.000229700525777
904 0.000272354006631
905 8.60307329458e-05
906 0.000136257988659
907 0.000248941477771
908 8.65833099826e-05
909 0.000292152273761
910 0.000176658153074
911 0.000100345663739
912 4.28522954337e-05
913 0.000123562537661
914 0.000259947400407
915 0.000125695721309
916 0.000231043461604
917 0.000434473637844
918 0.000744984983388
919 4.28522954337e-05
920 0.000174169010124
921 0.000100527209232
922 0.000327509497665
923 0.000149717355959
924 0.000102860404818
925 0.000315444191001
926 0.000490948346646
927 0.000100805093575
928 0.000258086919714
929 0.000115256664109
930 8.72504514728e-05
931 0.000330868842154
932 0.000138765456232
933 0.000216867770924
934 0.000160056160065
935 0.00024899352718
936 7.6346379739e-05
937 0.000240202073147
938 9.72814735661e-05
939 0.000236461620364
940 0.000169346417968
941 0.0001422848585
942 0.000291138631217
943 0.000333780896513
944 0.000115518776921
945 0.00027355834621
946 5.8131449333e-05
947 0.000507918695432
948 0.000351686494035
949 0.000248690645152
950 0.000181671559718
951 0.000116188138291
952 0.000168851428845
953 0.000251300244209
954 0.000339787521641
955 0.000282643115288
956 0.000163039003031
957 0.000156962121513
958 0.000310644261664
959 0.000202380992921
960 0.000166481977657
961 0.000324483424871
962 0.000143854534498
963 0.000199921681722
964 0.000264919577462
965 0.000212358229988
966 0.000135503861618
967 0.00033420837939
968 0.000341829858353
969 0.000246149680457
970 0.000180062012286
971 0.000157742114997
972 0.000198782933868
973 9.77506418557e-05
974 0.000146027432956
975 0.000119286408216
976 0.000273116690015
977 0.000184029099588
978 0.00020770095224
979 0.000329169579004
980 0.000160858161832
981 0.000401180141335
982 0.000226232563935
983 0.000241798506632
984 0.000206831197692
985 0.00023147498655
986 9.37163806843e-05
987 0.000108548355854
988 9.19717958618e-05
989 0.000197272855125
990 0.000185963101236
991 0.000271091222964
992 0.000163207940389
993 0.00025078973119
994 0.000459439955484
995 0.000178974070409
996 0.000263365117236
997 7.15401741909e-05
998 0.000295581712457
999 7.90014436591e-05
1000 0.000238773687459
1001 0.000178029324613
1002 0.000241652126378
1003 0.000115264152841
1004 0.000305051628932
1005 0.000357794941583
1006 0.00012936218022
1007 0.000422682455771
1008 0.000104981906533
1009 9.49300639511e-05
1010 0.000285061053851
1011 0.0002765049687
1012 0.000232764159441
1013 0.000193348793592
1014 0.000123554500406
1015 0.000495602382439
1016 0.000185362063167
1017 0.000149251807855
1018 0.000435981439099
1019 0.000282640463344
1020 0.000292148185198
1021 0.000297770252515
1022 0.000289783084355
1023 5.9537432196e-05
1024 0.000110442265598
1025 0.000283274484539
1026 0.00019963729691
1027 0.000265176515304
1028 8.97324625642e-05
1029 0.000215389633102
1030 0.000313815440825
1031 0.000177050879613
1032 6.70239777066e-05
1033 0.000401684868857
1034 0.000175084312738
1035 5.68833395527e-05
1036 0.000197614477458
1037 0.000282627881866
1038 0.00027414984674
1039 7.01426187274e-05
1040 0.000110166454479
1041 0.000215494498677
1042 0.000348005016749
1043 0.000128977491533
1044 0.000183459823718
1045 0.000156245290268
1046 0.000167657665223
1047 9.05990061198e-05
1048 0.000217540718369
1049 0.000335648465697
1050 0.00027134685777
1051 0.000129741283936
1052 0.000303334717353
1053 0.000419190792475
1054 0.000117796182927
1055 0.000193478782774
1056 0.000143601421682
1057 0.00022487957202
1058 9.3064784282e-05
1059 8.34224510554e-05
1060 0.000476357129173
1061 0.000249193101401
1062 0.00012392328358
1063 0.000175949315069
1064 0.000100146113051
1065 0.000241094288089
1066 5.14740533513e-05
1067 0.000346897516924
1068 0.000356678274303
1069 0.000178438442132
1070 9.86750392977e-05
1071 0.000522127982343
1072 8.14469411239e-05
1073 0.000203751277214
1074 0.000113028146794
1075 0.000225954590879
1076 0.000265555496586
1077 0.000409156556965
1078 0.00014353145699
1079 0.000511942705002
1080 0.000355888993212
1081 0.000361684700454
1082 0.000163293382429
1083 0.000278300898786
1084 0.000319853238174
1085 8.63650632925e-05
1086 0.00059754303575
1087 0.000667753521723
1088 0.000105932983756
1089 0.000155787419569
1090 0.000140379935068
1091 0.000133186594394
1092 0.000113081573246
1093 0.000179786136809
1094 9.44087061404e-05
1095 0.000113945024221
1096 0.000167880304809
1097 4.28522954337e-05
1098 0.000290791157266
1099 0.0002338735957
1100 0.000291265659651
1101 0.000320917622739
1102 0.000363437239718
1103 0.000267376129779
1104 8.16737535285e-05
1105 0.000504189741152
1106 0.000115264152841
1107 0.000218721361283
1108 0.000405425922422
1109 0.00022581591595
1110 0.000278090767039
1111 0.000268569477326
1112 0.000146830800808
1113 0.000184631141406
1114 0.000293028641231
1115 0.000256946552947
1116 0.000188875177485
1117 0.000118673717577
1118 0.000362263260746
1119 0.000281584687953
1120 4.28522954337e-05
1121 0.000247607221505
1122 0.000185669334048
1123 0.000304769166544
1124 0.000241369969426
1125 0.000429493131216
1126 0.000336750535485
1127 0.000574374545659
1128 0.00020225859319
1129 0.000322507531172
1130 0.000293678841185
1131 0.000220187674999
1132 0.000244798753748
1133 0.000407086084472
1134 8.420682119e-05
1135 0.000128145148706
1136 0.000237812824932
1137 0.000314543798481
1138 0.000239854540084
1139 0.000212715543402
1140 0.000204874171657
1141 0.000101306387209
1142 0.000155240516097
1143 0.000215001664223
1144 0.000102589666546
1145 0.000216764783868
1146 4.28522954337e-05
1147 0.000437283869013
1148 6.39863837909e-05
1149 0.000337268461193
1150 0.000314969588368
1151 0.000129076759447
1152 6.76936754887e-05
1153 0.000122771941923
1154 0.00039931700598
1155 0.000107995684457
1156 0.000275171387292
1157 0.000299551486906
1158 7.45046698475e-05
1159 0.000332993913561
1160 0.00038629241601
1161 0.000280689738669
1162 0.000153149218334
1163 9.80615639127e-05
1164 0.000297902905731
1165 0.000109737515576
1166 0.000238475074409
1167 0.000328072912502
1168 0.000206331341266
1169 8.22085708389e-05
1170 0.000159459726329
1171 0.000224773810046
1172 0.000243999526335
1173 0.00033488778934
1174 0.000396952253365
1175 0.000193327279016
1176 0.000396648597947
1177 4.7240293011e-05
1178 0.000207965997946
1179 0.000140133316029
1180 0.000285892889473
1181 0.000159547447301
1182 0.000265827969604
1183 0.000230231278003
1184 0.000237732612011
1185 0.000449102308051
1186 0.000442655524151
1187 0.00015369239
1188 0.000191042785557
1189 0.00024806818706
1190 0.000278698699697
1191 0.000202530969737
1192 0.000339631938729
1193 0.000455680413527
1194 0.000128547203622
1195 0.000102552271043
1196 0.000176931737254
1197 0.000126037527224
1198 0.000187118876929
1199 0.000248429022586
1200 0.000613830799219
1201 7.40770112905e-05
1202 0.000192983660525
1203 0.000162276436713
1204 0.000108163562669
1205 0.000505941254692
1206 0.000310127089484
1207 4.28522954337e-05
1208 0.000230744721196
1209 9.23591413381e-05
1210 0.000243094074148
1211 0.00026967036464
1212 0.000496549657711
1213 0.000223112394863
1214 0.000175292641119
1215 0.000369202067559
1216 0.00024142938071
1217 0.000286822371774
1218 0.000291710507842
1219 0.00016952419096
1220 0.000184804115631
1221 7.60795449242e-05
1222 0.000376808075308
1223 0.000438573851911
1224 0.000154937296957
1225 6.73491598685e-05
1226 0.000225279158584
1227 0.000252072394966
1228 0.000399468878601
1229 0.000190231024506
1230 0.000240877609435
1231 0.00037356982511
1232 0.000374266452837
1233 0.00023831415362
1234 4.96742779688e-05
1235 0.000143933728431
1236 0.000525396651605
1237 0.000324290658656
1238 0.000357059690947
1239 0.000452757448941
1240 6.19133334229e-05
1241 0.000143783831289
1242 0.000142420999265
1243 0.000283247009579
1244 0.000341507483943
1245 0.000115711683335
1246 0.000221648608041
1247 0.000234349235961
1248 0.000162432959496
1249 9.57232667134e-05
1250 0.00013487276489
1251 0.000398023134098
1252 0.000135615063556
1253 7.28852562598e-05
1254 8.14469411239e-05
1255 0.000113366150003
1256 0.000376355674821
1257 0.000426321720078
1258 0.000276438312872
1259 0.000273387859046
1260 0.000346752119157
1261 0.000268655087196
1262 0.00034890948484
1263 4.54388718456e-05
1264 6.70047280316e-05
1265 8.47654846689e-05
1266 0.000126420405139
1267 0.000144319335992
1268 0.00034430068741
1269 0.000121901229005
1270 0.00037085033139
1271 5.6318135056e-05
1272 0.000291115120319
1273 0.000279011687323
1274 0.000366640218915
1275 0.000229930265686
1276 0.000385044215532
1277 4.54416765093e-05
1278 0.000586259735867
1279 0.000138398480331
1280 0.000218242380013
1281 0.00025240479813
1282 0.000213470465981
1283 0.000378343303494
1284 0.000250545565204
1285 0.000297352458184
1286 0.000183346127144
1287 0.000138877633742
1288 0.000205257588023
1289 0.000279508374756
1290 0.000272224029655
1291 0.000273901779154
1292 0.000331341059976
1293 0.000271318370298
1294 0.000161130208024
1295 0.000160820366607
1296 8.30109151539e-05
1297 0.000188217770514
1298 0.000100278236292
1299 0.000333115814278
1300 0.000222392393179
1301 0.000202220596454
1302 8.1069226594e-05
1303 0.000312945790358
1304 0.000256528730372
1305 0.000306036166915
1306 0.000361120307918
1307 0.000196427727087
1308 0.000296163364412
1309 0.000174884859104
1310 0.000223162091894
1311 0.000201368911493
1312 0.000186129144401
1313 0.00027137058736
1314 0.00022322788058
1315 0.000214933317171
1316 0.000223662858411
1317 0.000175574417234
1318 0.000220569737007
1319 0.000255834393096
1320 0.000222898401547
1321 0.00037957268239
1322 0.000166807152952
1323 0.000430803499149
1324 0.000244445532647
1325 0.000221366711923
1326 0.000186075836894
1327 5.82608518865e-05
1328 0.000259676325072
1329 0.000209588544249
1330 0.000410539453845
1331 0.000377983663063
1332 0.000425589485224
1333 0.000269389905843
1334 0.000266184880224
1335 0.000372996859595
1336 0.000369875202259
1337 0.000179751069242
1338 0.000277146119315
1339 0.000447450250293
1340 0.000303290285019
1341 0.000202245977622
1342 0.000359508307177
1343 0.00010241025585
1344 0.000257767099053
1345 0.000282076747941
1346 0.000476902018162
1347 6.40951463848e-05
1348 0.000376469515835
1349 0.000272627635386
1350 0.000270053923675
1351 0.000174062123834
1352 0.000211434101568
1353 0.000678726602607
1354 6.66711464053e-05
1355 7.16830389966e-05
1356 0.000271470562669
1357 0.000188156322789
1358 0.000229977310287
1359 0.000464474063767
1360 0.000267605012046
1361 0.000346051922934
1362 0.000424113492927
1363 5.56002077321e-05
1364 0.000181659642495
1365 0.00010146761735
1366 0.000143727238403
1367 0.000433899645549
1368 0.000480802450117
1369 0.000163039003031
1370 0.00027792894357
1371 0.000330387332379
1372 0.000288836136365
1373 8.81482598634e-05
1374 0.000380902735832
1375 0.000268486708724
1376 0.000233389394351
1377 0.000532580412637
1378 0.000563643450212
1379 0.00025929312584
1380 0.000247453279522
1381 0.000256323501741
1382 0.000150637718799
1383 0.000221189749377
1384 6.74034929778e-05
1385 0.000139223482468
1386 0.000131958154311
1387 4.28522954337e-05
1388 0.000129431692079
1389 0.000261757562912
1390 0.000161888191026
1391 0.000548266011241
1392 0.000507945503698
1393 0.000193565112115
1394 0.00020005760264
1395 6.03570981585e-05
1396 4.82494413769e-05
1397 0.000277201457068
1398 0.000120097455003
1399 0.000162054409145
1400 0.000511260878117
1401 0.00015806653914
1402 7.76557384953e-05
1403 0.000228260462141
1404 0.000149251807855
1405 0.000253517356389
1406 0.000277422205011
1407 0.000186738583471
1408 0.000149053266517
1409 0.000222374200611
1410 0.000341057447087
1411 0.000213595419383
1412 7.90674315531e-05
1413 0.000166917016685
1414 0.000300646230673
1415 7.19367101659e-05
1416 0.000236872907534
1417 0.000328857557289
1418 5.74229733615e-05
1419 0.000148660663186
1420 0.000194686621999
1421 0.000446759930072
1422 0.000235016071515
1423 0.000119055346186
1424 0.000287505402563
1425 0.000179940485379
1426 0.000248129354425
1427 0.000329377948501
1428 0.000390627402333
1429 0.000225311532096
1430 0.000226802123327
1431 4.94795112945e-05
1432 0.000667319207629
1433 0.000271562114694
1434 0.000227507468904
1435 0.000139571045038
1436 0.000276983392963
1437 0.000202900908351
1438 0.000218835550174
1439 0.000182650170817
1440 8.99969513454e-05
1441 0.000167424076929
1442 0.000160428185538
1443 7.95820882521e-05
1444 0.00010198480837
1445 0.00021566635009
1446 0.000106970609312
1447 0.000235559381688
1448 0.00043214004884
1449 0.000286715330573
1450 0.000291804636743
1451 0.000206320767093
1452 0.000172952264352
1453 0.000275304013804
1454 0.000214985246361
1455 0.000270778541234
1456 7.05094754981e-05
1457 0.00038499647528
1458 0.000197904332476
1459 0.000148455947755
1460 0.000482017807619
1461 0.000183106466287
1462 9.03422166841e-05
1463 0.000396283923911
1464 6.83256724418e-05
1465 0.000181663266467
1466 0.000359135724744
1467 4.28522954337e-05
1468 0.00038363530626
1469 0.000253153202299
1470 0.000430492371806
1471 0.000232571495764
1472 0.000523266075188
1473 0.000601104240303
1474 0.000345534871306
1475 7.34757420888e-05
1476 0.000368022133319
1477 7.46612853708e-05
1478 0.000105658330204
1479 0.000161967515924
1480 0.000398259635618
1481 0.000316567051739
1482 0.000133671669492
1483 0.000342810412677
1484 0.000305350536308
1485 0.000102590648233
1486 0.000174818011435
1487 9.26412643991e-05
1488 0.000358854358789
1489 0.000407130384175
1490 0.000140745623278
1491 8.24001328627e-05
1492 0.000360708303957
1493 0.00011339020468
1494 0.000216141776758
1495 0.000259099589255
1496 0.000370045799381
1497 0.000340096060587
1498 0.000193494124094
1499 6.56819612513e-05
1500 0.000192594454474
1501 0.00022461077139
1502 0.000108877251232
1503 0.000361155000054
1504 0.000174207839346
1505 0.000390636551777
1506 0.000535211213253
1507 8.01471468357e-05
1508 0.000273743501512
1509 0.000182944471143
1510 0.000397928467863
1511 6.18790907075e-05
1512 0.000280901774355
1513 0.000227642929204
1514 0.000207057374784
1515 0.000228186446712
1516 0.000349680516359
1517 0.000446550288246
1518 0.000132651013294
1519 0.000132434926018
1520 0.000152270679426
1521 0.000360630882315
1522 6.91998238975e-05
1523 0.000452696337345
1524 0.000261831644975
1525 0.000145470710802
1526 0.000367351730068
1527 0.000154139741695
1528 0.000104653481841
1529 0.000246292827183
1530 0.00029597039512
1531 0.000303826169732
1532 0.000186489019055
1533 0.000141488410379
1534 0.00028018447523
1535 0.000286930461511
1536 0.00021864864346
1537 0.000548714377019
1538 0.000165177861592
1539 0.000232284317597
1540 0.000244880011064
1541 0.000313390093331
1542 0.00024367098855
1543 0.000183218750633
1544 0.000225557679798
1545 0.00014439314971
1546 0.000317444670468
1547 6.93971266639e-05
1548 0.000350263313312
1549 0.000309356531665
1550 0.00034961160682
1551 0.000197412437587
1552 0.000490992337655
1553 9.74189899114e-05
1554 0.000240267260933
1555 0.000474259479834
1556 0.000328113222631
1557 0.00010720392262
1558 0.000441707805887
1559 5.08419598791e-05
1560 0.000548642520668
1561 4.28522954337e-05
1562 0.000185327910626
1563 0.000130255141349
1564 0.000341830045645
1565 0.000160120882713
1566 0.000281457550712
1567 0.000177397106989
1568 0.000304508802532
1569 0.000236450654026
1570 0.000306077498836
1571 0.000373847002467
1572 0.000216705395618
1573 0.000153695338088
1574 0.000426881551577
1575 0.000426148499663
1576 0.000137796470939
1577 0.000319116554374
1578 0.000532988166046
1579 0.000190883536961
1580 7.31529168631e-05
1581 0.000258247847676
1582 4.28522954337e-05
1583 0.00022253535864
1584 0.000456368462548
1585 0.00064422970782
1586 0.00018668962914
1587 9.05990061198e-05
1588 0.000260625391009
1589 0.000224939470442
1590 0.000582860083849
1591 0.00031386544096
1592 0.000496936687144
1593 0.000138726097561
1594 0.000301801572682
1595 0.000121624646291
1596 0.0002159962552
1597 0.0003676446861
1598 0.000333632324306
1599 0.000408597870326
1600 0.000116853292472
1601 0.000352361089481
1602 0.000259400334176
1603 0.000104154265383
1604 0.000414983056335
1605 0.000465114500919
1606 0.000276491210916
1607 0.000211506536736
1608 9.96526609745e-05
1609 0.000344137800046
1610 0.00029442710808
1611 0.000513873609806
1612 0.000347261450408
1613 0.000540718306729
1614 0.000526165554048
1615 0.000232548785137
1616 0.00023410990562
1617 0.000316221649284
1618 0.000346759404157
1619 0.000126816190131
1620 0.00034709422721
1621 0.000431429650706
1622 0.000548181423315
1623 0.000516136125388
1624 0.000296709046533
1625 0.000263205392167
1626 0.000178099034448
1627 0.00021784801651
1628 8.97324625642e-05
1629 0.000393044226005
1630 0.000188811049696
1631 0.000429471911034
1632 8.83428027829e-05
1633 0.000246654238701
1634 0.000177243415311
1635 0.000282210116616
1636 0.000184597185854
1637 0.000383146406811
1638 0.00032037698049
1639 0.00018306984806
1640 0.000267171983413
1641 0.000103459055184
1642 0.000147235430874
1643 0.000280469573351
1644 0.000296704681594
1645 0.000230716860772
1646 0.000347958572718
1647 0.000124786665385
1648 0.000245593958204
1649 0.000209353948385
1650 0.000200981889779
1651 0.000174925899577
1652 5.12695803688e-05
1653 0.000246312194101
1654 0.000228709561282
1655 9.10656581554e-05
1656 0.00027633625143
1657 0.000291874438241
1658 0.000100345663739
1659 0.000129056768599
1660 0.000252130038244
1661 0.000187126699084
1662 0.000398405786183
1663 0.000426455880002
1664 0.00067421492294
1665 8.92141686273e-05
1666 0.000368603386063
1667 0.000320211785106
1668 0.000228243227219
1669 0.000352202047453
1670 0.000398136204138
1671 0.000102487946266
1672 0.000245108847228
1673 0.000211077055401
1674 0.000260770510956
1675 0.000186805539197
1676 0.000373546383591
1677 0.000180069261082
1678 0.000232746239338
1679 0.000146133999613
1680 0.000186351110385
1681 0.000320572196617
1682 0.000192095736638
1683 0.000198000374328
1684 0.000391937605532
1685 0.00641899881492
1686 0.000291606173834
1687 0.000250589609763
1688 0.000396672736666
1689 0.00033875372011
1690 0.000361795067843
1691 4.85580296335e-05
1692 0.000288081021027
1693 0.000323967601074
1694 8.06515791522e-05
1695 0.000250977552124
1696 0.000205669021244
1697 0.000121237214804
1698 8.19137528241e-05
1699 0.000181342667426
1700 0.000277397847972
1701 8.5506804438e-05
1702 0.000104214046256
1703 0.000264517094172
1704 0.000487677383549
1705 0.000164931704266
1706 0.000264739339519
1707 0.000234981876473
1708 0.000517469861626
1709 0.000118739451808
1710 0.000416911373538
1711 8.50257792513e-05
1712 7.91547075937e-05
1713 0.000311595721559
1714 6.69981380976e-05
1715 0.000522741406542
1716 0.000307905748801
1717 0.000299304225967
1718 0.000407101269783
1719 0.000528536029252
1720 0.000190993637912
1721 0.000256972125694
1722 0.000337602774943
1723 0.000213217903638
1724 0.000166137890451
1725 0.000206370569793
1726 0.000384654471647
1727 0.000196434284971
1728 0.000216197187024
1729 0.000169760705254
1730 0.000407887843169
1731 0.00067108897135
1732 9.68025129385e-05
1733 0.000254866026949
1734 0.000302388697143
1735 0.000174851772219
1736 0.000325523533305
1737 0.000444545297271
1738 0.000241298742686
1739 0.000184441111299
1740 0.000141585149581
1741 0.000238402993325
1742 0.000317563773692
1743 0.0003936908243
1744 0.000208721659722
1745 0.00024341230212
1746 0.000148751247655
1747 0.0005725030666
1748 0.000189786989778
1749 0.00012205298947
1750 0.000133333743801
1751 0.000371349405979
1752 0.000264324006491
1753 0.000336544171902
1754 0.000255294538759
1755 0.000193274165038
1756 4.71035946274e-05
1757 0.000141532850138
1758 0.000376631227046
1759 0.000248737758288
1760 8.60970714159e-05
1761 7.15284892578e-05
1762 0.000418290181061
1763 6.56554250729e-05
1764 0.000213370793532
1765 0.000144126115683
1766 0.000238135148278
1767 0.000259333473832
1768 0.000239649590881
1769 0.000624922336668
1770 0.000115696562326
1771 0.000331279310442
1772 9.55178696371e-05
1773 0.000200818565188
1774 0.000160881544767
1775 0.000175141365057
1776 6.22297391933e-05
1777 0.000100345663739
1778 7.03119682193e-05
1779 0.000258470502179
1780 0.000174892598501
1781 0.000132724989322
1782 0.000187650963489
1783 0.00022963705587
1784 0.000667851793857
1785 0.000154828313248
1786 0.000244934969318
1787 0.000493494171164
1788 0.000300831732312
1789 0.000157286483323
1790 0.000306825433792
1791 0.000222345045011
1792 0.000401513495139
1793 8.27311686744e-05
1794 0.000414650539417
1795 0.000346518297044
1796 0.00026927846908
1797 0.000220088186818
1798 7.50632312414e-05
1799 0.000275390249998
1800 0.000435226692619
1801 0.000720130837931
1802 0.000166815915966
1803 0.00011913615096
1804 0.000243590519915
1805 0.000552640585939
1806 0.000120906668314
1807 0.000296205912765
1808 0.000311440128498
1809 0.000163317417746
1810 0.000344912301166
1811 0.000302759274852
1812 0.000210620081091
1813 0.00023057655959
1814 0.000501321316852
1815 0.00011311653229
1816 0.000187750403912
1817 0.000374015588277
1818 0.000114941364864
1819 0.000185524849078
1820 0.000288287430471
1821 0.000343790064323
1822 0.00010853937313
1823 0.000136683992015
1824 0.000371900211101
1825 0.000304220881119
1826 0.000277859488843
1827 0.000300681261633
1828 0.000593937606225
1829 0.000310329641909
1830 0.000147180954012
1831 0.000116941684595
1832 0.000338715801764
1833 0.000161962520113
1834 0.000553825310776
1835 4.28522954337e-05
1836 0.000556967079682
1837 0.000118997868384
1838 0.000305357266865
1839 0.000104652663655
1840 0.000474891213409
1841 0.000130982893537
1842 0.00024507304002
1843 0.000352305428609
1844 0.000153846572682
1845 0.000435737357807
1846 0.000333508418215
1847 0.000173703164728
1848 0.000224099695596
1849 0.000198163850862
1850 0.000342747093842
1851 0.000186338407084
1852 0.000181430258426
1853 0.000146881869766
1854 0.000102919150247
1855 5.56130657406e-05
1856 6.96953036741e-05
1857 5.66366283881e-05
1858 0.000349729924188
1859 0.000210008293878
1860 0.000243433884045
1861 0.000159188345556
1862 0.000335765536697
1863 0.000271837354039
1864 0.000228687945088
1865 0.000327577263603
1866 8.33560575199e-05
1867 0.000289312982605
1868 0.000373038907399
1869 0.000367500201933
1870 0.000131685644115
1871 0.00015998082302
1872 0.000409237845104
1873 0.000257450971739
1874 0.000208925584977
1875 7.53650910318e-05
1876 0.000160208692728
1877 0.000376788583895
1878 0.000210263538285
1879 0.000230014529389
1880 0.000431240677722
1881 0.000260393387063
1882 0.000294575105475
1883 0.000310492752313
1884 0.000121809955127
1885 0.000172434321971
1886 0.000161934913487
1887 0.000322386991213
1888 8.13614812783e-05
1889 0.000722253712708
1890 0.000222119587775
1891 0.000148434474266
1892 0.000231542434123
1893 0.000118623190933
1894 0.000411519758616
1895 0.000324555788547
1896 0.00029573523973
1897 0.000137054137461
1898 0.000228470523863
1899 0.000304881820558
1900 0.000378610407878
1901 0.00011554735969
1902 0.000127511255942
1903 0.000388812313116
1904 0.0002087442313
1905 0.000228993517447
1906 0.000123796814241
1907 0.000173438487751
1908 0.000165249007513
1909 0.000114060280365
1910 0.000259821863377
1911 0.00024668182441
1912 0.000239029194295
1913 0.00388423838711
1914 0.000105485157021
1915 0.000250543070694
1916 0.000128422688751
1917 0.000262505865772
1918 0.000346041304634
1919 0.000297275557274
1920 0.000289134644201
1921 0.000368801453004
1922 0.000214281565324
1923 0.000159806732186
1924 0.000260517064627
1925 7.62590171213e-05
1926 0.000241601715245
1927 0.000464711321164
1928 0.000286211211208
1929 0.000138898076826
1930 0.000279116331251
1931 0.00012397068071
1932 0.000211831747792
1933 0.000290543633334
1934 0.000123769825083
1935 0.000128788398438
1936 0.000263286662348
1937 0.000209943768926
1938 7.42582983474e-05
1939 0.000344093613132
1940 0.00026254277396
1941 0.000288884172705
1942 0.000535553309866
1943 0.000126011745048
1944 0.000352620876089
1945 0.000166123765162
1946 0.000442774224778
1947 0.00034698594558
1948 0.000375204553002
1949 0.000328320707854
1950 9.85351269338e-05
1951 9.52552745469e-05
1952 0.000327141626793
1953 8.88376227862e-05
1954 0.000234531930311
1955 0.000331194205494
1956 0.000289504763861
1957 0.00015272276173
1958 0.000216041150576
1959 0.00019214840106
1960 0.000378318740367
1961 0.000372976138475
1962 0.000114546965808
1963 0.000340403643896
1964 0.000176906943806
1965 0.000543559041056
1966 0.000162342968238
1967 0.000330257968955
1968 4.85001686108e-05
1969 0.000190158072079
1970 4.98328655931e-05
1971 0.000273363188566
1972 0.000323605455742
1973 0.000347111216911
1974 0.000321762191256
1975 8.61796688054e-05
1976 0.00030763087054
1977 0.000213982237519
1978 9.13263967692e-05
1979 0.000148237682166
1980 0.000323775419164
1981 0.000301729742687
1982 0.000196652728317
1983 0.000118147442667
1984 0.000375887360452
1985 0.000329752923034
1986 0.000437162359457
1987 0.000297541407877
1988 0.000159388705692
1989 0.000216223212281
1990 0.000179648060341
1991 0.000189198244514
1992 0.000259735695059
1993 0.000164455752974
1994 0.00037507387632
1995 0.000204306471583
1996 0.00032433216643
1997 8.04536910812e-05
1998 0.000254286954453
1999 0.000282367466813
2000 0.000187375371512
2001 0.000185663001262
2002 0.000306221938148
2003 0.000272665282241
2004 0.000190301861381
2005 0.000262465400439
2006 0.000286986139356
2007 0.000271313418559
2008 0.000495148883874
2009 8.74464183654e-05
2010 0.000233984639935
2011 0.00026558891416
2012 0.000216060777847
2013 0.000103861004521
2014 7.81460041025e-05
2015 8.49583548783e-05
2016 8.51287029831e-05
2017 0.000117237456335
2018 0.000129310266595
2019 0.000285825684543
2020 9.05069735727e-05
2021 0.000291654364013
2022 9.00157248536e-05
2023 0.000261926039748
2024 0.000219029444963
2025 0.000274006752355
2026 0.000173940754053
2027 0.000280804257733
2028 0.000233694325766
2029 0.000328052794703
2030 0.00018081319146
2031 0.000340165290406
2032 0.000264021490055
2033 0.000448407565251
2034 0.000316603102137
2035 0.00014914186609
2036 0.00025864881485
2037 0.000140763521675
2038 0.000342948583355
2039 0.00043201603662
2040 0.000340901456093
2041 0.000291668496932
2042 0.000135648005656
2043 0.000302183621064
2044 0.000319053359795
2045 9.36182640061e-05
2046 0.000320991781355
2047 0.000234770144098
2048 0.000844116063338
2049 9.69722641838e-05
2050 0.000318228354095
2051 0.000136646154408
2052 0.000123026648255
2053 0.000326093065866
2054 0.000351845521983
2055 0.000495177857978
2056 0.000158100055471
2057 0.000250122086849
2058 0.000153436356673
2059 0.000175520804817
2060 0.000348022114481
2061 0.000222178623822
2062 0.000258525552637
2063 0.000250274453601
2064 0.000267410399526
2065 0.000340520028797
2066 0.000104009326939
2067 8.25905191812e-05
2068 0.000116988974853
2069 0.000435357478869
2070 0.000321398830866
2071 0.000134835342611
2072 0.000365905832796
2073 0.000399605111922
2074 0.000354573927254
2075 0.00029655001126
2076 0.000177269200702
2077 0.00017844738656
2078 0.000239004899187
2079 0.000371395080026
2080 4.15347136979e-05
2081 9.99800070031e-05
2082 0.000527956669231
2083 0.00017055153642
2084 0.000275297928646
2085 0.000283953271104
2086 0.000195569316714
2087 0.00025704990301
2088 0.000478725688803
2089 0.000362722469573
2090 0.000211244674886
2091 0.000342516820412
2092 0.000293289151909
2093 0.000140827870598
2094 0.000329925794916
2095 0.000139117314468
2096 0.000286993250366
2097 0.000104555461183
2098 0.000209877830358
2099 0.000226301780398
2100 0.000119743017083
2101 9.71434691265e-05
2102 0.000241248866171
2103 0.00042715932706
2104 0.000340104453245
2105 0.000328564474653
2106 0.000124543796414
2107 0.000105255981313
2108 0.000318849483145
2109 0.000299878444713
2110 0.000254021597754
2111 0.000181206777935
2112 0.000561219027632
2113 0.000297634247537
2114 0.000146213707606
2115 0.000149428255301
2116 0.000256718288327
2117 0.000315047482206
2118 0.000488773034519
2119 0.000341531453367
2120 0.000154978636084
2121 0.000230747731091
2122 0.00029343832881
2123 0.000271011753664
2124 0.000368932345166
2125 0.000309942787166
2126 0.000372405068272
2127 0.000466714271469
2128 0.00035661037718
2129 0.000310602847721
2130 0.000343906760967
2131 0.000118307069976
2132 0.000362081290393
2133 0.00030725581595
2134 0.00058107688086
2135 0.000279276041552
2136 0.000277202058347
2137 0.000157802525391
2138 0.000162603667128
2139 0.000420268607815
2140 0.000323974426161
2141 0.00031303879244
2142 0.000136946578268
2143 0.000435747174999
2144 0.000342706840219
2145 0.000253989072484
2146 0.000251640873621
2147 0.00022574506936
2148 0.000131809108011
2149 0.000283588419615
2150 0.000393179988998
2151 0.000353676082167
2152 0.00026949028327
2153 0.000191986465803
2154 0.000415486435138
2155 0.000297511163958
2156 0.000179197751016
2157 0.0002759066943
2158 0.00021085476352
2159 0.000109020954464
2160 0.000255154111708
2161 0.000234736844969
2162 0.000270691233014
2163 0.000144958605487
2164 0.000123780336755
2165 0.000188299249032
2166 0.0002474461524
2167 9.64895420975e-05
2168 0.000106353526149
2169 8.3333651421e-05
2170 0.000338138554218
2171 0.000185591878375
2172 0.00033563401785
2173 0.000353702830762
2174 0.000274317652155
2175 0.000387546195349
2176 7.23413506109e-05
2177 0.000424842432989
2178 7.34291947007e-05
2179 6.67258377673e-05
2180 0.000190202998451
2181 0.000347363125619
2182 0.000176383003409
2183 7.40460501852e-05
2184 0.000402057900606
2185 0.000342061173743
2186 9.21642837678e-05
2187 0.000117818442095
2188 0.000444259598768
2189 0.000353388102594
2190 0.000334399656442
2191 0.000307120443844
2192 0.000272964738224
2193 0.000212487293347
2194 0.000144440537862
2195 0.000341904081976
2196 4.15347136979e-05
2197 0.000334546635125
2198 0.000195004149185
2199 0.000191098817741
2200 0.000551509929574
2201 0.000318314339155
2202 0.000344164027831
2203 0.00025804171947
2204 0.000321900716166
2205 9.74581354287e-05
2206 9.24859831717e-05
2207 0.00038109843255
2208 0.000199571394911
2209 9.32007308996e-05
2210 0.000180923784007
2211 0.000202589809844
2212 0.000276588888372
2213 0.000262123901488
2214 0.000203318185054
2215 0.000187501480856
2216 0.000198656734775
2217 0.000252612036088
2218 0.000178058143492
2219 0.000375292525434
2220 6.11189689518e-05
2221 0.000352450672774
2222 0.000168500056117
2223 0.000191975285781
2224 0.000362493468139
2225 0.000392838517762
2226 0.000222869829478
2227 0.000230180662412
2228 9.81820560184e-05
2229 0.000275688503675
2230 0.000388585903837
2231 6.93544494615e-05
2232 0.000305712363546
2233 0.000293740218725
2234 0.000421514282298
2235 0.000107142107678
2236 0.000258366130856
2237 0.000323422903483
2238 0.00023763959633
2239 0.000144613305745
2240 0.000160684109601
2241 0.000366307522536
2242 0.000363047486862
2243 0.000210888219404
2244 0.000206851508694
2245 0.000362267873408
2246 0.000137448492894
2247 0.000303802780345
2248 0.00038702709045
2249 0.000172771991529
2250 0.000103363062136
2251 0.000351003930476
2252 0.000109651387332
2253 6.35249629577e-05
2254 0.000291168046875
2255 0.000290832933923
2256 0.000121440945068
2257 7.81889815576e-05
2258 0.000288920339374
2259 0.000120052512412
2260 0.000222748348988
2261 0.00018882466143
2262 0.000244669445658
2263 7.9426843795e-05
2264 0.000117435115349
2265 0.000242718770255
2266 0.000101495295187
2267 0.000463896478943
2268 0.000270593495565
2269 0.000445973091983
2270 4.15347136979e-05
2271 0.000102322298287
2272 0.000330265394643
2273 0.000154247798032
2274 0.000287876088008
2275 0.000141845474293
2276 0.000335954521791
2277 0.000286346264468
2278 0.000151624250066
2279 0.000328453856457
2280 0.000389758622153
2281 0.000209259736233
2282 0.000170403588189
2283 0.000471634299041
2284 0.000520350261457
2285 0.000294089106558
2286 0.000187165334828
2287 0.000215573096027
2288 0.00015255085484
2289 0.000101731543766
2290 0.000570324960051
2291 0.000332508122043
2292 0.000124495352272
2293 0.000433317766407
2294 0.000179323059816
2295 0.000384902939471
2296 0.000102489154966
2297 0.000191165179328
2298 0.000211386739019
2299 9.81966439487e-05
2300 0.000286555422153
2301 0.000260280801894
2302 0.000170348087699
2303 0.000386240620447
2304 0.000101895519895
2305 0.000236393169489
2306 8.57088822934e-05
2307 0.000218755789857
2308 0.000262528357031
2309 0.000287730245346
2310 0.00037048372941
2311 0.000123712751777
2312 0.00012458258925
2313 9.42700406717e-05
2314 0.000754604460994
2315 0.000177788353206
2316 0.000233510560674
2317 0.000120990345484
2318 0.000325364327677
2319 0.000198761645359
2320 0.000375937420472
2321 0.000172887426292
2322 0.000121169408356
2323 0.000295261916461
2324 0.000333271008988
2325 0.00036941479644
2326 0.000339969122271
2327 0.000328180857638
2328 0.00039845725212
2329 0.000513601929438
2330 0.000238642290163
2331 0.000168202200041
2332 0.000347284469877
2333 0.000318832424169
2334 0.00050414538457
2335 0.000273831544277
2336 0.000294349090196
2337 0.000450347341068
2338 0.00019483522858
2339 0.000329111466835
2340 0.000335959118296
2341 0.000358989048257
2342 0.000251960122509
2343 0.000270194083158
2344 0.000251771872488
2345 0.000383439582474
2346 0.000230080148889
2347 0.000200496669718
2348 0.000630971718078
2349 0.000281991924199
2350 0.000186866000676
2351 0.000104642317102
2352 0.000334236311817
2353 0.000307250969196
2354 0.000177380691578
2355 0.000323338627149
2356 0.00013957567344
2357 0.000312855817345
2358 0.00014938411552
2359 7.77953205432e-05
2360 0.000271739859833
2361 0.000135432590047
2362 0.000375744900392
2363 0.000138957859166
2364 0.000306262719467
2365 0.000335291617441
2366 0.000285626019611
2367 0.000195787799462
2368 0.00021247845424
2369 0.000270674411642
2370 0.000358361513976
2371 0.00029130438957
2372 0.000308320198826
2373 0.000327960593609
2374 0.000132411950165
2375 0.000306709239495
2376 9.91757264934e-05
2377 0.000335686726265
2378 0.000299040972593
2379 0.000260975733475
2380 0.000162896938745
2381 5.6864579973e-05
2382 0.000321025460963
2383 5.60670954172e-05
2384 8.56280767574e-05
2385 0.000582028925727
2386 0.000204052210041
2387 0.000260800078069
2388 0.000154465410683
2389 8.44445356486e-05
2390 0.000144200640073
2391 0.000180409902838
2392 0.000182825993025
2393 0.000188924923941
2394 0.000116166185312
2395 0.000307091718265
2396 0.000331856491761
2397 0.000239973486096
2398 0.000308631769623
2399 0.000345681099038
2400 0.000269862143869
2401 0.000104314376985
2402 0.000190620331468
2403 0.000153276651246
2404 0.000163264986863
2405 0.000320031395194
2406 0.000194327219355
2407 0.000212892583827
2408 0.000182053240835
2409 0.000283004391972
2410 0.00032685623244
2411 0.000383024305968
2412 0.00028628501974
2413 0.00030130093325
2414 0.000100267496607
2415 0.000334315974056
2416 0.00017428977252
2417 0.000190847991278
2418 0.000254251578542
2419 0.000224412873159
2420 0.000376446304759
2421 0.000248294204626
2422 0.000178431920667
2423 8.88352637848e-05
2424 0.000303475723671
2425 0.000121591188274
2426 0.000192399170515
2427 0.000169178291542
2428 9.00530068306e-05
2429 0.000353805571778
2430 0.000197133794516
2431 0.000275702636026
2432 8.97118147876e-05
2433 0.000129066321776
2434 0.000279199297302
2435 0.000316480312396
2436 0.000159403825463
2437 0.00029357769972
2438 0.00012030745509
2439 0.000242289444262
2440 0.000153936808462
2441 0.000281345546352
2442 7.60201042448e-05
2443 4.51565249839e-05
2444 0.000140902591409
2445 0.000171604389621
2446 0.000230408018781
2447 0.000296751893541
2448 0.00025611731512
2449 0.000295933972123
2450 0.000139728374198
2451 0.000167593906413
2452 0.000339096487982
2453 8.1008162052e-05
2454 0.000127120494437
2455 7.70758576854e-05
2456 0.000166917901616
2457 0.000135904392714
2458 4.15347136979e-05
2459 0.00031024157645
2460 0.000238216807996
2461 0.000311179989908
2462 0.000384089509955
2463 0.0002046748297
2464 0.000381936546125
2465 0.000364487829321
2466 0.000198770723324
2467 0.000123712675576
2468 0.00024635547469
2469 0.000367361213677
2470 0.000254122188145
2471 4.15347136979e-05
2472 0.000398324891478
2473 0.000270707910398
2474 0.000200807408196
2475 0.000227579191755
2476 0.000305399066664
2477 0.000115762859746
2478 0.00021852237718
2479 0.000230326902554
2480 0.000171266357253
2481 0.000150689626791
2482 7.30379078672e-05
2483 0.000298217694926
2484 8.69191893912e-05
2485 0.000240997516322
2486 0.000258471127614
2487 0.000186275329631
2488 0.000170403588189
2489 0.000338751770777
2490 0.000213992960387
2491 0.000149600825996
2492 0.000374597202793
2493 0.00032454430596
2494 6.06117494938e-05
2495 0.000216208996366
2496 0.000270998067717
2497 9.36189436618e-05
2498 0.000229043298899
2499 0.000317944072349
2500 0.000213499618336
2501 0.000328676979764
2502 0.000253036260855
2503 0.000168438026169
2504 0.000155243959127
2505 0.00028055226498
2506 7.50447725838e-05
2507 0.000244509413613
2508 0.000367443257943
2509 0.000306365919138
2510 0.000420046571388
2511 0.000424457482876
2512 0.000424626839702
2513 0.000320309957074
2514 0.00015833151876
2515 8.51381149372e-05
2516 0.000142713557567
2517 0.000279870104005
2518 6.9609088445e-05
2519 0.000173266381243
2520 0.000134580304723
2521 0.000305227493799
2522 0.000266756088949
2523 7.87196978341e-05
2524 0.000158704524138
2525 6.33358553985e-05
2526 0.000176119514153
2527 0.00037887713872
2528 9.63316425949e-05
2529 0.000118505175075
2530 0.000156207728984
2531 0.000118123463066
2532 0.000122099773244
2533 0.000207333885172
2534 0.000305411943938
2535 0.000173026357735
2536 0.000192676419994
2537 0.000145729304109
2538 0.000308017080008
2539 0.000287317359873
2540 0.000262301096708
2541 0.000251040762259
2542 5.60670954172e-05
2543 0.000370690610899
2544 0.000675278531958
2545 0.000124155682943
2546 7.15858737311e-05
2547 0.000270898408986
2548 0.000180876308618
2549 0.000124553412543
2550 0.000294665018938
2551 0.000312262603782
2552 0.000294672012014
2553 0.000218197713434
2554 0.000321788106995
2555 0.000186750090747
2556 0.000409812463479
2557 0.000250096456669
2558 0.000165537973874
2559 0.000297983535423
2560 0.000302698936344
2561 0.000379864684267
2562 0.00029140511073
2563 0.000146046913436
2564 0.000215308833008
2565 0.000344490605587
2566 8.04536910812e-05
2567 0.0001610760263
2568 0.000348965013874
2569 7.33615469917e-05
2570 4.15347136979e-05
2571 0.000224017430921
2572 0.000132609885425
2573 9.09405150246e-05
2574 0.000283303811211
2575 0.000204448723267
2576 0.000269277779337
2577 0.00012524738274
2578 0.000193982269331
2579 0.000301103043959
2580 0.000223567455584
2581 7.54996825472e-05
2582 0.00016514778627
2583 0.000316522947007
2584 0.000243069261911
2585 8.11319942298e-05
2586 0.00021736375978
2587 0.000338057187336
2588 0.000197798258731
2589 0.000293058405238
2590 0.000258990248345
2591 0.000358500787976
2592 0.000191848950929
2593 0.000379199076452
2594 0.000334642060076
2595 0.000329966752382
2596 8.69191893912e-05
2597 4.15347136979e-05
2598 0.000326774658154
2599 0.000493358204656
2600 7.55529150025e-05
2601 0.000334333495489
2602 0.000345611472689
2603 0.000364813811462
2604 0.000250070457084
2605 0.000361981699525
2606 8.8908829416e-05
2607 0.000158980116817
2608 0.000354538608401
2609 0.000323810253259
2610 0.000166938529214
2611 0.000254976715464
2612 0.000393839502582
2613 0.000160007812731
2614 8.91408194986e-05
2615 0.000186199511812
2616 0.000337431743256
2617 0.000326195505639
2618 0.00035510298375
2619 0.000218111577541
2620 0.000303249503252
2621 0.000284005980907
2622 0.00010293976369
2623 0.000193767640222
2624 0.000250463672009
2625 0.000348814050675
2626 0.000337363696251
2627 0.000197650326505
2628 0.000219192736919
2629 0.000243532817585
2630 0.000387034683706
2631 0.000317170429391
2632 0.000230441783406
2633 0.00010224241693
2634 0.000223080817553
2635 9.86527907288e-05
2636 0.000100632697128
2637 0.000207056669435
2638 0.000178845082081
2639 0.000302967430663
2640 0.000202116469132
2641 0.00028573105095
2642 0.000115224479771
2643 0.000453907709645
2644 0.000309613595336
2645 0.000245269663165
2646 0.000282761001897
2647 0.000261119018466
2648 0.000249513896226
2649 0.000257337062941
2650 0.000375197304159
2651 0.000191752106549
2652 8.55451974039e-05
2653 0.000179458753153
2654 0.00023414579934
2655 0.000278686186897
2656 0.00030673946175
2657 0.000157661500736
2658 0.00027418938869
2659 0.000199165530371
2660 0.000355113446943
2661 0.000205681369791
2662 0.000536906876204
2663 0.000257369985149
2664 0.000207646218409
2665 0.000381567219401
2666 0.000344805470306
2667 0.000288709275833
2668 0.000177835064158
2669 0.000283396031836
2670 0.000446749265849
2671 0.000257129083371
2672 0.000105937529051
2673 0.000232325126452
2674 0.00017144626774
2675 0.000380246146796
2676 0.000274560956022
2677 0.000384877812094
2678 0.000169384840479
2679 0.000114321956688
2680 0.000429368050783
2681 0.000258323350903
2682 0.000227485020999
2683 0.000152764609593
2684 0.00039470596523
2685 0.00018619983678
2686 0.000125976284268
2687 0.000192368496904
2688 0.000152193622828
2689 0.000127239894345
2690 0.000309554139513
2691 0.000249006383004
2692 0.000102737292484
2693 7.05158504472e-05
2694 0.000193826394833
2695 0.000430604315561
2696 8.99892954368e-05
2697 0.000172836511117
2698 0.000156981353133
2699 0.000323942697352
2700 0.000183359522165
2701 0.000156677531505
2702 0.000174384333419
2703 0.000195422216794
2704 0.000242705632944
2705 5.85270699886e-05
2706 0.000152437508829
2707 0.000373592501593
2708 0.000128556427296
2709 0.00021493233484
2710 0.000125565530666
2711 0.000125491068029
2712 0.000249237729486
2713 0.000260372728281
2714 0.000219511081649
2715 5.92243932321e-05
2716 0.00024562044891
2717 0.000567948150377
2718 0.000253457959594
2719 0.000279042478757
2720 0.000545051421339
2721 0.000298893973866
2722 0.000105937529051
2723 5.43190744718e-05
2724 0.000114669731346
2725 0.000529540090041
2726 0.000103986651445
2727 0.000156513857092
2728 0.000130304886539
2729 0.000292591208156
2730 0.000335000812272
2731 0.000629839562375
2732 0.000178258786621
2733 0.000178254950346
2734 0.000165206831181
2735 0.000261768344428
2736 0.000168056493794
2737 7.58386470629e-05
2738 0.000160672737531
2739 0.000454328929202
2740 0.000244845142954
2741 5.85270699886e-05
2742 0.000285717385953
2743 0.000627466555294
2744 0.000255747030826
2745 0.000128824635616
2746 0.000208618299357
2747 9.6827607378e-05
2748 0.000123628161148
2749 0.000447671501229
2750 0.000259059764661
2751 0.000387177120213
2752 0.000268457946315
2753 8.74000480788e-05
2754 0.000296941668765
2755 0.000576437244198
2756 0.000396683530418
2757 0.000234165237548
2758 0.000382398699299
2759 0.000346324455723
2760 0.000163553390063
2761 0.000135397214551
2762 0.000171953452155
2763 0.000176546955312
2764 0.000340730958413
2765 0.000241196785809
2766 0.00026660293509
2767 0.000113653168681
2768 0.000101601538073
2769 0.000216814345282
2770 0.000117649774822
2771 0.000260259945698
2772 0.000160695761976
2773 0.000264205020648
2774 0.000277764577067
2775 0.000159214905044
2776 0.000213550519427
2777 0.000135035633461
2778 0.000385632866904
2779 0.000527813358539
2780 0.000165234671106
2781 0.000386056847237
2782 0.000402338903462
2783 0.000447830859554
2784 0.00022633777406
2785 0.000230841385917
2786 0.000295296104669
2787 0.000486925793499
2788 0.000328623435154
2789 6.57546742806e-05
2790 0.000176077141699
2791 0.000102723226666
2792 0.000133071995751
2793 0.000102737292484
2794 0.000540563223311
2795 0.00012783692797
2796 0.000205336075021
2797 0.000340116400108
2798 0.000182602490743
2799 5.40532134036e-05
2800 0.000166044473847
2801 0.000375996498199
2802 0.000106232953024
2803 9.25356419634e-05
2804 0.000192581679799
2805 9.10574541383e-05
2806 0.000134552562018
2807 0.000294208909428
2808 0.000182117046349
2809 7.12427941864e-05
2810 0.000166282166978
2811 0.000331894552527
2812 7.65406119752e-05
2813 0.000207654442612
2814 0.000245620455313
2815 5.90907601598e-05
2816 0.000290438189912
2817 0.00010927546847
2818 0.000135441824527
2819 0.000157634980806
2820 0.000187842583126
2821 0.000154090529343
2822 0.00011492999537
2823 0.000156218050371
2824 0.000234611905599
2825 0.000105937529051
2826 0.000171120424733
2827 0.000119927246098
2828 0.000347309965954
2829 0.000434864701055
2830 0.000228175967727
2831 0.000172023746408
2832 0.000160901785201
2833 0.000230475822913
2834 0.000441931039783
2835 0.000132009009996
2836 0.000220701273039
2837 0.000274949875349
2838 0.000136484911021
2839 9.36001383664e-05
2840 0.000629210680812
2841 0.000228898844616
2842 0.000266439464066
2843 4.40503725279e-05
2844 0.000235874867486
2845 0.000221882437556
2846 0.0001864115106
2847 0.000194383303376
2848 0.000121884098171
2849 0.000179111366394
2850 0.000425042254067
2851 0.000165777236113
2852 0.000184655038076
2853 8.37404317635e-05
2854 0.000338116513011
2855 0.000214818046366
2856 5.45816306429e-05
2857 0.000164913832584
2858 6.18510030587e-05
2859 0.000168156393134
2860 0.000160831126618
2861 5.66617964509e-05
2862 0.000226003745336
2863 0.000348663342344
2864 0.000638897166547
2865 0.000345356545961
2866 0.000323436102331
2867 0.000364310253298
2868 0.000374708302668
2869 0.000177828316547
2870 0.000419871163906
2871 0.000190438878065
2872 0.000295878295512
2873 0.000350589310615
2874 0.000370835139128
2875 0.000242843016042
2876 0.000312047654278
2877 0.000123214695292
2878 0.000480497142381
2879 0.000108630110659
2880 0.000217985261033
2881 0.000316012232495
2882 0.000307817316502
2883 0.000108260058037
2884 0.000140450624184
2885 8.3611514997e-05
2886 9.09926794894e-05
2887 0.000165558693934
2888 0.000216172734457
2889 0.000133816427397
2890 0.000248649438657
2891 0.000461160189856
2892 0.000135845603142
2893 0.000222248125569
2894 0.00011267728804
2895 0.000359395087675
2896 9.93864560789e-05
2897 0.00025451216891
2898 0.000259201759751
2899 9.93964815145e-05
2900 8.27355902111e-05
2901 0.000110000580706
2902 0.000443532353169
2903 0.000158491563623
2904 0.000105476246719
2905 0.000427170634939
2906 0.000353356729203
2907 0.000416338808301
2908 0.000178182540459
2909 0.000147064321886
2910 0.000372375043607
2911 0.000378395377336
2912 0.00031128901064
2913 0.000284843997621
2914 0.000351561483504
2915 0.000291061174202
2916 0.000449914177942
2917 0.000396984170258
2918 0.000108826967307
2919 0.000173094777441
2920 0.000333868440021
2921 0.000354700828112
2922 0.000284820802666
2923 7.08529470271e-05
2924 0.000153326043438
2925 0.000210873095953
2926 0.000369777431547
2927 0.000142528665588
2928 0.000429011976371
2929 0.000410075236293
2930 0.000243761072598
2931 0.000178254950346
2932 0.000269987377621
2933 0.000294003145798
2934 0.000178535989629
2935 0.000188690775229
2936 0.000155430930374
2937 0.000372919636774
2938 0.000358753096803
2939 0.000169533964276
2940 0.000376429178085
2941 0.000301565132171
2942 0.000124008742575
2943 9.9849023219e-05
2944 0.000385227265044
2945 0.000498308112912
2946 0.000267673662364
2947 0.000345020502461
2948 0.000149236253529
2949 0.000138113366623
2950 0.000277371168779
2951 0.000308131457705
2952 0.000676824290998
2953 6.15487248341e-05
2954 0.000182407887674
2955 0.000135446986045
2956 0.000331870128134
2957 0.000447931029992
2958 0.000146233791845
2959 0.000291578527958
2960 0.000232118810614
2961 0.000422055652922
2962 0.000106570548603
2963 0.00020938800704
2964 5.98173671871e-05
2965 0.000169454279077
2966 0.000140852638109
2967 0.000488770799588
2968 0.000144667357541
2969 0.000131475564157
2970 0.000332331560744
2971 0.000246178706686
2972 6.83793781096e-05
2973 0.000230875044507
2974 0.000401927013308
2975 0.000280312098488
2976 6.99150643141e-05
2977 0.000266946865651
2978 0.000180902896417
2979 0.000216476268305
2980 0.000175759714819
2981 6.99073215659e-05
2982 0.000146895908321
2983 0.000205967682719
2984 0.000227321895639
2985 0.000179997262919
2986 0.000278971905416
2987 0.000450829921061
2988 0.000156750506652
2989 0.000307248086547
2990 0.000342662213235
2991 0.000119446202017
2992 0.000331838107842
2993 0.000407148012751
2994 0.000276661859428
2995 0.000321655961943
2996 0.000130388218643
2997 0.000271915578315
2998 0.000178729797991
2999 5.77960086337e-05
3000 0.000314165930891
3001 0.000440445988482
3002 0.000291596516133
3003 0.000493258524331
3004 9.36001383664e-05
3005 0.000260160262719
3006 0.000307350893725
3007 4.92577516211e-05
3008 0.00017440649976
3009 0.000217694235511
3010 0.00014829708797
3011 0.000237059859365
3012 0.000309123529505
3013 0.000153979470213
3014 0.000178775055464
3015 0.000220575422933
3016 0.000102445004231
3017 0.000204655180572
3018 0.000443533458331
3019 0.000228488512147
3020 0.000503130280234
3021 0.000345756395159
3022 0.000277429119334
3023 0.00035817581655
3024 0.000197974978246
3025 0.000127040173933
3026 0.000295550911408
3027 0.000458279437051
3028 0.000436911633323
3029 0.00017394669977
3030 0.000259982220732
3031 9.00655010515e-05
3032 4.40503725279e-05
3033 0.000184668134077
3034 0.000412732309242
3035 0.00030050864292
3036 0.000491860334591
3037 0.000226049244596
3038 0.000102737292484
3039 0.000529963149043
3040 0.000155935974838
3041 0.000243265635168
3042 0.000191981051534
3043 0.000147352610877
3044 0.000148180840387
3045 7.18911321956e-05
3046 0.000117526590102
3047 0.000247259609433
3048 0.000239074117282
3049 0.000137210626744
3050 0.000411321456052
3051 0.000145233869899
3052 0.000572941436191
3053 0.000267839191772
3054 0.000201721406029
3055 0.000444900991673
3056 0.000159214905044
3057 0.000364363836112
3058 0.000183468631861
3059 0.000122068582685
3060 8.03249585465e-05
3061 0.000454148378169
3062 0.00015725807501
3063 0.000255219104393
3064 0.000151818600524
3065 0.000297508687462
3066 0.000255395328633
3067 0.000204386664105
3068 0.000127872461987
3069 0.000146683515803
3070 0.000145912466823
3071 0.000335191344754
3072 4.40503725279e-05
3073 0.000385358841058
3074 0.000303429447396
3075 0.000159214905044
3076 0.000184029184782
3077 0.000497664751829
3078 0.000466281343786
3079 0.000440984643056
3080 0.000247191349198
3081 0.000211802293962
3082 0.000234833264426
3083 0.000627804252599
3084 0.000155254424436
3085 0.000399166498163
3086 0.000250673241889
3087 0.000289074513441
3088 0.000378963554467
3089 9.98306136968e-05
3090 0.000346648990435
3091 0.000547365631494
3092 0.000105937529051
3093 9.03778817492e-05
3094 0.000135638316275
3095 7.36452035132e-05
3096 0.000139208429686
3097 0.000347706175344
3098 0.000284106524952
3099 0.000305350343445
3100 0.00011164054252
3101 0.000244968111461
3102 0.000674283484929
3103 0.000271233638459
3104 0.0001732825028
3105 0.000419848316899
3106 0.000229240495305
3107 0.000344368157578
3108 0.000362133235534
3109 0.000298386589695
3110 0.000139011974353
3111 0.000148493782659
3112 0.000330794662388
3113 9.60143849655e-05
3114 0.000387723828161
3115 0.000268692024008
3116 0.000348053737511
3117 0.000566848436221
3118 0.000349207930166
3119 0.000292611874195
3120 0.000345229379915
3121 0.000380500731103
3122 8.72573970551e-05
3123 0.000183887958437
3124 0.000194767305118
3125 0.000227274294708
3126 5.12848216635e-05
3127 0.000140591154424
3128 0.000159214905044
3129 0.000162200019393
3130 0.000194810279712
3131 0.000127185244511
3132 0.000178254950346
3133 0.000461815540468
3134 0.000105092770343
3135 5.11442852773e-05
3136 0.000199740412032
3137 0.00045962003
3138 0.000297238355427
3139 0.000175392782511
3140 0.00018683576015
3141 0.000453928413234
3142 0.000224679519188
3143 0.000266615442157
3144 6.64635481058e-05
3145 0.000146273941133
3146 0.000392010107903
3147 0.00034205848889
3148 0.000135441824527
3149 0.000209822111843
3150 0.000334744458225
3151 0.000507172342339
3152 0.000125686912042
3153 0.000483596708624
3154 0.000118021661527
3155 0.00058543172353
3156 0.000162430037998
3157 0.000130285911986
3158 0.000140882659459
3159 0.00026733846922
3160 9.17688621303e-05
3161 0.000199642167565
3162 8.11054628753e-05
3163 0.000425494187858
3164 0.000131031659537
3165 0.000120226818894
3166 9.27563933783e-05
3167 0.000207780278485
3168 0.000153080644959
3169 0.000365382760842
3170 0.00033097251808
3171 0.000166851953916
3172 0.000167407627421
3173 0.000416068626152
3174 0.000164289393716
3175 0.000347544756994
3176 7.36984667385e-05
3177 0.000228011706895
3178 0.000306163429219
3179 0.000217551355996
3180 0.000394743127699
3181 0.000178254950346
3182 0.000178254950346
3183 0.000387206319774
3184 4.40503725279e-05
3185 0.000307195392893
3186 0.000463801314262
3187 0.000188195217032
3188 0.000287534849869
3189 0.000308802672429
3190 0.000156577669878
3191 0.000127051849576
3192 0.00027304175478
3193 0.000130925931065
3194 0.000166635054769
3195 0.000136743316178
3196 0.000324267159621
3197 0.000310402902077
3198 9.2496797183e-05
3199 0.000512195821711
3200 0.000151605927552
3201 0.000227697204336
3202 0.00049875512555
3203 8.67900802458e-05
3204 0.000226357756325
3205 0.000294304984843
3206 0.000152457390819
3207 0.000285887765669
3208 0.000309652922616
3209 0.000142718530544
3210 0.000171560950563
3211 0.000127083932643
3212 0.000207443925841
3213 0.000231216325447
3214 0.00020431881165
3215 0.00045666628308
3216 0.00018824328707
3217 0.00014361962411
3218 7.77622980823e-05
3219 0.000183887958437
3220 0.000285647212736
3221 0.000266754340133
3222 0.000228897415361
3223 0.00016524156411
3224 0.000189198720866
3225 0.000327606197477
3226 0.000199541673105
3227 0.000363885733682
3228 7.48362675992e-05
3229 0.000190256715071
3230 0.000136168326194
3231 4.40503725279e-05
3232 0.000229066508401
3233 0.000481063373336
3234 0.000467181399433
3235 0.00019404384694
3236 8.12420019164e-05
3237 0.000176135809151
3238 0.000175621200985
3239 0.00020670148565
3240 0.000336349152147
3241 0.000387582967526
3242 0.000168232125708
3243 0.000142669096476
3244 0.000152539697559
3245 0.000143702504224
3246 0.000146514794823
3247 0.000132814765621
3248 0.000356798220629
3249 0.000277652787474
3250 0.000128492111321
3251 0.000174446146795
3252 0.000195184343337
3253 0.000461598822432
3254 0.000356411855215
3255 0.000119094035607
3256 0.000254038570215
3257 0.000505654347662
3258 0.000228695002644
3259 0.000302806020533
3260 0.000237019190209
3261 0.000191007654258
3262 0.000323687366956
3263 0.000165570042937
3264 0.000479146535028
3265 0.000251313644604
3266 0.000298961960706
3267 0.000107554641667
3268 0.000410752343149
3269 7.67609285456e-05
3270 0.000113021847866
3271 7.68890134089e-05
3272 0.000126682573955
3273 0.000294195052552
3274 0.000214785709801
3275 0.000416620448431
3276 0.000251993042982
3277 0.000168103179468
3278 0.000390492507421
3279 0.000187369688559
3280 0.00021425083806
3281 0.000614341537785
3282 0.00010501322975
3283 5.03680740178e-05
3284 0.000218965346716
3285 0.000327795829812
3286 0.000222406004357
3287 0.000148460080897
3288 0.000309338324256
3289 0.000289473133646
3290 0.000159078243958
3291 0.000101741831627
3292 0.000670634571636
3293 0.000120238660929
3294 0.000309254403259
3295 0.000154952101116
3296 0.000356526050473
3297 0.000258078728045
3298 0.000344266491267
3299 0.000282897896821
3300 0.000370127251252
3301 0.000178021331377
3302 0.000211373983975
3303 0.000466598623643
3304 0.000231849722824
3305 0.00019978011519
3306 7.43738947499e-05
3307 0.000164123253515
3308 0.000167527453609
3309 0.000116854737435
3310 0.000235414005177
3311 8.83532604281e-05
3312 0.000159126472233
3313 0.000153658400451
3314 0.000232578858404
3315 0.000219973901497
3316 0.00010779389159
3317 0.000224278205001
3318 8.56090742332e-05
3319 0.000264791038825
3320 0.000190565274291
3321 0.000633566072897
3322 0.000409921934923
3323 0.000140591154424
3324 7.94058341059e-05
3325 0.000416160610424
3326 0.000251315543324
3327 0.000139902308566
3328 0.000399219165179
3329 0.000163586190377
3330 0.000170918350418
3331 0.000523256459396
3332 0.000283221117854
3333 0.000351628529343
3334 8.43151459619e-05
3335 9.79321487917e-05
3336 0.000381323156479
3337 0.000126805350721
3338 0.00018569986467
3339 0.000129285301791
3340 0.000337613375739
3341 0.000165877329567
3342 0.000234024086269
3343 0.000423509246221
3344 0.000142658457308
3345 0.000423163115336
3346 0.000390416425634
3347 0.00027097784013
3348 0.000425589976987
3349 0.00038265023024
3350 0.000120267711129
3351 0.000483925067646
3352 0.000453733015277
3353 0.000111604267802
3354 0.000391853719328
3355 0.000183887958437
3356 0.00031577351266
3357 0.000171349741339
3358 0.000127590227912
3359 0.000110231007734
3360 0.000154150750601
3361 0.000452982158035
3362 0.000151935394045
3363 0.000365780982245
3364 0.000605192916945
3365 0.00024484099363
3366 0.000361483727238
3367 0.000446562056975
3368 9.33374163129e-05
3369 0.00012841199669
3370 0.000334492798491
3371 7.64732740749e-05
3372 0.000139350236387
3373 0.000158491563623
3374 0.000151619556978
3375 0.000164769488125
3376 5.93086372186e-05
3377 0.000122176106715
3378 0.000200882552062
3379 0.000351326848786
3380 0.000185485327685
3381 0.000162594838194
3382 0.000313784498856
3383 0.000230124262648
3384 0.00016728489846
3385 0.00024405326076
3386 0.000385954559536
3387 0.000313807567595
3388 0.000469085586725
3389 9.72709170018e-05
3390 9.51222855325e-05
3391 0.000160014045685
3392 0.000294530397723
3393 0.000162112404433
3394 0.000165493117568
3395 0.000213993709313
3396 0.000274825786848
3397 0.000475875405615
3398 0.000650239327404
3399 0.000107386113329
3400 0.000188567004894
3401 0.000207063665783
3402 0.000122176106715
3403 0.000172991790756
3404 0.000343220083671
3405 0.000153296671383
3406 0.000150115181833
3407 0.000416318962786
3408 7.67609285456e-05
3409 5.12620410456e-05
3410 0.000142940453781
3411 0.000147089750819
3412 0.000377395878799
3413 0.00033930025119
3414 5.89818651271e-05
3415 0.000122568351038
3416 0.000219508302851
3417 0.000294652777141
3418 0.000414131636207
3419 0.000102892499972
3420 0.00035347477094
3421 0.000197157541135
3422 0.000157134836184
3423 0.00025308307834
3424 0.000218141987291
3425 9.37523598945e-05
3426 0.000135992836247
3427 0.000543821351486
3428 0.000129285301791
3429 9.69492024962e-05
3430 7.49864740804e-05
3431 0.000148175691617
3432 0.000192354117885
3433 9.09795006717e-05
3434 0.000312321416934
3435 0.000573355839727
3436 0.000247226211429
3437 6.84197943989e-05
3438 0.00761019954814
3439 0.000246584701992
3440 0.000210057451424
3441 0.000269967346892
3442 0.000135948130583
3443 0.000560484315622
3444 0.000281643250931
3445 0.000125056663391
3446 0.00012907788383
3447 0.000228961136219
3448 0.000142002103345
3449 0.00042520536346
3450 0.00041810882056
3451 0.000183693398447
3452 4.89858303481e-05
3453 0.000171594501092
3454 4.89858303481e-05
3455 0.000196249150822
3456 0.000452189856246
3457 0.000466834984726
3458 9.45280336379e-05
3459 0.000233656917357
3460 0.000208915772065
3461 0.000334502585234
3462 0.00010978346672
3463 0.000204315723577
3464 0.000275095637539
3465 0.0003774563122
3466 0.00025276468105
3467 0.000323341739375
3468 6.89514010776e-05
3469 0.000344681071554
3470 0.000337792696808
3471 0.000212152025733
3472 0.000248839547769
3473 0.000206090264392
3474 0.00026832552057
3475 0.000228867551425
3476 0.000305269415185
3477 0.000237510245397
3478 0.000117874783573
3479 0.000257492235882
3480 0.000232334909367
3481 0.000254897023524
3482 0.000218872317299
3483 0.000188839164832
3484 0.000188215678122
3485 0.000170359085507
3486 0.0001963265839
3487 0.000331301508258
3488 0.000187293490828
3489 0.000418355208907
3490 0.000116393938503
3491 0.000304042469822
3492 0.000229804379708
3493 0.000122475916742
3494 0.000223999032272
3495 8.4071190732e-05
3496 0.000549217952516
3497 0.000250826554432
3498 0.000236742325034
3499 0.000223401948082
3500 0.000271126863155
3501 0.000294913167505
3502 0.000456664009282
3503 0.000161769268548
3504 0.000164286645379
3505 0.000157728440243
3506 0.000324964374335
3507 0.000530537546076
3508 0.000140875959142
3509 0.000326294445654
3510 0.000249699743237
3511 0.000249572263851
3512 0.000299965004563
3513 0.000156668466559
3514 0.000148320114085
3515 0.000370081882756
3516 0.000159436385321
3517 0.000218614684969
3518 0.000187457771365
3519 0.000302987756687
3520 0.000262840300817
3521 0.000132675066099
3522 0.000662507660928
3523 0.000137210091327
3524 0.000218872317299
3525 0.000206975607184
3526 0.000362322522305
3527 0.000352854434809
3528 0.000221320705701
3529 0.000328779784353
3530 0.000406642107031
3531 0.000165667087533
3532 0.000191189158672
3533 0.000208282955434
3534 0.000188407584112
3535 0.00028266642678
3536 0.000249657507591
3537 0.000248967659482
3538 0.00010153093502
3539 0.000317257104968
3540 0.000174855406161
3541 0.000329533059287
3542 0.000197317742685
3543 0.000314700835422
3544 0.000133006430036
3545 0.000116988623256
3546 0.000725833819721
3547 0.000335528353138
3548 0.000184522148097
3549 0.000137787607714
3550 0.000302454486119
3551 0.000218404873904
3552 0.000172929228745
3553 0.000102104245654
3554 0.000404343356097
3555 0.000262247533494
3556 0.000255799755635
3557 0.000170038772769
3558 0.000284628950872
3559 0.000417204875853
3560 0.00027230727284
3561 8.13644277744e-05
3562 0.00020199394312
3563 0.000232334909367
3564 0.000187509987103
3565 0.000232659283303
3566 9.21571261081e-05
3567 0.000167310512443
3568 0.000225010316947
3569 0.00040903805196
3570 0.000287652715399
3571 4.89858303481e-05
3572 0.000273976460233
3573 0.000115721543707
3574 0.000229512665696
3575 0.000163237483858
3576 6.91419401404e-05
3577 0.000387434646099
3578 0.00047350474886
3579 0.000229509453365
3580 0.00025276468105
3581 0.000197800693283
3582 0.000195217568453
3583 7.10119660831e-05
3584 0.000159510927411
3585 0.000554158223415
3586 0.000175404415439
3587 0.000436210461549
3588 0.000257134304919
3589 8.37209123898e-05
3590 6.27082599824e-05
3591 0.000317656796401
3592 0.000221271274053
3593 0.000209310175414
3594 0.000508789397806
3595 0.000191468407868
3596 0.000225310313836
3597 0.00076462101892
3598 6.92826761261e-05
3599 0.000164612528551
3600 0.000388324717916
3601 0.000121233094466
3602 0.000255999177964
3603 0.000217720960493
3604 0.000113082485114
3605 0.000697543150885
3606 0.000362422616619
3607 0.000127712222368
3608 0.000133282737486
3609 0.000241060363979
3610 0.000278511510693
3611 0.000247873016921
3612 0.000505711860991
3613 0.000270008960748
3614 0.000232334909367
3615 0.000149244642341
3616 0.00025485279648
3617 0.000267429471277
3618 0.000405815149106
3619 0.000203000891924
3620 8.70401949228e-05
3621 0.00019544110489
3622 0.000160776203141
3623 0.000171570497422
3624 0.000229556521851
3625 0.000289681173507
3626 0.000366515435527
3627 0.000154870223401
3628 0.000192609464881
3629 0.000337042922746
3630 0.000438612771265
3631 0.00017360419778
3632 0.000137876117872
3633 0.000129588549255
3634 0.000593690928461
3635 0.000269729979396
3636 0.000265097306167
3637 0.000300840282865
3638 0.000107420831629
3639 0.000244071403754
3640 0.000190909762765
3641 0.000380718257856
3642 0.000162098539343
3643 0.000237010138799
3644 0.000276182728937
3645 0.000189340020564
3646 0.000230817677193
3647 0.000205739626847
3648 0.000179548247588
3649 0.000263132979217
3650 0.000232334909367
3651 4.89858303481e-05
3652 0.000309933814645
3653 0.000142197127675
3654 0.000104326173178
3655 0.000148213142305
3656 0.000229493080049
3657 0.000225808970242
3658 0.000212217456317
3659 0.000171209051155
3660 0.000163689523597
3661 0.000113311351816
3662 0.000115640947602
3663 0.000345672052983
3664 0.000187567513804
3665 0.000176408333689
3666 0.000128988731213
3667 0.000129772654448
3668 0.000236771530779
3669 0.000152285037025
3670 0.000147706362218
3671 0.000226200646278
3672 0.000144847869945
3673 0.000466278498877
3674 9.07039635202e-05
3675 0.000389581576599
3676 0.000225633538583
3677 0.000116393938503
3678 0.000503760915162
3679 9.8977177545e-05
3680 0.000282236474223
3681 0.000494549146596
3682 0.000121071611846
3683 0.000196836363968
3684 0.000183759122514
3685 0.000627812033059
3686 0.000206125501154
3687 7.35304837623e-05
3688 0.00029946297616
3689 6.0090332276e-05
3690 6.99516141597e-05
3691 0.000358540166139
3692 8.13644277744e-05
3693 0.000354769466436
3694 0.000292144232374
3695 0.000103108639159
3696 0.000232334909367
3697 0.000231534403607
3698 0.000207222725337
3699 0.000242904902685
3700 8.80865591931e-05
3701 0.000147706362218
3702 0.000248142869523
3703 0.000346859217036
3704 0.000173127177784
3705 5.84218877401e-05
3706 0.000437805936966
3707 0.000286640738472
3708 0.000237312193737
3709 0.000238571340343
3710 4.89858303481e-05
3711 0.00031219575918
3712 0.000326213549685
3713 0.000105033681736
3714 0.000308340296824
3715 0.000294616058192
3716 0.000182870070068
3717 0.000163747024804
3718 8.13644277744e-05
3719 0.000299388441124
3720 0.000277679499459
3721 0.000222853744355
3722 0.000301820077267
3723 0.000391911754194
3724 0.000155577639123
3725 0.000108591243459
3726 0.000298033888531
3727 0.000198724422646
3728 0.00014762731267
3729 0.000334398007693
3730 4.89858303481e-05
3731 0.000264188747939
3732 0.000366691257762
3733 6.30718804308e-05
3734 8.77115634756e-05
3735 0.000447448553784
3736 0.000203699069259
3737 0.000139950514269
3738 0.000364085524873
3739 0.000365082330434
3740 0.000240145740272
3741 0.000329851188351
3742 0.000188000301498
3743 0.000130453306073
3744 0.000298033888531
3745 8.13644277744e-05
3746 0.000146849854827
3747 8.53467938879e-05
3748 0.000316727988399
3749 4.89858303481e-05
3750 0.000146884862475
3751 0.000297172654882
3752 0.000153090523646
3753 0.000249100116703
3754 0.000302782813331
3755 0.000126982928227
3756 0.000109608456856
3757 0.000586869262197
3758 0.000268575613426
3759 0.000495370324961
3760 0.000294092498934
3761 0.00020031425163
3762 0.00025873867049
3763 0.000178567910483
3764 0.000168128843913
3765 0.000353512364853
3766 7.50677560032e-05
3767 0.000164109999445
3768 0.000148122700115
3769 0.000278418869976
3770 0.000177558084564
3771 0.00014675353596
3772 0.000146029145343
3773 0.000131213207645
3774 0.000186572174015
3775 0.000287555948974
3776 0.000167005429206
3777 0.00028106045644
3778 0.00014280014334
3779 0.000180861178662
3780 0.000245168535423
3781 0.000187558354488
3782 9.34802867053e-05
3783 0.000376564243439
3784 0.000203203503917
3785 0.000156357336478
3786 0.000195851813698
3787 0.000247187305323
3788 0.000129079418198
3789 0.000137359049827
3790 0.000198854732854
3791 0.000405789887749
3792 0.000317021983211
3793 0.000194370653944
3794 0.000537190270349
3795 0.000384208840171
3796 8.75730905215e-05
3797 0.000137095307687
3798 0.000414018111479
3799 4.89858303481e-05
3800 0.000287248678858
3801 0.000437016516732
3802 9.12869663147e-05
3803 0.000211466652333
3804 0.000267232618766
3805 0.000438496858633
3806 9.4139918315e-05
3807 0.000144473244072
3808 7.02582061644e-05
3809 6.89169587457e-05
3810 0.000253392517211
3811 0.000389566950933
3812 8.56537063879e-05
3813 0.0001545256883
3814 0.000147706362218
3815 0.00017402150444
3816 0.000192631518167
3817 7.71555080563e-05
3818 0.000146084967292
3819 0.000178014227551
3820 0.000212781460036
3821 4.89858303481e-05
3822 0.000329543101851
3823 0.000332298964528
3824 0.000211929442986
3825 0.000441289539074
3826 0.000377970039178
3827 0.000355128411707
3828 0.000129997624592
3829 0.00026647839798
3830 0.000434201624222
3831 0.00118276551152
3832 0.000256918493535
3833 0.000140618707488
3834 0.000350689225165
3835 0.000112222023341
3836 0.000308505640334
3837 0.000338638028288
3838 0.00026503674806
3839 0.000546116994584
3840 9.93123641607e-05
3841 0.000170043212655
3842 0.000318713597578
3843 0.000396371377552
3844 0.000123768595067
3845 0.000124801215485
3846 0.000200628120491
3847 8.53467938879e-05
3848 0.000222871706054
3849 0.000141031839485
3850 0.000125056663391
3851 0.000258292519199
3852 0.000531426198924
3853 0.000219412078983
3854 4.89858303481e-05
3855 6.39746386641e-05
3856 0.000193711315519
3857 4.89858303481e-05
3858 0.000183574050812
3859 0.000294558712921
3860 0.000106327475086
3861 0.000340700030991
3862 0.0002809450758
3863 0.00024161740355
3864 0.0002292509494
3865 0.000147706362218
3866 7.99481894653e-05
3867 0.000234724580534
3868 0.000315101628601
3869 0.000282832367978
3870 0.000359328033356
3871 0.000301702641986
3872 0.000142496704075
3873 0.000193332894355
3874 0.000354205598772
3875 0.000224963774094
3876 7.02926611661e-05
3877 0.000132956660874
3878 0.000494787223884
3879 0.000148190046254
3880 6.39746386641e-05
3881 0.000152053234915
3882 0.000227213747186
3883 8.34271517152e-05
3884 0.000232334909367
3885 0.000310576801758
3886 7.48767129188e-05
3887 0.000287406684519
3888 0.000125131173908
3889 0.000165821294322
3890 0.000158640330384
3891 9.54196139214e-05
3892 0.000267151382142
3893 0.000211084184375
3894 0.000110006741016
3895 0.000201476392661
3896 0.000186157287171
3897 0.000244853044947
3898 9.58117249935e-05
3899 0.00024952248425
3900 0.00012987063372
3901 0.000372796025375
3902 0.00015198867971
3903 0.000390468924148
3904 0.000217678910272
3905 0.000142801389806
3906 0.000176748091243
3907 0.000478259344773
3908 0.000313546810854
3909 0.000129853162245
3910 0.000256050316833
3911 8.98355774483e-05
3912 0.000147706362218
3913 0.00023880728334
3914 0.000182001079082
3915 0.000126283526987
3916 0.000268534709163
3917 0.000131740839554
3918 0.000240455755655
3919 0.000543481019417
3920 0.000190909762765
3921 0.000243088277974
3922 0.000368305075165
3923 6.83435987589e-05
3924 0.000169225064248
3925 0.00043830820306
3926 0.000116241517521
3927 0.000391322997287
3928 0.000319339617459
3929 6.51291386705e-05
3930 0.000175485204481
3931 0.000464203904684
3932 0.000286439505237
3933 0.000185127317769
3934 0.000325210808469
3935 0.000126544549762
3936 4.89858303481e-05
3937 0.00010348688711
3938 0.000186080057065
3939 0.000725044699873
3940 0.000106626272309
3941 0.000134343687914
3942 0.000117520604217
3943 6.12610305899e-05
3944 0.000238639114973
3945 0.000152936763675
3946 0.000402431681404
3947 9.34802867053e-05
3948 0.000356006209796
3949 0.000552107140606
3950 0.000262510505921
3951 0.000233490657618
3952 0.000379747181173
3953 0.000106747577146
3954 9.35115567141e-05
3955 0.000111222177803
3956 7.04777882129e-05
3957 0.000304289266632
3958 0.000278175999826
3959 0.000134663432555
3960 5.97022315762e-05
3961 0.000255630845415
3962 0.000140392576282
3963 0.000366454940305
3964 0.000148054825746
3965 0.000226707842905
3966 9.00298054865e-05
3967 0.000425892179345
3968 0.000240618435363
3969 0.000434644515917
3970 0.000280219969136
3971 0.000106797709898
3972 0.000441140049515
3973 0.000227434590394
3974 0.00011684399238
3975 4.89858303481e-05
3976 0.000238913437528
3977 0.000182900588262
3978 0.000103027468612
3979 7.91180307898e-05
3980 0.000192865446646
3981 0.00217038405785
3982 0.000250941027179
3983 0.000416269755019
3984 9.70724896051e-05
3985 6.83736918396e-05
3986 0.000205448834279
3987 0.000289105020953
3988 0.000119231225438
3989 0.000229496986851
3990 0.000215014971799
3991 0.000190598643711
3992 0.000126574205332
3993 0.000125340452068
3994 0.000204316246344
3995 0.000337370225726
3996 0.000287758124252
3997 0.00016882394729
3998 0.000328132531569
3999 0.000433737081339
4000 0.000177664945551
4001 0.000299625544223
4002 0.000119231225438
4003 0.000245116660387
4004 0.000169619774796
4005 0.000317788057968
4006 0.000132425025577
4007 0.000101026710531
4008 0.000190598643711
4009 6.83736918396e-05
4010 0.000303598126096
4011 6.83736918396e-05
4012 0.000148089550911
4013 0.000119231225438
4014 0.000207090058763
4015 0.000367917456845
4016 6.83736918396e-05
4017 0.000190598643711
4018 0.0003042789587
4019 0.000222958302666
4020 0.000249941998507
4021 0.00027005591874
4022 0.00033485179913
4023 6.83736918396e-05
4024 0.000539828756678
4025 6.83736918396e-05
4026 0.000190598643711
4027 0.000282226417704
4028 0.000269132786551
4029 0.000104218583444
4030 0.000119231225438
4031 0.000554154239727
4032 0.000358769571541
4033 0.000101026710531
4034 0.000123936924431
4035 9.38288745412e-05
4036 6.83736918396e-05
4037 0.000106115600845
4038 0.000148408558737
4039 0.000295931266585
