node,closeness
1 0.443053376232
2 0.434511093342
3 0.382369762141
4 0.414977984836
5 0.385954935954
6 0.382768857633
7 0.392718164972
8 0.412221642202
9 0.394639110799
10 0.432786288015
11 0.388856852766
12 0.395412761281
13 0.381935333326
14 0.421790149581
15 0.368099369522
16 0.380028355213
17 0.408465065876
18 0.355669281484
19 0.358514129985
20 0.350569304822
21 0.365928972296
22 0.432600642422
23 0.358992701841
24 0.336250811919
25 0.35557523055
26 0.423962269111
27 0.430247545925
28 0.362606830615
29 0.346772198968
30 0.379992557516
31 0.389269612138
32 0.372483932649
33 0.344933817066
34 0.359953688819
35 0.385438657614
36 0.371660308696
37 0.346147330581
38 0.360114353739
39 0.413235094303
40 0.381105431326
41 0.439146635161
42 0.360532754544
43 0.337234658969
44 0.361404854918
45 0.367529244769
46 0.377998593571
47 0.357339090317
48 0.349082813308
49 0.367931502243
50 0.330737147708
51 0.368772373214
52 0.337178284068
53 0.35648647849
54 0.415490883777
55 0.348992213045
56 0.37282818767
57 0.454330554183
58 0.355418589479
59 0.434745230153
60 0.393292482265
61 0.355262086357
62 0.336278842163
63 0.36857021385
64 0.349233918326
65 0.350295327422
66 0.371181541276
67 0.370329660386
68 0.436532949961
69 0.325742974046
70 0.370091833999
71 0.346028563269
72 0.331525393704
73 0.369109798755
74 0.359536630177
75 0.36027516215
76 0.368267390048
77 0.344609686536
78 0.34823903579
79 0.333443626268
80 0.368873536082
81 0.363587290725
82 0.34573200125
83 0.416219664733
84 0.335775011702
85 0.369481680765
86 0.369278743188
87 0.342881512162
88 0.369042264257
89 0.366594055851
90 0.348028728375
91 0.355637925645
92 0.326904456288
93 0.354668629382
94 0.348208976313
95 0.362672030081
96 0.33904866285
97 0.335523662197
98 0.342357717949
99 0.415319776649
100 0.333581492648
101 0.328474960556
102 0.333995776667
103 0.31919615371
104 0.351271420288
105 0.41652049464
106 0.347548978254
107 0.341719694247
108 0.475819885656
109 0.333113211444
110 0.411422844527
111 0.351577565852
112 0.342125433855
113 0.353921827565
114 0.438573710653
115 0.360114353739
116 0.34823903579
117 0.328903464377
118 0.344374337595
119 0.408217060371
120 0.405345758701
121 0.34311482441
122 0.348570032886
123 0.42378411499
124 0.349809312399
125 0.339619547953
126 0.349748655331
127 0.344491971869
128 0.336334916674
129 0.367931502243
130 0.345229010748
131 0.335942787358
132 0.31283450877
133 0.34579127298
134 0.350874227241
135 0.349415417115
136 0.324406995624
137 0.380494339803
138 0.342096420505
139 0.312689015626
140 0.318289489553
141 0.324485279166
142 0.403319435172
143 0.429012122789
144 0.330060627605
145 0.325270197596
146 0.307024963132
147 0.339105664979
148 0.323912075686
149 0.368469217262
150 0.328769436886
151 0.337799446541
152 0.325008136528
153 0.324798791513
154 0.331470911306
155 0.307024963132
156 0.312713255084
157 0.348299170315
158 0.307071705153
159 0.368032204232
160 0.338508096886
161 0.307024963132
162 0.366261212147
163 0.324354827578
164 0.328261127072
165 0.331607150891
166 0.338224280254
167 0.308693066314
168 0.322745898919
169 0.345583910785
170 0.411800836116
171 0.419073445937
172 0.426201900749
173 0.44193700598
174 0.344668574042
175 0.31552608452
176 0.334023432193
177 0.346682793966
178 0.3176628861
179 0.345583910785
180 0.308527800427
181 0.352191460677
182 0.31336914399
183 0.308150713512
184 0.307024963132
185 0.33726285349
186 0.365895781459
187 0.43672198664
188 0.326983949955
189 0.412011131712
190 0.337347465344
191 0.312785996014
192 0.323107808617
193 0.32133192533
194 0.323366812873
195 0.337969251893
196 0.313344802749
197 0.33305820596
198 0.337206469162
199 0.311145467843
200 0.411213148888
201 0.433158057617
202 0.323185466319
203 0.316169056399
204 0.431813422242
205 0.355074464448
206 0.307024963132
207 0.307071705153
208 0.342881512162
209 0.333774697219
210 0.307001597457
211 0.307001597457
212 0.410334756443
213 0.350082529774
214 0.406202899062
215 0.325322660531
216 0.307001597457
217 0.307024963132
218 0.337375678731
219 0.313344802749
220 0.323340893763
221 0.31816397118
222 0.344344941578
223 0.348269100457
224 0.38060203704
225 0.370431679577
226 0.315254844529
227 0.335272688713
228 0.31542739781
229 0.307024963132
230 0.337291052725
231 0.331443676821
232 0.366727362781
233 0.367395354334
234 0.307024963132
235 0.325348898346
236 0.333968125721
237 0.397712805934
238 0.333802316143
239 0.368065783813
240 0.421657885501
241 0.312713255084
242 0.30732904088
243 0.353456671391
244 0.318264377956
245 0.307024963132
246 0.329467575187
247 0.349415417115
248 0.315107091907
249 0.367730263499
250 0.362867769235
251 0.334244841378
252 0.335719123717
253 0.420778240387
254 0.307048332363
255 0.333940479353
256 0.30732904088
257 0.307024963132
258 0.349415417115
259 0.34647436147
260 0.32341866356
261 0.336727962487
262 0.397008265977
263 0.31816397118
264 0.313125901621
265 0.323340893763
266 0.368166559331
267 0.333968125721
268 0.312689015626
269 0.348811153531
270 0.33231740593
271 0.343553141764
272 0.432693445306
273 0.431536263435
274 0.313344802749
275 0.348660414053
276 0.31336914399
277 0.347728729471
278 0.420558902272
279 0.317362991943
280 0.307024963132
281 0.430569003158
282 0.336615569976
283 0.307024963132
284 0.338252640499
285 0.336840430076
286 0.410334756443
287 0.309332182393
288 0.307001597457
289 0.34326080587
290 0.312737498301
291 0.345406369603
292 0.391081046107
293 0.307001597457
294 0.312713255084
295 0.326507567025
296 0.347339503237
297 0.313125901621
298 0.367696745109
299 0.3471004122
300 0.354637449722
301 0.318239270321
302 0.326243509146
303 0.362378816977
304 0.365167103339
305 0.42942314143
306 0.318113791546
307 0.313344802749
308 0.33496645276
309 0.370908513294
310 0.324406995624
311 0.342735853066
312 0.328394740361
313 0.361146015272
314 0.393906941762
315 0.34140157334
316 0.42942314143
317 0.315674230424
318 0.336026738075
319 0.34229961736
320 0.329925655565
321 0.351455043613
322 0.307071705153
323 0.43306505535
324 0.371591837748
325 0.368435564032
326 0.380530232109
327 0.328957105976
328 0.310666229541
329 0.313344802749
330 0.383132395345
331 0.334244841378
332 0.367596226589
333 0.431167271333
334 0.316144278259
335 0.380889527957
336 0.307001597457
337 0.327514897344
338 0.33507774654
339 0.344021916305
340 0.368065783813
341 0.335551571335
342 0.345465529724
343 0.379634951119
344 0.343406911602
345 0.343465388726
346 0.347788687869
347 0.356014560991
348 0.34505183394
349 0.386769030737
350 0.288865090626
351 0.357212520197
352 0.28350558652
353 0.372552732784
354 0.382514791446
355 0.395219064425
356 0.37244954211
357 0.278937974733
358 0.337997569383
359 0.278880123788
360 0.360790715552
361 0.431905887643
362 0.368873536082
363 0.35950458877
364 0.390173226675
365 0.283585306896
366 0.332016542435
367 0.385254607066
368 0.377256241522
369 0.375535374287
370 0.351546927284
371 0.440393121243
372 0.320693297606
373 0.338621756954
374 0.383788506383
375 0.426878411703
376 0.353023627425
377 0.380530232109
378 0.27889940477
379 0.41361642475
380 0.27889940477
381 0.324772642347
382 0.335886843513
383 0.349475958641
384 0.290675961276
385 0.294173484328
386 0.332098542075
387 0.278918688418
388 0.376235869296
389 0.381033436345
390 0.417555221053
391 0.285491931393
392 0.411800836116
393 0.369177357975
394 0.283545441104
395 0.364836844586
396 0.439098834286
397 0.351945645663
398 0.403319435172
399 0.369854312881
400 0.283565372599
401 0.44034504864
402 0.27889940477
403 0.442907442972
404 0.350782694834
405 0.423117368428
406 0.351210255144
407 0.290696907876
408 0.350447484197
409 0.423428255546
410 0.366327732527
411 0.349961047158
412 0.278918688418
413 0.375500418001
414 0.349415417115
415 0.381537973195
416 0.352900095406
417 0.356991238105
418 0.409501674002
419 0.350935275388
420 0.425437775848
421 0.390210968329
422 0.351638859012
423 0.411884928588
424 0.409792867797
425 0.336026738075
426 0.352252968092
427 0.35342570445
428 0.323237258861
429 0.408547801356
430 0.335802962673
431 0.364737883417
432 0.450173082311
433 0.407804386432
434 0.338309375259
435 0.374837482865
436 0.337403896838
437 0.413701260444
438 0.335356304812
439 0.43972105849
440 0.429468858787
441 0.351087988737
442 0.283565372599
443 0.340450754544
444 0.27889940477
445 0.405020179778
446 0.350021777925
447 0.342939810473
448 0.278880123788
449 0.310905664015
450 0.339476646519
451 0.350996344783
452 0.352869225909
453 0.417857985352
454 0.283485663429
455 0.278918688418
456 0.361146015272
457 0.408671967439
458 0.326851481979
459 0.351608209761
460 0.326560429903
461 0.424185172512
462 0.406080228567
463 0.352007067242
464 0.420339792705
465 0.283625183899
466 0.439194446444
467 0.319727430498
468 0.283465743137
469 0.27889940477
470 0.337912631143
471 0.341546100295
472 0.373104050184
473 0.324851102479
474 0.377009438373
475 0.35130201085
476 0.384410233523
477 0.283525512411
478 0.338763939418
479 0.321741983617
480 0.363718419492
481 0.304200361254
482 0.344227407679
483 0.371079108692
484 0.411674761771
485 0.381105431326
486 0.301607550698
487 0.335998749841
488 0.368839808959
489 0.351118547357
490 0.346831827924
491 0.33847969379
492 0.332235298187
493 0.431259460187
494 0.404898222482
495 0.356171727935
496 0.349385154217
497 0.419771174879
498 0.435402157646
499 0.283485663429
500 0.283445825646
501 0.437337488138
502 0.283565372599
503 0.305721939416
504 0.401712904859
505 0.422939923526
506 0.319322487975
507 0.440393121243
508 0.427557073724
509 0.335775011702
510 0.3082448988
511 0.34227057446
512 0.375290816875
513 0.342794101852
514 0.420471231039
515 0.43093697154
516 0.411506782678
517 0.321459956219
518 0.384117405312
519 0.32143434188
520 0.336840430076
521 0.405875942307
522 0.33496645276
523 0.319803471586
524 0.423028627369
525 0.432044660018
526 0.423828639482
527 0.383096010502
528 0.419552885137
529 0.326058922615
530 0.320693297606
531 0.294130586262
532 0.416606525931
533 0.283625183899
534 0.284044570525
535 0.322281776032
536 0.331389221276
537 0.338593334782
538 0.413065839708
539 0.414764650482
540 0.332756000214
541 0.331907272551
542 0.323886069096
543 0.408589181666
544 0.336391009889
545 0.4278745217
546 0.406653325664
547 0.373207603903
548 0.370942619824
549 0.370397666935
550 0.304361022377
551 0.278880123788
552 0.319423627412
553 0.294173484328
554 0.410752570063
555 0.31004542238
556 0.358227598845
557 0.409917791951
558 0.364441321763
559 0.340508229137
560 0.416821759722
561 0.372380780078
562 0.439481532911
563 0.319423627412
564 0.421129657646
565 0.283585306896
566 0.336868558713
567 0.429789153057
568 0.431075121884
569 0.317512868209
570 0.325191534912
571 0.368200163435
572 0.302603029824
573 0.283465743137
574 0.366460845802
575 0.310905664015
576 0.306698167003
577 0.276396093908
578 0.276547678795
579 0.276585601
580 0.333691867862
581 0.42733061341
582 0.276169027904
583 0.276528721592
584 0.276604566003
585 0.316218624331
586 0.276150122576
587 0.278995849685
588 0.322642645012
589 0.307071705153
590 0.311553984445
591 0.324276606961
592 0.427783774188
593 0.392145522561
594 0.310905664015
595 0.304498867043
596 0.276490814982
597 0.424586989853
598 0.313930038178
599 0.307141844875
600 0.276566638598
601 0.276585601
602 0.370635886677
603 0.276150122576
604 0.307188622494
605 0.371318206056
606 0.307188622494
607 0.407804386432
608 0.276150122576
609 0.276150122576
610 0.363456256473
611 0.334134100107
612 0.307118461408
613 0.307165231904
614 0.276150122576
615 0.3740034295
616 0.276585601
617 0.311121470815
618 0.314052237492
619 0.314689210593
620 0.330954220247
621 0.323782084484
622 0.306000226852
623 0.306721486511
624 0.307212016647
625 0.276150122576
626 0.307235414363
627 0.306908170313
628 0.276585601
629 0.276358223648
630 0.353301890926
631 0.346831827924
632 0.302943901366
633 0.276547678795
634 0.307141844875
635 0.336952972819
636 0.303536568141
637 0.330927070598
638 0.379064178781
639 0.276150122576
640 0.32357431544
641 0.276566638598
642 0.442373175851
643 0.276169027904
644 0.276585601
645 0.328474960556
646 0.340163672366
647 0.335691186701
648 0.276490814982
649 0.276169027904
650 0.333857567706
651 0.276547678795
652 0.454330554183
653 0.302059228049
654 0.322771722723
655 0.354887040608
656 0.313954470433
657 0.307422724477
658 0.302852927221
659 0.276585601
660 0.276585601
661 0.27618793582
662 0.276585601
663 0.276585601
664 0.314027790019
665 0.306978235339
666 0.276471865574
667 0.320616832824
668 0.295077243112
669 0.276150122576
670 0.364737883417
671 0.276566638598
672 0.303948236181
673 0.30660492442
674 0.303627953529
675 0.276150122576
676 0.276566638598
677 0.339648142678
678 0.311553984445
679 0.325112910267
680 0.280333633814
681 0.314076688772
682 0.276566638598
683 0.313417837821
684 0.363816828156
685 0.307212016647
686 0.313807933924
687 0.329010765075
688 0.31577307167
689 0.404208516091
690 0.247651850365
691 0.314321411141
692 0.247621446847
693 0.247545470704
694 0.315057871805
695 0.405467985786
696 0.390286473548
697 0.363096398793
698 0.405264314908
699 0.425707153925
700 0.247560662202
701 0.304039869656
702 0.311001541176
703 0.247651850365
704 0.392832894205
705 0.248399075775
706 0.422275828597
707 0.315871974833
708 0.247788758636
709 0.317412934974
710 0.315698934934
711 0.31004542238
712 0.315797791654
713 0.247834428371
714 0.438240194524
715 0.247773539131
716 0.310642306375
717 0.293659531964
718 0.247727891832
719 0.362672030081
720 0.423072993245
721 0.311121470815
722 0.292382473769
723 0.311169468574
724 0.315131707725
725 0.387326067267
726 0.247682261349
727 0.356738679748
728 0.316317806837
729 0.345140399606
730 0.302149725907
731 0.304913151216
732 0.336082728534
733 0.247773539131
734 0.301539915577
735 0.311073487862
736 0.265849544655
737 0.30822134708
738 0.315624833001
739 0.318364848125
740 0.316193838422
741 0.292064942846
742 0.315008667077
743 0.308740317663
744 0.247575855566
745 0.248322621766
746 0.404979519184
747 0.307422724477
748 0.402554734117
749 0.310546650546
750 0.247560662202
751 0.247682261349
752 0.314959477716
753 0.351149111298
754 0.310785900662
755 0.368502876641
756 0.311457766414
757 0.310618386894
758 0.247758321495
759 0.310977566342
760 0.315008667077
761 0.365464847852
762 0.303262741737
763 0.311289527787
764 0.310140769631
765 0.315946192872
766 0.30502843029
767 0.352345269507
768 0.247758321495
769 0.300663411388
770 0.315748355556
771 0.31542739781
772 0.292849436703
773 0.316839537432
774 0.348359325612
775 0.347459172316
776 0.247560662202
777 0.302059228049
778 0.310929627762
779 0.31523020947
780 0.315205578261
781 0.353580593443
782 0.404046573577
783 0.308268454118
784 0.30606987789
785 0.392641716039
786 0.247727891832
787 0.284324851324
788 0.312931579442
789 0.247591050794
790 0.247864884214
791 0.247697469642
792 0.247667054923
793 0.315723643311
794 0.305421031995
795 0.311145467843
796 0.306698167003
797 0.265867065879
798 0.314984070476
799 0.310403277208
800 0.31057055898
801 0.354046076057
802 0.247545470704
803 0.247636647673
804 0.311385641883
805 0.310403277208
806 0.424051402354
807 0.247788758636
808 0.315328772812
809 0.300999924682
810 0.310714086928
811 0.362835131372
812 0.302716568407
813 0.31503326752
814 0.309640849754
815 0.316193838422
816 0.342096420505
817 0.307422724477
818 0.316020445796
819 0.310140769631
820 0.353054523944
821 0.345495117385
822 0.306674851041
823 0.266007318865
824 0.403400099059
825 0.408465065876
826 0.301991390222
827 0.314492943836
828 0.404816958413
829 0.444812106141
830 0.353301890926
831 0.404289536038
832 0.310905664015
833 0.247727891832
834 0.307563357014
835 0.393599472201
836 0.315624833001
837 0.301067317754
838 0.314419406905
839 0.316020445796
840 0.247895347544
841 0.335272688713
842 0.247560662202
843 0.346206744815
844 0.310164615607
845 0.315279483438
846 0.316020445796
847 0.312737498301
848 0.316392234556
849 0.317288106858
850 0.359312460193
851 0.307469587697
852 0.31162618699
853 0.247727891832
854 0.394214892074
855 0.28642438161
856 0.247727891832
857 0.33904866285
858 0.320693297606
859 0.298660027437
860 0.298593707668
861 0.33845129546
862 0.299014231012
863 0.344933817066
864 0.299036396634
865 0.298837024268
866 0.299881132217
867 0.298660027437
868 0.298726376673
869 0.299881132217
870 0.299413715623
871 0.298704256986
872 0.298859163623
873 0.298704256986
874 0.298682140574
875 0.298704256986
876 0.298571607623
877 0.299036396634
878 0.298637917574
879 0.299014231012
880 0.298682140574
881 0.314052237492
882 0.298704256986
883 0.298969909626
884 0.298571607623
885 0.298637917574
886 0.298748499636
887 0.298792755395
888 0.298682140574
889 0.298992068677
890 0.299080737736
891 0.307680649118
892 0.298571607623
893 0.298571607623
894 0.298814888192
895 0.298637917574
896 0.298682140574
897 0.397399368593
898 0.423339384048
899 0.369076028416
900 0.322436335272
901 0.334688541491
902 0.377115171599
903 0.416563505844
904 0.376974207139
905 0.335775011702
906 0.359825260065
907 0.445499833306
908 0.345643131744
909 0.383569553161
910 0.329359976371
911 0.322513670498
912 0.322384799056
913 0.336756072342
914 0.411926987704
915 0.332262662926
916 0.378175774875
917 0.373830135353
918 0.368166559331
919 0.322384799056
920 0.368132961361
921 0.3313075715
922 0.371420770702
923 0.381754612529
924 0.331035695929
925 0.418508246767
926 0.374872315825
927 0.3642109959
928 0.445844494981
929 0.32259104283
930 0.323522414836
931 0.413446857701
932 0.33904866285
933 0.409917791951
934 0.362867769235
935 0.444175400858
936 0.339762569746
937 0.377256241522
938 0.329010765075
939 0.361243036679
940 0.330222739898
941 0.346563658985
942 0.41050177985
943 0.423917716539
944 0.349597104653
945 0.376657422091
946 0.339191204119
947 0.371660308696
948 0.369549376199
949 0.375605306386
950 0.345495117385
951 0.334051092298
952 0.342473978316
953 0.442761605816
954 0.370397666935
955 0.409169387422
956 0.322642645012
957 0.328100934574
958 0.424274399515
959 0.333829939638
960 0.417598446231
961 0.370329660386
962 0.333691867862
963 0.369109798755
964 0.379992557516
965 0.334078756985
966 0.359761080049
967 0.369447842347
968 0.369617096444
969 0.412221642202
970 0.38114143902
971 0.33054744269
972 0.377150429187
973 0.34695114738
974 0.346028563269
975 0.346177035149
976 0.409377003307
977 0.369380184103
978 0.358896885284
979 0.36857021385
980 0.322616841858
981 0.370601836526
982 0.394369047863
983 0.430798909717
984 0.402635092383
985 0.384410233523
986 0.323886069096
987 0.349506237272
988 0.328474960556
989 0.39976226247
990 0.377856968021
991 0.386694880233
992 0.348178922026
993 0.376306062555
994 0.371318206056
995 0.363784019352
996 0.424497631336
997 0.323496470777
998 0.383751996822
999 0.355418589479
1000 0.445401456397
1001 0.345998884174
1002 0.3740034295
1003 0.32246210956
1004 0.383788506383
1005 0.369312550635
1006 0.331825367327
1007 0.371113246604
1008 0.366460845802
1009 0.330114647348
1010 0.393906941762
1011 0.375186104035
1012 0.378140325327
1013 0.381213474824
1014 0.348359325612
1015 0.37595535793
1016 0.374872315825
1017 0.32259104283
1018 0.370261678806
1019 0.395296520391
1020 0.393561072253
1021 0.390815829354
1022 0.394639110799
1023 0.344374337595
1024 0.324120278852
1025 0.418942879903
1026 0.372346408583
1027 0.444812106141
1028 0.322436335272
1029 0.393599472201
1030 0.445204832865
1031 0.330222739898
1032 0.328903464377
1033 0.445253972471
1034 0.334355656079
1035 0.330222739898
1036 0.360919834534
1037 0.39556785552
1038 0.376938982488
1039 0.322926752369
1040 0.354980727789
1041 0.42724009644
1042 0.399683046724
1043 0.350082529774
1044 0.322694263706
1045 0.362411372796
1046 0.328823034773
1047 0.322436335272
1048 0.398301835564
1049 0.376060500661
1050 0.44495929744
1051 0.323004323051
1052 0.419204093379
1053 0.40863057036
1054 0.324955774979
1055 0.393983884226
1056 0.330114647348
1057 0.402554734117
1058 0.322668452295
1059 0.343406911602
1060 0.371386576191
1061 0.395102937374
1062 0.327621293802
1063 0.347070548962
1064 0.34695114738
1065 0.345613518728
1066 0.322410565105
1067 0.419247660631
1068 0.445992370436
1069 0.394870887881
1070 0.34695114738
1071 0.452902322958
1072 0.322436335272
1073 0.335858878577
1074 0.32903760119
1075 0.397321086436
1076 0.444910222851
1077 0.370874413036
1078 0.347369412778
1079 0.372862648174
1080 0.369380184103
1081 0.398577313565
1082 0.379099801766
1083 0.394909543866
1084 0.369278743188
1085 0.355230802271
1086 0.411506782678
1087 0.37494200117
1088 0.331389221276
1089 0.343319233242
1090 0.331470911306
1091 0.347190032756
1092 0.357339090317
1093 0.394330497614
1094 0.341084044186
1095 0.330818516532
1096 0.364836844586
1097 0.322384799056
1098 0.370023939698
1099 0.346206744815
1100 0.395219064425
1101 0.396072753126
1102 0.369414010127
1103 0.396500981973
1104 0.344580250328
1105 0.426291978293
1106 0.32246210956
1107 0.351393814511
1108 0.366994267703
1109 0.387549331404
1110 0.373691615617
1111 0.41686483317
1112 0.322616841858
1113 0.395451523438
1114 0.421569755522
1115 0.373000553915
1116 0.375011712428
1117 0.363948122572
1118 0.369076028416
1119 0.373035046291
1120 0.322384799056
1121 0.394677721416
1122 0.34671259051
1123 0.396969198051
1124 0.415362540217
1125 0.370874413036
1126 0.36975261142
1127 0.37595535793
1128 0.362769873254
1129 0.383387282892
1130 0.406612336517
1131 0.390475364494
1132 0.377044676193
1133 0.372655980655
1134 0.336924830083
1135 0.332756000214
1136 0.409460108667
1137 0.376095561308
1138 0.333968125721
1139 0.322720079247
1140 0.357624201293
1141 0.33212588429
1142 0.347519037783
1143 0.374802656377
1144 0.357307439379
1145 0.334355656079
1146 0.322384799056
1147 0.371454971509
1148 0.324746497391
1149 0.3937915844
1150 0.368907269373
1151 0.33303071003
1152 0.338394513094
1153 0.360500535352
1154 0.372312043432
1155 0.33041207229
1156 0.412474538915
1157 0.369481680765
1158 0.323860066682
1159 0.392603502734
1160 0.403077636949
1161 0.417814706431
1162 0.333305873799
1163 0.32399012052
1164 0.370363660539
1165 0.365299374318
1166 0.363194471107
1167 0.395412761281
1168 0.338139228046
1169 0.324433085941
1170 0.356360511536
1171 0.371044977059
1172 0.386694880233
1173 0.369922144942
1174 0.381429745706
1175 0.334217149179
1176 0.372243332157
1177 0.32341866356
1178 0.329413766992
1179 0.345465529724
1180 0.415833521347
1181 0.417555221053
1182 0.417814706431
1183 0.393868481799
1184 0.373553198499
1185 0.370840319047
1186 0.371284030427
1187 0.333636671126
1188 0.347489102471
1189 0.386583707771
1190 0.373934092565
1191 0.373242134585
1192 0.370329660386
1193 0.372655980655
1194 0.344639127774
1195 0.322487887968
1196 0.394561912225
1197 0.366427558415
1198 0.341084044186
1199 0.443345531442
1200 0.373622394238
1201 0.322668452295
1202 0.388819372587
1203 0.322642645012
1204 0.333360961126
1205 0.413065839708
1206 0.369312550635
1207 0.322384799056
1208 0.40554951147
1209 0.322436335272
1210 0.431628610164
1211 0.404492228075
1212 0.372071664876
1213 0.346028563269
1214 0.360114353739
1215 0.368267390048
1216 0.411255070913
1217 0.368941008834
1218 0.398183890099
1219 0.328715856469
1220 0.392298063852
1221 0.35441934551
1222 0.398301835564
1223 0.373242134585
1224 0.357878015489
1225 0.322410565105
1226 0.388557213503
1227 0.37690376442
1228 0.413319773626
1229 0.360500535352
1230 0.394600507736
1231 0.369346364273
1232 0.40303736543
1233 0.334189461568
1234 0.344315550579
1235 0.330303855776
1236 0.363325316634
1237 0.412516718539
1238 0.405182903836
1239 0.375360657913
1240 0.344051257193
1241 0.322952605123
1242 0.350386605627
1243 0.38386154635
1244 0.369854312881
1245 0.326877966987
1246 0.401712904859
1247 0.370295666476
1248 0.35880111986
1249 0.329091286555
1250 0.3471004122
1251 0.371420770702
1252 0.334023432193
1253 0.322436335272
1254 0.322436335272
1255 0.322513670498
1256 0.370942619824
1257 0.370567792632
1258 0.39279464368
1259 0.397869710089
1260 0.397360223659
1261 0.37251832954
1262 0.39115688845
1263 0.322436335272
1264 0.323886069096
1265 0.328903464377
1266 0.382659930809
1267 0.329521400963
1268 0.369718723361
1269 0.346504122195
1270 0.370431679577
1271 0.322410565105
1272 0.383678998534
1273 0.424319027095
1274 0.397830472445
1275 0.359696922924
1276 0.389796211285
1277 0.322436335272
1278 0.409293931675
1279 0.369346364273
1280 0.387474881432
1281 0.423206146726
1282 0.359696922924
1283 0.390929449616
1284 0.379028562491
1285 0.399841509623
1286 0.390702275118
1287 0.365167103339
1288 0.391993099853
1289 0.392374379009
1290 0.430018227331
1291 0.392107405773
1292 0.368806088004
1293 0.39115688845
1294 0.382805180356
1295 0.362574239672
1296 0.322565247928
1297 0.36316177445
1298 0.343582402742
1299 0.402715482738
1300 0.388819372587
1301 0.386028802927
1302 0.331770786297
1303 0.369380184103
1304 0.387512102842
1305 0.368032204232
1306 0.36924494193
1307 0.361049045967
1308 0.381033436345
1309 0.347938674365
1310 0.379742162345
1311 0.361113686383
1312 0.352160715023
1313 0.423962269111
1314 0.38171848889
1315 0.33516126542
1316 0.374524277281
1317 0.379670681467
1318 0.355481229343
1319 0.366894132841
1320 0.334134100107
1321 0.399287438443
1322 0.346980990073
1323 0.393215809591
1324 0.423206146726
1325 0.379599227495
1326 0.334383371236
1327 0.322410565105
1328 0.395025557245
1329 0.347998705192
1330 0.371797326322
1331 0.370635886677
1332 0.371249861089
1333 0.363980960984
1334 0.374802656377
1335 0.374142180541
1336 0.369684841513
1337 0.390022333036
1338 0.366095016843
1339 0.392145522561
1340 0.369143575274
1341 0.37764472857
1342 0.369922144942
1343 0.330060627605
1344 0.367730263499
1345 0.392183646762
1346 0.376165702218
1347 0.355043213395
1348 0.402876359791
1349 0.369888225801
1350 0.359376480231
1351 0.377892364458
1352 0.377220964147
1353 0.44668375491
1354 0.322410565105
1355 0.32282338273
1356 0.366960883343
1357 0.330872784661
1358 0.38349662426
1359 0.420646610072
1360 0.424319027095
1361 0.366894132841
1362 0.375081449613
1363 0.330737147708
1364 0.333968125721
1365 0.345554307914
1366 0.362476501985
1367 0.381285537863
1368 0.371454971509
1369 0.322642645012
1370 0.39344591735
1371 0.36924494193
1372 0.366327732527
1373 0.323886069096
1374 0.402635092383
1375 0.36348900618
1376 0.401712904859
1377 0.37595535793
1378 0.373414883883
1379 0.36975261142
1380 0.394137859364
1381 0.402193518503
1382 0.362509075359
1383 0.364342575017
1384 0.323834068443
1385 0.333636671126
1386 0.345613518728
1387 0.322384799056
1388 0.344080603087
1389 0.400755115298
1390 0.387512102842
1391 0.372724844367
1392 0.37282818767
1393 0.365962169154
1394 0.385291403113
1395 0.322410565105
1396 0.323756098763
1397 0.391194820655
1398 0.354824609956
1399 0.386620758155
1400 0.372346408583
1401 0.369481680765
1402 0.342125433855
1403 0.401473028522
1404 0.32259104283
1405 0.39058878685
1406 0.411422844527
1407 0.381790743005
1408 0.37543052495
1409 0.384227163596
1410 0.373207603903
1411 0.348058756738
1412 0.331008532911
1413 0.36549796055
1414 0.377574035061
1415 0.343056466586
1416 0.383241591354
1417 0.369447842347
1418 0.338678615615
1419 0.346355369674
1420 0.369650965875
1421 0.373000553915
1422 0.348208976313
1423 0.331470911306
1424 0.383423723086
1425 0.333636671126
1426 0.385144261084
1427 0.380961468561
1428 0.384190570532
1429 0.359953688819
1430 0.374142180541
1431 0.32246210956
1432 0.373691615617
1433 0.379385026859
1434 0.334522015971
1435 0.331035695929
1436 0.378530636257
1437 0.382659930809
1438 0.372587142384
1439 0.381033436345
1440 0.364375484653
1441 0.363915290085
1442 0.329682983866
1443 0.336868558713
1444 0.323964101397
1445 0.381249502938
1446 0.324877264282
1447 0.384373605583
1448 0.373449452934
1449 0.384227163596
1450 0.391574547718
1451 0.355637925645
1452 0.381610158981
1453 0.369380184103
1454 0.350021777925
1455 0.384997231398
1456 0.3382810055
1457 0.37015975322
1458 0.364803851564
1459 0.379849434142
1460 0.366860766696
1461 0.386991652973
1462 0.344786409452
1463 0.405794285342
1464 0.342096420505
1465 0.363259882088
1466 0.380673869075
1467 0.322384799056
1468 0.370601836526
1469 0.381033436345
1470 0.370908513294
1471 0.401313270055
1472 0.371763062445
1473 0.389683248705
1474 0.385144261084
1475 0.32246210956
1476 0.383387282892
1477 0.322926752369
1478 0.333581492648
1479 0.330737147708
1480 0.405998489391
1481 0.385291403113
1482 0.347608874674
1483 0.392221778375
1484 0.386324553782
1485 0.346414855353
1486 0.387512102842
1487 0.335886843513
1488 0.367328445692
1489 0.37073807468
1490 0.365167103339
1491 0.35311633321
1492 0.369278743188
1493 0.353549604784
1494 0.334106426254
1495 0.348178922026
1496 0.374211594674
1497 0.381610158981
1498 0.34692130982
1499 0.322694263706
1500 0.322668452295
1501 0.365696762813
1502 0.352560827704
1503 0.380494339803
1504 0.366960883343
1505 0.372587142384
1506 0.376235869296
1507 0.34695114738
1508 0.376411401567
1509 0.382261062313
1510 0.374907155259
1511 0.324120278852
1512 0.382805180356
1513 0.385844188483
1514 0.386287560145
1515 0.383023261545
1516 0.375081449613
1517 0.371147390799
1518 0.380064159656
1519 0.347998705192
1520 0.38222484277
1521 0.371660308696
1522 0.329952641141
1523 0.375221001822
1524 0.370874413036
1525 0.359248462961
1526 0.372966067917
1527 0.359120536864
1528 0.333581492648
1529 0.3813215796
1530 0.363587290725
1531 0.368704962123
1532 0.359985810333
1533 0.37435050024
1534 0.369617096444
1535 0.391346623068
1536 0.367462287356
1537 0.399208410746
1538 0.357402409018
1539 0.381105431326
1540 0.398853172888
1541 0.370704005752
1542 0.383205185769
1543 0.379527800413
1544 0.382986897426
1545 0.344963313716
1546 0.381574062674
1547 0.322436335272
1548 0.369922144942
1549 0.359664852941
1550 0.392832894205
1551 0.377150429187
1552 0.37251832954
1553 0.323938086452
1554 0.380171613476
1555 0.371968740488
1556 0.381285537863
1557 0.342968967063
1558 0.371763062445
1559 0.322410565105
1560 0.37282818767
1561 0.322384799056
1562 0.356297561437
1563 0.322668452295
1564 0.368806088004
1565 0.329682983866
1566 0.3813215796
1567 0.330954220247
1568 0.38197149802
1569 0.334189461568
1570 0.36221612558
1571 0.370193722179
1572 0.366227961016
1573 0.378886164233
1574 0.392069296393
1575 0.371763062445
1576 0.360855263493
1577 0.36975261142
1578 0.399524709378
1579 0.38197149802
1580 0.32893028299
1581 0.397242835115
1582 0.322384799056
1583 0.362802499378
1584 0.378886164233
1585 0.375395588181
1586 0.359152509846
1587 0.322436335272
1588 0.384776897233
1589 0.348269100457
1590 0.373380321232
1591 0.394600507736
1592 0.381357628152
1593 0.356329033706
1594 0.382877846487
1595 0.331035695929
1596 0.36836827601
1597 0.381935333326
1598 0.369042264257
1599 0.372140312785
1600 0.324354827578
1601 0.369990001888
1602 0.380458454267
1603 0.347190032756
1604 0.371489178616
1605 0.372174646239
1606 0.391043135963
1607 0.381826880321
1608 0.322487887968
1609 0.369922144942
1610 0.387437667171
1611 0.373276671656
1612 0.381863024478
1613 0.373069545047
1614 0.37262155834
1615 0.381177453519
1616 0.334549758715
1617 0.386139656417
1618 0.372174646239
1619 0.346504122195
1620 0.370261678806
1621 0.375360657913
1622 0.375570337081
1623 0.373760862651
1624 0.368738664588
1625 0.383423723086
1626 0.36316177445
1627 0.370091833999
1628 0.322436335272
1629 0.390664438368
1630 0.336362960943
1631 0.365001899257
1632 0.352900095406
1633 0.389683248705
1634 0.360887546125
1635 0.381682372087
1636 0.382805180356
1637 0.383241591354
1638 0.375535374287
1639 0.382333521997
1640 0.381033436345
1641 0.326006221965
1642 0.330981374351
1643 0.354015005756
1644 0.367897947158
1645 0.367361896967
1646 0.380386703497
1647 0.345583910785
1648 0.382514791446
1649 0.334078756985
1650 0.378992952893
1651 0.347309598845
1652 0.342706736096
1653 0.375990398974
1654 0.380279128072
1655 0.338394513094
1656 0.380207444919
1657 0.380781667981
1658 0.322513670498
1659 0.35680178583
1660 0.377079920601
1661 0.363292596415
1662 0.375255906101
1663 0.371044977059
1664 0.440200893779
1665 0.32903760119
1666 0.370533754991
1667 0.407763164924
1668 0.335914813106
1669 0.370363660539
1670 0.371626070068
1671 0.343963249539
1672 0.377609378507
1673 0.36027516215
1674 0.382623635643
1675 0.360758450241
1676 0.371660308696
1677 0.334161778545
1678 0.379492096951
1679 0.333113211444
1680 0.366827406619
1681 0.37200304229
1682 0.346682793966
1683 0.378034016549
1684 0.369617096444
1685 0.437812132688
1686 0.387400460059
1687 0.376130628493
1688 0.382551065964
1689 0.392527098432
1690 0.371660308696
1691 0.331825367327
1692 0.369549376199
1693 0.388519791061
1694 0.322436335272
1695 0.377786195036
1696 0.377115171599
1697 0.341922443684
1698 0.350204096761
1699 0.334688541491
1700 0.368941008834
1701 0.341690749669
1702 0.330466207143
1703 0.365630471367
1704 0.365763078302
1705 0.364737883417
1706 0.34823903579
1707 0.376270962652
1708 0.37262155834
1709 0.330493281221
1710 0.362086077604
1711 0.346355369674
1712 0.344256783631
1713 0.369617096444
1714 0.328957105976
1715 0.372140312785
1716 0.369312550635
1717 0.369956070304
1718 0.370329660386
1719 0.397281956922
1720 0.348028728375
1721 0.36853654217
1722 0.369820406178
1723 0.377326816069
1724 0.370874413036
1725 0.376165702218
1726 0.382514791446
1727 0.354388209663
1728 0.377291525495
1729 0.377856968021
1730 0.373484028385
1731 0.374628620969
1732 0.322642645012
1733 0.376657422091
1734 0.364902848538
1735 0.371454971509
1736 0.368469217262
1737 0.371079108692
1738 0.367663232828
1739 0.36176136585
1740 0.332426946072
1741 0.370227697374
1742 0.369650965875
1743 0.375255906101
1744 0.354855822536
1745 0.367897947158
1746 0.363948122572
1747 0.37410748313
1748 0.333995776667
1749 0.334744086847
1750 0.34695114738
1751 0.36975261142
1752 0.383533085243
1753 0.369177357975
1754 0.37244954211
1755 0.376095561308
1756 0.336110730761
1757 0.335022090407
1758 0.370091833999
1759 0.354170411816
1760 0.323886069096
1761 0.357624201293
1762 0.369650965875
1763 0.330006625539
1764 0.366760704663
1765 0.367161280658
1766 0.3666606972
1767 0.379742162345
1768 0.371797326322
1769 0.3740034295
1770 0.359120536864
1771 0.377115171599
1772 0.363685628434
1773 0.363358042748
1774 0.362802499378
1775 0.378140325327
1776 0.355637925645
1777 0.322513670498
1778 0.343027295118
1779 0.370329660386
1780 0.331934583279
1781 0.355951733044
1782 0.360984428688
1783 0.370261678806
1784 0.367495763013
1785 0.333278336962
1786 0.360468321918
1787 0.375675264536
1788 0.347040690863
1789 0.322642645012
1790 0.368435564032
1791 0.367730263499
1792 0.37077214987
1793 0.329091286555
1794 0.371113246604
1795 0.378104882425
1796 0.376270962652
1797 0.367027658138
1798 0.328662293514
1799 0.34611763111
1800 0.370329660386
1801 0.448770829969
1802 0.348509804803
1803 0.333498759143
1804 0.348178922026
1805 0.372897115048
1806 0.348479698565
1807 0.361210690418
1808 0.38386154635
1809 0.342038408563
1810 0.369583233219
1811 0.369008506274
1812 0.368301012562
1813 0.386287560145
1814 0.372483932649
1815 0.341228302368
1816 0.360629446682
1817 0.369888225801
1818 0.334355656079
1819 0.360564979495
1820 0.371934445011
1821 0.368671265819
1822 0.362704638607
1823 0.329467575187
1824 0.370057883734
1825 0.381682372087
1826 0.348931838992
1827 0.369650965875
1828 0.37331121512
1829 0.383241591354
1830 0.330114647348
1831 0.356549495368
1832 0.36447424924
1833 0.370908513294
1834 0.37244954211
1835 0.322384799056
1836 0.376446527677
1837 0.369008506274
1838 0.334660775725
1839 0.322513670498
1840 0.371386576191
1841 0.324250541804
1842 0.372277684624
1843 0.370431679577
1844 0.379028562491
1845 0.367127865907
1846 0.36857021385
1847 0.368603891684
1848 0.348811153531
1849 0.366128243836
1850 0.369583233219
1851 0.364243881769
1852 0.363685628434
1853 0.344815880895
1854 0.34030715291
1855 0.322410565105
1856 0.323886069096
1857 0.355011967842
1858 0.369481680765
1859 0.335244825944
1860 0.379313680356
1861 0.344933817066
1862 0.375221001822
1863 0.386769030737
1864 0.373104050184
1865 0.36924494193
1866 0.329763834758
1867 0.357275794047
1868 0.371420770702
1869 0.369854312881
1870 0.359761080049
1871 0.363620064052
1872 0.370329660386
1873 0.380207444919
1874 0.375605306386
1875 0.342532138116
1876 0.362704638607
1877 0.382877846487
1878 0.367061054649
1879 0.364704908289
1880 0.371010851705
1881 0.334272538166
1882 0.381429745706
1883 0.381357628152
1884 0.357212520197
1885 0.362541654587
1886 0.351945645663
1887 0.368637575673
1888 0.346325634494
1889 0.434885833397
1890 0.323030188228
1891 0.322513670498
1892 0.367328445692
1893 0.333498759143
1894 0.37410748313
1895 0.369854312881
1896 0.337375678731
1897 0.322616841858
1898 0.364375484653
1899 0.369650965875
1900 0.371079108692
1901 0.346682793966
1902 0.331688948412
1903 0.370976732627
1904 0.391422568464
1905 0.363325316634
1906 0.323030188228
1907 0.350477931415
1908 0.363554523305
1909 0.32893028299
1910 0.35130201085
1911 0.345317667402
1912 0.368469217262
1913 0.443443002153
1914 0.320616832824
1915 0.348118829012
1916 0.307657183541
1917 0.327355432167
1918 0.343144010768
1919 0.348359325612
1920 0.350021777925
1921 0.34311482441
1922 0.368704962123
1923 0.307845008439
1924 0.3506302469
1925 0.30732904088
1926 0.345495117385
1927 0.344639127774
1928 0.338195924764
1929 0.313905609726
1930 0.345998884174
1931 0.308033062812
1932 0.316590879814
1933 0.359536630177
1934 0.307727591013
1935 0.312108393856
1936 0.316839537432
1937 0.30822134708
1938 0.307352456426
1939 0.349839648824
1940 0.318389975579
1941 0.383825022891
1942 0.45726603838
1943 0.334161778545
1944 0.347758706085
1945 0.314247954397
1946 0.344521392996
1947 0.349718334685
1948 0.349143239622
1949 0.342706736096
1950 0.307633721543
1951 0.312689015626
1952 0.29499093167
1953 0.313832347175
1954 0.3400776421
1955 0.376551945355
1956 0.377044676193
1957 0.307469587697
1958 0.314296921744
1959 0.307071705153
1960 0.354015005756
1961 0.34823903579
1962 0.312180853629
1963 0.34721991656
1964 0.340422024522
1965 0.354170411816
1966 0.312883036577
1967 0.347040690863
1968 0.322307525614
1969 0.292297731367
1970 0.307469587697
1971 0.317487879001
1972 0.349233918326
1973 0.31816397118
1974 0.296792303604
1975 0.30850420546
1976 0.28724017307
1977 0.316789774665
1978 0.308409861666
1979 0.308056585765
1980 0.349445685255
1981 0.315107091907
1982 0.317038744938
1983 0.313393489014
1984 0.347998705192
1985 0.34671259051
1986 0.457940854874
1987 0.34629590442
1988 0.298439076022
1989 0.308009543452
1990 0.34329001707
1991 0.312446827557
1992 0.340422024522
1993 0.307539909323
1994 0.350082529774
1995 0.338224280254
1996 0.294624670654
1997 0.30732904088
1998 0.344521392996
1999 0.31708858596
2000 0.291095467642
2001 0.302194995175
2002 0.316964012775
2003 0.340853484629
2004 0.350935275388
2005 0.317238203098
2006 0.34863028179
2007 0.314934888796
2008 0.351393814511
2009 0.307704118275
2010 0.349203686859
2011 0.327408569969
2012 0.366960883343
2013 0.307962515504
2014 0.313417837821
2015 0.313515270894
2016 0.307446154301
2017 0.313442190411
2018 0.307399298224
2019 0.316988919581
2020 0.314615581858
2021 0.345465529724
2022 0.33371947308
2023 0.315082479934
2024 0.314003346352
2025 0.317313064626
2026 0.314394902236
2027 0.361566818194
2028 0.348962023407
2029 0.342706736096
2030 0.291116474748
2031 0.349566810276
2032 0.333802316143
2033 0.344521392996
2034 0.349143239622
2035 0.307493024666
2036 0.314052237492
2037 0.309166231652
2038 0.347160154095
2039 0.329494485877
2040 0.342328665189
2041 0.348931838992
2042 0.307680649118
2043 0.355168250624
2044 0.349475958641
2045 0.333140721
2046 0.346028563269
2047 0.345554307914
2048 0.350752194643
2049 0.34056572314
2050 0.308598606991
2051 0.310069253696
2052 0.307727591013
2053 0.34229961736
2054 0.347608874674
2055 0.344933817066
2056 0.333636671126
2057 0.345022322151
2058 0.360178659874
2059 0.34629590442
2060 0.349748655331
2061 0.345140399606
2062 0.343933923658
2063 0.342735853066
2064 0.348088790283
2065 0.349809312399
2066 0.344021916305
2067 0.308905811363
2068 0.287588293334
2069 0.344491971869
2070 0.345939541256
2071 0.313393489014
2072 0.343523885769
2073 0.343787369234
2074 0.347429247316
2075 0.346325634494
2076 0.34647436147
2077 0.307727591013
2078 0.342590317672
2079 0.350386605627
2080 0.307188622494
2081 0.313053002529
2082 0.350904748659
2083 0.30808011231
2084 0.34638510996
2085 0.34611763111
2086 0.314027790019
2087 0.345643131744
2088 0.350112913608
2089 0.350082529774
2090 0.313661534141
2091 0.349809312399
2092 0.278880123788
2093 0.356171727935
2094 0.349264155029
2095 0.30732904088
2096 0.348148872926
2097 0.315205578261
2098 0.314566515174
2099 0.344491971869
2100 0.332235298187
2101 0.30758680828
2102 0.339733955751
2103 0.344139309895
2104 0.349688019295
2105 0.349264155029
2106 0.313296131608
2107 0.307258815644
2108 0.313905609726
2109 0.348871485825
2110 0.345613518728
2111 0.358132190216
2112 0.345820916467
2113 0.346653002543
2114 0.307680649118
2115 0.312446827557
2116 0.344668574042
2117 0.334134100107
2118 0.345880218691
2119 0.347190032756
2120 0.312132543376
2121 0.329575244329
2122 0.34823903579
2123 0.345850565037
2124 0.350234501701
2125 0.346623216239
2126 0.343231599642
2127 0.315057871805
2128 0.34326080587
2129 0.38452015924
2130 0.314052237492
2131 0.307939006915
2132 0.350112913608
2133 0.376235869296
2134 0.331389221276
2135 0.327063482292
2136 0.327514897344
2137 0.341546100295
2138 0.348962023407
2139 0.36669402696
2140 0.346087936736
2141 0.3471004122
2142 0.314027790019
2143 0.362900412971
2144 0.360693936927
2145 0.34174864373
2146 0.361728926703
2147 0.313954470433
2148 0.361081363282
2149 0.377115171599
2150 0.329467575187
2151 0.349809312399
2152 0.324668087774
2153 0.313490906947
2154 0.35348764376
2155 0.34626617945
2156 0.372037350419
2157 0.312350057343
2158 0.316590879814
2159 0.307704118275
2160 0.344756943047
2161 0.312543657751
2162 0.317963347568
2163 0.313710318889
2164 0.307845008439
2165 0.382514791446
2166 0.347998705192
2167 0.313588385462
2168 0.30728222049
2169 0.307235414363
2170 0.342794101852
2171 0.307704118275
2172 0.295250017609
2173 0.347788687869
2174 0.314003346352
2175 0.340911095292
2176 0.3082448988
2177 0.329064441683
2178 0.307845008439
2179 0.30728222049
2180 0.382805180356
2181 0.343436147675
2182 0.307892000503
2183 0.312931579442
2184 0.342998128611
2185 0.349748655331
2186 0.315279483438
2187 0.31336914399
2188 0.344668574042
2189 0.350082529774
2190 0.347279699603
2191 0.34579127298
2192 0.350386605627
2193 0.347788687869
2194 0.308009543452
2195 0.342009409969
2196 0.307188622494
2197 0.343027295118
2198 0.314052237492
2199 0.325664082553
2200 0.362411372796
2201 0.3470108379
2202 0.347279699603
2203 0.341835521616
2204 0.328635518582
2205 0.307258815644
2206 0.309807310544
2207 0.350569304822
2208 0.309759732058
2209 0.340221050062
2210 0.295379731316
2211 0.357022833046
2212 0.31708858596
2213 0.34573200125
2214 0.341922443684
2215 0.309427091401
2216 0.345258557907
2217 0.345554307914
2218 0.307845008439
2219 0.348118829012
2220 0.308315575557
2221 0.347429247316
2222 0.356896486826
2223 0.347698758024
2224 0.345850565037
2225 0.343728782429
2226 0.35133260674
2227 0.341546100295
2228 0.307633721543
2229 0.304728885828
2230 0.350508383925
2231 0.307727591013
2232 0.313296131608
2233 0.317313064626
2234 0.468579508722
2235 0.333498759143
2236 0.31781304582
2237 0.314370401386
2238 0.342968967063
2239 0.312035967713
2240 0.360629446682
2241 0.350204096761
2242 0.328100934574
2243 0.388071283366
2244 0.335356304812
2245 0.350143302716
2246 0.30732904088
2247 0.366194715921
2248 0.343904602778
2249 0.308127176183
2250 0.311073487862
2251 0.328261127072
2252 0.307727591013
2253 0.307892000503
2254 0.348871485825
2255 0.362802499378
2256 0.307422724477
2257 0.308457026349
2258 0.348299170315
2259 0.346831827924
2260 0.312422629383
2261 0.3084806141
2262 0.344609686536
2263 0.331607150891
2264 0.307610263123
2265 0.340335863544
2266 0.308622216402
2267 0.45123053586
2268 0.328074251024
2269 0.332563972843
2270 0.307188622494
2271 0.313564010151
2272 0.349657709161
2273 0.314443915394
2274 0.362086077604
2275 0.292764423441
2276 0.349052607994
2277 0.348058756738
2278 0.313174519881
2279 0.347309598845
2280 0.348570032886
2281 0.335300556112
2282 0.30737587554
2283 0.344462555767
2284 0.345169931598
2285 0.317188315033
2286 0.339248254191
2287 0.313881185075
2288 0.332426946072
2289 0.333747082865
2290 0.353301890926
2291 0.3471004122
2292 0.308929467804
2293 0.350599773213
2294 0.339819812197
2295 0.334466544282
2296 0.322875059276
2297 0.295120417777
2298 0.316516358618
2299 0.321050616044
2300 0.345258557907
2301 0.347908666717
2302 0.307680649118
2303 0.349385154217
2304 0.333526332417
2305 0.295444630921
2306 0.313881185075
2307 0.347339503237
2308 0.345672749836
2309 0.348509804803
2310 0.349961047158
2311 0.316615728011
2312 0.342735853066
2313 0.308292013037
2314 0.316045204528
2315 0.308174254438
2316 0.340508229137
2317 0.307751067332
2318 0.314223476444
2319 0.314689210593
2320 0.348992213045
2321 0.307563357014
2322 0.307493024666
2323 0.368401916949
2324 0.349445685255
2325 0.350112913608
2326 0.326349081028
2327 0.346058247456
2328 0.34291065884
2329 0.353983940908
2330 0.344286164598
2331 0.349869990511
2332 0.347788687869
2333 0.341661809993
2334 0.350052151214
2335 0.348329245366
2336 0.299191648045
2337 0.350721699756
2338 0.291853638445
2339 0.341864490728
2340 0.347040690863
2341 0.349900337461
2342 0.313247475585
2343 0.314150065461
2344 0.347429247316
2345 0.328528462464
2346 0.316144278259
2347 0.314566515174
2348 0.357909767597
2349 0.348479698565
2350 0.307657183541
2351 0.340364579024
2352 0.35136320796
2353 0.34647436147
2354 0.342415838264
2355 0.349294396969
2356 0.338735493374
2357 0.346772198968
2358 0.313174519881
2359 0.307821517786
2360 0.345850565037
2361 0.307774547233
2362 0.350477931415
2363 0.313954470433
2364 0.348962023407
2365 0.295034081079
2366 0.316988919581
2367 0.314370401386
2368 0.335356304812
2369 0.327514897344
2370 0.350082529774
2371 0.34638510996
2372 0.314443915394
2373 0.327647903719
2374 0.31336914399
2375 0.34579127298
2376 0.30758680828
2377 0.347578923883
2378 0.362443934464
2379 0.316864424679
2380 0.332207937955
2381 0.307539909323
2382 0.349203686859
2383 0.307212016647
2384 0.314836571497
2385 0.350599773213
2386 0.34002031276
2387 0.343056466586
2388 0.339020168971
2389 0.307633721543
2390 0.323600271987
2391 0.329010765075
2392 0.343699496514
2393 0.371454971509
2394 0.325874544841
2395 0.362802499378
2396 0.349566810276
2397 0.317712923572
2398 0.28551213749
2399 0.34229961736
2400 0.325401386673
2401 0.312664779925
2402 0.307798030718
2403 0.312132543376
2404 0.308103642449
2405 0.346980990073
2406 0.313710318889
2407 0.314910303715
2408 0.341575020372
2409 0.348148872926
2410 0.346980990073
2411 0.350325748206
2412 0.287117508227
2413 0.272218165233
2414 0.320489472518
2415 0.342677624073
2416 0.35870540553
2417 0.314787435863
2418 0.34626617945
2419 0.344080603087
2420 0.34024974617
2421 0.346206744815
2422 0.307399298224
2423 0.307563357014
2424 0.349203686859
2425 0.307939006915
2426 0.316268207808
2427 0.307868502678
2428 0.333333415187
2429 0.349991409907
2430 0.346444605856
2431 0.348509804803
2432 0.307563357014
2433 0.316045204528
2434 0.34573200125
2435 0.362151089917
2436 0.313930038178
2437 0.364968876376
2438 0.30728222049
2439 0.31753786135
2440 0.307680649118
2441 0.290048963948
2442 0.307539909323
2443 0.30923733159
2444 0.333664267212
2445 0.307563357014
2446 0.326586867761
2447 0.345583910785
2448 0.329118135807
2449 0.28917569825
2450 0.357560803988
2451 0.307751067332
2452 0.348389411054
2453 0.314934888796
2454 0.311073487862
2455 0.332728554156
2456 0.312205014363
2457 0.307680649118
2458 0.307188622494
2459 0.350386605627
2460 0.351149111298
2461 0.348962023407
2462 0.34326080587
2463 0.367462287356
2464 0.328074251024
2465 0.350021777925
2466 0.33979118856
2467 0.307539909323
2468 0.33516126542
2469 0.353332836173
2470 0.344756943047
2471 0.307188622494
2472 0.328368009002
2473 0.341228302368
2474 0.32884984027
2475 0.314027790019
2476 0.364803851564
2477 0.333664267212
2478 0.344845357376
2479 0.362606830615
2480 0.350721699756
2481 0.314125602756
2482 0.307235414363
2483 0.348329245366
2484 0.307235414363
2485 0.345199468645
2486 0.345672749836
2487 0.307727591013
2488 0.30737587554
2489 0.314272436163
2490 0.344845357376
2491 0.307539909323
2492 0.343845976013
2493 0.349597104653
2494 0.309427091401
2495 0.316690296011
2496 0.347758706085
2497 0.316243414126
2498 0.308292013037
2499 0.357307439379
2500 0.368637575673
2501 0.346028563269
2502 0.34002031276
2503 0.357560803988
2504 0.312350057343
2505 0.345998884174
2506 0.308339141679
2507 0.345169931598
2508 0.350295327422
2509 0.351087988737
2510 0.343670215589
2511 0.350843711131
2512 0.344256783631
2513 0.346742392177
2514 0.30758680828
2515 0.30850420546
2516 0.307516465207
2517 0.350447484197
2518 0.308315575557
2519 0.350325748206
2520 0.304590832874
2521 0.346533888033
2522 0.347578923883
2523 0.312495235153
2524 0.313515270894
2525 0.335272688713
2526 0.291326712688
2527 0.349991409907
2528 0.30728222049
2529 0.307610263123
2530 0.325270197596
2531 0.344462555767
2532 0.339020168971
2533 0.341980416293
2534 0.350782694834
2535 0.308339141679
2536 0.307704118275
2537 0.331934583279
2538 0.342532138116
2539 0.317637873275
2540 0.348028728375
2541 0.289611672811
2542 0.307212016647
2543 0.35342570445
2544 0.366994267703
2545 0.324433085941
2546 0.312761745278
2547 0.345880218691
2548 0.340939907927
2549 0.307633721543
2550 0.345406369603
2551 0.348269100457
2552 0.348811153531
2553 0.341372682626
2554 0.346623216239
2555 0.353054523944
2556 0.355857532691
2557 0.347758706085
2558 0.29174810086
2559 0.308009543452
2560 0.348931838992
2561 0.350204096761
2562 0.348871485825
2563 0.311867104027
2564 0.347040690863
2565 0.349203686859
2566 0.30732904088
2567 0.313856764225
2568 0.351455043613
2569 0.312907306127
2570 0.307188622494
2571 0.313539638628
2572 0.334994269273
2573 0.314223476444
2574 0.34863028179
2575 0.343728782429
2576 0.348509804803
2577 0.352376047396
2578 0.313710318889
2579 0.348931838992
2580 0.345081350778
2581 0.307845008439
2582 0.312205014363
2583 0.327461725026
2584 0.362639427417
2585 0.314492943836
2586 0.373104050184
2587 0.349566810276
2588 0.307939006915
2589 0.343699496514
2590 0.326745584853
2591 0.3501736971
2592 0.344315550579
2593 0.348028728375
2594 0.348992213045
2595 0.357339090317
2596 0.307235414363
2597 0.307188622494
2598 0.347519037783
2599 0.344933817066
2600 0.312495235153
2601 0.349718334685
2602 0.349627404281
2603 0.350234501701
2604 0.323185466319
2605 0.350143302716
2606 0.321152853323
2607 0.340536973712
2608 0.349627404281
2609 0.34189346475
2610 0.349688019295
2611 0.316889315836
2612 0.350538841727
2613 0.31410114386
2614 0.325060514955
2615 0.307962515504
2616 0.349809312399
2617 0.342183475324
2618 0.343085643017
2619 0.314027790019
2620 0.348449597529
2621 0.316914210903
2622 0.30758680828
2623 0.307774547233
2624 0.347878664245
2625 0.347249805508
2626 0.34953652115
2627 0.278034391797
2628 0.36348900618
2629 0.313905609726
2630 0.343963249539
2631 0.349324644145
2632 0.34505183394
2633 0.307633721543
2634 0.360178659874
2635 0.307516465207
2636 0.313320465288
2637 0.316690296011
2638 0.291410892913
2639 0.346533888033
2640 0.314199002305
2641 0.317587859439
2642 0.315624833001
2643 0.373414883883
2644 0.342939810473
2645 0.31264054798
2646 0.315180950902
2647 0.345702373004
2648 0.345022322151
2649 0.343231599642
2650 0.343699496514
2651 0.307610263123
2652 0.311097477488
2653 0.340450754544
2654 0.325322660531
2655 0.346058247456
2656 0.34647436147
2657 0.313271801708
2658 0.314910303715
2659 0.323030188228
2660 0.317362991943
2661 0.316914210903
2662 0.321562454411
2663 0.334633014566
2664 0.314689210593
2665 0.340221050062
2666 0.344286164598
2667 0.316119504004
2668 0.314689210593
2669 0.327196122199
2670 0.319854185743
2671 0.304890105857
2672 0.304659843712
2673 0.318465381747
2674 0.336559401851
2675 0.341806557413
2676 0.317487879001
2677 0.340422024522
2678 0.307727591013
2679 0.306488450888
2680 0.320107997984
2681 0.335551571335
2682 0.379206710903
2683 0.31503326752
2684 0.371147390799
2685 0.334577506062
2686 0.314885722472
2687 0.315107091907
2688 0.334577506062
2689 0.304820990675
2690 0.339934354984
2691 0.290675961276
2692 0.304521853294
2693 0.304774931293
2694 0.315180950902
2695 0.319322487975
2696 0.328100934574
2697 0.314713761163
2698 0.312737498301
2699 0.336924830083
2700 0.304751906821
2701 0.305305456035
2702 0.316045204528
2703 0.316640580109
2704 0.30486706398
2705 0.321844661767
2706 0.337347465344
2707 0.357275794047
2708 0.3176628861
2709 0.311505867999
2710 0.304890105857
2711 0.305097639585
2712 0.294388162489
2713 0.376165702218
2714 0.320642317033
2715 0.304590832874
2716 0.331934583279
2717 0.320514936484
2718 0.336699857323
2719 0.34002031276
2720 0.321383125445
2721 0.352591643265
2722 0.304659843712
2723 0.311097477488
2724 0.330439137499
2725 0.342067412074
2726 0.30606987789
2727 0.314443915394
2728 0.305166880293
2729 0.347369412778
2730 0.332344784198
2731 0.333085706431
2732 0.316814654095
2733 0.304636836625
2734 0.316988919581
2735 0.315180950902
2736 0.314689210593
2737 0.304751906821
2738 0.31641705158
2739 0.372759285769
2740 0.291032464511
2741 0.321844661767
2742 0.338763939418
2743 0.4372426827
2744 0.341661809993
2745 0.311770692526
2746 0.307986027683
2747 0.335244825944
2748 0.313344802749
2749 0.369786505692
2750 0.346742392177
2751 0.33979118856
2752 0.334217149179
2753 0.314027790019
2754 0.34068076941
2755 0.43972105849
2756 0.340508229137
2757 0.375605306386
2758 0.340134990775
2759 0.35311633321
2760 0.30758680828
2761 0.306511738515
2762 0.335328428145
2763 0.310761959062
2764 0.339419519612
2765 0.316988919581
2766 0.389984627861
2767 0.31552608452
2768 0.304590832874
2769 0.315353423279
2770 0.327834294237
2771 0.376657422091
2772 0.305189967513
2773 0.294087700706
2774 0.31947422116
2775 0.304590832874
2776 0.317263153015
2777 0.304590832874
2778 0.339020168971
2779 0.353085425872
2780 0.314321411141
2781 0.337997569383
2782 0.341112886064
2783 0.317512868209
2784 0.31781304582
2785 0.315205578261
2786 0.376376282011
2787 0.321025066894
2788 0.363096398793
2789 0.304498867043
2790 0.312785996014
2791 0.30486706398
2792 0.310474947325
2793 0.304521853294
2794 0.321025066894
2795 0.316193838422
2796 0.312664779925
2797 0.351118547357
2798 0.317487879001
2799 0.30567560738
2800 0.304636836625
2801 0.340335863544
2802 0.311650261943
2803 0.307118461408
2804 0.31410114386
2805 0.305166880293
2806 0.309759732058
2807 0.358864957796
2808 0.31542739781
2809 0.304567836209
2810 0.30758680828
2811 0.369447842347
2812 0.312011833134
2813 0.336082728534
2814 0.315402735777
2815 0.325453891939
2816 0.33305820596
2817 0.311433721191
2818 0.304567836209
2819 0.307751067332
2820 0.349961047158
2821 0.31264054798
2822 0.330060627605
2823 0.3154520637
2824 0.331525393704
2825 0.304659843712
2826 0.31523020947
2827 0.314052237492
2828 0.348690551525
2829 0.342561225424
2830 0.317188315033
2831 0.317163376884
2832 0.311578048242
2833 0.330033624363
2834 0.341055207185
2835 0.304682854274
2836 0.374698215734
2837 0.316293005378
2838 0.311505867999
2839 0.339134173232
2840 0.43437073227
2841 0.31515632739
2842 0.287793464407
2843 0.304475884262
2844 0.340508229137
2845 0.357022833046
2846 0.31564952978
2847 0.334799650642
2848 0.314174531977
2849 0.310618386894
2850 0.342067412074
2851 0.31609473363
2852 0.313637147457
2853 0.333968125721
2854 0.334106426254
2855 0.333968125721
2856 0.311794789812
2857 0.307821517786
2858 0.304498867043
2859 0.314345904355
2860 0.333498759143
2861 0.312761745278
2862 0.304705868313
2863 0.339905712048
2864 0.321306331389
2865 0.340221050062
2866 0.31552608452
2867 0.338139228046
2868 0.340623236561
2869 0.306861478061
2870 0.341546100295
2871 0.316615728011
2872 0.37651679957
2873 0.346177035149
2874 0.31906991937
2875 0.367061054649
2876 0.338167574029
2877 0.312374244277
2878 0.320489472518
2879 0.305236152436
2880 0.304820990675
2881 0.339762569746
2882 0.370193722179
2883 0.313734716954
2884 0.329494485877
2885 0.305189967513
2886 0.339134173232
2887 0.304682854274
2888 0.377397417026
2889 0.314689210593
2890 0.305005367503
2891 0.34030715291
2892 0.311289527787
2893 0.318565978883
2894 0.304844025587
2895 0.320489472518
2896 0.305166880293
2897 0.359728998626
2898 0.337432119665
2899 0.305005367503
2900 0.304613833013
2901 0.312132543376
2902 0.342241536488
2903 0.304613833013
2904 0.311602115757
2905 0.34311482441
2906 0.337460347213
2907 0.331743502516
2908 0.315353423279
2909 0.334383371236
2910 0.364968876376
2911 0.34024974617
2912 0.337771162236
2913 0.346533888033
2914 0.335942787358
2915 0.392871152181
2916 0.343816670126
2917 0.339963002746
2918 0.311553984445
2919 0.314419406905
2920 0.339191204119
2921 0.3400776421
2922 0.393599472201
2923 0.304544843016
2924 0.314174531977
2925 0.373035046291
2926 0.337375678731
2927 0.310977566342
2928 0.319702091503
2929 0.340623236561
2930 0.37595535793
2931 0.304636836625
2932 0.331498150266
2933 0.372243332157
2934 0.329467575187
2935 0.313685924618
2936 0.313320465288
2937 0.357909767597
2938 0.367261561416
2939 0.316491526015
2940 0.341777598118
2941 0.339419519612
2942 0.314296921744
2943 0.313807933924
2944 0.34030715291
2945 0.320209635703
2946 0.339963002746
2947 0.368435564032
2948 0.316740027527
2949 0.334189461568
2950 0.304982308202
2951 0.38139368352
2952 0.321229574024
2953 0.306511738515
2954 0.317487879001
2955 0.305120716329
2956 0.386657815642
2957 0.323964101397
2958 0.315921449651
2959 0.376411401567
2960 0.304844025587
2961 0.318364848125
2962 0.31057055898
2963 0.31577307167
2964 0.304659843712
2965 0.314296921744
2966 0.316615728011
2967 0.319752773509
2968 0.333113211444
2969 0.316367421425
2970 0.338394513094
2971 0.372897115048
2972 0.304890105857
2973 0.304844025587
2974 0.341922443684
2975 0.337940939146
2976 0.304521853294
2977 0.374281034569
2978 0.292891961852
2979 0.306325536532
2980 0.328394740361
2981 0.304636836625
2982 0.334549758715
2983 0.304797959244
2984 0.313344802749
2985 0.337291052725
2986 0.335886843513
2987 0.319626098613
2988 0.314199002305
2989 0.335523662197
2990 0.341806557413
2991 0.315871974833
2992 0.338309375259
2993 0.345850565037
2994 0.335719123717
2995 0.353673592021
2996 0.314345904355
2997 0.334355656079
2998 0.313320465288
2999 0.305721939416
3000 0.314861145066
3001 0.319778120538
3002 0.341632875219
3003 0.359761080049
3004 0.339134173232
3005 0.339105664979
3006 0.3740034295
3007 0.304521853294
3008 0.336756072342
3009 0.304820990675
3010 0.330303855776
3011 0.291053462524
3012 0.388594643155
3013 0.313198834673
3014 0.334383371236
3015 0.371968740488
3016 0.314345904355
3017 0.330682924058
3018 0.341951427532
3019 0.317387961494
3020 0.340594477422
3021 0.316715159817
3022 0.362281184606
3023 0.339248254191
3024 0.336952972819
3025 0.310857747599
3026 0.339505217185
3027 0.324354827578
3028 0.367261561416
3029 0.313247475585
3030 0.36924494193
3031 0.304774931293
3032 0.304475884262
3033 0.31454198757
3034 0.340479489415
3035 0.389382334999
3036 0.341084044186
3037 0.336531324818
3038 0.304521853294
3039 0.349778981236
3040 0.317712923572
3041 0.328635518582
3042 0.336727962487
3043 0.3154520637
3044 0.316193838422
3045 0.304705868313
3046 0.304682854274
3047 0.348419501692
3048 0.318641468451
3049 0.315698934934
3050 0.342183475324
3051 0.312955856524
3052 0.321639370961
3053 0.356581012162
3054 0.304682854274
3055 0.340192358795
3056 0.304590832874
3057 0.340134990775
3058 0.314713761163
3059 0.334106426254
3060 0.304613833013
3061 0.349627404281
3062 0.314419406905
3063 0.303422413734
3064 0.313198834673
3065 0.337178284068
3066 0.338621756954
3067 0.313223153241
3068 0.313954470433
3069 0.316144278259
3070 0.315896710305
3071 0.339219726757
3072 0.304475884262
3073 0.369278743188
3074 0.339162686278
3075 0.304590832874
3076 0.3154520637
3077 0.370908513294
3078 0.318666639592
3079 0.318918569894
3080 0.336110730761
3081 0.329790793868
3082 0.315328772812
3083 0.422895585553
3084 0.304705868313
3085 0.319981041532
3086 0.338564917381
3087 0.317712923572
3088 0.347848666947
3089 0.332509148581
3090 0.338195924764
3091 0.337799446541
3092 0.304659843712
3093 0.306931521767
3094 0.333416066666
3095 0.312737498301
3096 0.312883036577
3097 0.339590958043
3098 0.365365545747
3099 0.389495123162
3100 0.311097477488
3101 0.320540404497
3102 0.417598446231
3103 0.356707135077
3104 0.312229178838
3105 0.340824686599
3106 0.327621293802
3107 0.341719694247
3108 0.33496645276
3109 0.337234658969
3110 0.316988919581
3111 0.324694220105
3112 0.319803471586
3113 0.315378077601
3114 0.340795893435
3115 0.362118580843
3116 0.341603945346
3117 0.321588089173
3118 0.365332457036
3119 0.361858718209
3120 0.333829939638
3121 0.341690749669
3122 0.304590832874
3123 0.304659843712
3124 0.286383713658
3125 0.318063627737
3126 0.304567836209
3127 0.304636836625
3128 0.304590832874
3129 0.304682854274
3130 0.337291052725
3131 0.304890105857
3132 0.304636836625
3133 0.34227057446
3134 0.310953595205
3135 0.304751906821
3136 0.335775011702
3137 0.317988411681
3138 0.361081363282
3139 0.313954470433
3140 0.313685924618
3141 0.341922443684
3142 0.304705868313
3143 0.337601555828
3144 0.304613833013
3145 0.312180853629
3146 0.372862648174
3147 0.341084044186
3148 0.304567836209
3149 0.335607403543
3150 0.332728554156
3151 0.342706736096
3152 0.313685924618
3153 0.342648516996
3154 0.304820990675
3155 0.361372479673
3156 0.326243509146
3157 0.311529924364
3158 0.314076688772
3159 0.336278842163
3160 0.314174531977
3161 0.335384186115
3162 0.304751906821
3163 0.319651425562
3164 0.342328665189
3165 0.312907306127
3166 0.314296921744
3167 0.334300239545
3168 0.314174531977
3169 0.355637925645
3170 0.347998705192
3171 0.333664267212
3172 0.305745110701
3173 0.34626617945
3174 0.327914240822
3175 0.339963002746
3176 0.306162795278
3177 0.315131707725
3178 0.377009438373
3179 0.31564952978
3180 0.339105664979
3181 0.304636836625
3182 0.304636836625
3183 0.370295666476
3184 0.304475884262
3185 0.339162686278
3186 0.372966067917
3187 0.316169056399
3188 0.315057871805
3189 0.337884327883
3190 0.314443915394
3191 0.305097639585
3192 0.366095016843
3193 0.314003346352
3194 0.330114647348
3195 0.333912837562
3196 0.339219726757
3197 0.361210690418
3198 0.306674851041
3199 0.351424426395
3200 0.331770786297
3201 0.304705868313
3202 0.32133192533
3203 0.334300239545
3204 0.32143434188
3205 0.362639427417
3206 0.31264054798
3207 0.352653290549
3208 0.359472553073
3209 0.305305456035
3210 0.334660775725
3211 0.306000226852
3212 0.31641705158
3213 0.334938640866
3214 0.360339525734
3215 0.357655908377
3216 0.317838086242
3217 0.304613833013
3218 0.313637147457
3219 0.304659843712
3220 0.315896710305
3221 0.362313722884
3222 0.315279483438
3223 0.31564952978
3224 0.317163376884
3225 0.364276773577
3226 0.327169585611
3227 0.348058756738
3228 0.304567836209
3229 0.338167574029
3230 0.313685924618
3231 0.304475884262
3232 0.314762873798
3233 0.319803471586
3234 0.319955662325
3235 0.315970939969
3236 0.311313550748
3237 0.315970939969
3238 0.329306203313
3239 0.356077411121
3240 0.369447842347
3241 0.34174864373
3242 0.314003346352
3243 0.305097639585
3244 0.336250811919
3245 0.30606987789
3246 0.3176628861
3247 0.314984070476
3248 0.341546100295
3249 0.304797959244
3250 0.314345904355
3251 0.335858878577
3252 0.304659843712
3253 0.342590317672
3254 0.35857786583
3255 0.314321411141
3256 0.293019611432
3257 0.318465381747
3258 0.359184488522
3259 0.361696493373
3260 0.292361283562
3261 0.336138737654
3262 0.338991679881
3263 0.316069967139
3264 0.338650183898
3265 0.288575791587
3266 0.356549495368
3267 0.305305456035
3268 0.342183475324
3269 0.304498867043
3270 0.304774931293
3271 0.304682854274
3272 0.304567836209
3273 0.375465468223
3274 0.338309375259
3275 0.336054730972
3276 0.333140721
3277 0.314812001763
3278 0.341228302368
3279 0.319044684482
3280 0.316020445796
3281 0.321639370961
3282 0.307024963132
3283 0.304567836209
3284 0.304820990675
3285 0.338735493374
3286 0.315082479934
3287 0.328903464377
3288 0.350021777925
3289 0.357212520197
3290 0.316317806837
3291 0.33953379266
3292 0.437290080281
3293 0.31336914399
3294 0.340221050062
3295 0.314247954397
3296 0.357782792957
3297 0.360532754544
3298 0.341459369442
3299 0.355637925645
3300 0.340278447118
3301 0.30502843029
3302 0.358928818453
3303 0.338906241333
3304 0.315600140087
3305 0.33212588429
3306 0.313271801708
3307 0.329682983866
3308 0.306558324386
3309 0.305328564229
3310 0.309973950406
3311 0.304590832874
3312 0.304705868313
3313 0.314199002305
3314 0.338678615615
3315 0.304820990675
3316 0.309807310544
3317 0.338082550334
3318 0.304705868313
3319 0.304959252388
3320 0.352406830662
3321 0.322204551964
3322 0.347339503237
3323 0.304636836625
3324 0.305213058227
3325 0.351761509469
3326 0.305005367503
3327 0.306931521767
3328 0.31641705158
3329 0.313393489014
3330 0.314052237492
3331 0.319854185743
3332 0.31753786135
3333 0.341603945346
3334 0.304705868313
3335 0.313905609726
3336 0.351485666166
3337 0.304613833013
3338 0.333223276936
3339 0.305074566331
3340 0.339390963368
3341 0.313564010151
3342 0.317238203098
3343 0.359696922924
3344 0.313515270894
3345 0.369718723361
3346 0.368772373214
3347 0.317863130611
3348 0.342473978316
3349 0.340192358795
3350 0.306791466316
3351 0.34068076941
3352 0.342648516996
3353 0.333885200347
3354 0.33879239024
3355 0.304659843712
3356 0.341372682626
3357 0.314272436163
3358 0.329844725314
3359 0.311361607795
3360 0.314959477716
3361 0.376727772748
3362 0.315624833001
3363 0.340911095292
3364 0.424721098188
3365 0.356517984144
3366 0.355074464448
3367 0.33122596195
3368 0.305421031995
3369 0.313150208864
3370 0.354762201265
3371 0.30732904088
3372 0.314150065461
3373 0.304613833013
3374 0.318465381747
3375 0.305189967513
3376 0.304659843712
3377 0.304751906821
3378 0.294947794881
3379 0.368469217262
3380 0.317462893727
3381 0.333968125721
3382 0.33155264162
3383 0.304844025587
3384 0.305305456035
3385 0.347908666717
3386 0.331579894015
3387 0.339219726757
3388 0.319448922283
3389 0.309997770736
3390 0.304820990675
3391 0.307751067332
3392 0.341170584454
3393 0.312810250511
3394 0.314738315564
3395 0.309973950406
3396 0.347279699603
3397 0.340853484629
3398 0.321947405474
3399 0.313832347175
3400 0.336110730761
3401 0.334855232887
3402 0.304751906821
3403 0.313807933924
3404 0.330628718186
3405 0.315008667077
3406 0.313053002529
3407 0.351669513607
3408 0.304498867043
3409 0.304567836209
3410 0.330954220247
3411 0.312446827557
3412 0.33953379266
3413 0.356329033706
3414 0.304751906821
3415 0.332673675622
3416 0.317788009342
3417 0.350447484197
3418 0.352684122276
3419 0.313101598152
3420 0.36306371979
3421 0.314910303715
3422 0.332591391754
3423 0.360210821555
3424 0.304820990675
3425 0.304844025587
3426 0.304844025587
3427 0.319676756525
3428 0.305074566331
3429 0.304728885828
3430 0.310857747599
3431 0.329817757386
3432 0.315921449651
3433 0.30502843029
3434 0.365233226853
3435 0.321793314501
3436 0.370874413036
3437 0.312810250511
3438 0.425079134941
3439 0.309522058666
3440 0.298461156451
3441 0.316690296011
3442 0.29841699886
3443 0.335105581541
3444 0.298859163623
3445 0.298372854334
3446 0.298394924964
3447 0.298505327112
3448 0.298372854334
3449 0.345643131744
3450 0.340393299349
3451 0.299413715623
3452 0.298262550136
3453 0.305536695493
3454 0.298262550136
3455 0.323263161358
3456 0.306162795278
3457 0.342939810473
3458 0.301449782588
3459 0.304797959244
3460 0.298682140574
3461 0.298992068677
3462 0.299014231012
3463 0.305536695493
3464 0.30493620006
3465 0.299369275739
3466 0.298660027437
3467 0.29894775386
3468 0.242384245063
3469 0.304959252388
3470 0.299302640643
3471 0.305629289385
3472 0.326877966987
3473 0.305559838705
3474 0.298615810984
3475 0.299014231012
3476 0.310236175543
3477 0.298571607623
3478 0.298682140574
3479 0.298637917574
3480 0.298969909626
3481 0.308787583481
3482 0.29894775386
3483 0.298704256986
3484 0.298637917574
3485 0.299591607173
3486 0.3062557691
3487 0.305051496566
3488 0.322668452295
3489 0.335775011702
3490 0.298372854334
3491 0.298593707668
3492 0.309450827753
3493 0.299036396634
3494 0.304728885828
3495 0.298439076022
3496 0.319676756525
3497 0.299280435536
3498 0.305629289385
3499 0.298837024268
3500 0.298814888192
3501 0.298704256986
3502 0.319600775677
3503 0.298814888192
3504 0.30486706398
3505 0.298615810984
3506 0.305791463811
3507 0.348118829012
3508 0.304475884262
3509 0.305768285499
3510 0.304844025587
3511 0.298814888192
3512 0.304797959244
3513 0.299702896775
3514 0.298394924964
3515 0.335775011702
3516 0.304544843016
3517 0.29894775386
3518 0.305490419583
3519 0.30850420546
3520 0.298726376673
3521 0.298925601378
3522 0.307680649118
3523 0.298814888192
3524 0.29894775386
3525 0.304659843712
3526 0.339819812197
3527 0.306139560643
3528 0.309379629618
3529 0.308457026349
3530 0.299147274052
3531 0.29841699886
3532 0.298461156451
3533 0.298682140574
3534 0.299369275739
3535 0.304844025587
3536 0.304728885828
3537 0.298505327112
3538 0.298350786968
3539 0.298682140574
3540 0.304544843016
3541 0.317263153015
3542 0.298505327112
3543 0.323522414836
3544 0.304844025587
3545 0.298549510849
3546 0.335858878577
3547 0.298615810984
3548 0.299014231012
3549 0.298748499636
3550 0.298615810984
3551 0.315254844529
3552 0.298549510849
3553 0.298969909626
3554 0.306093101949
3555 0.298859163623
3556 0.305074566331
3557 0.336531324818
3558 0.333250804675
3559 0.305166880293
3560 0.305791463811
3561 0.242238695165
3562 0.314787435863
3563 0.298969909626
3564 0.300059579782
3565 0.298748499636
3566 0.298461156451
3567 0.298483240147
3568 0.298549510849
3569 0.330033624363
3570 0.31906991937
3571 0.298262550136
3572 0.298682140574
3573 0.298527417345
3574 0.305837830977
3575 0.305582985425
3576 0.248644045278
3577 0.341372682626
3578 0.348269100457
3579 0.337686337736
3580 0.298660027437
3581 0.298461156451
3582 0.298505327112
3583 0.230185505882
3584 0.298571607623
3585 0.348118829012
3586 0.298439076022
3587 0.294194938053
3588 0.298637917574
3589 0.298350786968
3590 0.239378174139
3591 0.306046657354
3592 0.304774931293
3593 0.314738315564
3594 0.264057144111
3595 0.298903452178
3596 0.298549510849
3597 0.311939451793
3598 0.260426145293
3599 0.298593707668
3600 0.306000226852
3601 0.298549510849
3602 0.299125091991
3603 0.298726376673
3604 0.298837024268
3605 0.330574530082
3606 0.333857567706
3607 0.298372854334
3608 0.298439076022
3609 0.305745110701
3610 0.329844725314
3611 0.298859163623
3612 0.332071204362
3613 0.298814888192
3614 0.298969909626
3615 0.298571607623
3616 0.305768285499
3617 0.298593707668
3618 0.305559838705
3619 0.306162795278
3620 0.298372854334
3621 0.304659843712
3622 0.299302640643
3623 0.298615810984
3624 0.304728885828
3625 0.298593707668
3626 0.312495235153
3627 0.298549510849
3628 0.305282351339
3629 0.299413715623
3630 0.306162795278
3631 0.298637917574
3632 0.304521853294
3633 0.298439076022
3634 0.323548363057
3635 0.298859163623
3636 0.308315575557
3637 0.305814645636
3638 0.298483240147
3639 0.298571607623
3640 0.298903452178
3641 0.291579399392
3642 0.298483240147
3643 0.309189927998
3644 0.304844025587
3645 0.305444157688
3646 0.299102913219
3647 0.304682854274
3648 0.298505327112
3649 0.304774931293
3650 0.298969909626
3651 0.298262550136
3652 0.338763939418
3653 0.298439076022
3654 0.29841699886
3655 0.30194618193
3656 0.298593707668
3657 0.299881132217
3658 0.298527417345
3659 0.304959252388
3660 0.298682140574
3661 0.298483240147
3662 0.298704256986
3663 0.298660027437
3664 0.305513555785
3665 0.298527417345
3666 0.298461156451
3667 0.298593707668
3668 0.300126552384
3669 0.298571607623
3670 0.298792755395
3671 0.308033062812
3672 0.298549510849
3673 0.308622216402
3674 0.298372854334
3675 0.347938674365
3676 0.298549510849
3677 0.298372854334
3678 0.324903430299
3679 0.305282351339
3680 0.298571607623
3681 0.268754229886
3682 0.299014231012
3683 0.298483240147
3684 0.299769710232
3685 0.32563779388
3686 0.305559838705
3687 0.298593707668
3688 0.308457026349
3689 0.251778865971
3690 0.241585877985
3691 0.304890105857
3692 0.242238695165
3693 0.343319233242
3694 0.309926320728
3695 0.298394924964
3696 0.298969909626
3697 0.298593707668
3698 0.309308464238
3699 0.305629289385
3700 0.229936216974
3701 0.298792755395
3702 0.298571607623
3703 0.315057871805
3704 0.302036612054
3705 0.234072240373
3706 0.30630227719
3707 0.30493620006
3708 0.305328564229
3709 0.298637917574
3710 0.298262550136
3711 0.305861019834
3712 0.304959252388
3713 0.301630102482
3714 0.305907408098
3715 0.304959252388
3716 0.305513555785
3717 0.29841699886
3718 0.242238695165
3719 0.304913151216
3720 0.304820990675
3721 0.298549510849
3722 0.318339724636
3723 0.306558324386
3724 0.32259104283
3725 0.29841699886
3726 0.298660027437
3727 0.298726376673
3728 0.29841699886
3729 0.305907408098
3730 0.298262550136
3731 0.305582985425
3732 0.308811221817
3733 0.230080476278
3734 0.244307230535
3735 0.311361607795
3736 0.305629289385
3737 0.301878394866
3738 0.310212318563
3739 0.299058565542
3740 0.298571607623
3741 0.305930607507
3742 0.316914210903
3743 0.298372854334
3744 0.298660027437
3745 0.242238695165
3746 0.298394924964
3747 0.000247647350173
3748 0.298748499636
3749 0.298262550136
3750 0.298461156451
3751 0.34311482441
3752 0.298394924964
3753 0.298792755395
3754 0.305837830977
3755 0.30445290495
3756 0.299191648045
3757 0.340278447118
3758 0.298682140574
3759 0.263677429282
3760 0.298792755395
3761 0.305582985425
3762 0.298837024268
3763 0.299280435536
3764 0.304590832874
3765 0.305005367503
3766 0.298704256986
3767 0.298483240147
3768 0.298571607623
3769 0.304820990675
3770 0.298637917574
3771 0.298859163623
3772 0.298461156451
3773 0.298814888192
3774 0.305536695493
3775 0.298704256986
3776 0.298527417345
3777 0.298682140574
3778 0.298571607623
3779 0.305513555785
3780 0.309118849854
3781 0.299413715623
3782 0.298372854334
3783 0.30502843029
3784 0.298549510849
3785 0.304659843712
3786 0.305490419583
3787 0.304774931293
3788 0.298350786968
3789 0.305559838705
3790 0.298505327112
3791 0.291642639574
3792 0.305629289385
3793 0.304636836625
3794 0.305490419583
3795 0.305166880293
3796 0.29894775386
3797 0.305120716329
3798 0.329736880055
3799 0.298262550136
3800 0.298726376673
3801 0.310283900515
3802 0.234330583247
3803 0.30567560738
3804 0.29888130626
3805 0.310236175543
3806 0.304590832874
3807 0.298372854334
3808 0.229870704347
3809 0.229896904918
3810 0.298637917574
3811 0.305097639585
3812 0.230027997411
3813 0.298439076022
3814 0.298792755395
3815 0.298439076022
3816 0.298726376673
3817 0.298372854334
3818 0.299080737736
3819 0.304636836625
3820 0.298527417345
3821 0.298262550136
3822 0.304890105857
3823 0.305051496566
3824 0.298660027437
3825 0.309688391723
3826 0.298969909626
3827 0.305097639585
3828 0.298527417345
3829 0.309545809591
3830 0.305166880293
3831 0.319676756525
3832 0.302308227712
3833 0.304913151216
3834 0.305074566331
3835 0.298483240147
3836 0.305907408098
3837 0.298859163623
3838 0.298704256986
3839 0.310403277208
3840 0.29841699886
3841 0.298615810984
3842 0.324380909504
3843 0.287547294218
3844 0.298527417345
3845 0.298372854334
3846 0.306651538623
3847 0.000247647350173
3848 0.298903452178
3849 0.298461156451
3850 0.298372854334
3851 0.30567560738
3852 0.328181011275
3853 0.299836553485
3854 0.298262550136
3855 0.234507672979
3856 0.304636836625
3857 0.298262550136
3858 0.298483240147
3859 0.308645829425
3860 0.298527417345
3861 0.309902511377
3862 0.323289068007
3863 0.298726376673
3864 0.298505327112
3865 0.298792755395
3866 0.305236152436
3867 0.304728885828
3868 0.305907408098
3869 0.298637917574
3870 0.305421031995
3871 0.304890105857
3872 0.29841699886
3873 0.314959477716
3874 0.346414855353
3875 0.298549510849
3876 0.229831414687
3877 0.305421031995
3878 0.339105664979
3879 0.298571607623
3880 0.234507672979
3881 0.299058565542
3882 0.298748499636
3883 0.298394924964
3884 0.298969909626
3885 0.308457026349
3886 0.189835340734
3887 0.316367421425
3888 0.298439076022
3889 0.298903452178
3890 0.309213627977
3891 0.29841699886
3892 0.305629289385
3893 0.298527417345
3894 0.304429929106
3895 0.298461156451
3896 0.304567836209
3897 0.304774931293
3898 0.298350786968
3899 0.298992068677
3900 0.298394924964
3901 0.305120716329
3902 0.298483240147
3903 0.320744294394
3904 0.304705868313
3905 0.30445290495
3906 0.29841699886
3907 0.264178191918
3908 0.305907408098
3909 0.298527417345
3910 0.298903452178
3911 0.298328722866
3912 0.298792755395
3913 0.298571607623
3914 0.305490419583
3915 0.298837024268
3916 0.299147274052
3917 0.298571607623
3918 0.298571607623
3919 0.306372065815
3920 0.298903452178
3921 0.298615810984
3922 0.306023440342
3923 0.229870704347
3924 0.298483240147
3925 0.26233992265
3926 0.298350786968
3927 0.32642830479
3928 0.304890105857
3929 0.298682140574
3930 0.29974743577
3931 0.310260036194
3932 0.298859163623
3933 0.298439076022
3934 0.298770625877
3935 0.298903452178
3936 0.298262550136
3937 0.305351675921
3938 0.298682140574
3939 0.389269612138
3940 0.298350786968
3941 0.298925601378
3942 0.305513555785
3943 0.239406586979
3944 0.340393299349
3945 0.30662822975
3946 0.299147274052
3947 0.298372854334
3948 0.305074566331
3949 0.332920771692
3950 0.298527417345
3951 0.299280435536
3952 0.305143796565
3953 0.298328722866
3954 0.298350786968
3955 0.298350786968
3956 0.298394924964
3957 0.29888130626
3958 0.299102913219
3959 0.304498867043
3960 0.233624890866
3961 0.298637917574
3962 0.322565247928
3963 0.343787369234
3964 0.298394924964
3965 0.298615810984
3966 0.298328722866
3967 0.325348898346
3968 0.298615810984
3969 0.323289068007
3970 0.304913151216
3971 0.298814888192
3972 0.324903430299
3973 0.298748499636
3974 0.304475884262
3975 0.298262550136
3976 0.298637917574
3977 0.304636836625
3978 0.305282351339
3979 0.298527417345
3980 0.298814888192
3981 0.234944728631
3982 0.19030101852
3983 0.190354897631
3984 0.190247169901
3985 0.190238198094
3986 0.190283065594
3987 0.190309996254
3988 0.190247169901
3989 0.190292041634
3990 0.234221737827
3991 0.190265116055
3992 0.190256142555
3993 0.190256142555
3994 0.190283065594
3995 0.190327954262
3996 0.190309996254
3997 0.190265116055
3998 0.190327954262
3999 0.190354897631
4000 0.190265116055
4001 0.190309996254
4002 0.190247169901
4003 0.190292041634
4004 0.190274090401
4005 0.190318974834
4006 0.190256142555
4007 0.190247169901
4008 0.190265116055
4009 0.190238198094
4010 0.190318974834
4011 0.190238198094
4012 0.234194542269
4013 0.190247169901
4014 0.190283065594
4015 0.190336934538
4016 0.190238198094
4017 0.190265116055
4018 0.190309996254
4019 0.190292041634
4020 0.19030101852
4021 0.19030101852
4022 0.190327954262
4023 0.190238198094
4024 0.19039083399
4025 0.190238198094
4026 0.190265116055
4027 0.190309996254
4028 0.190292041634
4029 0.190247169901
4030 0.190247169901
4031 0.190399820201
4032 0.234289754361
4033 0.190247169901
4034 0.190256142555
4035 0.190247169901
4036 0.190238198094
4037 0.190247169901
4038 0.190265116055
4039 0.190309996254
