node,pagerank
1 0.00519251125184
2 0.000489624848573
3 0.000198992830248
4 0.000286824054328
5 0.000267765981084
6 0.000230492128908
7 0.00018879389301
8 0.000348900984307
9 0.00021434885316
10 0.000551416697723
11 0.000272821897735
12 0.000158247698826
13 0.000110510282938
14 0.000533325181442
15 0.000271907794933
16 9.26029028736e-05
17 0.00013555878443
18 0.00020507832681
19 7.77954664966e-05
20 0.000273425664943
21 0.0002066246983
22 0.000562127619957
23 0.000126591860646
24 0.000289073779558
25 0.000175916209819
26 0.000641078670529
27 0.000559165840198
28 8.55551843863e-05
29 0.000187525606933
30 0.000252055585506
31 0.000232045226517
32 0.000274361658401
33 0.000120747317492
34 8.28064225795e-05
35 0.000106254998841
36 0.000165741684923
37 0.00015289009746
38 0.000135678000141
39 0.000133690296731
40 0.000170778120886
41 0.00052025439261
42 0.000421392102952
43 0.00012441568441
44 9.81494171866e-05
45 0.000129378491559
46 0.000113893697317
47 0.00012871744038
48 0.000110433108539
49 0.000209977762038
50 0.000136059387292
51 0.000103420043821
52 0.000115392929968
53 0.000101738791371
54 0.000582828726216
55 0.000100284448164
56 0.000130577560578
57 0.000598462345828
58 0.000164571302658
59 0.000193130903734
60 0.000168751395533
61 9.26588886116e-05
62 0.000108403847464
63 0.00021410868445
64 8.76558296624e-05
65 0.000124299622857
66 0.000105601439409
67 0.000120315968969
68 0.000524921574491
69 0.000166460866691
70 0.000106885479056
71 9.01626665885e-05
72 0.000106545055835
73 0.000198393105944
74 0.000116085295319
75 7.63618578643e-05
76 0.000126114391504
77 9.23961957222e-05
78 0.000119870876582
79 0.000153088013124
80 0.000105200292984
81 0.000249802388766
82 0.000121887422622
83 0.000405799732153
84 0.000116557445481
85 0.000131494212208
86 0.000132012806556
87 0.000137744693629
88 0.000121774114821
89 0.00017283521002
90 0.000154245891132
91 0.000113490872939
92 0.000170317190606
93 0.000226669177851
94 0.000151717639249
95 0.000230590836388
96 0.000130264120224
97 0.000111165974413
98 0.00010417219392
99 0.000487869966131
100 0.000227767416489
101 0.000131754577795
102 0.000199494923485
103 0.000119209697774
104 0.000122307794692
105 0.000430342492472
106 0.00011985841155
107 9.85787255954e-05
108 0.00658239667592
109 0.000148864648932
110 0.000368765862011
111 0.000103017585222
112 0.000210831444261
113 8.9499804509e-05
114 0.0004779994858
115 4.461089311e-05
116 0.00030055530983
117 0.000226332412698
118 7.92630517771e-05
119 0.000403700367193
120 0.000576385192417
121 7.18580123146e-05
122 0.000105097126821
123 0.000538307021844
124 0.000144944705147
125 8.79880689019e-05
126 5.86364852534e-05
127 8.45643738259e-05
128 0.000189398969773
129 0.000212491353647
130 9.04038527543e-05
131 0.000164408506507
132 0.000129882178229
133 0.000142140674555
134 0.000169580918184
135 0.000150835232906
136 0.00013698869294
137 0.000561312640305
138 0.000242043372221
139 5.8383474268e-05
140 0.000123776725297
141 0.000159636917477
142 0.00020496587903
143 0.000351398119327
144 0.000195848440679
145 0.000205798322379
146 6.8265019738e-05
147 0.000102503288481
148 0.000107771672063
149 0.000176445892702
150 0.000191605126191
151 0.000142535936616
152 0.000110894746963
153 8.68840873403e-05
154 4.99675969553e-05
155 6.18414863293e-05
156 8.3088713118e-05
157 0.000114644896079
158 8.69584123611e-05
159 0.000211908419904
160 0.000153999139604
161 5.74106729665e-05
162 0.000187429365665
163 0.000126596537537
164 9.40614650771e-05
165 4.96619161922e-05
166 8.66351712149e-05
167 9.31252527659e-05
168 0.00012870866774
169 0.000106146627942
170 0.00038850737456
171 0.000518017295764
172 0.000344742327877
173 0.000396074346162
174 0.00018697308683
175 9.609239389e-05
176 0.000269066090474
177 0.000116142278297
178 0.000181295115162
179 0.000128453875204
180 8.33283341246e-05
181 0.000213115331759
182 0.000164226160358
183 8.04446379797e-05
184 5.18309433096e-05
185 0.0002045942918
186 0.000211891608058
187 0.000505959289851
188 0.00017283132506
189 0.000450148526489
190 0.000108161378824
191 7.97488889664e-05
192 5.8375444761e-05
193 0.000103025341202
194 9.46563742796e-05
195 0.00019429314864
196 0.000149243614348
197 0.000138183585594
198 0.000187079907735
199 0.000242459185376
200 0.000420008163084
201 0.00044557475854
202 8.54159705486e-05
203 8.38019383045e-05
204 0.000462697822592
205 0.000221828162582
206 6.21708712057e-05
207 7.47760463155e-05
208 4.970756022e-05
209 7.55364312908e-05
210 4.461089311e-05
211 4.461089311e-05
212 0.000345661110904
213 0.00014991649662
214 0.000371566024249
215 0.0002396313773
216 4.461089311e-05
217 6.0436769422e-05
218 0.00011600243741
219 0.000149243614348
220 0.000121107888431
221 8.66703190241e-05
222 8.44543655241e-05
223 0.000109501477411
224 0.000354549635324
225 0.000208586006477
226 0.00017078174401
227 0.000187784451373
228 0.00024859365252
229 6.38437307823e-05
230 8.40089106409e-05
231 0.000147985082482
232 0.000170851322559
233 0.00018147693898
234 7.77021922577e-05
235 4.9537051485e-05
236 7.00607728594e-05
237 0.000362081049667
238 9.75838291118e-05
239 0.000180250490903
240 0.000509179315729
241 6.68317449049e-05
242 5.61876190809e-05
243 0.00024041501602
244 0.000147982043875
245 7.77021922577e-05
246 9.91582471022e-05
247 0.000121877677413
248 6.55430907465e-05
249 0.00016369449569
250 0.00024535084681
251 6.05789314134e-05
252 0.000170928236712
253 0.000503948677163
254 8.14909114378e-05
255 0.000180500016055
256 5.61876190809e-05
257 7.77021922577e-05
258 0.000148780293397
259 0.000129276532087
260 0.00015534031494
261 0.000120229036419
262 0.000355447923721
263 8.66703190241e-05
264 0.000134090002233
265 0.000103017585222
266 0.000198372698492
267 0.000189233264524
268 5.83531696636e-05
269 9.52179207444e-05
270 9.14328978188e-05
271 6.27954315947e-05
272 0.000536222841367
273 0.000430957117916
274 0.000149243614348
275 0.000122251973638
276 0.000164226160358
277 0.000137845718251
278 0.000570848551132
279 0.000166848138728
280 5.75129064868e-05
281 0.000358629439729
282 0.00018621822028
283 7.77021922577e-05
284 7.88338894831e-05
285 0.000186788519344
286 0.000397568846026
287 5.49883946416e-05
288 4.461089311e-05
289 5.99056236947e-05
290 8.34369907125e-05
291 0.000114337880394
292 0.000308705187813
293 4.461089311e-05
294 7.88887519397e-05
295 5.48131114146e-05
296 9.76086188992e-05
297 0.000134090002233
298 0.00018510191695
299 9.84850472543e-05
300 0.000214740752273
301 9.66872972044e-05
302 6.01780711955e-05
303 0.000211481615688
304 0.000167323531428
305 0.000427422345726
306 5.64490148433e-05
307 0.000149243614348
308 7.26352626489e-05
309 0.000195987039442
310 0.00013698869294
311 0.000198420064798
312 8.4168481894e-05
313 0.000372831141199
314 0.000321237027297
315 0.000116183400057
316 0.000499784038179
317 5.1623708379e-05
318 8.70070619454e-05
319 9.77369780348e-05
320 0.000139833035043
321 0.0002453576025
322 7.21804637958e-05
323 0.00051218918039
324 0.000323440254312
325 0.000222691604585
326 0.000306593832048
327 0.00024967301627
328 8.38359548308e-05
329 0.000149243614348
330 0.00035913595097
331 0.000169866635254
332 0.000161146041478
333 0.00032650516296
334 0.000124039234292
335 0.000306527161579
336 4.461089311e-05
337 5.00710423718e-05
338 0.000152351328178
339 8.65421195251e-05
340 0.000249514846343
341 7.75255292887e-05
342 0.00010280583219
343 0.000259299875796
344 0.000238794762446
345 9.43003249768e-05
346 0.000132014604763
347 0.000276692454718
348 9.1998686135e-05
349 0.00214914154179
350 7.97511374331e-05
351 0.000210902330656
352 0.000125838399165
353 0.000165115125005
354 0.00057277500851
355 0.000265801737592
356 0.000300577981587
357 8.78082864182e-05
358 0.000187877133057
359 4.51892745493e-05
360 0.000232687504589
361 0.000322756544222
362 0.000216836036379
363 0.000159501030411
364 0.000524011670029
365 0.000200725143309
366 6.85508316018e-05
367 0.000569873570202
368 0.000276937912823
369 0.000256817122209
370 0.000247172962779
371 0.000488597257552
372 5.95959821986e-05
373 0.000163821532121
374 0.000561645834608
375 0.000473278998806
376 0.000127545814159
377 0.000734230473215
378 6.77568343309e-05
379 0.000460316974864
380 6.5340034937e-05
381 0.000136223026842
382 0.000139689338903
383 0.00012106350388
384 7.95091892487e-05
385 9.14688100938e-05
386 7.1891314259e-05
387 9.63249083601e-05
388 0.000270037162315
389 0.000236658711766
390 0.000468941159092
391 6.91490365732e-05
392 0.000392709217812
393 0.000228894044386
394 0.000158899979741
395 0.000239125614235
396 0.000501874005487
397 0.000215798711905
398 0.000424963814346
399 0.0002439071292
400 0.00017909167146
401 0.000467148031903
402 7.25784705775e-05
403 0.000450084607986
404 0.000161789269061
405 0.000339454144372
406 0.00012027368627
407 8.79986909779e-05
408 0.000160251171808
409 0.000385587313662
410 0.00023388903026
411 0.00013988474754
412 9.30166092776e-05
413 0.000633959734191
414 0.000146826021452
415 0.00169516777424
416 0.000173239327023
417 0.000147043493259
418 0.00040202284187
419 0.000151581402413
420 0.000436979259666
421 0.000229322956775
422 0.000183237081177
423 0.000528198157782
424 0.000430155638091
425 0.000185445630777
426 0.000157243662264
427 0.000149545455708
428 0.000121347344913
429 0.000621870611696
430 0.000122953638119
431 0.000237473003608
432 0.000861776905322
433 0.0003726404572
434 0.000126411346463
435 0.000258179839525
436 0.000118211948552
437 0.000483585581287
438 0.000220497983899
439 0.000442689303601
440 0.000274622701554
441 0.000109701748763
442 0.00017909167146
443 0.000106748671322
444 7.00206203592e-05
445 0.000341517570162
446 0.000205126361878
447 0.000141402059093
448 4.51892745493e-05
449 5.69183277771e-05
450 0.000111968792689
451 0.000180937082814
452 0.00017214370278
453 0.000326326654214
454 0.000144959326766
455 8.63036182427e-05
456 0.000306431114911
457 0.000387544371052
458 0.00020791139896
459 0.000182716236263
460 0.00012490900904
461 0.000500114728548
462 0.0003643428
463 0.000168228731713
464 0.000307826836306
465 0.000108999389294
466 0.000493250034366
467 0.000107109910867
468 0.000104980256031
469 7.00206203592e-05
470 0.000199821621204
471 0.000153075143912
472 0.000229510192876
473 9.43724401345e-05
474 0.000232951879447
475 0.00017020491684
476 0.000687115586318
477 0.000139348293756
478 0.000138998369856
479 0.00010080651197
480 0.00023470727598
481 0.000103872025647
482 0.000220251837849
483 0.000242974059253
484 0.00178022985122
485 0.000587257875313
486 7.4313391601e-05
487 0.000177172199214
488 0.000231643805302
489 0.000174947698988
490 0.000198578647934
491 0.000126158002046
492 0.000106702592297
493 0.000451672137711
494 0.000396467914655
495 0.000155326247004
496 0.000154467093408
497 0.00030729543873
498 0.000518282514317
499 0.000133872472208
500 8.25219502803e-05
501 0.000506487330861
502 0.00017909167146
503 9.85677306564e-05
504 0.000391729620116
505 0.000399098854563
506 0.000142542889468
507 0.000481009099527
508 0.000463278635011
509 0.0001438637473
510 0.000161087024275
511 0.000216299037902
512 0.000233180990687
513 0.000184436918074
514 0.000541000192881
515 0.000422012481767
516 0.000417016927728
517 0.000199217348161
518 0.000620664222295
519 0.00019342008806
520 0.000188090622497
521 0.000374510428777
522 0.000114426297507
523 0.000122902650571
524 0.000307896174025
525 0.000407056575146
526 0.00046068004934
527 0.00043265796155
528 0.000313031228681
529 0.000107568248135
530 0.000105349490494
531 6.74236306758e-05
532 0.000360025517022
533 0.000234901827093
534 8.62145905666e-05
535 0.00010034541562
536 0.000105207664891
537 0.000143840099271
538 0.000288699279205
539 0.000494606782868
540 0.000192571431608
541 8.90384815871e-05
542 9.58176443795e-05
543 0.00041604903705
544 0.000164195240973
545 0.000476994521738
546 0.000321918501097
547 0.000263612714593
548 0.000274242248003
549 0.000255130514074
550 0.000103022098819
551 4.51892745493e-05
552 0.00017783586644
553 9.14688100938e-05
554 0.000537159762031
555 0.000184442192445
556 0.000276129565703
557 0.000377071148993
558 0.000264792338389
559 0.000158234325906
560 0.000505149522405
561 0.000239798952668
562 0.000481172063297
563 7.35259989778e-05
564 0.000674378603053
565 0.000205002200944
566 0.000137810417234
567 0.000483432437443
568 0.000489062637735
569 0.000121497525223
570 0.000111700767105
571 0.000256473939656
572 5.13729612611e-05
573 0.000104980256031
574 0.00036087377698
575 0.000134634260094
576 0.000139878809943
577 0.000169674262488
578 0.000246124171101
579 0.000266421451265
580 0.000396907913995
581 0.000485071447855
582 8.05965390763e-05
583 0.00023634926868
584 0.000277182993662
585 0.000181933803498
586 4.62837976741e-05
587 8.58225895338e-05
588 9.63118277749e-05
589 0.000158505635949
590 0.000217990647431
591 0.000139349895605
592 0.000324434509075
593 0.000450511781179
594 6.33457144822e-05
595 0.000207744280536
596 0.000217098713666
597 0.000398578928038
598 0.000222188773137
599 0.00017149588535
600 0.000257048711428
601 0.000267418421794
602 0.00017246845844
603 4.62837976741e-05
604 0.000191068522267
605 0.000243251360077
606 0.00018949196255
607 0.000471517376347
608 4.62837976741e-05
609 4.62837976741e-05
610 0.000321181610038
611 6.56459272778e-05
612 0.000174623082279
613 0.00016507057021
614 4.62837976741e-05
615 0.000228129453144
616 0.00026755448407
617 0.000232155327746
618 0.000264662077449
619 0.000252467644302
620 0.00025984862322
621 0.00018666342283
622 0.000106277881068
623 0.000160262812604
624 0.000184624778061
625 4.62837976741e-05
626 0.000222518658627
627 0.00015789120295
628 0.000266421451265
629 0.000151446266932
630 0.000100338209783
631 0.000385998869236
632 0.000137731260094
633 0.000247445387162
634 0.000165370112697
635 0.000137159742486
636 0.00024132289359
637 0.000249637558849
638 0.0005839797669
639 4.62837976741e-05
640 0.000131591843257
641 0.000256479109607
642 0.000425432095529
643 8.05965390763e-05
644 0.000267418421794
645 0.000246732986502
646 0.000201522247382
647 0.000116870913993
648 0.00021673358625
649 5.53252402925e-05
650 8.08656948672e-05
651 0.000247292026538
652 0.000478687197777
653 5.56626816764e-05
654 0.000270900289112
655 0.000350581639237
656 8.63624561282e-05
657 5.5322095236e-05
658 0.000103078561822
659 0.000266421451265
660 0.000266421451265
661 6.7065316298e-05
662 0.000267418421794
663 0.000266832716488
664 0.000119986339399
665 0.000182953768885
666 0.000209161702214
667 0.000179934885313
668 6.83820288461e-05
669 4.62837976741e-05
670 0.000233037934689
671 0.000256069597202
672 6.62592302025e-05
673 0.000102461222176
674 6.06639552589e-05
675 4.62837976741e-05
676 0.000256790292081
677 0.000126191483411
678 0.000228094770108
679 0.000268405028921
680 0.000101257183003
681 0.00026541151287
682 0.000257604747721
683 0.000161378433245
684 0.000232659666595
685 0.000213538253668
686 0.000180914012806
687 0.00191477948346
688 0.000241730048732
689 0.000420180947058
690 0.000150746292827
691 9.30629163961e-05
692 0.000117807403996
693 4.71158137744e-05
694 0.000132688391906
695 0.000515562013759
696 0.000336185150771
697 0.000286548313111
698 0.000487079427698
699 0.0012542281915
700 6.1692726691e-05
701 8.83729911472e-05
702 0.000191771900589
703 0.000152483207437
704 0.000392520832661
705 8.2624474493e-05
706 0.000642533472286
707 0.000150569665809
708 0.000174833094758
709 0.000265619218743
710 0.000147706861499
711 8.84751562987e-05
712 0.000175666552469
713 0.00021907710498
714 0.000678163863783
715 0.000241259381249
716 0.000102890749716
717 0.000132142656393
718 0.000114001600406
719 0.000299257347122
720 0.000567769107113
721 0.000199872905991
722 7.54982639755e-05
723 0.000138522988437
724 0.000121768557709
725 0.000437605221106
726 0.000149793470215
727 0.000341394249946
728 0.000232485175676
729 0.000328165819949
730 0.000214315877164
731 0.000154027955112
732 0.000217743392089
733 0.000249029239645
734 0.000123038342634
735 0.000219037373925
736 8.11493936298e-05
737 0.000219019965248
738 0.000145340053102
739 0.00021935757133
740 0.000260458905295
741 0.00011959366886
742 0.000161546217751
743 0.000173657522501
744 7.52242083185e-05
745 5.62634215949e-05
746 0.000534946321519
747 0.00015319118848
748 0.000536558135733
749 0.000181200212296
750 7.19269623592e-05
751 5.56369885199e-05
752 0.000116965567627
753 0.000297004536768
754 0.000162965501359
755 0.000285870819035
756 0.000183214029406
757 0.000102451109442
758 0.000116289417331
759 0.000188040337135
760 0.000110370849681
761 0.000309201243366
762 9.51725748923e-05
763 0.000124274870711
764 0.00015422579525
765 0.000241242001589
766 0.000141366413887
767 0.00029838102423
768 0.000148959920789
769 0.000217694925516
770 0.000190069871067
771 0.000269788242512
772 0.000242532638931
773 0.000166815875981
774 0.000280439555421
775 0.000317796816671
776 7.19269623592e-05
777 0.000219250978119
778 0.000169041113516
779 0.000148525776601
780 0.00016708797976
781 0.000282528043869
782 0.000471332123091
783 0.000205682183097
784 0.000173477924172
785 0.000371549496723
786 6.8488440423e-05
787 0.000138055965113
788 0.000259013070759
789 9.05883994574e-05
790 0.000220635619643
791 7.51144127981e-05
792 0.000134135498275
793 0.00020520953281
794 0.000200155544644
795 0.000134719808072
796 0.000178675487316
797 0.000128652777506
798 0.000240203613409
799 0.000148603315023
800 0.000138380178009
801 0.000366488139796
802 4.71158137744e-05
803 0.000104236703263
804 0.000212345690965
805 0.000239583484839
806 0.00057250845793
807 0.000259901351349
808 0.00018402877886
809 0.000111027343774
810 0.000174479966836
811 0.00029593737089
812 0.000127790566229
813 9.30578986111e-05
814 0.000132021443293
815 0.000216195900073
816 0.000321966755678
817 0.000151077092445
818 0.0002113448652
819 0.000246202891601
820 0.000374727511798
821 0.000310707180257
822 0.000100295535109
823 0.000248176685252
824 0.000507797520427
825 0.000502493049133
826 0.000127543888144
827 0.000114329390877
828 0.000390841216148
829 0.000957085873531
830 0.000335912722671
831 0.000462211459294
832 0.000147536708468
833 8.69743296999e-05
834 0.000255568683408
835 0.000340945220802
836 0.000181205286603
837 0.000124092358344
838 0.000133768857371
839 0.000191280077345
840 0.000253058201136
841 0.000263448546521
842 5.98583144914e-05
843 0.000304049441619
844 0.000130380032577
845 0.000130945948531
846 0.00018889621544
847 9.33436647462e-05
848 0.000219103743395
849 0.000193133040446
850 0.000303226461368
851 0.000147811615078
852 5.92449777293e-05
853 0.000114001600406
854 0.000379557698763
855 6.10732144017e-05
856 0.000114001600406
857 0.000464250992822
858 0.000189329796616
859 0.000143405892863
860 7.1767300722e-05
861 5.59543745548e-05
862 0.00017189892959
863 0.000288056643317
864 0.0001919024941
865 0.000122203518511
866 9.14834200762e-05
867 0.000147761577729
868 0.00020787785175
869 9.14834200762e-05
870 0.000109753113469
871 0.000194838948348
872 0.000183421683
873 0.000183110301276
874 0.000159852520568
875 0.000183110301276
876 4.90685112834e-05
877 0.0001919024941
878 0.000114966109861
879 0.000176116161525
880 0.000170851864375
881 9.48758968179e-05
882 0.000193989964929
883 0.000146186933364
884 4.90685112834e-05
885 0.000110113749451
886 0.000238136775592
887 0.000151270142805
888 0.000159852520568
889 0.000159802101548
890 0.000222003151103
891 0.000110691948191
892 4.90685112834e-05
893 4.90685112834e-05
894 0.000102935365563
895 0.000122724127655
896 0.000169158089203
897 0.00161991446835
898 0.000311431828538
899 0.000203024630684
900 6.80560386548e-05
901 0.000117310387994
902 0.000272820322569
903 0.000250370757053
904 0.000271203149619
905 8.37028611467e-05
906 0.000125168679405
907 0.000313052325701
908 8.53575280101e-05
909 0.000304928256098
910 0.000172485069045
911 9.6565415757e-05
912 4.26260280919e-05
913 0.000122251168243
914 0.000277448580189
915 0.000107533970514
916 0.000234805376978
917 0.000445322298436
918 0.000644514122526
919 4.26260280919e-05
920 0.000182287989671
921 0.000100105913263
922 0.000341354849079
923 0.000191384895547
924 0.000100647319109
925 0.000333573250144
926 0.000509733704491
927 0.000106965947708
928 0.000320753705064
929 0.000109893425909
930 8.59347070687e-05
931 0.000346484445338
932 0.000130287412339
933 0.000446540611891
934 0.000150659790446
935 0.000301608263217
936 8.25715214298e-05
937 0.00022764687284
938 9.29166109695e-05
939 0.000233403014664
940 0.000160742309799
941 0.000130455027319
942 0.000352662100475
943 0.000376412956751
944 0.000112145260606
945 0.00024601946648
946 5.6407639678e-05
947 0.000502174589192
948 0.000364222946454
949 0.000238467806584
950 0.000160427959251
951 0.00010875113484
952 0.000161534792553
953 0.000302501901881
954 0.000349678596874
955 0.000335208807234
956 0.000160026600923
957 0.00015322426429
958 0.000344548434862
959 0.000181862099041
960 0.000223733402622
961 0.000344028654845
962 0.000140499020179
963 0.00018214448884
964 0.000263487267452
965 0.000189631793662
966 0.000116977885121
967 0.000345984266966
968 0.000371598458572
969 0.000272271451268
970 0.000201596316124
971 0.000146265943122
972 0.000206539250964
973 0.0001004941671
974 0.000143354118322
975 0.000112572790289
976 0.000309946608567
977 0.000163055095062
978 0.00019116075605
979 0.000336248733609
980 0.000157770395405
981 0.000411409763493
982 0.000259725912934
983 0.000301373463172
984 0.000375238872692
985 0.000229392049203
986 8.97981160467e-05
987 9.91809543227e-05
988 9.0435556019e-05
989 0.00022344524664
990 0.000193098264418
991 0.00027724151106
992 0.000160155250569
993 0.000257526758474
994 0.000464158343716
995 0.000156209007217
996 0.000324097931379
997 7.06620281688e-05
998 0.000331108257366
999 7.97843483515e-05
1000 0.000303868065616
1001 0.000168640029194
1002 0.000233627429296
1003 0.000113983056193
1004 0.000342202334392
1005 0.000364366799065
1006 0.000119755769503
1007 0.000442054231891
1008 0.00011089428205
1009 9.12518865806e-05
1010 0.000302917312236
1011 0.000305920747915
1012 0.000257808591825
1013 0.000201211589722
1014 0.000116616477405
1015 0.000461717197685
1016 0.00019674865856
1017 0.000146374168846
1018 0.000452083976191
1019 0.000286176107301
1020 0.000313809642645
1021 0.000304316115144
1022 0.000313392588508
1023 5.55376724646e-05
1024 0.000106347367353
1025 0.000324969974918
1026 0.000182767006301
1027 0.000315555013634
1028 8.88650793951e-05
1029 0.000244357509485
1030 0.000629545695591
1031 0.000173550596115
1032 6.59674590108e-05
1033 0.000408440235416
1034 0.000162569996634
1035 5.55822676833e-05
1036 0.000179890522151
1037 0.000302372090808
1038 0.00026036821233
1039 6.92009440701e-05
1040 0.000113519693929
1041 0.000398054790117
1042 0.000356307037007
1043 0.000112063188329
1044 0.000179695213645
1045 0.000148039674996
1046 0.000162669648303
1047 8.9626795746e-05
1048 0.000384675825451
1049 0.000372672713853
1050 0.000322773034427
1051 0.000120481691082
1052 0.000327690703925
1053 0.000863581985978
1054 0.00011406384107
1055 0.00024744438249
1056 0.000143293139854
1057 0.000449971284948
1058 8.90873904618e-05
1059 8.53774580276e-05
1060 0.000494816723742
1061 0.000278761852361
1062 0.000116620724017
1063 0.000159465927976
1064 0.000102971288024
1065 0.000227716343057
1066 5.0719041647e-05
1067 0.000357793185444
1068 0.000395270347894
1069 0.000232029224458
1070 0.000101419628998
1071 0.000951613390914
1072 8.05283421333e-05
1073 0.000183065161635
1074 0.000108302763532
1075 0.000254876557519
1076 0.000321563573002
1077 0.000424052717866
1078 0.000137872825998
1079 0.000536343803352
1080 0.000370133824103
1081 0.000369921145022
1082 0.000196852019756
1083 0.000286609028484
1084 0.000330777773118
1085 8.77964544227e-05
1086 0.000578820917029
1087 0.000658998752195
1088 0.000103500451715
1089 0.000149964406026
1090 0.000131270914178
1091 0.000123949457815
1092 0.000114136271265
1093 0.000232611846947
1094 9.00307719412e-05
1095 0.000101417504202
1096 0.000152671806098
1097 4.26260280919e-05
1098 0.000277939510158
1099 0.000222187827038
1100 0.000302470375124
1101 0.000386816079979
1102 0.00037728422113
1103 0.000289354066415
1104 7.7717099971e-05
1105 0.000470704448084
1106 0.000113983056193
1107 0.000194510345593
1108 0.000422532329647
1109 0.000230935686858
1110 0.000275298149984
1111 0.00030641941187
1112 0.000144099533931
1113 0.000239667420382
1114 0.000339646771109
1115 0.000240098472079
1116 0.000189127388921
1117 0.000121693226998
1118 0.000376116628761
1119 0.000268893242819
1120 4.26260280919e-05
1121 0.000294186980414
1122 0.000159575414551
1123 0.000318395872285
1124 0.000279062099907
1125 0.00042342577224
1126 0.000356763115895
1127 0.000596011725681
1128 0.000188673097529
1129 0.00035334326788
1130 0.000307132115758
1131 0.000242140839047
1132 0.000244779537323
1133 0.000423944194252
1134 8.41927821137e-05
1135 0.000121534210869
1136 0.000368374852388
1137 0.000313375885706
1138 0.000214236414195
1139 0.000208074138962
1140 0.000170866302566
1141 9.92589932223e-05
1142 0.000142349091607
1143 0.00022195900339
1144 0.000105480658477
1145 0.000199869134973
1146 4.26260280919e-05
1147 0.000453574650416
1148 5.55417351237e-05
1149 0.000316420706696
1150 0.000321800207391
1151 0.000120662126254
1152 7.39786003989e-05
1153 0.000111956558067
1154 0.000445238157843
1155 0.000103782100494
1156 0.000284112544382
1157 0.000315966523607
1158 7.3783501398e-05
1159 0.000277788570207
1160 0.000375732252605
1161 0.000312389991018
1162 0.000148855318661
1163 9.51439032163e-05
1164 0.000311663371974
1165 0.000115999250627
1166 0.000231376794931
1167 0.000313694181426
1168 0.000185534693686
1169 7.86158978002e-05
1170 0.000144211841753
1171 0.000225472274855
1172 0.000237924319087
1173 0.000347443247444
1174 0.000425166380841
1175 0.000180521606217
1176 0.000424426257776
1177 4.66848191692e-05
1178 0.00020264775562
1179 0.000136020890645
1180 0.000287117026112
1181 0.000209240325932
1182 0.000297110535071
1183 0.000249331333268
1184 0.000234742105367
1185 0.000469546151988
1186 0.000461102581436
1187 0.000139134183319
1188 0.000178276190073
1189 0.000233215790733
1190 0.000266873189283
1191 0.00019047874239
1192 0.00034653028611
1193 0.000425104172423
1194 0.000124150372942
1195 0.000100947261826
1196 0.000223104930284
1197 0.000127752659515
1198 0.000183946534165
1199 0.000297404080745
1200 0.000638490363146
1201 7.17869824446e-05
1202 0.000224859212316
1203 0.000158635528236
1204 0.000102760206414
1205 0.000461893388189
1206 0.000324489760347
1207 4.26260280919e-05
1208 0.000269635066946
1209 9.13821252398e-05
1210 0.000316849967659
1211 0.000283967141529
1212 0.000515275691253
1213 0.000210161295405
1214 0.00016097659005
1215 0.000377479542108
1216 0.000265693184145
1217 0.000268480598615
1218 0.000310758169731
1219 0.000165700774962
1220 0.000226061643749
1221 7.67612362328e-05
1222 0.000337825155156
1223 0.000459480765303
1224 0.000146319298926
1225 6.63957426823e-05
1226 0.000233008741603
1227 0.000239784621806
1228 0.000392716124469
1229 0.00016696047769
1230 0.0002582971893
1231 0.000380814681982
1232 0.000360260462634
1233 0.000212708148772
1234 4.85799857641e-05
1235 0.000136122756063
1236 0.000491493366821
1237 0.000338548484515
1238 0.000339015209293
1239 0.000483048095087
1240 6.57090891941e-05
1241 0.000149535332578
1242 0.000132721790232
1243 0.000315818572365
1244 0.00035450780404
1245 0.000108006193553
1246 0.000239915122923
1247 0.000234820277901
1248 0.000151419864159
1249 9.12332542749e-05
1250 0.000122781068532
1251 0.000420190959282
1252 0.000126011821057
1253 7.20645660147e-05
1254 8.05283421333e-05
1255 0.000111689472653
1256 0.000387058911127
1257 0.000415930100997
1258 0.000287473576913
1259 0.000289664611196
1260 0.000358206338969
1261 0.000254174927059
1262 0.000340857729897
1263 4.52839123726e-05
1264 6.49443851169e-05
1265 8.18069864068e-05
1266 0.000157127582518
1267 0.000143747128331
1268 0.000358949877557
1269 0.000120801987941
1270 0.00038636153696
1271 5.59148600382e-05
1272 0.000316729184728
1273 0.00032151032635
1274 0.000340777590081
1275 0.000214160735994
1276 0.000360623790698
1277 4.5312098716e-05
1278 0.00160721519307
1279 0.000158575491859
1280 0.000236889101652
1281 0.000327519521443
1282 0.000219006861168
1283 0.000327678995229
1284 0.000271093277398
1285 0.000293922558799
1286 0.000220960634024
1287 0.000131063347749
1288 0.000230856733085
1289 0.000311500761077
1290 0.000299781331217
1291 0.000306523339596
1292 0.00034440501692
1293 0.000268446223658
1294 0.000196396519991
1295 0.00014601717695
1296 8.08471179937e-05
1297 0.000180113425907
1298 9.61416037057e-05
1299 0.000326735127191
1300 0.000233717749433
1301 0.000201997092404
1302 7.874341163e-05
1303 0.000325829603038
1304 0.000252226612009
1305 0.000287514349688
1306 0.000350042913035
1307 0.000172762626715
1308 0.000298915806265
1309 0.000160080385294
1310 0.000232672761951
1311 0.000178908160037
1312 0.000172969263754
1313 0.000326355011946
1314 0.000216275598749
1315 0.000192447856687
1316 0.00022929357847
1317 0.000189612815013
1318 0.000214370261031
1319 0.000271970762175
1320 0.000198846114359
1321 0.000361141017858
1322 0.000163395167226
1323 0.000429194073521
1324 0.000309805406163
1325 0.00026170763142
1326 0.00017145501233
1327 5.76557317285e-05
1328 0.000300675507167
1329 0.000196490288814
1330 0.000425170909435
1331 0.00038552571697
1332 0.00044424574645
1333 0.000277315937288
1334 0.000260014545609
1335 0.000380486859184
1336 0.000384186974694
1337 0.000212687003788
1338 0.000280519448568
1339 0.000389881113803
1340 0.000320413528896
1341 0.000208583214442
1342 0.000373096681073
1343 9.75299334238e-05
1344 0.000250771677684
1345 0.000312052928889
1346 0.000430194378946
1347 6.45386435308e-05
1348 0.000368372981536
1349 0.000249981873633
1350 0.000265670211879
1351 0.000193040301199
1352 0.000222472679728
1353 0.00194399452091
1354 6.08607237069e-05
1355 6.91291100671e-05
1356 0.000243199479524
1357 0.000178546855876
1358 0.000206132677257
1359 0.000757724980044
1360 0.000316165165692
1361 0.00033017629665
1362 0.000439802315763
1363 5.3595974352e-05
1364 0.000162806807688
1365 9.56358892058e-05
1366 0.000175879887381
1367 0.000385980832824
1368 0.000499051454125
1369 0.000160026600923
1370 0.000305103026926
1371 0.000344624745925
1372 0.000267743041655
1373 8.44904784865e-05
1374 0.000365116443137
1375 0.000248961776091
1376 0.000263187758246
1377 0.00054533329821
1378 0.000579395015859
1379 0.000250593605076
1380 0.000260832029451
1381 0.000295767573618
1382 0.000142695092791
1383 0.000221999075949
1384 6.68172131954e-05
1385 0.000135026937827
1386 0.000121103379412
1387 4.26260280919e-05
1388 0.000124315620365
1389 0.000301663153688
1390 0.000188633617184
1391 0.000569986725752
1392 0.000521340808325
1393 0.000190817136394
1394 0.000233209141845
1395 6.08607237069e-05
1396 4.75990949267e-05
1397 0.000296332707501
1398 0.000109678160242
1399 0.000188902221178
1400 0.000529710928662
1401 0.000137535068122
1402 7.84943672716e-05
1403 0.000256028691743
1404 0.000146374168846
1405 0.000256255941853
1406 0.00031544576707
1407 0.000185246685609
1408 0.000160844714374
1409 0.000220016773616
1410 0.000371978983664
1411 0.000198595536023
1412 7.80686247582e-05
1413 0.000162045617715
1414 0.000275092367122
1415 6.62523642029e-05
1416 0.000238530315071
1417 0.000341935662389
1418 5.6636846503e-05
1419 0.000145146935418
1420 0.000186510143002
1421 0.000461723162301
1422 0.00021705358043
1423 0.000111510102894
1424 0.000270888711785
1425 0.000167009356531
1426 0.000244947058649
1427 0.000290392092403
1428 0.000363383249804
1429 0.000201747156049
1430 0.000215694974623
1431 4.8747008335e-05
1432 0.000692132437104
1433 0.000260157763718
1434 0.000209187334471
1435 0.000135603321689
1436 0.00027960880464
1437 0.000204169913239
1438 0.000239992906948
1439 0.000185823028242
1440 9.5348765446e-05
1441 0.000172488467703
1442 0.000159502595297
1443 7.94589224585e-05
1444 9.74432353704e-05
1445 0.00021311825829
1446 0.000102617441201
1447 0.000222072427837
1448 0.000442208120106
1449 0.000253315974416
1450 0.000320959996407
1451 0.000202335069705
1452 0.000174708964642
1453 0.000258988511188
1454 0.000201472156192
1455 0.000267477358275
1456 6.75080896825e-05
1457 0.000398888964561
1458 0.000210570920151
1459 0.000163543976973
1460 0.000440277593425
1461 0.000217695518047
1462 8.87959804969e-05
1463 0.000388911559372
1464 6.87469730684e-05
1465 0.000165427478335
1466 0.000361167524361
1467 4.26260280919e-05
1468 0.000395941199565
1469 0.000239114375706
1470 0.000388297181807
1471 0.000270902510798
1472 0.000527859417207
1473 0.000552774605557
1474 0.000327626056257
1475 7.1743227283e-05
1476 0.000326823024625
1477 7.42803306565e-05
1478 0.00010310062418
1479 0.000152745091698
1480 0.000399592705539
1481 0.000349708945517
1482 0.000124168918407
1483 0.000314140327368
1484 0.000337508683288
1485 0.000108690939676
1486 0.00019061437756
1487 8.93538467372e-05
1488 0.000320023024025
1489 0.000413717810633
1490 0.000123728119752
1491 7.69761390926e-05
1492 0.00037555655962
1493 0.00011250810019
1494 0.000193166983254
1495 0.000239065822539
1496 0.000312005980004
1497 0.00029733451569
1498 0.000187107769454
1499 6.56713341561e-05
1500 0.00018886657865
1501 0.000209139582581
1502 0.000112657830221
1503 0.000345471476852
1504 0.000172884255701
1505 0.00035193446956
1506 0.000526833969616
1507 7.52138622566e-05
1508 0.000253803891372
1509 0.000183082116627
1510 0.000412226314335
1511 6.01064675359e-05
1512 0.000269999544346
1513 0.000214631260679
1514 0.000231530729706
1515 0.00020974564018
1516 0.000319169653433
1517 0.000464958037799
1518 0.000150134406363
1519 0.000127047026349
1520 0.000168575678302
1521 0.000383413424497
1522 6.81117461255e-05
1523 0.00047505172088
1524 0.000266335830207
1525 0.00017468974164
1526 0.000341386973317
1527 0.000146082824938
1528 0.000104721173216
1529 0.000264038718864
1530 0.000282717540638
1531 0.000316537761734
1532 0.000174342348331
1533 0.000149202551857
1534 0.000256513955386
1535 0.000280035974694
1536 0.000226664688025
1537 0.000897546800805
1538 0.000161313554579
1539 0.000246554135519
1540 0.000293325218068
1541 0.000306870945827
1542 0.000218617745206
1543 0.000206461357303
1544 0.000210320205647
1545 0.000144050953646
1546 0.000315475262448
1547 6.85155712895e-05
1548 0.000364868200694
1549 0.000283271117327
1550 0.000330458062151
1551 0.000192509997241
1552 0.000511320969976
1553 9.47606301088e-05
1554 0.000235993911244
1555 0.000487215978013
1556 0.000307200241016
1557 0.000107009123621
1558 0.00045960591414
1559 5.05584966853e-05
1560 0.000556716994746
1561 4.26260280919e-05
1562 0.000179575829363
1563 0.000128297792687
1564 0.000352823822355
1565 0.000159579466185
1566 0.000278469349375
1567 0.000169113126201
1568 0.000284292980518
1569 0.000210253869057
1570 0.000288756550614
1571 0.000392662488602
1572 0.000223670263235
1573 0.000184996806001
1574 0.000422589705535
1575 0.00037041968031
1576 0.00013391228369
1577 0.00029815398226
1578 0.000537463729345
1579 0.000183030850717
1580 7.03954403262e-05
1581 0.000311315225034
1582 4.26260280919e-05
1583 0.000244176167654
1584 0.000433520773134
1585 0.000655599622337
1586 0.000175268911223
1587 8.9626795746e-05
1588 0.000262317267518
1589 0.000207610521157
1590 0.00060225723239
1591 0.000338880416941
1592 0.000464105846186
1593 0.000134997036208
1594 0.000282304931216
1595 0.000117827558302
1596 0.00020737402288
1597 0.000357292154035
1598 0.00034646142984
1599 0.000425194570218
1600 0.00011299696712
1601 0.000366067833733
1602 0.000234365713689
1603 9.61124400745e-05
1604 0.000431797249052
1605 0.000469004581413
1606 0.000300057457139
1607 0.000173959896684
1608 9.56977536436e-05
1609 0.000362153121619
1610 0.000304216150265
1611 0.000529560050878
1612 0.000330372071694
1613 0.000562344275233
1614 0.000540770954041
1615 0.000243757205647
1616 0.00021517250522
1617 0.000305460352277
1618 0.000359725871411
1619 0.000126389235767
1620 0.000352103873414
1621 0.000430144299009
1622 0.00056880582244
1623 0.00053546880016
1624 0.000308130776022
1625 0.000236641601489
1626 0.00015609607772
1627 0.000215400976462
1628 8.88650793951e-05
1629 0.000378230015171
1630 0.000168201486759
1631 0.000370031618958
1632 8.21347956594e-05
1633 0.000291312574106
1634 0.000159148991933
1635 0.000261307653041
1636 0.000169706535564
1637 0.000348767354102
1638 0.000330758913033
1639 0.00017362998717
1640 0.000282137729081
1641 9.9353615007e-05
1642 0.00014286908227
1643 0.000276631061929
1644 0.000307626437358
1645 0.000237698493686
1646 0.000322279398756
1647 0.000115661224877
1648 0.000243660728407
1649 0.000186905597913
1650 0.000202652842973
1651 0.000155353030567
1652 5.13170407942e-05
1653 0.000273341254771
1654 0.000245028153332
1655 8.97461531341e-05
1656 0.000270675718059
1657 0.000282529168988
1658 9.6565415757e-05
1659 0.000121117186446
1660 0.000282219926351
1661 0.00017279842589
1662 0.000373690380462
1663 0.000433862111332
1664 0.00195730615331
1665 9.15533822563e-05
1666 0.000384958903919
1667 0.000315641843695
1668 0.000209907259952
1669 0.000370155601241
1670 0.000415922594229
1671 0.000102174407554
1672 0.000215988623427
1673 0.000188401031054
1674 0.000267138906302
1675 0.000184219898851
1676 0.00038692728608
1677 0.000168640559263
1678 0.000209512324088
1679 0.000141924783
1680 0.000179407399949
1681 0.000296964713609
1682 0.000170410911642
1683 0.000185414849237
1684 0.000394864531576
1685 0.00638212405889
1686 0.00031734219774
1687 0.000217498407934
1688 0.000393468448359
1689 0.000359812805997
1690 0.000376483481059
1691 4.72026173051e-05
1692 0.000273395620983
1693 0.000301655933471
1694 8.07709030793e-05
1695 0.000228158444601
1696 0.000185136392709
1697 0.000116340910591
1698 8.01091837564e-05
1699 0.000166453275925
1700 0.000261105929323
1701 9.1419673132e-05
1702 0.000102335550098
1703 0.000273420745966
1704 0.000435395214437
1705 0.00016841410816
1706 0.000244747371781
1707 0.000230352158862
1708 0.000542657059993
1709 0.000110910576495
1710 0.000353119677479
1711 8.59094287509e-05
1712 7.81657867776e-05
1713 0.000325870608615
1714 6.48088884004e-05
1715 0.000544864782177
1716 0.000288245703544
1717 0.000288031640152
1718 0.000423250654323
1719 0.00052476371959
1720 0.000177630455364
1721 0.000242899059604
1722 0.000351464440975
1723 0.000233729540666
1724 0.0001774731413
1725 0.000215331657372
1726 0.000354079736619
1727 0.000191874270572
1728 0.000196909899865
1729 0.00016428136731
1730 0.000406454789003
1731 0.000695923022033
1732 9.47285360179e-05
1733 0.000256911239853
1734 0.000269855249706
1735 0.000186612603183
1736 0.000337344009282
1737 0.000460511105885
1738 0.0002568503605
1739 0.000161267781345
1740 0.000133048505987
1741 0.000211230356955
1742 0.000330847422198
1743 0.00038691494672
1744 0.000193215325792
1745 0.000217680062514
1746 0.000134608942302
1747 0.000603249749328
1748 0.000171441425865
1749 0.000111279415837
1750 0.000130141060615
1751 0.000385542730464
1752 0.000254270522667
1753 0.000350797188154
1754 0.000287563584143
1755 0.000211820649386
1756 4.66312493558e-05
1757 0.000128668547172
1758 0.000395072092142
1759 0.000241586142684
1760 8.27845341993e-05
1761 7.01091736883e-05
1762 0.000425273105125
1763 5.9010236122e-05
1764 0.000186182685345
1765 0.000132046803828
1766 0.000243829541593
1767 0.00027433726629
1768 0.000231881803165
1769 0.000648133044267
1770 0.000116444190132
1771 0.000326283296398
1772 9.78363000281e-05
1773 0.000205128956014
1774 0.000150122835414
1775 0.000211041032389
1776 6.31905312571e-05
1777 9.6565415757e-05
1778 6.19524818314e-05
1779 0.000231149433288
1780 0.00017426212581
1781 0.000132635495741
1782 0.000175748364295
1783 0.000236777686364
1784 0.000596081349234
1785 0.000140485113307
1786 0.000225672872021
1787 0.000435104194851
1788 0.000268570375631
1789 0.00015422605945
1790 0.000319413699466
1791 0.000205817054392
1792 0.000416942349268
1793 8.18534337035e-05
1794 0.000449202730158
1795 0.000328484672423
1796 0.000285985179565
1797 0.00022672557087
1798 7.49068142323e-05
1799 0.000245665495679
1800 0.000452433010485
1801 0.00193521471682
1802 0.000146238279741
1803 0.000108942373909
1804 0.000227325038723
1805 0.000569612852194
1806 0.000120587244606
1807 0.000275451406866
1808 0.000285917028807
1809 0.000154797975326
1810 0.000349634116688
1811 0.000314829162089
1812 0.000219748642512
1813 0.000235962638389
1814 0.000502236204022
1815 0.000109472385827
1816 0.000162493782219
1817 0.00039044632534
1818 0.000109522147978
1819 0.000173487637308
1820 0.000302119073769
1821 0.000314799650659
1822 0.000111617789461
1823 0.000136293169365
1824 0.000385900087602
1825 0.000284881413027
1826 0.000256075969442
1827 0.000318555148997
1828 0.000614405831277
1829 0.000309684964427
1830 0.000139571062564
1831 0.000113504271527
1832 0.000328151318777
1833 0.000183237910858
1834 0.000560777454588
1835 4.26260280919e-05
1836 0.000573090790395
1837 0.000120079710515
1838 0.000273104441306
1839 0.000102855840427
1840 0.000493665397883
1841 0.000125717528815
1842 0.000233555925167
1843 0.000367457466197
1844 0.000186690180443
1845 0.0003762218615
1846 0.000342918935783
1847 0.00017916409462
1848 0.000205712535447
1849 0.000183513387484
1850 0.000354501967936
1851 0.000174482977594
1852 0.000205932700239
1853 0.000144286259921
1854 9.58389863717e-05
1855 5.53524578398e-05
1856 6.65732325743e-05
1857 5.70112851439e-05
1858 0.000322544690974
1859 0.000206204650701
1860 0.000232166297931
1861 0.000158388734697
1862 0.000346190233558
1863 0.000347283617994
1864 0.000227380042798
1865 0.000339436783962
1866 8.20760489788e-05
1867 0.000274508982409
1868 0.000386717030378
1869 0.000375532123711
1870 0.00012049784582
1871 0.000144403742973
1872 0.000366219014684
1873 0.000236576919158
1874 0.000213093826275
1875 7.40870572563e-05
1876 0.000156284502698
1877 0.000349767580124
1878 0.00021778549905
1879 0.00020424665268
1880 0.000442776341189
1881 0.000232126643798
1882 0.00028322160346
1883 0.000269777542274
1884 0.000121389224896
1885 0.000163200468383
1886 0.000154933132369
1887 0.000333915660516
1888 7.87431463774e-05
1889 0.00195633967726
1890 0.000216793762295
1891 0.000146832476048
1892 0.000236548708996
1893 0.000107934276377
1894 0.000387983294522
1895 0.000288508400482
1896 0.000263246363279
1897 0.000133570709419
1898 0.000209335768839
1899 0.000316732880621
1900 0.000346693027244
1901 0.000118212255343
1902 0.000120479800287
1903 0.000399207332114
1904 0.000225992235908
1905 0.000206973627583
1906 0.000123327585203
1907 0.000157174587991
1908 0.000158253643589
1909 0.000110703401758
1910 0.000275182008963
1911 0.000242964166722
1912 0.000236792050991
1913 0.00439459163381
1914 0.000105668009466
1915 0.000254739006126
1916 0.000127681223317
1917 0.000264673537617
1918 0.000365860799758
1919 0.000315409886055
1920 0.000287180211237
1921 0.000372026362284
1922 0.000238487998072
1923 0.000158515687289
1924 0.000267998262009
1925 7.60732283869e-05
1926 0.000256272981069
1927 0.00047473141284
1928 0.000280193358606
1929 0.000132938691601
1930 0.000296526158048
1931 0.00012355020709
1932 0.000205620752529
1933 0.000310098082867
1934 0.000122644486301
1935 0.000123054271739
1936 0.000254922435785
1937 0.000209089158918
1938 7.42213572757e-05
1939 0.000365074014825
1940 0.000263048337339
1941 0.000312965890625
1942 0.000552076593455
1943 0.000130727975148
1944 0.000373833331202
1945 0.000166391016761
1946 0.00044657721144
1947 0.000368313198284
1948 0.000378693605143
1949 0.000331748700302
1950 9.7887919625e-05
1951 9.36369696163e-05
1952 0.000312103167958
1953 8.85890088091e-05
1954 0.000247971942862
1955 0.000349637866803
1956 0.000311881361161
1957 0.000151615182216
1958 0.000210044633346
1959 0.000202856294526
1960 0.000374873191858
1961 0.000384321680618
1962 0.000113866278141
1963 0.000361082167276
1964 0.000195640097845
1965 0.000555988367955
1966 0.000160799552686
1967 0.000349473077328
1968 4.766576104e-05
1969 0.000180725486827
1970 5.00007874231e-05
1971 0.00026317777835
1972 0.000343363440281
1973 0.000337180084565
1974 0.000307746629933
1975 8.60752826649e-05
1976 0.000299759175744
1977 0.00020895194884
1978 9.15453704971e-05
1979 0.000147488844399
1980 0.000343626143777
1981 0.000292696299094
1982 0.000196614297278
1983 0.000118272682014
1984 0.000397666491791
1985 0.000349477804349
1986 0.00176387274847
1987 0.000305882602521
1988 0.000139910104755
1989 0.000214972714122
1990 0.000200529517043
1991 0.000187717947362
1992 0.000255625659745
1993 0.000163352910712
1994 0.000397371430382
1995 0.000205839377539
1996 0.000301136857244
1997 8.03326316493e-05
1998 0.00027000944892
1999 0.000273887644991
2000 0.000177930020426
2001 0.000173485621256
2002 0.000296314358184
2003 0.000279301299532
2004 0.000191435279279
2005 0.000254831082458
2006 0.000304661528534
2007 0.000267472978896
2008 0.000503651724681
2009 8.71854997256e-05
2010 0.00023631360984
2011 0.000268214097732
2012 0.000236493631511
2013 0.00010217001574
2014 7.67953432253e-05
2015 8.34350315438e-05
2016 8.4874162564e-05
2017 0.000114757394048
2018 0.000128821888399
2019 0.000278372546292
2020 9.22357574661e-05
2021 0.000309624679363
2022 9.07361968502e-05
2023 0.000254014462307
2024 0.000216293099611
2025 0.000257869479363
2026 0.000168475749667
2027 0.000301141537466
2028 0.00024252807557
2029 0.00035890505673
2030 0.000169055825212
2031 0.000360843929501
2032 0.000265838048549
2033 0.000452109710146
2034 0.000336021341388
2035 0.000147969114005
2036 0.000255592683554
2037 0.000136703501773
2038 0.000362419730258
2039 0.000433280172337
2040 0.000343921406661
2041 0.000309051582535
2042 0.000134890932107
2043 0.000317105775936
2044 0.000338475463407
2045 9.7108876084e-05
2046 0.000340674485215
2047 0.000249251297692
2048 0.000846563757005
2049 9.87491537918e-05
2050 0.000315941304833
2051 0.000133525645178
2052 0.000122220383661
2053 0.000329575815367
2054 0.000356038947888
2055 0.000498286538466
2056 0.000165789318221
2057 0.000264098786728
2058 0.000179513888788
2059 0.000185626999306
2060 0.0003692490972
2061 0.000234631848547
2062 0.000258263696469
2063 0.000247877442312
2064 0.000283671371816
2065 0.000361048812254
2066 0.000106417135423
2067 8.43458843774e-05
2068 0.000115565817807
2069 0.000437133191082
2070 0.000340184193746
2071 0.00013289696136
2072 0.000373044885185
2073 0.00040166491499
2074 0.000376292358448
2075 0.000314885561165
2076 0.000185036575168
2077 0.000177259725632
2078 0.000253908706899
2079 0.000393824017681
2080 4.16138267912e-05
2081 9.91666620877e-05
2082 0.000536007821153
2083 0.000169476419876
2084 0.000292190024514
2085 0.000300330666439
2086 0.000194601129063
2087 0.000272836348656
2088 0.000484441160438
2089 0.000384310087355
2090 0.000208571758844
2091 0.000363342817796
2092 0.000285560065005
2093 0.000163153312841
2094 0.000349373523946
2095 0.000138045180118
2096 0.000304466315576
2097 0.000104662636317
2098 0.000203552870485
2099 0.000239495445789
2100 0.000119757888541
2101 9.66440434713e-05
2102 0.000243784947552
2103 0.000406923935771
2104 0.000360584872611
2105 0.000348650372369
2106 0.000122904098639
2107 0.000104726705723
2108 0.000308215282778
2109 0.000318261375
2110 0.000269924264857
2111 0.000183607833857
2112 0.000564476044519
2113 0.000315824670699
2114 0.000145258134608
2115 0.000148137026958
2116 0.00027257335608
2117 0.000303794093655
2118 0.000493715086143
2119 0.000362373243194
2120 0.000153652504686
2121 0.000233594218203
2122 0.000311213877292
2123 0.000287907216125
2124 0.000391269331004
2125 0.000328918186197
2126 0.00037576749535
2127 0.000461214708402
2128 0.000359017532083
2129 0.000350957342051
2130 0.000340051986013
2131 0.000117643278012
2132 0.000383779929818
2133 0.000328694174879
2134 0.000575747649203
2135 0.000270827068113
2136 0.000279722035659
2137 0.000165753907636
2138 0.000169424024875
2139 0.00043532893372
2140 0.000343799442676
2141 0.000332261385078
2142 0.000133118342631
2143 0.000456925879685
2144 0.000343487046329
2145 0.000256399003598
2146 0.000261722548477
2147 0.000222613422222
2148 0.000150430894394
2149 0.000306690326494
2150 0.000401424405092
2151 0.000374819735707
2152 0.000272341916702
2153 0.000190068192517
2154 0.000420684726065
2155 0.000315617712252
2156 0.000208890343967
2157 0.000273381822001
2158 0.000204835527125
2159 0.00010858478191
2160 0.000255148046771
2161 0.000232256943045
2162 0.000273728415129
2163 0.000143302078586
2164 0.000117376208344
2165 0.000219067986391
2166 0.000262656006932
2167 9.51036849279e-05
2168 0.000105653394515
2169 8.2999469815e-05
2170 0.000340711146542
2171 0.000184337716837
2172 0.000320895570143
2173 0.000375211583995
2174 0.000271961275102
2175 0.000394428491964
2176 7.25780444152e-05
2177 0.000426394784137
2178 7.31383523649e-05
2179 6.66298664204e-05
2180 0.000222297329423
2181 0.000350741111337
2182 0.000174905940794
2183 7.39948861417e-05
2184 0.000405786201108
2185 0.000362558436533
2186 9.20881595054e-05
2187 0.000117452861147
2188 0.000448509682672
2189 0.000374926331742
2190 0.000347830374497
2191 0.000326057993328
2192 0.000283062905915
2193 0.000233868911513
2194 0.000143780324373
2195 0.000337899532377
2196 4.16138267912e-05
2197 0.000337999682352
2198 0.000192610467044
2199 0.000192462122158
2200 0.000557107417546
2201 0.000337863568997
2202 0.000365194655904
2203 0.000254338338074
2204 0.000329493495995
2205 9.69157395037e-05
2206 9.27545085919e-05
2207 0.000404003259645
2208 0.000198698158486
2209 9.27252107434e-05
2210 0.000197311120623
2211 0.000220554262374
2212 0.000276111545459
2213 0.000278406242086
2214 0.000216078922842
2215 0.000187805009581
2216 0.000201084881918
2217 0.000268197747046
2218 0.000176995094055
2219 0.000397807154992
2220 6.11229638205e-05
2221 0.000374087220758
2222 0.000179944151851
2223 0.000203221170896
2224 0.000366195696413
2225 0.000396472750636
2226 0.000235559941909
2227 0.000244924411254
2228 9.76844207635e-05
2229 0.000266222404557
2230 0.000411207148257
2231 6.93403699954e-05
2232 0.000303043303403
2233 0.000287651047037
2234 0.00177452562324
2235 0.000110884504195
2236 0.000257776693453
2237 0.000319049122387
2238 0.000251298886894
2239 0.000143335691982
2240 0.000176625224439
2241 0.000388387809804
2242 0.000366566325082
2243 0.000223960257311
2244 0.000208187049137
2245 0.000384334072113
2246 0.000136388612291
2247 0.000326663671278
2248 0.000394050243347
2249 0.000171776113987
2250 0.000103491525473
2251 0.000353917900468
2252 0.000108951714063
2253 6.62169838019e-05
2254 0.000309004699847
2255 0.000312447947603
2256 0.000120778637109
2257 7.81619874733e-05
2258 0.000305667237679
2259 0.000130040391775
2260 0.000223501703063
2261 0.000187372678134
2262 0.000259902786252
2263 8.16483824951e-05
2264 0.000116867304457
2265 0.000244296622135
2266 0.000101670873001
2267 0.0017602215692
2268 0.000272600884041
2269 0.000449991603091
2270 4.16138267912e-05
2271 0.000102681875194
2272 0.00035026471234
2273 0.000154645277165
2274 0.00030706034971
2275 0.000137235806849
2276 0.000356458295029
2277 0.000302860333261
2278 0.000150477865499
2279 0.000347314893483
2280 0.000394227273499
2281 0.000210008034014
2282 0.000169025535345
2283 0.000481067393862
2284 0.000524039535843
2285 0.000284998858287
2286 0.000188797715338
2287 0.000213440834977
2288 0.000157627914462
2289 0.000104233399765
2290 0.000608933657451
2291 0.000353069119585
2292 0.000124779563153
2293 0.000439794109225
2294 0.000181281914925
2295 0.000388760628476
2296 0.000103327177443
2297 0.000186492042387
2298 0.000205198543941
2299 9.82656839454e-05
2300 0.000304358471244
2301 0.000275100968064
2302 0.000168902279544
2303 0.000391440259915
2304 0.000105512584677
2305 0.000230133117404
2306 8.31296457264e-05
2307 0.000232532308374
2308 0.00027885925816
2309 0.000305633340969
2310 0.000392431186649
2311 0.000124022158252
2312 0.00013172514756
2313 9.73830159394e-05
2314 0.000747963361681
2315 0.000176919284609
2316 0.000233078968217
2317 0.000120419079212
2318 0.000321773120584
2319 0.000198637086458
2320 0.00038012230587
2321 0.000171708292617
2322 0.000120631176135
2323 0.000304906930354
2324 0.000353690032161
2325 0.000390940068666
2326 0.00033976600212
2327 0.000348248086533
2328 0.000395669501083
2329 0.000516558259742
2330 0.00025320605057
2331 0.000173291432797
2332 0.000368215282929
2333 0.000321415309967
2334 0.000495286740871
2335 0.000289898895301
2336 0.000292197233628
2337 0.000459666799141
2338 0.000185353827441
2339 0.0003324521176
2340 0.000356174043345
2341 0.000380572186283
2342 0.000249880483428
2343 0.000267588820987
2344 0.000255290767609
2345 0.000384969599308
2346 0.000228594014506
2347 0.000195040518616
2348 0.000654614948043
2349 0.000299113134414
2350 0.000185594959213
2351 0.000109089370419
2352 0.000338995698579
2353 0.000326341970677
2354 0.000187493746027
2355 0.000343179169104
2356 0.000139900714227
2357 0.000332056069413
2358 0.000148227186082
2359 7.78073811787e-05
2360 0.000288707274399
2361 0.000134430820587
2362 0.000379182079632
2363 0.000135094204826
2364 0.000325080783949
2365 0.000320222413172
2366 0.00027723049729
2367 0.000197987621744
2368 0.000212786589524
2369 0.000272759028185
2370 0.000380120511163
2371 0.000308987153064
2372 0.000304288378564
2373 0.000330490155092
2374 0.000131281321646
2375 0.000325553174523
2376 9.86709972932e-05
2377 0.00035564902388
2378 0.00032065220505
2379 0.000253341965001
2380 0.00016335388112
2381 5.68597012885e-05
2382 0.000340711882173
2383 5.60643398329e-05
2384 8.78225012569e-05
2385 0.000586457822819
2386 0.00020561193462
2387 0.00027680565076
2388 0.000161086152346
2389 8.45405421683e-05
2390 0.000143466580445
2391 0.000183179613842
2392 0.00019272420693
2393 0.000220712847492
2394 0.000116682121401
2395 0.000328374039779
2396 0.000351465728617
2397 0.000239774175285
2398 0.000301219261321
2399 0.000353381839301
2400 0.000268321610099
2401 0.00010476794468
2402 0.000189542913977
2403 0.000151815922173
2404 0.000162357916457
2405 0.00033946754
2406 0.000191802714146
2407 0.000212619871403
2408 0.000193489312153
2409 0.000300432597883
2410 0.000346527162512
2411 0.000405766648475
2412 0.000279066750859
2413 0.000293808134982
2414 9.73166424864e-05
2415 0.000353360869137
2416 0.000167306436028
2417 0.000191090969475
2418 0.000258433355353
2419 0.000238555099671
2420 0.000378533668247
2421 0.000251965718212
2422 0.000177257991677
2423 8.85021619035e-05
2424 0.000322041762467
2425 0.000120780456255
2426 0.000192699897943
2427 0.000168277911564
2428 9.59337783275e-05
2429 0.000374801929907
2430 0.000206737866254
2431 0.000292610171314
2432 8.93465249354e-05
2433 0.000128574001649
2434 0.000294744453531
2435 0.000323605519466
2436 0.000155231480355
2437 0.000312961867162
2438 0.000119575995789
2439 0.000239470507222
2440 0.000152960290847
2441 0.000273611564673
2442 7.57884468459e-05
2443 4.54840615999e-05
2444 0.000142934079778
2445 0.00017042481751
2446 0.000231694624739
2447 0.000315063697709
2448 0.000251588585567
2449 0.000288017067132
2450 0.000151962463949
2451 0.00016642645285
2452 0.000342374819585
2453 8.07873419191e-05
2454 0.000126994585761
2455 7.96657950922e-05
2456 0.000165492220134
2457 0.000135387943318
2458 4.16138267912e-05
2459 0.00032419115165
2460 0.000244053827653
2461 0.000330334109368
2462 0.00038738714089
2463 0.000229190514277
2464 0.000385518130801
2465 0.000386821837405
2466 0.000200683515501
2467 0.000123041889746
2468 0.000259281256079
2469 0.000384986672294
2470 0.000269730121734
2471 4.16138267912e-05
2472 0.000401796864245
2473 0.000270062424417
2474 0.000204163936406
2475 0.00022557936782
2476 0.000321956062105
2477 0.000120151170484
2478 0.000232295444579
2479 0.000250244560055
2480 0.000182712081754
2481 0.000150920449825
2482 7.27595811139e-05
2483 0.000316227054486
2484 8.68247685625e-05
2485 0.000255938704742
2486 0.000274442792946
2487 0.000184984747203
2488 0.000169025535345
2489 0.000334847479229
2490 0.000227069952162
2491 0.000148822734776
2492 0.000377485691141
2493 0.000344263630802
2494 6.06627742637e-05
2495 0.000210237732721
2496 0.000286868007881
2497 9.14262451004e-05
2498 0.000227678587751
2499 0.000330269824907
2500 0.000236102150771
2501 0.00034893053814
2502 0.00025487232987
2503 0.000171877914256
2504 0.00015410011563
2505 0.000297912461404
2506 7.49309484567e-05
2507 0.000259289564956
2508 0.000396146111306
2509 0.000311748148638
2510 0.000422669140468
2511 0.000434617410643
2512 0.000426618521578
2513 0.000326189166305
2514 0.000157320934164
2515 8.67785992532e-05
2516 0.000141937308362
2517 0.000283961905417
2518 6.68050273808e-05
2519 0.000181732300096
2520 0.000131055820003
2521 0.000323985804771
2522 0.000283038391797
2523 7.9114108247e-05
2524 0.0001573340808
2525 6.55804575809e-05
2526 0.000171852051126
2527 0.000399557740253
2528 9.62733593817e-05
2529 0.000117905741783
2530 0.00015645767293
2531 0.000120326332655
2532 0.000123115212164
2533 0.000220375984706
2534 0.000311085390192
2535 0.000171952389337
2536 0.000191078729702
2537 0.000149239102929
2538 0.00031202328741
2539 0.000279250257635
2540 0.000278515215096
2541 0.000244380924642
2542 5.60643398329e-05
2543 0.000391975703686
2544 0.000696889638317
2545 0.000124842769525
2546 7.23855680226e-05
2547 0.000287487720389
2548 0.000182415834727
2549 0.000123806736332
2550 0.000312918224673
2551 0.000330187416209
2552 0.000312692586608
2553 0.000230692377151
2554 0.000341185153691
2555 0.000200566155865
2556 0.000441184947297
2557 0.000265638605662
2558 0.000161127823364
2559 0.000295860802168
2560 0.000321238037651
2561 0.000401542407938
2562 0.000309078392692
2563 0.000144963924908
2564 0.000228861463844
2565 0.000365225197827
2566 8.03326316493e-05
2567 0.000173047710585
2568 0.00035426571537
2569 7.33159971965e-05
2570 4.16138267912e-05
2571 0.00022151264247
2572 0.000132275684237
2573 9.1542018283e-05
2574 0.000300598291323
2575 0.000217330190678
2576 0.000285730693693
2577 0.000134866515588
2578 0.000191514795083
2579 0.000319517624627
2580 0.000237565409503
2581 7.53034199907e-05
2582 0.000165131761848
2583 0.00031955811175
2584 0.000247877150094
2585 8.24672617091e-05
2586 0.000219515649749
2587 0.000358686370617
2588 0.000196004341403
2589 0.000299203764399
2590 0.000260789766581
2591 0.000380177873184
2592 0.000204092671379
2593 0.000383924905791
2594 0.000354017881003
2595 0.000323517899362
2596 8.68247685625e-05
2597 4.16138267912e-05
2598 0.000331167324599
2599 0.000494689056402
2600 7.61732427868e-05
2601 0.000354666201835
2602 0.000366720891337
2603 0.00038648157677
2604 0.000256918686982
2605 0.000383321802052
2606 8.91095276652e-05
2607 0.000168001725334
2608 0.000374999482063
2609 0.000326117079985
2610 0.000171671992558
2611 0.000251616902393
2612 0.000421631095968
2613 0.000159547312958
2614 8.88531670268e-05
2615 0.000184818712456
2616 0.000357933679202
2617 0.000328748879884
2618 0.000357150432386
2619 0.000215459133815
2620 0.000321763663987
2621 0.000275146491799
2622 0.000102443440218
2623 0.000192834371386
2624 0.000265678158479
2625 0.000369402420966
2626 0.00035796578498
2627 0.000187670564775
2628 0.000216589576712
2629 0.000240473467011
2630 0.00040766326819
2631 0.000336350320743
2632 0.000244571112204
2633 0.000101664030521
2634 0.000220916244272
2635 9.82361024114e-05
2636 0.000100948122927
2637 0.00020108273611
2638 0.000174428950794
2639 0.000321694118573
2640 0.000195809655986
2641 0.000276914497047
2642 0.000115598730569
2643 0.000498239759474
2644 0.000312671317714
2645 0.000243110850219
2646 0.000273877199051
2647 0.000276976537025
2648 0.000252913074466
2649 0.000254902970702
2650 0.000378603958302
2651 0.000190401009867
2652 8.53290328836e-05
2653 0.000181961319458
2654 0.000227528801674
2655 0.000295915446219
2656 0.000325608628397
2657 0.000156166679265
2658 0.000264847900648
2659 0.000198008636703
2660 0.000345909932006
2661 0.0001996550617
2662 0.000524582418649
2663 0.000250947175546
2664 0.000207684700566
2665 0.00037682573148
2666 0.000342934152617
2667 0.000277985054415
2668 0.000178335596341
2669 0.000289903309225
2670 0.000431044132729
2671 0.000255787631581
2672 0.000105583317097
2673 0.000232551791348
2674 0.000170488488619
2675 0.000380765588873
2676 0.000277978686392
2677 0.000393127859009
2678 0.000168302007735
2679 0.000112826138649
2680 0.000421531380161
2681 0.000257918587785
2682 0.000228418245154
2683 0.000154822019631
2684 0.000407532879575
2685 0.000186776441869
2686 0.000125502383892
2687 0.000192176917237
2688 0.00014178061644
2689 0.000126699635107
2690 0.000314733620637
2691 0.000230344173684
2692 0.000102248714744
2693 6.4941607518e-05
2694 0.00019277984659
2695 0.00042273901879
2696 8.97530766841e-05
2697 0.000171763196335
2698 0.000156207205187
2699 0.000321669104927
2700 0.00018244585643
2701 0.000155257714212
2702 0.000174510473929
2703 0.000195231096373
2704 0.000241433254196
2705 5.68296629222e-05
2706 0.000152114705368
2707 0.000355009581119
2708 0.000133011653481
2709 0.000221323229916
2710 0.000125522896217
2711 0.000125531823574
2712 0.000235740221877
2713 0.000260127247819
2714 0.00021633371466
2715 5.91838181242e-05
2716 0.00023297998121
2717 0.000554316858791
2718 0.00025371989618
2719 0.000268963133935
2720 0.000531292232086
2721 0.000331007565486
2722 0.000105583317097
2723 5.44068227522e-05
2724 0.000109586023935
2725 0.000541753218237
2726 0.000103379165681
2727 0.000157127941737
2728 0.000129967018009
2729 0.000297056175168
2730 0.000324071025116
2731 0.000621314111529
2732 0.000177893504931
2733 0.000176737672372
2734 0.000164995151662
2735 0.00026094687099
2736 0.000167909221714
2737 7.60300207689e-05
2738 0.000139951075419
2739 0.000453854472666
2740 0.000231560263684
2741 5.68296629222e-05
2742 0.000285545052319
2743 0.00159313926396
2744 0.000255079122371
2745 0.00012850141561
2746 0.000202092654658
2747 0.000100657838255
2748 0.000123612833298
2749 0.000415212281216
2750 0.000246951359898
2751 0.000386928074738
2752 0.000242338163482
2753 8.68726877029e-05
2754 0.000306140271128
2755 0.000567710919816
2756 0.000402065449814
2757 0.000250599473458
2758 0.000382442253047
2759 0.000336131412284
2760 0.000167894913948
2761 0.000134014920286
2762 0.000171727804356
2763 0.000171618003664
2764 0.000320504715061
2765 0.000238300129302
2766 0.000298024512264
2767 0.00011301245381
2768 0.000101211852817
2769 0.000208674163911
2770 0.000117629954492
2771 0.00022533236234
2772 0.000160982040503
2773 0.000257564622829
2774 0.000278062127571
2775 0.000157763211429
2776 0.000212735712718
2777 0.000134085233149
2778 0.000384769756031
2779 0.000524976781346
2780 0.00016482758559
2781 0.000380052584231
2782 0.000401574413309
2783 0.000439611789006
2784 0.000228734576219
2785 0.000230867990492
2786 0.000292549904104
2787 0.00046796143032
2788 0.000326185383213
2789 6.5563833838e-05
2790 0.00017580571146
2791 0.000102378728001
2792 0.000132906682279
2793 0.000102248714744
2794 0.000528829277127
2795 0.000127201094988
2796 0.000200052347179
2797 0.000342656943148
2798 0.000182780538817
2799 5.41847746958e-05
2800 0.000164600436193
2801 0.000367916023613
2802 0.000105873809344
2803 8.78208658077e-05
2804 0.000192255057113
2805 9.15557742464e-05
2806 0.00013389237025
2807 0.000299403117113
2808 0.000182340551917
2809 7.11165048856e-05
2810 0.000167786761745
2811 0.000294431591238
2812 8.16654611199e-05
2813 0.000207096257834
2814 0.00024442459911
2815 5.77659649595e-05
2816 0.000270520545087
2817 9.63962402476e-05
2818 0.000134264107959
2819 0.000157122186644
2820 0.000192669611962
2821 0.000152881865588
2822 0.000119296583679
2823 0.000154248206903
2824 0.000229447814486
2825 0.000105583317097
2826 0.000170757782691
2827 0.000118472820471
2828 0.000363338902576
2829 0.000420548227969
2830 0.000227259825604
2831 0.000165721400206
2832 0.00016088163133
2833 0.00023026401683
2834 0.000422468440658
2835 0.000131428110347
2836 0.000218703197569
2837 0.000263310644601
2838 0.000133092261755
2839 8.97110420065e-05
2840 0.00152561364939
2841 0.000217686859409
2842 0.000259978206145
2843 4.40237686936e-05
2844 0.000246640751316
2845 0.000221916917659
2846 0.000186676657519
2847 0.000194139872406
2848 0.000121667800298
2849 0.000183628570807
2850 0.00039495745433
2851 0.000166557618141
2852 0.000184687215053
2853 8.40117507471e-05
2854 0.000338811839999
2855 0.000214751091127
2856 5.98705050731e-05
2857 0.000165157477394
2858 6.1623224216e-05
2859 0.000168423979228
2860 0.000161014755898
2861 5.65155295548e-05
2862 0.000224021565554
2863 0.000317894310355
2864 0.000628908168836
2865 0.000350974031281
2866 0.000322801922002
2867 0.000357895678917
2868 0.000373766854236
2869 0.000172854706076
2870 0.000388218837956
2871 0.000189359452259
2872 0.000293789093487
2873 0.000355721094103
2874 0.000341753798253
2875 0.000244571100191
2876 0.000306829042361
2877 0.000123207345966
2878 0.000464395936647
2879 0.000102927853974
2880 0.000216854324928
2881 0.000312592173625
2882 0.000313377603311
2883 0.000107759917684
2884 0.000138237295851
2885 8.09207808618e-05
2886 8.72401211615e-05
2887 0.000164501881916
2888 0.000219122167723
2889 0.000133914243235
2890 0.000247418885917
2891 0.000425348735204
2892 0.000126747511431
2893 0.000221650227329
2894 0.000112636577926
2895 0.000336976481991
2896 9.93069168886e-05
2897 0.000248892711633
2898 0.000258872501736
2899 9.96453532796e-05
2900 8.30082876968e-05
2901 0.000104431358484
2902 0.000477567514351
2903 0.00015718221191
2904 0.000104949837641
2905 0.000443097366852
2906 0.000343212426933
2907 0.000404086562074
2908 0.000171309826938
2909 0.000147408332029
2910 0.000371853809533
2911 0.00037758780081
2912 0.000319754146741
2913 0.000291648322749
2914 0.000351561684287
2915 0.000276168698521
2916 0.000426906202645
2917 0.000393492077431
2918 0.000112807240981
2919 0.000172201471482
2920 0.000333203042151
2921 0.000338594385157
2922 0.000285246848771
2923 7.06513111003e-05
2924 0.000153148805682
2925 0.000214015311565
2926 0.000369247662969
2927 0.000142048538957
2928 0.000420447901081
2929 0.000410013427609
2930 0.000274837589617
2931 0.000176737672372
2932 0.000276563603143
2933 0.000295556911597
2934 0.000177932910949
2935 0.000187478421669
2936 0.000154934837004
2937 0.000363591276117
2938 0.000355973650701
2939 0.000168393235044
2940 0.000379867417557
2941 0.00030150153202
2942 0.000122784601246
2943 9.97291613584e-05
2944 0.000380441236391
2945 0.000490177830384
2946 0.000267779872503
2947 0.000356755112083
2948 0.000148359380691
2949 0.000132448295686
2950 0.000275663854271
2951 0.00031957490398
2952 0.000664500215569
2953 6.14730996183e-05
2954 0.000182638117839
2955 0.000135800985113
2956 0.000332939948768
2957 0.000433814035793
2958 0.000145614061934
2959 0.000298550911936
2960 0.000230917943494
2961 0.000409520505748
2962 0.00010383955989
2963 0.000207731399242
2964 5.55321946201e-05
2965 0.000167843427285
2966 0.000140880300993
2967 0.000480366065161
2968 0.000143976089368
2969 0.000136432757192
2970 0.000319386430263
2971 0.000236313732278
2972 6.82164127255e-05
2973 0.000229676633221
2974 0.000391935446248
2975 0.000280249249561
2976 6.96947337413e-05
2977 0.000264182832974
2978 0.000174068864405
2979 0.000216597446919
2980 0.000174013741529
2981 7.00138552885e-05
2982 0.000143303169066
2983 0.000204909772232
2984 0.000226242370612
2985 0.000188639839928
2986 0.000278782180243
2987 0.000453628323597
2988 0.000156466847685
2989 0.000302907685769
2990 0.000336979965818
2991 0.000119101998148
2992 0.000332640248344
2993 0.000406208219278
2994 0.000290455353146
2995 0.000339223072187
2996 0.000130324368179
2997 0.000277377756756
2998 0.000178086188936
2999 5.77837280975e-05
3000 0.000311987491294
3001 0.00041902999917
3002 0.000287966494464
3003 0.000486666727525
3004 8.97110420065e-05
3005 0.000255137263992
3006 0.000300676491967
3007 4.93125331614e-05
3008 0.000173322783317
3009 0.000216562460955
3010 0.000148262213591
3011 0.000231431191742
3012 0.000316019950386
3013 0.000153436852178
3014 0.000178550204526
3015 0.000215979628792
3016 0.000102354026667
3017 0.000204787140301
3018 0.000463036805959
3019 0.000227921387363
3020 0.000510376676873
3021 0.000337601582022
3022 0.000264748866559
3023 0.000366119943123
3024 0.000197708530684
3025 0.000126806776417
3026 0.000296045379172
3027 0.000451005690671
3028 0.000464060637196
3029 0.0001731880287
3030 0.000253577094768
3031 8.61397490065e-05
3032 4.40237686936e-05
3033 0.000183922958638
3034 0.000404940652345
3035 0.00028938008349
3036 0.00049121864087
3037 0.000229442710426
3038 0.000102248714744
3039 0.000505469587104
3040 0.000146377164609
3041 0.000238984636088
3042 0.000191033307406
3043 0.000150160708405
3044 0.000148134928613
3045 7.15227212367e-05
3046 0.000117186846602
3047 0.000247596704005
3048 0.000239270838716
3049 0.000142358942807
3050 0.000411763869521
3051 0.000145552329746
3052 0.000559307799559
3053 0.000252474930685
3054 0.000199906791409
3055 0.00038645828949
3056 0.000157763211429
3057 0.000363894821459
3058 0.000181406557437
3059 0.000121629814962
3060 8.01979386624e-05
3061 0.000478130064137
3062 0.000156449315761
3063 0.000246561716882
3064 0.000151313032131
3065 0.000297115372715
3066 0.000255463189233
3067 0.000203219484866
3068 0.000127493990226
3069 0.000146294117357
3070 0.000145673589332
3071 0.000340086766573
3072 4.40237686936e-05
3073 0.00037485681799
3074 0.000305157347091
3075 0.000157763211429
3076 0.000183814129793
3077 0.000520241794858
3078 0.000457725585591
3079 0.000433013505336
3080 0.000247111052112
3081 0.000213135540025
3082 0.000233653217796
3083 0.00159221610089
3084 0.00015434305404
3085 0.000412890577186
3086 0.000245111195661
3087 0.00028784586185
3088 0.000368075850914
3089 0.00010006337011
3090 0.000307576515991
3091 0.00054951254903
3092 0.000105583317097
3093 9.05905604429e-05
3094 0.000125190344045
3095 6.86115084925e-05
3096 0.000139170626027
3097 0.000365741807195
3098 0.000283627845306
3099 0.000305404854973
3100 0.000112077692736
3101 0.00024417036047
3102 0.00159680183812
3103 0.000263278929167
3104 0.000172699763158
3105 0.00042065294201
3106 0.000227301050628
3107 0.000330123747301
3108 0.000350906224111
3109 0.000287772519154
3110 0.000139137586203
3111 0.000147997587367
3112 0.000342252759359
3113 9.58893842953e-05
3114 0.000387594183368
3115 0.000268415598039
3116 0.000338405203435
3117 0.000554686410063
3118 0.000344114535953
3119 0.000298917283372
3120 0.000344968594554
3121 0.000355274709118
3122 8.70493396406e-05
3123 0.00018224172079
3124 0.000187675580301
3125 0.00022722992979
3126 5.12502324362e-05
3127 0.00013971843378
3128 0.000157763211429
3129 0.000161155699444
3130 0.000194107398062
3131 0.000127119918377
3132 0.000176737672372
3133 0.000437750307183
3134 0.000104111506314
3135 5.10738139107e-05
3136 0.000192256309464
3137 0.000440491859684
3138 0.000298579052852
3139 0.000174984072009
3140 0.000187048104412
3141 0.000424779291084
3142 0.000222719234887
3143 0.000266750812638
3144 6.64079818476e-05
3145 0.000147349251899
3146 0.000397280518352
3147 0.000342527164954
3148 0.000134264107959
3149 0.000209528199357
3150 0.000310648201586
3151 0.000498700284381
3152 0.000125714917373
3153 0.000494527011088
3154 0.000117934354604
3155 0.000628786296765
3156 0.000161431096144
3157 0.000129990172793
3158 0.000141683221243
3159 0.000266781428609
3160 9.12657536696e-05
3161 0.000199241928496
3162 8.04673172017e-05
3163 0.000424882551514
3164 0.000134938042213
3165 0.00011859805698
3166 9.20166172349e-05
3167 0.000207320030749
3168 0.000152498319678
3169 0.000363604518249
3170 0.000348725408054
3171 0.000167039456648
3172 0.000167676094522
3173 0.000440772008812
3174 0.000163035602484
3175 0.000340092317623
3176 7.36098436203e-05
3177 0.000226793311132
3178 0.000305321055696
3179 0.000216564427563
3180 0.000423369228561
3181 0.000176737672372
3182 0.000176737672372
3183 0.000411570897403
3184 4.40237686936e-05
3185 0.00029650885853
3186 0.00048112877084
3187 0.000187213242304
3188 0.000287382059195
3189 0.000318041177247
3190 0.000156165580503
3191 0.00012722881366
3192 0.00027290196225
3193 0.000125763689709
3194 0.000162457559621
3195 0.000136511839324
3196 0.000336433589807
3197 0.0003020753651
3198 9.23486255377e-05
3199 0.000487249754232
3200 0.000151587860875
3201 0.000225747710051
3202 0.000466403017516
3203 8.69473422222e-05
3204 0.000213192392617
3205 0.000273655962049
3206 0.000151462199482
3207 0.000297289326112
3208 0.000301528521721
3209 0.000142502257942
3210 0.000171191504615
3211 0.000126707614261
3212 0.000207613628362
3213 0.000231640361846
3214 0.000203702743104
3215 0.000462237409352
3216 0.00018890404889
3217 0.000142574596549
3218 7.77930035982e-05
3219 0.00018224172079
3220 0.000284404762085
3221 0.000284844543042
3222 0.000228990707366
3223 0.000162709181237
3224 0.000193326970016
3225 0.000317657235534
3226 0.000199828965517
3227 0.00037320924617
3228 7.83100085379e-05
3229 0.000189661555394
3230 0.000131050758761
3231 4.40237686936e-05
3232 0.000230689322542
3233 0.000472248067291
3234 0.000467716050463
3235 0.000183089357981
3236 7.7015939087e-05
3237 0.000175071309394
3238 0.000175472131123
3239 0.000202633259895
3240 0.000335062247963
3241 0.000397346271828
3242 0.000167444883178
3243 0.00014314520649
3244 0.000152390228243
3245 0.000142680600407
3246 0.000144399511342
3247 0.000137197049326
3248 0.000356617405784
3249 0.000270270652062
3250 0.000122581753171
3251 0.000174671849945
3252 0.000193485208764
3253 0.000435976851283
3254 0.000364094305857
3255 0.000113273299952
3256 0.000246170550286
3257 0.000504733634183
3258 0.00022946459026
3259 0.000297476576284
3260 0.000224224945007
3261 0.00019056482157
3262 0.000323577164298
3263 0.000165584465767
3264 0.000475382467557
3265 0.000237819685649
3266 0.000270158527469
3267 0.000107121481888
3268 0.000407865115792
3269 7.66493663615e-05
3270 0.000110932647813
3271 7.70085838084e-05
3272 0.000125941457165
3273 0.00029292994322
3274 0.000224170935832
3275 0.000412389368409
3276 0.000251725350028
3277 0.000167340657422
3278 0.000380053468868
3279 0.000184573079823
3280 0.000214013366894
3281 0.000598940740064
3282 9.97347506855e-05
3283 5.03849934255e-05
3284 0.000217834967056
3285 0.000321479633634
3286 0.000221369630016
3287 0.000143639698987
3288 0.000309552072449
3289 0.000296481783019
3290 0.000157802372909
3291 9.76429096289e-05
3292 0.000658626576139
3293 0.000120110061184
3294 0.000295378473067
3295 0.000154690688208
3296 0.000367338429498
3297 0.000246417888322
3298 0.000344582877094
3299 0.000279391520986
3300 0.000369208174217
3301 0.000178021598526
3302 0.000210469928453
3303 0.000465704175413
3304 0.000231407585112
3305 0.000199111374612
3306 7.4383984391e-05
3307 0.000163633084573
3308 0.00016725806363
3309 0.000116375332042
3310 0.000234025879182
3311 8.79469175263e-05
3312 0.000158365197916
3313 0.00015372938598
3314 0.000228984390737
3315 0.000218846629124
3316 0.000107472872094
3317 0.000229121886512
3318 8.61397490065e-05
3319 0.000263434879568
3320 0.000183477579301
3321 0.000621454751799
3322 0.000418309713231
3323 0.00013971843378
3324 7.9499484433e-05
3325 0.000441685420425
3326 0.000250057629824
3327 0.000139879366251
3328 0.000399048844434
3329 0.000162996092067
3330 0.000171890383539
3331 0.00050339976487
3332 0.000280363963041
3333 0.000351630088353
3334 8.44075117404e-05
3335 9.76202451964e-05
3336 0.000380517422885
3337 0.000126045329979
3338 0.00018531274117
3339 0.000128785499705
3340 0.000337487931784
3341 0.000150517688424
3342 0.000227126824272
3343 0.000428581850077
3344 0.000142263720142
3345 0.000417386081844
3346 0.000390492883337
3347 0.00027018475357
3348 0.000420458670324
3349 0.000382470067001
3350 0.000120825679181
3351 0.00045511996428
3352 0.000448750107557
3353 0.000111192402706
3354 0.000373848618951
3355 0.00018224172079
3356 0.000303806058324
3357 0.000170943840319
3358 0.00012747107741
3359 0.000110035068875
3360 0.000153703257272
3361 0.000464291164985
3362 0.000150149789981
3363 0.00037646351429
3364 0.00148937107929
3365 0.000241602904184
3366 0.000360668144665
3367 0.000438626474636
3368 9.33287583346e-05
3369 0.000128064908235
3370 0.000333572389079
3371 7.62807933837e-05
3372 0.000138663047396
3373 0.00015718221191
3374 0.000150767296242
3375 0.000164373026813
3376 5.92472627364e-05
3377 0.00012173849971
3378 0.00019938576469
3379 0.000349739376819
3380 0.000190912626701
3381 0.000162809376376
3382 0.000291280975184
3383 0.000228919717962
3384 0.000167767988177
3385 0.000244358833435
3386 0.000379051494192
3387 0.000303463235481
3388 0.000434903997127
3389 9.75080565336e-05
3390 9.51775000612e-05
3391 0.000159711480555
3392 0.000285047892356
3393 0.000162323111688
3394 0.000158669786821
3395 0.000212951052633
3396 0.00027878155944
3397 0.000443568172698
3398 0.000639369522411
3399 0.000106851309111
3400 0.000188422899322
3401 0.000207161523578
3402 0.00012173849971
3403 0.00017222990782
3404 0.000331170698462
3405 0.000152543587069
3406 0.000149292136427
3407 0.000415921583581
3408 7.66493663615e-05
3409 5.12273684828e-05
3410 0.000142574871248
3411 0.000146500970725
3412 0.000376225111012
3413 0.0003376620759
3414 5.86477817749e-05
3415 0.000122635782611
3416 0.000218664829183
3417 0.000291207086883
3418 0.000414588814107
3419 9.63586948535e-05
3420 0.000354152105229
3421 0.000196392148595
3422 0.000157236006242
3423 0.00025383010357
3424 0.000217015962624
3425 9.4019713486e-05
3426 0.000135534006981
3427 0.000535264473122
3428 0.000128785499705
3429 9.69920976874e-05
3430 7.49429497516e-05
3431 0.000147916985619
3432 0.000191990220856
3433 9.04428590066e-05
3434 0.000312231091941
3435 0.000566020886303
3436 0.000306933853354
3437 7.23636867279e-05
3438 0.00738428438564
3439 0.000234964407354
3440 0.000212885268597
3441 0.000256132537221
3442 0.000133177742999
3443 0.000540222965253
3444 0.000277155205964
3445 0.000120541670974
3446 0.000122988011785
3447 0.000220968691223
3448 0.000136528659366
3449 0.000397307939192
3450 0.000392788474405
3451 0.00017575697818
3452 4.65611890627e-05
3453 0.000164646970817
3454 4.65611890627e-05
3455 0.000187693435507
3456 0.000438981761907
3457 0.000435664869208
3458 8.93260237438e-05
3459 0.000224417610988
3460 0.000200787008297
3461 0.000322549386512
3462 0.000104375146787
3463 0.000195834639786
3464 0.000265295006884
3465 0.000363453934455
3466 0.000245667353283
3467 0.000311346158559
3468 5.71749477467e-05
3469 0.000331354221994
3470 0.000326822848929
3471 0.000204823160131
3472 0.000242462287677
3473 0.00019863658708
3474 0.000255794938009
3475 0.000220105804822
3476 0.0002766137347
3477 0.000229793728413
3478 0.000112428226746
3479 0.000247156661678
3480 0.00022345951068
3481 0.000243011294212
3482 0.000210505761478
3483 0.000181847114933
3484 0.000180357939925
3485 0.000163588789229
3486 0.000187633748447
3487 0.000318790971161
3488 0.000176987809083
3489 0.000390872007144
3490 0.00011095571384
3491 0.00029346797002
3492 0.000218731158553
3493 0.00011840589294
3494 0.000215169557193
3495 8.03431988282e-05
3496 0.000523234375007
3497 0.000240988148687
3498 0.000227248147648
3499 0.00021729337545
3500 0.000260328870922
3501 0.00028347956811
3502 0.000420178540113
3503 0.000155303257666
3504 0.000174207690304
3505 0.000152675359706
3506 0.000313405522562
3507 0.000510097250756
3508 0.000134962477821
3509 0.000314893455455
3510 0.000240095855733
3511 0.000240575552234
3512 0.000287484360557
3513 0.000150790429991
3514 0.000144657469907
3515 0.000343985017723
3516 0.000152739663839
3517 0.000210259087193
3518 0.000179657136493
3519 0.000274459397687
3520 0.000255451201507
3521 0.000127118128607
3522 0.00064843506309
3523 0.000133073143927
3524 0.000210505761478
3525 0.000198537781466
3526 0.000345733839521
3527 0.000340322308524
3528 0.000210109761222
3529 0.000312989879614
3530 0.000392112644733
3531 0.00015757498953
3532 0.000185035491643
3533 0.000201197904797
3534 0.000186416821369
3535 0.000271698849532
3536 0.000239647962657
3537 0.000261845983138
3538 0.000101710939528
3539 0.00030291705563
3540 0.000167293302473
3541 0.00031535340477
3542 0.000188078356005
3543 0.000297233702233
3544 0.000127680613809
3545 0.000136028061696
3546 0.000649969075995
3547 0.000331931238819
3548 0.000176557183015
3549 0.000131229514519
3550 0.000293593183742
3551 0.000208940728735
3552 0.000164338472156
3553 9.82120251991e-05
3554 0.000391779687957
3555 0.00025394053359
3556 0.000245581294606
3557 0.000179652801027
3558 0.000266566869729
3559 0.000401332739807
3560 0.000260734284287
3561 8.11254867466e-05
3562 0.000211625489069
3563 0.00022345951068
3564 0.000179488198772
3565 0.000223360707809
3566 8.77103323104e-05
3567 0.00015960116785
3568 0.000214491345215
3569 0.00039332854042
3570 0.000276809991025
3571 4.65611890627e-05
3572 0.000265987765784
3573 0.000110962780496
3574 0.000220405634723
3575 0.000156643092011
3576 5.69570819064e-05
3577 0.0003723819076
3578 0.000440664332287
3579 0.000218880695444
3580 0.000245667353283
3581 0.000190427881514
3582 0.00018726715361
3583 5.89160621264e-05
3584 0.000152973780338
3585 0.000532776385226
3586 0.000169247921139
3587 0.000412393372307
3588 0.000246813912779
3589 8.02117398744e-05
3590 5.16107609713e-05
3591 0.000308772524008
3592 0.000212681387704
3593 0.000220666233953
3594 0.000480539121241
3595 0.000184135241001
3596 0.00021477606506
3597 0.000724135721237
3598 5.71102618745e-05
3599 0.000158329316216
3600 0.000377599720926
3601 0.000116504402854
3602 0.000245828513635
3603 0.00020931088727
3604 0.000108096437727
3605 0.000666844017043
3606 0.000356275747825
3607 0.000124658456356
3608 0.000127750481063
3609 0.000234354469656
3610 0.000258269940032
3611 0.000258092180348
3612 0.000496297773678
3613 0.000260612216147
3614 0.00022345951068
3615 0.000143048080513
3616 0.000247660189437
3617 0.000270066451429
3618 0.000390512301578
3619 0.000193376154954
3620 8.31102234784e-05
3621 0.00018767122508
3622 0.000159525849592
3623 0.000164750473571
3624 0.000220453847691
3625 0.000281573082157
3626 0.000350861237826
3627 0.000152809811777
3628 0.000184022039093
3629 0.00032132601243
3630 0.000425811664543
3631 0.000167120150886
3632 0.00013214753417
3633 0.000126376304889
3634 0.000575154615391
3635 0.000260237561368
3636 0.000252392959069
3637 0.00029272641892
3638 0.000102459644042
3639 0.000239347006667
3640 0.00018363381457
3641 0.000354304400276
3642 0.000155358604481
3643 0.00022543827748
3644 0.000265408242202
3645 0.000182154696347
3646 0.000221764967926
3647 0.000197577254817
3648 0.000176619455717
3649 0.000252524051918
3650 0.00022345951068
3651 4.65611890627e-05
3652 0.000308725672218
3653 0.000135716154048
3654 0.000104641769032
3655 0.00013500766027
3656 0.000220052549791
3657 0.000215606769531
3658 0.000202283845817
3659 0.000164176622719
3660 0.000158745387813
3661 0.000110137513533
3662 0.000110059443094
3663 0.000335872088095
3664 0.000182308176977
3665 0.00017162825632
3666 0.0001231832043
3667 0.000126117994587
3668 0.000225619323211
3669 0.000146340736196
3670 0.000141781198763
3671 0.000215202172292
3672 0.000138556547758
3673 0.000443763919182
3674 8.6479568865e-05
3675 0.000384013545328
3676 0.000218121006449
3677 0.00011095571384
3678 0.000471577060554
3679 9.48466068991e-05
3680 0.000273326909196
3681 0.000466660034875
3682 0.000115699471701
3683 0.000191838203243
3684 0.000175278019249
3685 0.000605745285553
3686 0.000198671096677
3687 7.00517185975e-05
3688 0.000277948404408
3689 4.88921517377e-05
3690 5.77866488213e-05
3691 0.000343812623787
3692 8.11254867466e-05
3693 0.000367840858098
3694 0.000279102859637
3695 9.86922318795e-05
3696 0.00022345951068
3697 0.000222147207854
3698 0.000205983431886
3699 0.000234124058669
3700 7.66606646365e-05
3701 0.000141781198763
3702 0.000239652995498
3703 0.000337525082494
3704 0.000164467473246
3705 4.6815458853e-05
3706 0.000424298531155
3707 0.00027566730774
3708 0.000227442752237
3709 0.000231943415649
3710 4.65611890627e-05
3711 0.000303742950589
3712 0.000313547047087
3713 9.12631635648e-05
3714 0.000300112624382
3715 0.000283418379779
3716 0.000177932880052
3717 0.000160178929098
3718 8.11254867466e-05
3719 0.000287888178387
3720 0.000266780362842
3721 0.000221733121006
3722 0.00030236117843
3723 0.000381669919424
3724 0.000146817557077
3725 0.000103799648809
3726 0.000284120649295
3727 0.000191991827197
3728 0.000144366667769
3729 0.00032525251704
3730 4.65611890627e-05
3731 0.000252436505327
3732 0.000350998757257
3733 5.18101941533e-05
3734 7.68115582821e-05
3735 0.000416572675588
3736 0.000198250207355
3737 0.000132606968536
3738 0.000346889099501
3739 0.000352965673274
3740 0.000228920256159
3741 0.000320765610674
3742 0.000178606018557
3743 0.000127390445365
3744 0.000284120649295
3745 8.11254867466e-05
3746 0.000142363384932
3747 0.000247586036148
3748 0.000304206934246
3749 4.65611890627e-05
3750 0.000146934760331
3751 0.00029338699278
3752 0.000151976743543
3753 0.000246801736706
3754 0.000294209783312
3755 0.000121662769614
3756 0.000105249696711
3757 0.000564233804997
3758 0.000260914818787
3759 0.000467061525111
3760 0.00028553590671
3761 0.00019239795262
3762 0.000249363841857
3763 0.000170785623201
3764 0.00016160386978
3765 0.000341512215858
3766 6.41856003592e-05
3767 0.000157513659804
3768 0.0001421995458
3769 0.000267383581244
3770 0.000171420022304
3771 0.000140491738161
3772 0.000141074707552
3773 0.000126881055748
3774 0.000180337693442
3775 0.000279135264561
3776 0.000164623131911
3777 0.000270193496958
3778 0.000137053015598
3779 0.000174666304774
3780 0.000235935074597
3781 0.000179283187492
3782 8.91235978103e-05
3783 0.00036229044644
3784 0.000194998800551
3785 0.000149923933993
3786 0.000188243528346
3787 0.000237547477845
3788 0.000125811235081
3789 0.000123502305114
3790 0.000218452128671
3791 0.000377892098878
3792 0.000305142869293
3793 0.000186414265871
3794 0.00051698514361
3795 0.000369687245063
3796 8.418657325e-05
3797 0.000131407679313
3798 0.000390952957641
3799 4.65611890627e-05
3800 0.000281151007843
3801 0.000402819911527
3802 0.000125557340757
3803 0.000206097831176
3804 0.000257707494239
3805 0.000420094283972
3806 9.02891874468e-05
3807 0.000138660968001
3808 6.0496908369e-05
3809 6.03330656463e-05
3810 0.000247646526164
3811 0.000374642335512
3812 7.35626906142e-05
3813 0.000150494836525
3814 0.000141781198763
3815 0.000168295675544
3816 0.000187336213466
3817 7.35792748608e-05
3818 0.000140532854388
3819 0.000170952113998
3820 0.000202820400805
3821 4.65611890627e-05
3822 0.000316730389506
3823 0.00031965387058
3824 0.000203007795254
3825 0.000421179596065
3826 0.000363739250606
3827 0.00034157378861
3828 0.000125043499925
3829 0.00025291149414
3830 0.000418537190952
3831 0.00117793872392
3832 0.000252899877245
3833 0.000134957235858
3834 0.000337298120874
3835 0.000107460534225
3836 0.000300227134506
3837 0.000328341498407
3838 0.000257528073628
3839 0.0005164804098
3840 8.73091225872e-05
3841 0.000163677560879
3842 0.000344638802524
3843 0.000368581184641
3844 0.000118666495789
3845 0.000121348693317
3846 0.000192363748682
3847 0.000247586036148
3848 0.000217672946511
3849 0.000138160744084
3850 0.000120541670974
3851 0.000249423898715
3852 0.000505206708729
3853 0.00020967889901
3854 4.65611890627e-05
3855 5.28896510656e-05
3856 0.000186037882542
3857 4.65611890627e-05
3858 0.000174969946034
3859 0.000273311860653
3860 0.000102574938401
3861 0.000310823440518
3862 0.000279950397068
3863 0.000234665107158
3864 0.000221259465053
3865 0.000141781198763
3866 7.67827033106e-05
3867 0.000225281274917
3868 0.000306426557904
3869 0.000269628552707
3870 0.000345909198722
3871 0.000290257175037
3872 0.000135789097137
3873 0.000190954725061
3874 0.000337160217851
3875 0.000214446943273
3876 6.18385414591e-05
3877 0.000128364901303
3878 0.000468794232614
3879 0.000141982537324
3880 5.28896510656e-05
3881 0.00014558104456
3882 0.000218215016502
3883 7.9672589899e-05
3884 0.00022345951068
3885 0.000294989084539
3886 9.11963481372e-05
3887 0.000274289941996
3888 0.000144821441718
3889 0.000165995086539
3890 0.000150052816051
3891 9.12781959709e-05
3892 0.00027327882278
3893 0.000201209531481
3894 0.000105406476844
3895 0.000193881261035
3896 0.000178980851612
3897 0.000235169021616
3898 9.11749213024e-05
3899 0.000239950249925
3900 0.000125112464384
3901 0.000358597273455
3902 0.000148241674066
3903 0.000365228305829
3904 0.000208954394104
3905 0.000137269200077
3906 0.000170049515149
3907 0.000451159537675
3908 0.000304903975007
3909 0.000123706770287
3910 0.000246645179499
3911 8.61629128152e-05
3912 0.000141781198763
3913 0.000227650449445
3914 0.000174747438639
3915 0.000120807566382
3916 0.000258970510249
3917 0.000128749018342
3918 0.000229214091177
3919 0.000571272878153
3920 0.00018363381457
3921 0.000233325554179
3922 0.000386597787331
3923 5.74946243976e-05
3924 0.000168769430004
3925 0.000412371592987
3926 0.000110181330564
3927 0.000374030434971
3928 0.000308790905638
3929 6.21703335178e-05
3930 0.000168113322373
3931 0.000430506127543
3932 0.000279524685067
3933 0.000181019204272
3934 0.000312684220823
3935 0.000120710573384
3936 4.65611890627e-05
3937 9.95726770587e-05
3938 0.000179403712349
3939 0.00100243788341
3940 0.000102590838814
3941 0.000113565081428
3942 0.00011267742205
3943 5.0007025841e-05
3944 0.000230343551128
3945 0.00014579662458
3946 0.000388893472216
3947 8.91235978103e-05
3948 0.000342470338015
3949 0.000531694002044
3950 0.000261846022073
3951 0.000226638991669
3952 0.000365248009562
3953 0.000103007996764
3954 9.11099987325e-05
3955 0.00011598465914
3956 6.72655686096e-05
3957 0.000293193599539
3958 0.000270646135953
3959 0.000128986609605
3960 4.85259260953e-05
3961 0.000245639708393
3962 0.000132084121025
3963 0.000353121345241
3964 0.000142396271751
3965 0.000218580075728
3966 8.63702758878e-05
3967 0.000397387856047
3968 0.000230732009849
3969 0.00041960311521
3970 0.000269389818554
3971 0.000102453180522
3972 0.000414179325129
3973 0.000219487633891
3974 0.000111945038002
3975 4.65611890627e-05
3976 0.000232262186974
3977 0.000175649093305
3978 9.92350034041e-05
3979 7.54256009507e-05
3980 0.000189229428499
3981 0.00216768594779
3982 0.000251264177628
3983 0.000416675988198
3984 9.7199761878e-05
3985 6.84447909054e-05
3986 0.00020562319075
3987 0.000289394523962
3988 0.00011914767303
3989 0.000229727374948
3990 0.000215574711294
3991 0.000190020039325
3992 0.000126892615996
3993 0.000125514924392
3994 0.000204511924635
3995 0.000337858205212
3996 0.000288057807495
3997 0.000168654011728
3998 0.000328563051025
3999 0.000433975745815
4000 0.000177465956224
4001 0.000299760291762
4002 0.00011914767303
4003 0.000245497149555
4004 0.00016988638705
4005 0.000318021069926
4006 0.000132573580584
4007 0.00010116780518
4008 0.000190020039325
4009 6.84447909054e-05
4010 0.000303984439415
4011 6.84447909054e-05
4012 0.000148990847168
4013 0.00011914767303
4014 0.000207458807158
4015 0.000368270184617
4016 6.84447909054e-05
4017 0.000190020039325
4018 0.000304347941903
4019 0.000223265251446
4020 0.000250241296113
4021 0.000270212644661
4022 0.000335299628535
4023 6.84447909054e-05
4024 0.000540065809119
4025 6.84447909054e-05
4026 0.000190020039325
4027 0.000282598102957
4028 0.00026874806644
4029 0.000104345834214
4030 0.00011914767303
4031 0.000554724244167
4032 0.000359395859363
4033 0.00010116780518
4034 0.000124081210714
4035 9.39632943045e-05
4036 6.84447909054e-05
4037 0.000106221158995
4038 0.000148548416288
4039 0.000296393116294
