node,closeness
1 0.354833040422
2 0.283706878381
3 0.26207165109
4 0.315888289134
5 0.26207165109
6 0.287177298912
7 0.285129219037
8 0.310090615881
9 0.262037637897
10 0.330090738167
11 0.263904319979
12 0.261918661218
13 0.261918661218
14 0.312562891865
15 0.265134602758
16 0.261918661218
17 0.262976229241
18 0.267488076312
19 0.280455618836
20 0.307727480567
21 0.262190766833
22 0.288243272182
23 0.26602542987
24 0.262190766833
25 0.263439457203
26 0.278694181793
27 0.278405956977
28 0.261986634659
29 0.262139703973
30 0.281021643817
31 0.272212484832
32 0.266975206612
33 0.298293565783
34 0.282674133707
35 0.303768900925
36 0.261935651271
37 0.262088660998
38 0.261918661218
39 0.277487630566
40 0.262531694948
41 0.328426189508
42 0.267718623616
43 0.262668314578
44 0.261918661218
45 0.264405447878
46 0.265990382715
47 0.291868449584
48 0.281688175794
49 0.266499472017
50 0.261969637991
51 0.264440078585
52 0.262020634612
53 0.261935651271
54 0.286545557763
55 0.264215141006
56 0.268591193295
57 0.330171708913
58 0.262156722716
59 0.397401830528
60 0.270498392283
61 0.267010513787
62 0.261952643529
63 0.270389714745
64 0.267187189837
65 0.279581804334
66 0.287177298912
67 0.273225522701
68 0.313728537021
69 0.26205464339
70 0.27001003009
71 0.261935651271
72 0.261952643529
73 0.27693573829
74 0.263491027732
75 0.261918661218
76 0.272451251602
77 0.261952643529
78 0.26837697727
79 0.26205464339
80 0.271206931292
81 0.268430499236
82 0.261952643529
83 0.271791074914
84 0.262020634612
85 0.262122687439
86 0.272451251602
87 0.268394815553
88 0.278540387666
89 0.269020652898
90 0.269128232471
91 0.261935651271
92 0.262037637897
93 0.264440078585
94 0.265692854323
95 0.263542618457
96 0.263663075416
97 0.26205464339
98 0.261952643529
99 0.303175914108
100 0.262122687439
101 0.26205464339
102 0.263491027732
103 0.262003633532
104 0.282674133707
105 0.284566596195
106 0.269595406596
107 0.262959103933
108 0.459699453552
109 0.262497562244
110 0.271243366696
111 0.261986634659
112 0.262156722716
113 0.267311002251
114 0.307797850446
115 0.261918661218
116 0.267647643667
117 0.262207792208
118 0.2631990614
119 0.271827667452
120 0.289047959914
121 0.275199345737
122 0.264492041658
123 0.285350858597
124 0.267452642734
125 0.261969637991
126 0.275199345737
127 0.264700098328
128 0.262548764629
129 0.274787342634
130 0.263387906855
131 0.264700098328
132 0.262020634612
133 0.272322632857
134 0.274619151251
135 0.273299492386
136 0.26207165109
137 0.301118568233
138 0.265832784727
139 0.267293307738
140 0.26205464339
141 0.262088660998
142 0.27583851356
143 0.277659355016
144 0.264422762098
145 0.26217374367
146 0.261935651271
147 0.27670801069
148 0.263663075416
149 0.273855544252
150 0.262156722716
151 0.279659256181
152 0.262037637897
153 0.261986634659
154 0.261935651271
155 0.261935651271
156 0.261952643529
157 0.280124869927
158 0.261952643529
159 0.271681356388
160 0.262514627487
161 0.261935651271
162 0.272893154018
163 0.262037637897
164 0.26812749004
165 0.261952643529
166 0.264474718365
167 0.268234356317
168 0.26567537338
169 0.263577023499
170 0.285310534869
171 0.276386036961
172 0.370492705753
173 0.274357929066
174 0.289649236066
175 0.267328699106
176 0.269811572899
177 0.2706978615
178 0.264405447878
179 0.265378548896
180 0.261952643529
181 0.263697511918
182 0.26207165109
183 0.261952643529
184 0.261935651271
185 0.262582910652
186 0.272948492632
187 0.28942087156
188 0.262890625
189 0.276386036961
190 0.279581804334
191 0.261969637991
192 0.263216217978
193 0.261986634659
194 0.261986634659
195 0.264405447878
196 0.26205464339
197 0.26482161595
198 0.262548764629
199 0.286078639745
200 0.277487630566
201 0.278137484502
202 0.261969637991
203 0.268091886868
204 0.278386763185
205 0.263731957416
206 0.261935651271
207 0.261969637991
208 0.266922263353
209 0.262020634612
210 0.261918661218
211 0.261918661218
212 0.270952157284
213 0.272304268663
214 0.285250070641
215 0.267576701345
216 0.261918661218
217 0.261935651271
218 0.279601163274
219 0.26205464339
220 0.263663075416
221 0.261969637991
222 0.267541244285
223 0.267558971641
224 0.271061287508
225 0.274619151251
226 0.26207165109
227 0.262156722716
228 0.267523519279
229 0.266605044236
230 0.262003633532
231 0.26205464339
232 0.275574967583
233 0.275255623722
234 0.261935651271
235 0.261935651271
236 0.262890625
237 0.269883705387
238 0.262020634612
239 0.270118402569
240 0.274806043283
241 0.261952643529
242 0.261935651271
243 0.264838984718
244 0.262037637897
245 0.261935651271
246 0.261986634659
247 0.278290833908
248 0.262873510839
249 0.26621835443
250 0.263577023499
251 0.263233376793
252 0.262514627487
253 0.277468563183
254 0.261952643529
255 0.263456645136
256 0.261935651271
257 0.261935651271
258 0.269901744536
259 0.273392010833
260 0.262037637897
261 0.264561357531
262 0.271845967416
263 0.261969637991
264 0.262020634612
265 0.261986634659
266 0.273244011368
267 0.263473835313
268 0.261935651271
269 0.264960629921
270 0.292185238784
271 0.261969637991
272 0.310567604984
273 0.276689050295
274 0.26205464339
275 0.271134089841
276 0.26207165109
277 0.273725596529
278 0.277926904811
279 0.264388135926
280 0.261935651271
281 0.276404955849
282 0.262548764629
283 0.261935651271
284 0.266640253566
285 0.262548764629
286 0.285330695308
287 0.261935651271
288 0.261918661218
289 0.261969637991
290 0.267328699106
291 0.268234356317
292 0.275068119891
293 0.261918661218
294 0.267311002251
295 0.261952643529
296 0.269955876454
297 0.262020634612
298 0.273262502538
299 0.271754492227
300 0.264422762098
301 0.262020634612
302 0.262805076473
303 0.263508222396
304 0.268662674651
305 0.286139455782
306 0.261935651271
307 0.26205464339
308 0.268341307815
309 0.280105438402
310 0.26207165109
311 0.26579778831
312 0.262003633532
313 0.26775412771
314 0.271535202744
315 0.265500690381
316 0.285492081448
317 0.262651229348
318 0.268787858617
319 0.265990382715
320 0.269128232471
321 0.2622588816
322 0.261952643529
323 0.301500783992
324 0.275218102508
325 0.277926904811
326 0.274413863405
327 0.262241849591
328 0.261969637991
329 0.26205464339
330 0.274022801303
331 0.263439457203
332 0.269937830069
333 0.273874118285
334 0.262037637897
335 0.276083686586
336 0.261918661218
337 0.261952643529
338 0.265710337567
339 0.262941980856
340 0.279407694437
341 0.263370727889
342 0.272396114409
343 0.27555616214
344 0.267612167804
345 0.263887073585
346 0.266148167677
347 0.264544025157
348 0.263508222396
349 0.370458715596
350 0.270462156731
351 0.289192866862
352 0.276386036961
353 0.275236861836
354 0.366424682396
355 0.273207036536
356 0.274469820555
357 0.270371610311
358 0.286952814099
359 0.270335408717
360 0.272745694022
361 0.307727480567
362 0.272249190939
363 0.272598393303
364 0.327467358689
365 0.276461728057
366 0.271571726411
367 0.342697106
368 0.275274388166
369 0.276461728057
370 0.287320335847
371 0.313752913753
372 0.270480273294
373 0.271097683787
374 0.315937720053
375 0.315148677125
376 0.283726812816
377 0.367024177422
378 0.270353508302
379 0.297765651501
380 0.270353508302
381 0.271006711409
382 0.271024901
383 0.2706978615
384 0.270371610311
385 0.270389714745
386 0.274993189867
387 0.270371610311
388 0.307118953453
389 0.306025009473
390 0.321573624273
391 0.271955818966
392 0.315222482436
393 0.317802612939
394 0.276423877327
395 0.288263849229
396 0.314412520439
397 0.272764117806
398 0.29348063086
399 0.285673859215
400 0.276442801397
401 0.314731098987
402 0.270353508302
403 0.30961508971
404 0.27201077804
405 0.30609460279
406 0.288779231924
407 0.270389714745
408 0.287524921675
409 0.295672548876
410 0.283249158249
411 0.272102425876
412 0.270371610311
413 0.317004239284
414 0.271571726411
415 0.369949610628
416 0.289566152743
417 0.308173700679
418 0.311935110081
419 0.289857153112
420 0.314216792468
421 0.361180679785
422 0.289068652015
423 0.279756131357
424 0.312998992326
425 0.271115885592
426 0.288572857858
427 0.289441617088
428 0.295889206419
429 0.395378439244
430 0.270498392283
431 0.294508059223
432 0.310185896451
433 0.29495982469
434 0.286301758366
435 0.293800931315
436 0.288284429214
437 0.298161411799
438 0.270498392283
439 0.307493146512
440 0.307563409247
441 0.274134419552
442 0.276442801397
443 0.287976037655
444 0.270353508302
445 0.294357778102
446 0.277640264026
447 0.276916746674
448 0.270335408717
449 0.270371610311
450 0.29759009507
451 0.273836972738
452 0.30553874092
453 0.291363013204
454 0.270407821603
455 0.270371610311
456 0.289857153112
457 0.309710078233
458 0.286993603412
459 0.274246128769
460 0.286789772727
461 0.310495963091
462 0.313484977874
463 0.274749948969
464 0.293352706139
465 0.276461728057
466 0.315444105929
467 0.270480273294
468 0.270389714745
469 0.270353508302
470 0.288717288717
471 0.27122514777
472 0.308314881271
473 0.287116040956
474 0.292375642604
475 0.272359368677
476 0.367692587871
477 0.276404955849
478 0.286342362785
479 0.270716009654
480 0.30229076209
481 0.289358652813
482 0.27428338541
483 0.294100509832
484 0.370424731676
485 0.3635217861
486 0.286200297682
487 0.271097683787
488 0.277716643741
489 0.275011918545
490 0.27270885392
491 0.272047429765
492 0.272047429765
493 0.32410305803
494 0.279233801259
495 0.277430436276
496 0.273392010833
497 0.280884808013
498 0.325960607039
499 0.2706978615
500 0.270371610311
501 0.298271531984
502 0.276442801397
503 0.272047429765
504 0.294723012919
505 0.289690795609
506 0.271043093033
507 0.29750239446
508 0.300625372245
509 0.287218152073
510 0.271079484425
511 0.289483117069
512 0.291531297379
513 0.292185238784
514 0.324780825223
515 0.305100113336
516 0.297941415185
517 0.286993603412
518 0.342580809366
519 0.286973207306
520 0.272322632857
521 0.312055641422
522 0.273151593046
523 0.2705165137
524 0.291995082797
525 0.323479932708
526 0.31414345729
527 0.341133733209
528 0.293459302326
529 0.286728679969
530 0.27067971578
531 0.270389714745
532 0.288531618435
533 0.270498392283
534 0.270625293211
535 0.286301758366
536 0.273707042635
537 0.274731255953
538 0.292757195679
539 0.323583620482
540 0.272506411122
541 0.273114643219
542 0.287545396283
543 0.314657523572
544 0.287422592355
545 0.297327148222
546 0.292714751722
547 0.290608132422
548 0.274059997285
549 0.274507138001
550 0.293822309539
551 0.270335408717
552 0.271115885592
553 0.270389714745
554 0.31482925308
555 0.286952814099
556 0.275180591522
557 0.293865075322
558 0.277144818119
559 0.289068652015
560 0.317078916372
561 0.276821827655
562 0.316408086507
563 0.270407821603
564 0.394258933802
565 0.276461728057
566 0.274302017526
567 0.365529102924
568 0.333581164808
569 0.271864269844
570 0.287976037655
571 0.290440912033
572 0.270371610311
573 0.270389714745
574 0.270625293211
575 0.271462184874
576 0.270263034603
577 0.270299216815
578 0.270444042596
579 0.270480273294
580 0.271206931292
581 0.345423438837
582 0.270082268745
583 0.270425930887
584 0.270498392283
585 0.273799837266
586 0.270064205457
587 0.271699636657
588 0.272451251602
589 0.270299216815
590 0.270933977456
591 0.286606572503
592 0.311862835959
593 0.271243366696
594 0.271919191919
595 0.289006584598
596 0.270389714745
597 0.322885015193
598 0.270897625117
599 0.270335408717
600 0.270462156731
601 0.270480273294
602 0.338786810974
603 0.270064205457
604 0.270371610311
605 0.31222454187
606 0.270371610311
607 0.341249049269
608 0.270064205457
609 0.270064205457
610 0.287873387039
611 0.287299893276
612 0.270335408717
613 0.270317311554
614 0.270064205457
615 0.2948736673
616 0.270480273294
617 0.270897625117
618 0.270952157284
619 0.271443936542
620 0.270970339552
621 0.27270885392
622 0.270172621437
623 0.270281124498
624 0.270353508302
625 0.270064205457
626 0.270425930887
627 0.270299216815
628 0.270480273294
629 0.270263034603
630 0.320399904785
631 0.273299492386
632 0.2706978615
633 0.270444042596
634 0.270317311554
635 0.289898772345
636 0.270752313263
637 0.270952157284
638 0.331935881628
639 0.270064205457
640 0.275499761206
641 0.270462156731
642 0.340242669363
643 0.270082268745
644 0.270480273294
645 0.271644803229
646 0.308786418903
647 0.288160993363
648 0.270389714745
649 0.270082268745
650 0.320323655402
651 0.270444042596
652 0.362672893839
653 0.271772782339
654 0.271791074914
655 0.271571726411
656 0.271115885592
657 0.270064205457
658 0.270625293211
659 0.270480273294
660 0.270480273294
661 0.270100334448
662 0.270480273294
663 0.270480273294
664 0.271170505675
665 0.270353508302
666 0.270371610311
667 0.271370967742
668 0.286912036379
669 0.270064205457
670 0.294551024874
671 0.270462156731
672 0.273595772071
673 0.270190699231
674 0.271772782339
675 0.270064205457
676 0.270462156731
677 0.290420023015
678 0.270952157284
679 0.274507138001
680 0.272764117806
681 0.271571726411
682 0.270462156731
683 0.270734160241
684 0.308456191276
685 0.270407821603
686 0.270806786936
687 0.217178508041
688 0.17874374751
689 0.17887835563
690 0.178490916324
691 0.178498806472
692 0.178475138122
693 0.178435704817
694 0.178546162009
695 0.17887835563
696 0.178767487161
697 0.178696287118
698 0.215808882476
699 0.271608259904
700 0.178443590084
701 0.178483026874
702 0.178617242447
703 0.178490916324
704 0.215705128205
705 0.178467250066
706 0.178989361702
707 0.178577746329
708 0.178506697317
709 0.215543930821
710 0.178577746329
711 0.178498806472
712 0.17859354268
713 0.178530374038
714 0.216028247379
715 0.178538267675
716 0.178514588859
717 0.178530374038
718 0.178459362708
719 0.178672566372
720 0.215947376865
721 0.178585644155
722 0.178475138122
723 0.178538267675
724 0.178530374038
725 0.178822904212
726 0.178490916324
727 0.178712104448
728 0.178648851922
729 0.178814985387
730 0.21536
731 0.178569849202
732 0.178656756039
733 0.178538267675
734 0.178490916324
735 0.178617242447
736 0.178561952773
737 0.178538267675
738 0.178561952773
739 0.178640948505
740 0.178672566372
741 0.178490916324
742 0.178569849202
743 0.1785224811
744 0.178451476047
745 0.178443590084
746 0.215866566877
747 0.178498806472
748 0.215866566877
749 0.17859354268
750 0.178443590084
751 0.178443590084
752 0.1785224811
753 0.17874374751
754 0.21536
755 0.178680472587
756 0.17859354268
757 0.178514588859
758 0.178459362708
759 0.17859354268
760 0.178514588859
761 0.178688379503
762 0.178498806472
763 0.178538267675
764 0.178609341826
765 0.178656756039
766 0.178633045786
767 0.178720014163
768 0.178490916324
769 0.178538267675
770 0.215382974184
771 0.178648851922
772 0.178546162009
773 0.215417444652
774 0.178727924578
775 0.215636014098
776 0.178443590084
777 0.215314066333
778 0.178577746329
779 0.178561952773
780 0.178577746329
781 0.178712104448
782 0.178862508859
783 0.17859354268
784 0.178577746329
785 0.178759573244
786 0.178451476047
787 0.178498806472
788 0.178664660856
789 0.178459362708
790 0.178530374038
791 0.178459362708
792 0.178483026874
793 0.178617242447
794 0.17859354268
795 0.178538267675
796 0.178569849202
797 0.178483026874
798 0.178656756039
799 0.215291106846
800 0.1785224811
801 0.215636014098
802 0.178435704817
803 0.178467250066
804 0.215440431094
805 0.215394463114
806 0.215970476547
807 0.178546162009
808 0.178672566372
809 0.178498806472
810 0.178577746329
811 0.215578452832
812 0.215314066333
813 0.178498806472
814 0.178506697317
815 0.178656756039
816 0.178830823738
817 0.178498806472
818 0.178625143767
819 0.178569849202
820 0.215636014098
821 0.178751660027
822 0.178498806472
823 0.178546162009
824 0.21585502753
825 0.178910057599
826 0.215279628939
827 0.1785224811
828 0.178807067263
829 0.216120745022
830 0.178704195433
831 0.215843489416
832 0.178554057042
833 0.178467250066
834 0.178546162009
835 0.178783317099
836 0.178601441904
837 0.1785224811
838 0.178538267675
839 0.178688379503
840 0.178546162009
841 0.215520922289
842 0.178443590084
843 0.178735835694
844 0.178546162009
845 0.178554057042
846 0.178617242447
847 0.178483026874
848 0.178648851922
849 0.178609341826
850 0.178751660027
851 0.178506697317
852 0.178467250066
853 0.178459362708
854 0.178791233119
855 0.178451476047
856 0.178459362708
857 0.215659047212
858 0.254346182918
859 0.213650793651
860 0.213616886209
861 0.315394829337
862 0.213831815293
863 0.281825795645
864 0.213843139332
865 0.213741266144
866 0.232349387191
867 0.213650793651
868 0.213684711859
869 0.232349387191
870 0.2140244872
871 0.213673404593
872 0.213741266144
873 0.213673404593
874 0.213662098524
875 0.213673404593
876 0.213605586119
877 0.213843139332
878 0.213639489974
879 0.213831815293
880 0.213662098524
881 0.214627405124
882 0.213673404593
883 0.213809170814
884 0.213605586119
885 0.213639489974
886 0.213696020322
887 0.213718640838
888 0.213662098524
889 0.213820492454
890 0.213865791007
891 0.214103923648
892 0.213605586119
893 0.213605586119
894 0.213729952893
895 0.213639489974
896 0.213662098524
897 0.320196653715
898 0.31665621079
899 0.315888289134
900 0.315001170138
901 0.315247091889
902 0.315764779481
903 0.316160350767
904 0.315764779481
905 0.315271705184
906 0.317253299811
907 0.317477789134
908 0.315271705184
909 0.333168316832
910 0.315222482436
911 0.315050323789
912 0.314952031823
913 0.315148677125
914 0.317128720647
915 0.315320943308
916 0.334520752216
917 0.336864937015
918 0.320425329313
919 0.314952031823
920 0.317402924069
921 0.315296322324
922 0.3358004158
923 0.315666041276
924 0.315863579474
925 0.316011895445
926 0.337484329294
927 0.31546875
928 0.317402924069
929 0.315148677125
930 0.315666041276
931 0.336584146037
932 0.31591300266
933 0.316581732654
934 0.317253299811
935 0.317103816554
936 0.315099492782
937 0.318831425188
938 0.315099492782
939 0.315641366372
940 0.315345568137
941 0.315345568137
942 0.316308945637
943 0.318353831599
944 0.315222482436
945 0.318680451425
946 0.315025745046
947 0.319664344522
948 0.317952755906
949 0.318052930057
950 0.315962441315
951 0.315173275055
952 0.333443435178
953 0.317128720647
954 0.318906965724
955 0.318052930057
956 0.315173275055
957 0.315173275055
958 0.317328094303
959 0.315518049695
960 0.316160350767
961 0.317577664176
962 0.315863579474
963 0.334798109609
964 0.316209866875
965 0.315567364802
966 0.315345568137
967 0.317902692489
968 0.31830364181
969 0.318103040807
970 0.315715402658
971 0.315296322324
972 0.31581417175
973 0.31546875
974 0.316234630746
975 0.315197876825
976 0.316358508305
977 0.31815316735
978 0.315592028136
979 0.317702596381
980 0.315173275055
981 0.321241050119
982 0.316185106883
983 0.31665621079
984 0.316482482953
985 0.317702596381
986 0.315099492782
987 0.315197876825
988 0.315247091889
989 0.316011895445
990 0.315888289134
991 0.341884683769
992 0.316160350767
993 0.315690720038
994 0.319512581105
995 0.315616695326
996 0.316954474097
997 0.315641366372
998 0.317477789134
999 0.315197876825
1000 0.316879855607
1001 0.315320943308
1002 0.318429145966
1003 0.315025745046
1004 0.317377976892
1005 0.318052930057
1006 0.315271705184
1007 0.318554749132
1008 0.315320943308
1009 0.315740089139
1010 0.317777602896
1011 0.316284170126
1012 0.316358508305
1013 0.318278552849
1014 0.337653649971
1015 0.319209486166
1016 0.31583887368
1017 0.315148677125
1018 0.318806252961
1019 0.318128102104
1020 0.320399904785
1021 0.318128102104
1022 0.316606554806
1023 0.315444105929
1024 0.315173275055
1025 0.317078916372
1026 0.321522414205
1027 0.317103816554
1028 0.315001170138
1029 0.334576186925
1030 0.337653649971
1031 0.315197876825
1032 0.315370196813
1033 0.31913380226
1034 0.315345568137
1035 0.315001170138
1036 0.315567364802
1037 0.316482482953
1038 0.316308945637
1039 0.315050323789
1040 0.315616695326
1041 0.316730723978
1042 0.316606554806
1043 0.315296322324
1044 0.315222482436
1045 0.315690720038
1046 0.315222482436
1047 0.315001170138
1048 0.316705882353
1049 0.318002835092
1050 0.318002835092
1051 0.315197876825
1052 0.316086105675
1053 0.316954474097
1054 0.315197876825
1055 0.316830129463
1056 0.315616695326
1057 0.316631380852
1058 0.315050323789
1059 0.315493397922
1060 0.319234722112
1061 0.319993660353
1062 0.315173275055
1063 0.31546875
1064 0.315493397922
1065 0.315592028136
1066 0.314976599064
1067 0.318454258675
1068 0.317652611705
1069 0.316209866875
1070 0.315444105929
1071 0.336191824161
1072 0.315001170138
1073 0.315592028136
1074 0.315173275055
1075 0.336752564423
1076 0.318404037218
1077 0.31865530303
1078 0.335048124793
1079 0.320222045995
1080 0.318178236546
1081 0.319259962049
1082 0.315715402658
1083 0.316432881436
1084 0.317652611705
1085 0.315296322324
1086 0.357851825594
1087 0.322601262283
1088 0.315715402658
1089 0.334936960849
1090 0.315271705184
1091 0.315247091889
1092 0.315419465708
1093 0.316234630746
1094 0.315148677125
1095 0.315197876825
1096 0.318831425188
1097 0.314952031823
1098 0.31581417175
1099 0.336331834083
1100 0.318077983458
1101 0.31665621079
1102 0.31815316735
1103 0.317927722227
1104 0.315542705322
1105 0.319765600253
1106 0.315025745046
1107 0.315592028136
1108 0.318605018147
1109 0.317752596789
1110 0.334936960849
1111 0.317652611705
1112 0.315148677125
1113 0.316284170126
1114 0.318554749132
1115 0.335577162802
1116 0.315888289134
1117 0.315740089139
1118 0.31815316735
1119 0.315789473684
1120 0.314952031823
1121 0.316234630746
1122 0.315987166445
1123 0.319639040608
1124 0.316730723978
1125 0.318378932429
1126 0.317952755906
1127 0.33836098542
1128 0.315444105929
1129 0.319462025316
1130 0.316929597363
1131 0.316631380852
1132 0.315740089139
1133 0.318630158605
1134 0.315074906367
1135 0.315197876825
1136 0.316755569501
1137 0.356304597194
1138 0.315641366372
1139 0.315271705184
1140 0.315518049695
1141 0.316234630746
1142 0.315370196813
1143 0.317952755906
1144 0.315937720053
1145 0.315444105929
1146 0.314952031823
1147 0.319032946196
1148 0.315050323789
1149 0.319058154235
1150 0.320858164482
1151 0.315518049695
1152 0.315148677125
1153 0.315394829337
1154 0.318529620573
1155 0.315148677125
1156 0.319436753421
1157 0.317452830189
1158 0.315050323789
1159 0.318378932429
1160 0.316457680251
1161 0.318328734726
1162 0.315641366372
1163 0.315124083034
1164 0.317502752005
1165 0.315715402658
1166 0.35649333451
1167 0.318103040807
1168 0.315616695326
1169 0.315074906367
1170 0.316061365059
1171 0.31581417175
1172 0.362445022888
1173 0.317902692489
1174 0.339099764864
1175 0.315370196813
1176 0.318881781568
1177 0.314976599064
1178 0.315296322324
1179 0.335242839352
1180 0.336921151439
1181 0.316135598528
1182 0.317253299811
1183 0.335187183531
1184 0.316234630746
1185 0.318982542065
1186 0.319032946196
1187 0.315345568137
1188 0.33510373444
1189 0.315715402658
1190 0.317004239284
1191 0.315937720053
1192 0.318328734726
1193 0.319360961721
1194 0.3358004158
1195 0.315025745046
1196 0.316259398496
1197 0.333360851977
1198 0.333030927835
1199 0.317054020101
1200 0.320603414053
1201 0.315025745046
1202 0.316432881436
1203 0.315148677125
1204 0.315124083034
1205 0.319689652442
1206 0.317577664176
1207 0.314952031823
1208 0.316755569501
1209 0.315001170138
1210 0.317452830189
1211 0.335215009132
1212 0.319436753421
1213 0.315567364802
1214 0.315419465708
1215 0.317927722227
1216 0.316457680251
1217 0.31581417175
1218 0.335521395929
1219 0.315197876825
1220 0.316358508305
1221 0.315148677125
1222 0.316730723978
1223 0.318705603788
1224 0.317253299811
1225 0.314976599064
1226 0.315666041276
1227 0.334881406535
1228 0.317203456402
1229 0.315493397922
1230 0.316631380852
1231 0.318278552849
1232 0.317103816554
1233 0.315641366372
1234 0.315394829337
1235 0.315296322324
1236 0.318429145966
1237 0.315987166445
1238 0.337061769616
1239 0.319968304279
1240 0.315173275055
1241 0.315444105929
1242 0.315419465708
1243 0.317902692489
1244 0.317902692489
1245 0.315222482436
1246 0.317702596381
1247 0.315789473684
1248 0.315542705322
1249 0.315124083034
1250 0.315320943308
1251 0.319032946196
1252 0.315222482436
1253 0.315001170138
1254 0.315001170138
1255 0.315074906367
1256 0.318705603788
1257 0.321701720841
1258 0.316432881436
1259 0.316011895445
1260 0.316556914393
1261 0.315888289134
1262 0.318404037218
1263 0.314976599064
1264 0.315074906367
1265 0.315050323789
1266 0.316284170126
1267 0.315592028136
1268 0.318027880602
1269 0.315173275055
1270 0.318253467844
1271 0.314976599064
1272 0.317427875167
1273 0.317702596381
1274 0.318328734726
1275 0.335521395929
1276 0.316830129463
1277 0.314976599064
1278 0.320145881234
1279 0.316333725029
1280 0.316135598528
1281 0.316904724533
1282 0.317727594618
1283 0.318404037218
1284 0.316383295463
1285 0.318203309693
1286 0.316308945637
1287 0.315518049695
1288 0.31665621079
1289 0.317328094303
1290 0.336443926012
1291 0.317802612939
1292 0.317902692489
1293 0.316358508305
1294 0.316160350767
1295 0.317203456402
1296 0.315050323789
1297 0.316011895445
1298 0.315394829337
1299 0.316830129463
1300 0.315690720038
1301 0.33638787071
1302 0.315074906367
1303 0.317727594618
1304 0.317877666693
1305 0.315863579474
1306 0.317902692489
1307 0.315592028136
1308 0.335409917767
1309 0.315419465708
1310 0.317727594618
1311 0.315592028136
1312 0.316556914393
1313 0.335493519442
1314 0.336752564423
1315 0.316036628317
1316 0.316086105675
1317 0.315764779481
1318 0.336163836164
1319 0.318278552849
1320 0.315592028136
1321 0.337427926799
1322 0.315567364802
1323 0.317777602896
1324 0.317004239284
1325 0.317927722227
1326 0.315370196813
1327 0.314976599064
1328 0.334299196953
1329 0.33510373444
1330 0.326434923201
1331 0.324989939638
1332 0.318730760123
1333 0.319032946196
1334 0.315740089139
1335 0.337118049758
1336 0.31830364181
1337 0.316358508305
1338 0.31583887368
1339 0.335270674195
1340 0.317502752005
1341 0.316581732654
1342 0.318077983458
1343 0.315173275055
1344 0.318479375345
1345 0.317852644836
1346 0.317902692489
1347 0.315050323789
1348 0.317952755906
1349 0.316308945637
1350 0.31865530303
1351 0.315789473684
1352 0.316681044624
1353 0.33941329747
1354 0.315001170138
1355 0.315050323789
1356 0.31583887368
1357 0.315419465708
1358 0.318957345972
1359 0.33799280154
1360 0.317128720647
1361 0.3358004158
1362 0.338531187123
1363 0.315001170138
1364 0.315444105929
1365 0.315222482436
1366 0.315987166445
1367 0.316581732654
1368 0.319765600253
1369 0.315173275055
1370 0.335465647587
1371 0.317827626919
1372 0.316507289544
1373 0.315099492782
1374 0.318579881657
1375 0.336977384628
1376 0.316805272242
1377 0.34055831998
1378 0.320450757876
1379 0.315715402658
1380 0.316234630746
1381 0.317128720647
1382 0.315641366372
1383 0.317677602077
1384 0.315025745046
1385 0.315962441315
1386 0.315764779481
1387 0.314952031823
1388 0.315666041276
1389 0.31717854057
1390 0.316185106883
1391 0.319917604183
1392 0.320909163157
1393 0.317602642756
1394 0.316805272242
1395 0.314976599064
1396 0.314976599064
1397 0.318052930057
1398 0.317303158887
1399 0.316011895445
1400 0.319588444796
1401 0.317927722227
1402 0.315271705184
1403 0.316805272242
1404 0.315148677125
1405 0.316234630746
1406 0.342609876124
1407 0.317452830189
1408 0.316408086507
1409 0.335465647587
1410 0.317727594618
1411 0.335131546186
1412 0.315394829337
1413 0.315888289134
1414 0.316532100024
1415 0.315124083034
1416 0.316135598528
1417 0.318328734726
1418 0.315050323789
1419 0.315444105929
1420 0.341740013541
1421 0.338957441451
1422 0.335215009132
1423 0.316408086507
1424 0.317228376149
1425 0.315394829337
1426 0.336051930759
1427 0.316681044624
1428 0.319740280307
1429 0.316780418922
1430 0.317877666693
1431 0.314976599064
1432 0.320679796696
1433 0.316432881436
1434 0.315493397922
1435 0.315641366372
1436 0.318957345972
1437 0.316507289544
1438 0.316482482953
1439 0.31581417175
1440 0.315493397922
1441 0.33355360978
1442 0.315666041276
1443 0.315050323789
1444 0.315148677125
1445 0.31665621079
1446 0.315764779481
1447 0.335409917767
1448 0.318630158605
1449 0.316929597363
1450 0.317203456402
1451 0.341711094186
1452 0.315715402658
1453 0.315764779481
1454 0.315666041276
1455 0.318002835092
1456 0.316755569501
1457 0.318353831599
1458 0.316507289544
1459 0.33355360978
1460 0.317877666693
1461 0.316805272242
1462 0.315863579474
1463 0.317128720647
1464 0.315173275055
1465 0.317577664176
1466 0.354708362614
1467 0.314952031823
1468 0.318680451425
1469 0.315690720038
1470 0.316830129463
1471 0.316755569501
1472 0.319310453898
1473 0.317652611705
1474 0.318755920429
1475 0.315025745046
1476 0.319159026241
1477 0.315394829337
1478 0.315962441315
1479 0.315345568137
1480 0.317802612939
1481 0.317802612939
1482 0.315345568137
1483 0.316135598528
1484 0.335048124793
1485 0.315518049695
1486 0.334576186925
1487 0.315370196813
1488 0.320145881234
1489 0.318429145966
1490 0.315493397922
1491 0.31717854057
1492 0.31815316735
1493 0.317004239284
1494 0.315567364802
1495 0.335270674195
1496 0.318378932429
1497 0.316581732654
1498 0.315690720038
1499 0.315074906367
1500 0.315222482436
1501 0.315641366372
1502 0.315370196813
1503 0.316705882353
1504 0.315641366372
1505 0.316383295463
1506 0.342755283932
1507 0.316854990584
1508 0.316308945637
1509 0.317477789134
1510 0.336977384628
1511 0.315025745046
1512 0.33566084788
1513 0.335940099834
1514 0.334659373446
1515 0.31913380226
1516 0.318781084708
1517 0.31913380226
1518 0.31591300266
1519 0.334964744919
1520 0.31665621079
1521 0.318077983458
1522 0.315074906367
1523 0.337118049758
1524 0.33463164001
1525 0.315987166445
1526 0.316383295463
1527 0.316556914393
1528 0.315567364802
1529 0.317927722227
1530 0.317652611705
1531 0.317627625265
1532 0.31546875
1533 0.315888289134
1534 0.315962441315
1535 0.36460496614
1536 0.316631380852
1537 0.337907949791
1538 0.33510373444
1539 0.316755569501
1540 0.317029127738
1541 0.335270674195
1542 0.315740089139
1543 0.316333725029
1544 0.318429145966
1545 0.315764779481
1546 0.337061769616
1547 0.315001170138
1548 0.318103040807
1549 0.316333725029
1550 0.33638787071
1551 0.315863579474
1552 0.319411485524
1553 0.316011895445
1554 0.335577162802
1555 0.319436753421
1556 0.335940099834
1557 0.315567364802
1558 0.319411485524
1559 0.314976599064
1560 0.321215495983
1561 0.314952031823
1562 0.316308945637
1563 0.315173275055
1564 0.317952755906
1565 0.315666041276
1566 0.318404037218
1567 0.315419465708
1568 0.335465647587
1569 0.315641366372
1570 0.316135598528
1571 0.318228386792
1572 0.316482482953
1573 0.315987166445
1574 0.317977793527
1575 0.337653649971
1576 0.315419465708
1577 0.317078916372
1578 0.357313512079
1579 0.316532100024
1580 0.315050323789
1581 0.317078916372
1582 0.314952031823
1583 0.317677602077
1584 0.317452830189
1585 0.321599235425
1586 0.315764779481
1587 0.315001170138
1588 0.316333725029
1589 0.335187183531
1590 0.320298247006
1591 0.335632948217
1592 0.317452830189
1593 0.315518049695
1594 0.336275816123
1595 0.315493397922
1596 0.317852644836
1597 0.317029127738
1598 0.317827626919
1599 0.319563152896
1600 0.315197876825
1601 0.318554749132
1602 0.315715402658
1603 0.315222482436
1604 0.318781084708
1605 0.31989226016
1606 0.317303158887
1607 0.318178236546
1608 0.315050323789
1609 0.318027880602
1610 0.317877666693
1611 0.321011209158
1612 0.318579881657
1613 0.320374484291
1614 0.322472448491
1615 0.317203456402
1616 0.315518049695
1617 0.319917604183
1618 0.335996005991
1619 0.335048124793
1620 0.317852644836
1621 0.319841584158
1622 0.33813431586
1623 0.321471220444
1624 0.317552689525
1625 0.315789473684
1626 0.317377976892
1627 0.33369143046
1628 0.315001170138
1629 0.317777602896
1630 0.31546875
1631 0.318630158605
1632 0.317128720647
1633 0.317004239284
1634 0.315493397922
1635 0.315888289134
1636 0.31583887368
1637 0.317029127738
1638 0.318027880602
1639 0.317527718802
1640 0.317502752005
1641 0.315124083034
1642 0.315271705184
1643 0.341855739925
1644 0.317602642756
1645 0.317253299811
1646 0.319968304279
1647 0.315394829337
1648 0.316830129463
1649 0.315542705322
1650 0.31583887368
1651 0.315863579474
1652 0.315025745046
1653 0.317029127738
1654 0.316854990584
1655 0.316805272242
1656 0.316358508305
1657 0.342029476537
1658 0.315050323789
1659 0.316432881436
1660 0.317078916372
1661 0.317228376149
1662 0.318755920429
1663 0.318755920429
1664 0.339441829186
1665 0.315074906367
1666 0.318228386792
1667 0.364703757225
1668 0.315592028136
1669 0.318002835092
1670 0.318579881657
1671 0.315542705322
1672 0.317303158887
1673 0.315542705322
1674 0.319462025316
1675 0.317353033637
1676 0.318077983458
1677 0.315320943308
1678 0.318579881657
1679 0.315937720053
1680 0.318228386792
1681 0.318579881657
1682 0.316011895445
1683 0.317652611705
1684 0.321445629677
1685 0.3943359375
1686 0.317427875167
1687 0.31581417175
1688 0.357250287534
1689 0.336977384628
1690 0.318178236546
1691 0.314976599064
1692 0.316532100024
1693 0.338304289544
1694 0.315001170138
1695 0.318454258675
1696 0.317852644836
1697 0.315296322324
1698 0.332838773492
1699 0.315394829337
1700 0.316904724533
1701 0.315370196813
1702 0.315962441315
1703 0.335409917767
1704 0.316681044624
1705 0.315567364802
1706 0.335298513659
1707 0.317702596381
1708 0.319714964371
1709 0.315173275055
1710 0.317103816554
1711 0.31581417175
1712 0.315050323789
1713 0.317627625265
1714 0.315025745046
1715 0.31979092421
1716 0.316705882353
1717 0.317228376149
1718 0.318529620573
1719 0.356745295521
1720 0.335075927309
1721 0.318404037218
1722 0.317927722227
1723 0.316383295463
1724 0.316259398496
1725 0.317004239284
1726 0.316209866875
1727 0.341653270158
1728 0.316209866875
1729 0.315764779481
1730 0.318705603788
1731 0.321368881815
1732 0.315124083034
1733 0.317902692489
1734 0.315863579474
1735 0.316284170126
1736 0.317777602896
1737 0.318982542065
1738 0.316954474097
1739 0.316061365059
1740 0.315271705184
1741 0.33566084788
1742 0.317627625265
1743 0.318781084708
1744 0.316259398496
1745 0.318353831599
1746 0.334133223004
1747 0.320196653715
1748 0.31546875
1749 0.315271705184
1750 0.315247091889
1751 0.318328734726
1752 0.317927722227
1753 0.317902692489
1754 0.317153628652
1755 0.316929597363
1756 0.315001170138
1757 0.315345568137
1758 0.31830364181
1759 0.341826800982
1760 0.315074906367
1761 0.315001170138
1762 0.318128102104
1763 0.315025745046
1764 0.318077983458
1765 0.315542705322
1766 0.317203456402
1767 0.317952755906
1768 0.319436753421
1769 0.320934668574
1770 0.333333333333
1771 0.316581732654
1772 0.315419465708
1773 0.316532100024
1774 0.317278227391
1775 0.316036628317
1776 0.315148677125
1777 0.315050323789
1778 0.335549277048
1779 0.3358004158
1780 0.315937720053
1781 0.333333333333
1782 0.315567364802
1783 0.334576186925
1784 0.319740280307
1785 0.315345568137
1786 0.315666041276
1787 0.319159026241
1788 0.316036628317
1789 0.315173275055
1790 0.317577664176
1791 0.318328734726
1792 0.318906965724
1793 0.315493397922
1794 0.318680451425
1795 0.31815316735
1796 0.317328094303
1797 0.316805272242
1798 0.315050323789
1799 0.315764779481
1800 0.318906965724
1801 0.321829919503
1802 0.317552689525
1803 0.315222482436
1804 0.335242839352
1805 0.319993660353
1806 0.315493397922
1807 0.335716661124
1808 0.316209866875
1809 0.334271523179
1810 0.317877666693
1811 0.317527718802
1812 0.316631380852
1813 0.317777602896
1814 0.320323655402
1815 0.315173275055
1816 0.315542705322
1817 0.31830364181
1818 0.333030927835
1819 0.315715402658
1820 0.317253299811
1821 0.318378932429
1822 0.315690720038
1823 0.315567364802
1824 0.318278552849
1825 0.319588444796
1826 0.335744574707
1827 0.317627625265
1828 0.320196653715
1829 0.318454258675
1830 0.315320943308
1831 0.316011895445
1832 0.315962441315
1833 0.316110850164
1834 0.319942952222
1835 0.314952031823
1836 0.33867315273
1837 0.333333333333
1838 0.316036628317
1839 0.315074906367
1840 0.319259962049
1841 0.315173275055
1842 0.316160350767
1843 0.318052930057
1844 0.316160350767
1845 0.320934668574
1846 0.317627625265
1847 0.334216189373
1848 0.335270674195
1849 0.317577664176
1850 0.318002835092
1851 0.317427875167
1852 0.316532100024
1853 0.33349851338
1854 0.316259398496
1855 0.314976599064
1856 0.316234630746
1857 0.315025745046
1858 0.316830129463
1859 0.315937720053
1860 0.316631380852
1861 0.31581417175
1862 0.318103040807
1863 0.316358508305
1864 0.333995037221
1865 0.318278552849
1866 0.315124083034
1867 0.335409917767
1868 0.318128102104
1869 0.318077983458
1870 0.315296322324
1871 0.317777602896
1872 0.318957345972
1873 0.316631380852
1874 0.31591300266
1875 0.315296322324
1876 0.317328094303
1877 0.316805272242
1878 0.316606554806
1879 0.318278552849
1880 0.318881781568
1881 0.315715402658
1882 0.318253467844
1883 0.318881781568
1884 0.33355360978
1885 0.315789473684
1886 0.316730723978
1887 0.317577664176
1888 0.315222482436
1889 0.3215480172
1890 0.315296322324
1891 0.315074906367
1892 0.316879855607
1893 0.315222482436
1894 0.318881781568
1895 0.318253467844
1896 0.31583887368
1897 0.315148677125
1898 0.319083366258
1899 0.317552689525
1900 0.318781084708
1901 0.315641366372
1902 0.315937720053
1903 0.318328734726
1904 0.315987166445
1905 0.315666041276
1906 0.315197876825
1907 0.31546875
1908 0.317427875167
1909 0.315567364802
1910 0.3339121806
1911 0.315690720038
1912 0.333884570862
1913 0.351252609603
1914 0.278137484502
1915 0.260734809841
1916 0.260130129485
1917 0.280650542118
1918 0.26482161595
1919 0.264042372327
1920 0.260869565217
1921 0.28221973721
1922 0.260617013037
1923 0.260197177653
1924 0.260886419434
1925 0.260046367852
1926 0.263250537845
1927 0.287565873807
1928 0.260869565217
1929 0.260331377732
1930 0.263697511918
1931 0.260163649249
1932 0.260600193611
1933 0.287279453614
1934 0.260130129485
1935 0.260146888288
1936 0.260785326789
1937 0.260314595152
1938 0.2600128783
1939 0.264526695054
1940 0.267434929466
1941 0.281178190934
1942 0.29064996761
1943 0.261782820097
1944 0.264856355765
1945 0.260432118671
1946 0.288552236673
1947 0.264561357531
1948 0.282872154116
1949 0.281766799246
1950 0.260079866031
1951 0.260146888288
1952 0.266992859032
1953 0.260869565217
1954 0.262344074844
1955 0.281766799246
1956 0.286687965921
1957 0.260079866031
1958 0.260600193611
1959 0.260516129032
1960 0.281766799246
1961 0.260667484346
1962 0.260063115863
1963 0.26476952331
1964 0.2622588816
1965 0.261901673369
1966 0.260281036483
1967 0.264059639027
1968 0.29922193405
1969 0.260532937609
1970 0.2600128783
1971 0.267825164157
1972 0.264301610158
1973 0.267098822596
1974 0.267010513787
1975 0.260063115863
1976 0.260549748355
1977 0.266552247673
1978 0.260096618357
1979 0.260197177653
1980 0.264700098328
1981 0.260903275829
1982 0.261511560132
1983 0.261579322407
1984 0.26497801693
1985 0.264163286668
1986 0.265535608601
1987 0.264180569185
1988 0.269020652898
1989 0.261190168176
1990 0.262599986994
1991 0.260281036483
1992 0.26672831759
1993 0.260197177653
1994 0.26476952331
1995 0.279311060386
1996 0.266975206612
1997 0.2600128783
1998 0.262548764629
1999 0.266816439804
2000 0.260516129032
2001 0.260499322624
2002 0.266922263353
2003 0.28098253427
2004 0.285754723657
2005 0.266745937376
2006 0.263938819531
2007 0.260819015631
2008 0.289006584598
2009 0.260063115863
2010 0.266657861718
2011 0.281002087683
2012 0.260617013037
2013 0.260197177653
2014 0.260096618357
2015 0.260113372842
2016 0.260029621998
2017 0.260247486466
2018 0.260063115863
2019 0.266834071235
2020 0.260264260393
2021 0.264267015707
2022 0.260802170122
2023 0.260785326789
2024 0.260364949384
2025 0.266798810704
2026 0.260448916409
2027 0.281060764251
2028 0.266640253566
2029 0.281727482034
2030 0.260516129032
2031 0.264492041658
2032 0.279040840301
2033 0.288572857858
2034 0.26464805348
2035 0.260079866031
2036 0.260448916409
2037 0.260297814736
2038 0.264076907985
2039 0.287955501676
2040 0.286810142766
2041 0.263887073585
2042 0.260079866031
2043 0.287483981205
2044 0.264665399489
2045 0.261545436881
2046 0.264128728414
2047 0.263387906855
2048 0.283547503687
2049 0.2602307147
2050 0.26056656127
2051 0.260331377732
2052 0.260096618357
2053 0.282121148606
2054 0.281609596206
2055 0.288985901381
2056 0.262361120135
2057 0.263525419304
2058 0.261477692158
2059 0.263027618551
2060 0.264596029094
2061 0.262924860008
2062 0.260751646649
2063 0.27993067591
2064 0.263697511918
2065 0.264873729092
2066 0.278175806007
2067 0.260096618357
2068 0.261274668392
2069 0.29267232007
2070 0.263990585774
2071 0.260163649249
2072 0.287852865697
2073 0.288140430998
2074 0.264908482582
2075 0.263887073585
2076 0.26139306059
2077 0.2602307147
2078 0.263267701134
2079 0.265186839167
2080 0.259962660143
2081 0.260096618357
2082 0.289172156975
2083 0.260247486466
2084 0.263628647908
2085 0.263973328104
2086 0.260448916409
2087 0.263439457203
2088 0.283507687987
2089 0.265082386923
2090 0.260331377732
2091 0.264925862748
2092 0.260516129032
2093 0.261443832956
2094 0.26471745116
2095 0.260063115863
2096 0.263921568627
2097 0.260297814736
2098 0.260583376355
2099 0.263113312048
2100 0.260549748355
2101 0.260046367852
2102 0.280943435608
2103 0.288181558664
2104 0.264440078585
2105 0.264786885246
2106 0.260130129485
2107 0.2600128783
2108 0.26056656127
2109 0.264094179202
2110 0.263422271512
2111 0.269307723089
2112 0.28942087156
2113 0.263852587559
2114 0.260113372842
2115 0.260197177653
2116 0.263439457203
2117 0.267010513787
2118 0.288469781397
2119 0.264336213668
2120 0.260197177653
2121 0.260331377732
2122 0.263990585774
2123 0.263611437524
2124 0.265169424744
2125 0.264007845701
2126 0.282654346913
2127 0.260852713178
2128 0.287709298183
2129 0.286606572503
2130 0.260583376355
2131 0.260130129485
2132 0.264682747771
2133 0.282397370445
2134 0.288696646886
2135 0.28067004935
2136 0.286403291014
2137 0.261190168176
2138 0.279814288684
2139 0.287586354248
2140 0.264163286668
2141 0.264042372327
2142 0.260348162476
2143 0.277068752573
2144 0.287381681019
2145 0.281570322851
2146 0.260667484346
2147 0.260348162476
2148 0.261731915997
2149 0.280787149711
2150 0.282002933166
2151 0.264578692177
2152 0.281217354969
2153 0.260247486466
2154 0.288428571429
2155 0.264301610158
2156 0.279040840301
2157 0.260398529696
2158 0.266552247673
2159 0.260113372842
2160 0.260751646649
2161 0.260348162476
2162 0.26301048655
2163 0.260197177653
2164 0.278598040569
2165 0.26268540203
2166 0.263473835313
2167 0.260096618357
2168 0.260029621998
2169 0.259996136759
2170 0.281943862589
2171 0.260247486466
2172 0.267028170877
2173 0.264873729092
2174 0.260448916409
2175 0.287893911308
2176 0.260079866031
2177 0.282338134527
2178 0.260130129485
2179 0.259996136759
2180 0.262719583604
2181 0.287811831789
2182 0.2602307147
2183 0.260079866031
2184 0.287483981205
2185 0.264474718365
2186 0.278348383539
2187 0.260247486466
2188 0.288511003144
2189 0.265012797795
2190 0.287873387039
2191 0.264440078585
2192 0.28070907195
2193 0.260633834635
2194 0.260180412371
2195 0.28111946533
2196 0.259962660143
2197 0.281806127434
2198 0.260314595152
2199 0.2805725403
2200 0.289234295538
2201 0.2631990614
2202 0.264370826241
2203 0.260768485631
2204 0.287463515341
2205 0.2600128783
2206 0.260180412371
2207 0.26529137376
2208 0.260314595152
2209 0.260650658404
2210 0.260549748355
2211 0.261918661218
2212 0.261697990927
2213 0.263508222396
2214 0.263319204434
2215 0.260398529696
2216 0.279969493171
2217 0.263387906855
2218 0.260163649249
2219 0.265082386923
2220 0.260029621998
2221 0.264457397341
2222 0.261274668392
2223 0.261359223301
2224 0.288058210872
2225 0.287976037655
2226 0.266605044236
2227 0.261986634659
2228 0.260063115863
2229 0.260482518385
2230 0.265239096164
2231 0.260029621998
2232 0.260549748355
2233 0.262531694948
2234 0.265500690381
2235 0.261528497409
2236 0.262327031768
2237 0.26056656127
2238 0.262037637897
2239 0.260163649249
2240 0.279891869412
2241 0.265134602758
2242 0.282278923453
2243 0.260617013037
2244 0.262446379826
2245 0.265117195194
2246 0.260063115863
2247 0.280748105402
2248 0.288058210872
2249 0.260247486466
2250 0.260970723195
2251 0.287586354248
2252 0.260096618357
2253 0.260113372842
2254 0.263973328104
2255 0.286667613233
2256 0.260113372842
2257 0.260063115863
2258 0.263938819531
2259 0.261952643529
2260 0.262122687439
2261 0.260281036483
2262 0.263319204434
2263 0.261274668392
2264 0.260063115863
2265 0.286952814099
2266 0.260130129485
2267 0.290190441969
2268 0.287075216835
2269 0.288243272182
2270 0.259962660143
2271 0.260197177653
2272 0.264370826241
2273 0.260432118671
2274 0.279697998199
2275 0.260751646649
2276 0.264856355765
2277 0.263921568627
2278 0.260213945096
2279 0.264249721877
2280 0.287279453614
2281 0.262327031768
2282 0.260096618357
2283 0.283686946747
2284 0.28888252969
2285 0.266851704996
2286 0.279291741596
2287 0.260348162476
2288 0.262275915822
2289 0.26139306059
2290 0.288861864225
2291 0.264267015707
2292 0.2602307147
2293 0.288407970859
2294 0.280416666667
2295 0.281747139269
2296 0.278214138074
2297 0.260516129032
2298 0.260583376355
2299 0.278099173554
2300 0.263766411915
2301 0.263766411915
2302 0.260113372842
2303 0.287156876689
2304 0.26205464339
2305 0.262122687439
2306 0.260348162476
2307 0.263216217978
2308 0.263525419304
2309 0.263956072689
2310 0.265099789916
2311 0.260331377732
2312 0.261986634659
2313 0.260197177653
2314 0.261376140851
2315 0.260264260393
2316 0.279639889197
2317 0.260113372842
2318 0.260549748355
2319 0.260785326789
2320 0.288058210872
2321 0.260213945096
2322 0.260063115863
2323 0.260717975207
2324 0.26482161595
2325 0.264665399489
2326 0.279775514446
2327 0.264197853965
2328 0.287238583013
2329 0.2842460932
2330 0.263233376793
2331 0.279717373234
2332 0.26482161595
2333 0.281002087683
2334 0.283786632933
2335 0.264059639027
2336 0.260516129032
2337 0.288655372078
2338 0.266481884775
2339 0.281491808993
2340 0.264682747771
2341 0.264682747771
2342 0.260381738458
2343 0.260415323101
2344 0.280904347826
2345 0.282792912669
2346 0.26207165109
2347 0.260549748355
2348 0.2854517178
2349 0.263869829445
2350 0.260247486466
2351 0.261511560132
2352 0.280358258696
2353 0.263990585774
2354 0.261714952362
2355 0.264318910781
2356 0.279446366782
2357 0.264059639027
2358 0.260163649249
2359 0.260046367852
2360 0.263628647908
2361 0.260146888288
2362 0.260701142746
2363 0.260364949384
2364 0.264146006411
2365 0.267010513787
2366 0.260869565217
2367 0.261257763975
2368 0.26217374367
2369 0.281315312805
2370 0.264665399489
2371 0.263990585774
2372 0.260549748355
2373 0.281472187369
2374 0.260146888288
2375 0.263990585774
2376 0.260046367852
2377 0.264630709745
2378 0.280943435608
2379 0.266745937376
2380 0.261935651271
2381 0.259996136759
2382 0.264700098328
2383 0.259979397373
2384 0.261122607346
2385 0.288572857858
2386 0.280105438402
2387 0.263491027732
2388 0.262412269301
2389 0.260046367852
2390 0.278540387666
2391 0.261409982521
2392 0.273170071709
2393 0.26268540203
2394 0.262105673114
2395 0.282180293501
2396 0.264752163651
2397 0.262429323455
2398 0.260532937609
2399 0.286993603412
2400 0.279911271316
2401 0.260264260393
2402 0.261139494277
2403 0.260197177653
2404 0.2602307147
2405 0.264474718365
2406 0.260281036483
2407 0.260549748355
2408 0.262634146341
2409 0.263904319979
2410 0.264163286668
2411 0.264838984718
2412 0.260482518385
2413 0.260465716313
2414 0.278099173554
2415 0.264249721877
2416 0.261274668392
2417 0.26056656127
2418 0.286017849554
2419 0.262241849591
2420 0.281825795645
2421 0.279794900222
2422 0.260079866031
2423 0.260029621998
2424 0.264111452678
2425 0.260130129485
2426 0.26139306059
2427 0.260247486466
2428 0.261545436881
2429 0.264960629921
2430 0.2631990614
2431 0.26378364254
2432 0.260029621998
2433 0.26056656127
2434 0.263628647908
2435 0.262736677728
2436 0.260398529696
2437 0.28725901686
2438 0.260029621998
2439 0.261731915997
2440 0.260113372842
2441 0.260516129032
2442 0.2600128783
2443 0.259996136759
2444 0.261511560132
2445 0.260213945096
2446 0.28591658996
2447 0.263869829445
2448 0.26672831759
2449 0.260499322624
2450 0.262361120135
2451 0.260146888288
2452 0.287647813079
2453 0.260331377732
2454 0.260448916409
2455 0.26139306059
2456 0.260213945096
2457 0.260079866031
2458 0.259962660143
2459 0.286749041329
2460 0.266675472197
2461 0.264180569185
2462 0.287976037655
2463 0.262924860008
2464 0.287873387039
2465 0.264752163651
2466 0.279233801259
2467 0.260130129485
2468 0.263336376679
2469 0.283129995793
2470 0.263422271512
2471 0.259962660143
2472 0.288119871566
2473 0.286058373477
2474 0.262020634612
2475 0.260381738458
2476 0.287320335847
2477 0.261731915997
2478 0.26217374367
2479 0.263267701134
2480 0.261359223301
2481 0.260398529696
2482 0.259996136759
2483 0.264025107885
2484 0.259996136759
2485 0.263267701134
2486 0.263456645136
2487 0.260247486466
2488 0.260096618357
2489 0.260600193611
2490 0.262429323455
2491 0.260197177653
2492 0.288058210872
2493 0.264336213668
2494 0.260264260393
2495 0.266552247673
2496 0.263835347926
2497 0.277773956112
2498 0.260364949384
2499 0.287218152073
2500 0.262702491705
2501 0.264215141006
2502 0.280728587319
2503 0.285250070641
2504 0.260213945096
2505 0.263697511918
2506 0.260029621998
2507 0.263233376793
2508 0.264734806268
2509 0.287565873807
2510 0.282160575781
2511 0.288428571429
2512 0.288366778547
2513 0.282496152232
2514 0.260197177653
2515 0.260096618357
2516 0.260163649249
2517 0.280728587319
2518 0.260046367852
2519 0.262548764629
2520 0.278444352503
2521 0.263938819531
2522 0.263697511918
2523 0.260180412371
2524 0.2602307147
2525 0.260163649249
2526 0.260751646649
2527 0.264561357531
2528 0.2600128783
2529 0.260063115863
2530 0.285957085192
2531 0.278233308069
2532 0.260549748355
2533 0.262924860008
2534 0.286667613233
2535 0.260247486466
2536 0.260130129485
2537 0.262634146341
2538 0.263250537845
2539 0.266851704996
2540 0.263680292543
2541 0.260465716313
2542 0.259979397373
2543 0.283050609842
2544 0.291784088446
2545 0.278348383539
2546 0.260869565217
2547 0.263577023499
2548 0.286525225289
2549 0.260079866031
2550 0.263869829445
2551 0.264059639027
2552 0.263990585774
2553 0.263473835313
2554 0.264526695054
2555 0.262702491705
2556 0.28293161435
2557 0.263921568627
2558 0.260465716313
2559 0.260314595152
2560 0.264111452678
2561 0.264734806268
2562 0.263938819531
2563 0.260180412371
2564 0.262463438414
2565 0.264509367221
2566 0.2600128783
2567 0.260381738458
2568 0.28109989558
2569 0.260130129485
2570 0.259962660143
2571 0.260297814736
2572 0.266693085001
2573 0.260970723195
2574 0.263887073585
2575 0.262873510839
2576 0.263697511918
2577 0.261799792531
2578 0.260281036483
2579 0.264094179202
2580 0.263096168882
2581 0.260046367852
2582 0.260499322624
2583 0.281334912562
2584 0.266675472197
2585 0.260970723195
2586 0.260617013037
2587 0.264492041658
2588 0.260264260393
2589 0.281139037805
2590 0.287014002417
2591 0.264665399489
2592 0.262753774076
2593 0.281452568481
2594 0.264457397341
2595 0.290775545474
2596 0.259996136759
2597 0.259962660143
2598 0.280884808013
2599 0.288944543828
2600 0.260180412371
2601 0.264804249459
2602 0.264544025157
2603 0.264682747771
2604 0.261731915997
2605 0.26464805348
2606 0.278329197684
2607 0.262395217363
2608 0.265030191651
2609 0.280377725316
2610 0.279021558872
2611 0.260802170122
2612 0.265239096164
2613 0.260415323101
2614 0.260465716313
2615 0.2602307147
2616 0.264457397341
2617 0.281472187369
2618 0.287750302858
2619 0.260331377732
2620 0.264094179202
2621 0.260869565217
2622 0.260046367852
2623 0.260297814736
2624 0.263904319979
2625 0.264336213668
2626 0.264873729092
2627 0.260516129032
2628 0.260633834635
2629 0.260415323101
2630 0.288078761504
2631 0.264249721877
2632 0.263096168882
2633 0.260063115863
2634 0.260633834635
2635 0.260029621998
2636 0.26621835443
2637 0.266534653465
2638 0.260532937609
2639 0.263956072689
2640 0.26056656127
2641 0.266851704996
2642 0.260264260393
2643 0.281786461968
2644 0.287524921675
2645 0.260398529696
2646 0.260852713178
2647 0.263422271512
2648 0.266710700132
2649 0.260751646649
2650 0.288058210872
2651 0.260247486466
2652 0.260063115863
2653 0.261409982521
2654 0.286769405582
2655 0.263697511918
2656 0.263990585774
2657 0.260213945096
2658 0.260819015631
2659 0.260549748355
2660 0.260920134402
2661 0.266534653465
2662 0.287463515341
2663 0.284948133512
2664 0.283447985399
2665 0.286769405582
2666 0.285149353859
2667 0.285734503255
2668 0.283209426287
2669 0.283507687987
2670 0.287075216835
2671 0.283189564486
2672 0.28293161435
2673 0.283766690091
2674 0.283388307951
2675 0.286830515698
2676 0.285471898197
2677 0.286058373477
2678 0.285734503255
2679 0.283607248209
2680 0.287381681019
2681 0.285492081448
2682 0.285997591897
2683 0.283129995793
2684 0.287095627444
2685 0.284847629797
2686 0.283050609842
2687 0.283288901361
2688 0.284466361395
2689 0.283030770309
2690 0.286484568996
2691 0.284086112284
2692 0.282872154116
2693 0.282911791494
2694 0.2867083215
2695 0.287299893276
2696 0.283030770309
2697 0.283906348872
2698 0.283129995793
2699 0.286545557763
2700 0.283070452156
2701 0.283110145131
2702 0.283547503687
2703 0.283288901361
2704 0.28316970547
2705 0.289566152743
2706 0.284928027096
2707 0.286200297682
2708 0.286545557763
2709 0.285633444154
2710 0.283050609842
2711 0.283070452156
2712 0.283428090124
2713 0.285471898197
2714 0.285129219037
2715 0.282872154116
2716 0.283447985399
2717 0.287668305193
2718 0.285471898197
2719 0.283766690091
2720 0.287422592355
2721 0.285855868611
2722 0.28293161435
2723 0.282872154116
2724 0.283050609842
2725 0.286200297682
2726 0.28364709188
2727 0.283149849239
2728 0.283070452156
2729 0.28356741573
2730 0.296149614961
2731 0.285633444154
2732 0.285714285714
2733 0.282971268395
2734 0.283507687987
2735 0.283846478279
2736 0.28406612733
2737 0.282911791494
2738 0.284626770988
2739 0.286952814099
2740 0.283428090124
2741 0.289566152743
2742 0.286017849554
2743 0.287709298183
2744 0.285774946921
2745 0.283209426287
2746 0.285169491525
2747 0.283110145131
2748 0.283070452156
2749 0.286423606185
2750 0.283986215627
2751 0.286728679969
2752 0.284366197183
2753 0.283527594439
2754 0.285835633893
2755 0.287709298183
2756 0.287054809128
2757 0.285815402039
2758 0.286159733541
2759 0.283726812816
2760 0.283249158249
2761 0.28356741573
2762 0.284948133512
2763 0.283229290875
2764 0.286017849554
2765 0.287668305193
2766 0.286058373477
2767 0.284546543584
2768 0.28293161435
2769 0.283926311349
2770 0.283050609842
2771 0.285350858597
2772 0.283090297252
2773 0.284326151246
2774 0.286322059136
2775 0.28293161435
2776 0.285330695308
2777 0.28293161435
2778 0.286281460475
2779 0.287156876689
2780 0.283189564486
2781 0.284707043644
2782 0.284446322908
2783 0.287034404322
2784 0.28364709188
2785 0.284026165858
2786 0.284406254402
2787 0.292121825942
2788 0.284827537561
2789 0.282852339591
2790 0.283189564486
2791 0.282991099587
2792 0.283050609842
2793 0.282872154116
2794 0.28725901686
2795 0.284646834908
2796 0.283288901361
2797 0.286443924239
2798 0.28356741573
2799 0.282872154116
2800 0.282971268395
2801 0.286525225289
2802 0.283010933558
2803 0.283010933558
2804 0.283249158249
2805 0.282991099587
2806 0.282971268395
2807 0.285310534869
2808 0.283249158249
2809 0.282872154116
2810 0.283189564486
2811 0.286403291014
2812 0.282951439983
2813 0.283686946747
2814 0.283846478279
2815 0.305770104498
2816 0.285532456513
2817 0.283030770309
2818 0.282911791494
2819 0.283348536945
2820 0.284126090628
2821 0.283110145131
2822 0.284426287244
2823 0.286667613233
2824 0.286098908885
2825 0.28293161435
2826 0.283507687987
2827 0.28597733711
2828 0.286017849554
2829 0.297458563536
2830 0.283368421053
2831 0.283249158249
2832 0.28316970547
2833 0.283587330571
2834 0.287116040956
2835 0.282991099587
2836 0.286322059136
2837 0.284086112284
2838 0.283090297252
2839 0.306071401501
2840 0.288263849229
2841 0.284026165858
2842 0.283447985399
2843 0.282832527842
2844 0.283388307951
2845 0.28356741573
2846 0.285109087058
2847 0.284586651632
2848 0.283050609842
2849 0.283209426287
2850 0.286871270247
2851 0.285270222536
2852 0.283249158249
2853 0.283030770309
2854 0.286220584066
2855 0.283527594439
2856 0.282891971417
2857 0.283826527026
2858 0.282852339591
2859 0.283149849239
2860 0.283209426287
2861 0.282872154116
2862 0.283030770309
2863 0.301658449126
2864 0.28693242379
2865 0.286850891525
2866 0.283587330571
2867 0.286078639745
2868 0.286626916525
2869 0.284626770988
2870 0.290587219344
2871 0.283428090124
2872 0.285088957921
2873 0.286423606185
2874 0.286993603412
2875 0.286423606185
2876 0.285855868611
2877 0.283090297252
2878 0.287627323883
2879 0.283030770309
2880 0.283129995793
2881 0.297130242826
2882 0.283886389201
2883 0.283010933558
2884 0.287340781328
2885 0.28293161435
2886 0.306071401501
2887 0.283010933558
2888 0.285957085192
2889 0.283110145131
2890 0.283189564486
2891 0.287299893276
2892 0.283249158249
2893 0.283966244726
2894 0.282971268395
2895 0.284887822774
2896 0.28316970547
2897 0.284887822774
2898 0.285391193724
2899 0.282971268395
2900 0.28293161435
2901 0.283030770309
2902 0.286810142766
2903 0.282951439983
2904 0.28316970547
2905 0.286565893123
2906 0.286403291014
2907 0.287340781328
2908 0.285371024735
2909 0.284747196954
2910 0.285855868611
2911 0.286565893123
2912 0.285734503255
2913 0.285572842999
2914 0.286565893123
2915 0.299088956374
2916 0.287361229718
2917 0.286281460475
2918 0.28316970547
2919 0.283209426287
2920 0.285734503255
2921 0.285714285714
2922 0.284907923517
2923 0.282872154116
2924 0.283129995793
2925 0.285673859215
2926 0.286606572503
2927 0.283010933558
2928 0.287340781328
2929 0.287463515341
2930 0.285896346644
2931 0.282971268395
2932 0.284026165858
2933 0.283607248209
2934 0.283090297252
2935 0.283209426287
2936 0.283050609842
2937 0.2867083215
2938 0.286220584066
2939 0.283408197642
2940 0.28658623137
2941 0.285169491525
2942 0.283269028411
2943 0.283010933558
2944 0.286525225289
2945 0.287811831789
2946 0.285855868611
2947 0.286626916525
2948 0.283149849239
2949 0.283209426287
2950 0.283209426287
2951 0.284486402705
2952 0.287238583013
2953 0.282872154116
2954 0.283706878381
2955 0.283070452156
2956 0.284727118883
2957 0.287483981205
2958 0.283090297252
2959 0.283866432337
2960 0.283149849239
2961 0.287299893276
2962 0.283030770309
2963 0.283766690091
2964 0.282891971417
2965 0.285330695308
2966 0.284546543584
2967 0.287606837607
2968 0.284646834908
2969 0.287014002417
2970 0.286606572503
2971 0.285997591897
2972 0.28316970547
2973 0.283149849239
2974 0.286626916525
2975 0.286078639745
2976 0.282872154116
2977 0.286240873325
2978 0.285552648328
2979 0.2833087771
2980 0.286810142766
2981 0.282911791494
2982 0.284747196954
2983 0.283110145131
2984 0.283149849239
2985 0.283288901361
2986 0.286261165462
2987 0.28693242379
2988 0.284928027096
2989 0.286159733541
2990 0.286322059136
2991 0.283070452156
2992 0.286281460475
2993 0.286850891525
2994 0.286545557763
2995 0.286728679969
2996 0.28450644684
2997 0.284266103485
2998 0.283090297252
2999 0.282872154116
3000 0.283607248209
3001 0.291995082797
3002 0.284086112284
3003 0.28603811008
3004 0.306071401501
3005 0.285290377279
3006 0.285431540256
3007 0.282852339591
3008 0.284346172805
3009 0.283129995793
3010 0.283189564486
3011 0.284807448159
3012 0.284466361395
3013 0.283030770309
3014 0.284526493799
3015 0.285957085192
3016 0.283010933558
3017 0.283388307951
3018 0.292735972162
3019 0.283408197642
3020 0.286789772727
3021 0.287483981205
3022 0.285734503255
3023 0.286912036379
3024 0.285008469791
3025 0.284486402705
3026 0.286017849554
3027 0.287422592355
3028 0.286850891525
3029 0.283050609842
3030 0.290691814844
3031 0.282971268395
3032 0.282832527842
3033 0.283249158249
3034 0.286301758366
3035 0.2854517178
3036 0.287075216835
3037 0.285774946921
3038 0.282872154116
3039 0.287402135231
3040 0.283627168645
3041 0.285431540256
3042 0.28406612733
3043 0.283209426287
3044 0.283866432337
3045 0.28293161435
3046 0.282971268395
3047 0.284266103485
3048 0.285391193724
3049 0.283090297252
3050 0.286769405582
3051 0.283129995793
3052 0.297963400236
3053 0.285391193724
3054 0.283010933558
3055 0.287095627444
3056 0.28293161435
3057 0.28658623137
3058 0.283607248209
3059 0.283826527026
3060 0.282911791494
3061 0.287218152073
3062 0.283090297252
3063 0.283966244726
3064 0.283030770309
3065 0.285492081448
3066 0.285957085192
3067 0.283090297252
3068 0.283070452156
3069 0.283129995793
3070 0.283129995793
3071 0.28603811008
3072 0.282832527842
3073 0.285270222536
3074 0.286749041329
3075 0.28293161435
3076 0.284666901657
3077 0.287340781328
3078 0.284566596195
3079 0.28713645737
3080 0.284326151246
3081 0.284727118883
3082 0.2833087771
3083 0.287893911308
3084 0.283010933558
3085 0.287054809128
3086 0.285391193724
3087 0.283547503687
3088 0.283826527026
3089 0.283010933558
3090 0.286078639745
3091 0.287709298183
3092 0.28293161435
3093 0.283030770309
3094 0.283966244726
3095 0.282951439983
3096 0.283110145131
3097 0.286017849554
3098 0.285088957921
3099 0.286220584066
3100 0.283010933558
3101 0.287750302858
3102 0.291931752458
3103 0.286098908885
3104 0.283209426287
3105 0.286952814099
3106 0.283050609842
3107 0.286484568996
3108 0.284887822774
3109 0.285653650255
3110 0.283886389201
3111 0.283527594439
3112 0.288696646886
3113 0.283050609842
3114 0.286423606185
3115 0.285209775392
3116 0.286484568996
3117 0.287361229718
3118 0.290943151524
3119 0.2842460932
3120 0.286912036379
3121 0.286789772727
3122 0.282891971417
3123 0.282991099587
3124 0.284928027096
3125 0.283428090124
3126 0.282852339591
3127 0.282971268395
3128 0.28293161435
3129 0.283010933558
3130 0.283547503687
3131 0.283070452156
3132 0.282971268395
3133 0.298161411799
3134 0.283010933558
3135 0.282852339591
3136 0.285431540256
3137 0.284988354859
3138 0.285997591897
3139 0.283189564486
3140 0.283229290875
3141 0.285694071034
3142 0.283030770309
3143 0.285512267553
3144 0.282891971417
3145 0.283846478279
3146 0.286626916525
3147 0.286443924239
3148 0.282911791494
3149 0.285855868611
3150 0.285815402039
3151 0.287095627444
3152 0.283090297252
3153 0.286850891525
3154 0.283030770309
3155 0.286749041329
3156 0.283050609842
3157 0.283070452156
3158 0.2833087771
3159 0.285896346644
3160 0.282951439983
3161 0.285350858597
3162 0.28293161435
3163 0.285936836142
3164 0.284847629797
3165 0.283846478279
3166 0.283706878381
3167 0.285149353859
3168 0.283149849239
3169 0.286261165462
3170 0.286443924239
3171 0.2854517178
3172 0.283189564486
3173 0.287054809128
3174 0.30618744313
3175 0.286973207306
3176 0.28293161435
3177 0.283348536945
3178 0.283627168645
3179 0.283966244726
3180 0.286749041329
3181 0.282971268395
3182 0.282971268395
3183 0.285835633893
3184 0.282832527842
3185 0.286119180897
3186 0.287299893276
3187 0.288222698073
3188 0.28348778433
3189 0.285835633893
3190 0.283189564486
3191 0.283050609842
3192 0.284666901657
3193 0.2833087771
3194 0.283348536945
3195 0.284386224382
3196 0.286382978723
3197 0.283986215627
3198 0.283627168645
3199 0.286281460475
3200 0.283249158249
3201 0.283030770309
3202 0.287524921675
3203 0.283030770309
3204 0.284586651632
3205 0.285431540256
3206 0.283806578577
3207 0.285754723657
3208 0.283846478279
3209 0.283110145131
3210 0.285471898197
3211 0.283090297252
3212 0.2833087771
3213 0.285330695308
3214 0.285169491525
3215 0.285250070641
3216 0.283328655627
3217 0.282951439983
3218 0.28293161435
3219 0.282991099587
3220 0.2842460932
3221 0.286322059136
3222 0.283328655627
3223 0.286850891525
3224 0.283926311349
3225 0.286098908885
3226 0.283926311349
3227 0.286078639745
3228 0.282891971417
3229 0.284606709896
3230 0.283090297252
3231 0.282832527842
3232 0.283368421053
3233 0.287422592355
3234 0.284646834908
3235 0.283467883468
3236 0.282971268395
3237 0.283229290875
3238 0.283388307951
3239 0.286017849554
3240 0.286078639745
3241 0.286017849554
3242 0.283189564486
3243 0.283110145131
3244 0.284406254402
3245 0.283090297252
3246 0.287524921675
3247 0.283070452156
3248 0.286545557763
3249 0.287565873807
3250 0.283090297252
3251 0.285068831627
3252 0.282991099587
3253 0.287075216835
3254 0.285734503255
3255 0.283050609842
3256 0.283447985399
3257 0.284948133512
3258 0.286119180897
3259 0.289151450054
3260 0.283428090124
3261 0.285189632036
3262 0.286606572503
3263 0.283507687987
3264 0.288572857858
3265 0.283428090124
3266 0.289317188508
3267 0.282971268395
3268 0.286281460475
3269 0.282852339591
3270 0.282991099587
3271 0.28293161435
3272 0.282911791494
3273 0.285795173048
3274 0.283328655627
3275 0.285876106195
3276 0.283388307951
3277 0.284266103485
3278 0.286647263434
3279 0.287463515341
3280 0.285008469791
3281 0.287443052392
3282 0.283229290875
3283 0.282852339591
3284 0.283129995793
3285 0.286423606185
3286 0.283348536945
3287 0.285109087058
3288 0.285734503255
3289 0.285653650255
3290 0.2867083215
3291 0.306373292868
3292 0.287873387039
3293 0.283050609842
3294 0.298823355288
3295 0.283269028411
3296 0.284306132507
3297 0.285613240911
3298 0.285896346644
3299 0.285957085192
3300 0.28658623137
3301 0.28316970547
3302 0.285189632036
3303 0.285552648328
3304 0.283527594439
3305 0.284106100049
3306 0.282911791494
3307 0.283249158249
3308 0.283189564486
3309 0.282991099587
3310 0.28316970547
3311 0.282911791494
3312 0.283030770309
3313 0.283149849239
3314 0.284106100049
3315 0.283129995793
3316 0.283090297252
3317 0.285492081448
3318 0.282951439983
3319 0.283209426287
3320 0.284727118883
3321 0.288305012138
3322 0.2865048957
3323 0.282971268395
3324 0.282951439983
3325 0.286058373477
3326 0.283189564486
3327 0.283786632933
3328 0.283806578577
3329 0.283408197642
3330 0.283189564486
3331 0.287279453614
3332 0.284106100049
3333 0.28658623137
3334 0.282951439983
3335 0.282991099587
3336 0.286301758366
3337 0.282951439983
3338 0.283288901361
3339 0.282991099587
3340 0.286382978723
3341 0.2833087771
3342 0.284086112284
3343 0.293694086843
3344 0.283090297252
3345 0.298823355288
3346 0.286159733541
3347 0.283507687987
3348 0.286952814099
3349 0.286687965921
3350 0.283766690091
3351 0.291594454073
3352 0.286952814099
3353 0.283786632933
3354 0.286301758366
3355 0.282991099587
3356 0.286220584066
3357 0.283209426287
3358 0.283826527026
3359 0.283030770309
3360 0.28316970547
3361 0.292142960498
3362 0.287524921675
3363 0.287218152073
3364 0.288387373232
3365 0.285936836142
3366 0.283726812816
3367 0.285008469791
3368 0.283209426287
3369 0.282991099587
3370 0.283667017914
3371 0.28293161435
3372 0.283110145131
3373 0.282951439983
3374 0.284546543584
3375 0.283129995793
3376 0.282872154116
3377 0.282971268395
3378 0.285492081448
3379 0.286423606185
3380 0.2833087771
3381 0.284106100049
3382 0.290964115867
3383 0.283149849239
3384 0.283149849239
3385 0.286403291014
3386 0.287565873807
3387 0.2867083215
3388 0.301365773565
3389 0.283010933558
3390 0.282951439983
3391 0.284887822774
3392 0.286301758366
3393 0.283149849239
3394 0.2842460932
3395 0.285371024735
3396 0.283946276633
3397 0.287054809128
3398 0.287852865697
3399 0.282971268395
3400 0.285129219037
3401 0.284968242766
3402 0.282971268395
3403 0.283110145131
3404 0.296868107631
3405 0.283746750053
3406 0.283070452156
3407 0.287279453614
3408 0.282852339591
3409 0.282852339591
3410 0.284526493799
3411 0.283408197642
3412 0.286382978723
3413 0.284286116587
3414 0.282872154116
3415 0.28316970547
3416 0.284106100049
3417 0.286403291014
3418 0.287504449982
3419 0.283010933558
3420 0.28603811008
3421 0.283547503687
3422 0.283866432337
3423 0.284166080225
3424 0.283129995793
3425 0.282951439983
3426 0.283010933558
3427 0.286789772727
3428 0.282991099587
3429 0.282971268395
3430 0.282911791494
3431 0.283229290875
3432 0.284006189337
3433 0.283229290875
3434 0.28658623137
3435 0.287606837607
3436 0.2865048957
3437 0.282951439983
3438 0.314633006078
3439 0.239672364672
3440 0.239459170966
3441 0.277850409413
3442 0.23941657773
3443 0.239971474416
3444 0.239643916914
3445 0.239402383352
3446 0.239430773792
3447 0.239487574877
3448 0.23941657773
3449 0.24
3450 0.239971474416
3451 0.239587041652
3452 0.239345622666
3453 0.239558614143
3454 0.239345622666
3455 0.263044752785
3456 0.23987168825
3457 0.278386763185
3458 0.23941657773
3459 0.239615475908
3460 0.239544402919
3461 0.239729280456
3462 0.239444971537
3463 0.239615475908
3464 0.239672364672
3465 0.239771985037
3466 0.239558614143
3467 0.239700819186
3468 0.239373999644
3469 0.239743513626
3470 0.239729280456
3471 0.239558614143
3472 0.239686591084
3473 0.239544402919
3474 0.239572827054
3475 0.239587041652
3476 0.239786223278
3477 0.239544402919
3478 0.23941657773
3479 0.239572827054
3480 0.239544402919
3481 0.239686591084
3482 0.23953019338
3483 0.239515985527
3484 0.239515985527
3485 0.239544402919
3486 0.239601257936
3487 0.239757748486
3488 0.262976229241
3489 0.24
3490 0.239402383352
3491 0.239544402919
3492 0.239658139949
3493 0.239459170966
3494 0.239601257936
3495 0.239388190657
3496 0.278482758621
3497 0.239601257936
3498 0.239672364672
3499 0.239587041652
3500 0.239629695567
3501 0.239615475908
3502 0.278348383539
3503 0.239444971537
3504 0.239515985527
3505 0.239444971537
3506 0.239686591084
3507 0.240014265335
3508 0.239459170966
3509 0.239672364672
3510 0.239643916914
3511 0.239615475908
3512 0.239643916914
3513 0.239515985527
3514 0.23941657773
3515 0.239914443586
3516 0.239487574877
3517 0.23953019338
3518 0.239601257936
3519 0.23980046321
3520 0.239572827054
3521 0.239473372079
3522 0.240157012014
3523 0.239459170966
3524 0.23953019338
3525 0.239558614143
3526 0.278041726916
3527 0.239757748486
3528 0.239658139949
3529 0.239843193158
3530 0.23982894815
3531 0.239444971537
3532 0.239459170966
3533 0.239544402919
3534 0.239544402919
3535 0.239658139949
3536 0.239601257936
3537 0.239487574877
3538 0.239388190657
3539 0.239615475908
3540 0.239473372079
3541 0.278003442341
3542 0.239501779359
3543 0.23980046321
3544 0.239473372079
3545 0.239402383352
3546 0.24051462267
3547 0.239558614143
3548 0.239515985527
3549 0.239444971537
3550 0.239544402919
3551 0.27775484936
3552 0.239459170966
3553 0.239430773792
3554 0.23980046321
3555 0.239629695567
3556 0.239615475908
3557 0.277602089922
3558 0.239771985037
3559 0.23987168825
3560 0.239715048976
3561 0.239373999644
3562 0.277621175662
3563 0.239544402919
3564 0.239572827054
3565 0.239572827054
3566 0.239388190657
3567 0.239459170966
3568 0.23953019338
3569 0.23982894815
3570 0.239700819186
3571 0.239345622666
3572 0.239572827054
3573 0.239444971537
3574 0.239643916914
3575 0.239544402919
3576 0.239373999644
3577 0.239928698752
3578 0.278386763185
3579 0.239672364672
3580 0.239558614143
3581 0.239459170966
3582 0.239501779359
3583 0.239373999644
3584 0.239473372079
3585 0.240028532366
3586 0.239444971537
3587 0.24
3588 0.239572827054
3589 0.239388190657
3590 0.239359810314
3591 0.239715048976
3592 0.239601257936
3593 0.277640264026
3594 0.24
3595 0.239501779359
3596 0.23953019338
3597 0.24055760753
3598 0.239373999644
3599 0.239487574877
3600 0.23980046321
3601 0.239430773792
3602 0.239629695567
3603 0.239572827054
3604 0.239459170966
3605 0.240414384377
3606 0.239885938335
3607 0.239402383352
3608 0.239444971537
3609 0.239601257936
3610 0.277907777013
3611 0.239544402919
3612 0.240142729706
3613 0.239601257936
3614 0.239544402919
3615 0.239473372079
3616 0.239615475908
3617 0.239501779359
3618 0.23980046321
3619 0.239615475908
3620 0.239388190657
3621 0.239558614143
3622 0.23953019338
3623 0.239501779359
3624 0.239601257936
3625 0.23953019338
3626 0.239857439857
3627 0.239487574877
3628 0.239601257936
3629 0.239658139949
3630 0.239857439857
3631 0.239515985527
3632 0.239473372079
3633 0.23941657773
3634 0.278636489097
3635 0.239643916914
3636 0.239715048976
3637 0.239686591084
3638 0.239402383352
3639 0.239487574877
3640 0.239501779359
3641 0.239928698752
3642 0.239473372079
3643 0.239658139949
3644 0.239672364672
3645 0.239515985527
3646 0.239587041652
3647 0.239572827054
3648 0.239444971537
3649 0.239629695567
3650 0.239544402919
3651 0.239345622666
3652 0.277965168307
3653 0.239430773792
3654 0.239388190657
3655 0.239501779359
3656 0.239544402919
3657 0.239643916914
3658 0.239515985527
3659 0.239558614143
3660 0.239473372079
3661 0.23941657773
3662 0.23941657773
3663 0.239572827054
3664 0.23953019338
3665 0.239473372079
3666 0.23941657773
3667 0.239459170966
3668 0.239658139949
3669 0.239487574877
3670 0.239430773792
3671 0.239643916914
3672 0.239459170966
3673 0.24
3674 0.239388190657
3675 0.278080022037
3676 0.23953019338
3677 0.239402383352
3678 0.278348383539
3679 0.239402383352
3680 0.239515985527
3681 0.239942955612
3682 0.239473372079
3683 0.239459170966
3684 0.239572827054
3685 0.27867494824
3686 0.239544402919
3687 0.239388190657
3688 0.23980046321
3689 0.239359810314
3690 0.239373999644
3691 0.239700819186
3692 0.239373999644
3693 0.278080022037
3694 0.239743513626
3695 0.239402383352
3696 0.239544402919
3697 0.239544402919
3698 0.239629695567
3699 0.239587041652
3700 0.239373999644
3701 0.239430773792
3702 0.239544402919
3703 0.23987168825
3704 0.239544402919
3705 0.239359810314
3706 0.23987168825
3707 0.239686591084
3708 0.239672364672
3709 0.239544402919
3710 0.239345622666
3711 0.239700819186
3712 0.239743513626
3713 0.239444971537
3714 0.239700819186
3715 0.239700819186
3716 0.23953019338
3717 0.239430773792
3718 0.239373999644
3719 0.239715048976
3720 0.239658139949
3721 0.239473372079
3722 0.277965168307
3723 0.23980046321
3724 0.262941980856
3725 0.23941657773
3726 0.239601257936
3727 0.239544402919
3728 0.23941657773
3729 0.239729280456
3730 0.239345622666
3731 0.239729280456
3732 0.239900190114
3733 0.239359810314
3734 0.239373999644
3735 0.240028532366
3736 0.239558614143
3737 0.239501779359
3738 0.239885938335
3739 0.239757748486
3740 0.239544402919
3741 0.239715048976
3742 0.277697544873
3743 0.239402383352
3744 0.239601257936
3745 0.239373999644
3746 0.23941657773
3747 0.239359810314
3748 0.239643916914
3749 0.239345622666
3750 0.23941657773
3751 0.277907777013
3752 0.23941657773
3753 0.239601257936
3754 0.239686591084
3755 0.239444971537
3756 0.239444971537
3757 0.278521175335
3758 0.239572827054
3759 0.239957214167
3760 0.239601257936
3761 0.239572827054
3762 0.239629695567
3763 0.239572827054
3764 0.239501779359
3765 0.239743513626
3766 0.239388190657
3767 0.239473372079
3768 0.239473372079
3769 0.239658139949
3770 0.239515985527
3771 0.239473372079
3772 0.239430773792
3773 0.239444971537
3774 0.23953019338
3775 0.239587041652
3776 0.239459170966
3777 0.239601257936
3778 0.239473372079
3779 0.239515985527
3780 0.239629695567
3781 0.239558614143
3782 0.239388190657
3783 0.239786223278
3784 0.239515985527
3785 0.239501779359
3786 0.239601257936
3787 0.239629695567
3788 0.239402383352
3789 0.239501779359
3790 0.239444971537
3791 0.239971474416
3792 0.239629695567
3793 0.239544402919
3794 0.240028532366
3795 0.23982894815
3796 0.239402383352
3797 0.239487574877
3798 0.278233308069
3799 0.239345622666
3800 0.23953019338
3801 0.240028532366
3802 0.239373999644
3803 0.239558614143
3804 0.239629695567
3805 0.240028532366
3806 0.239402383352
3807 0.23941657773
3808 0.239359810314
3809 0.239359810314
3810 0.239558614143
3811 0.23982894815
3812 0.239373999644
3813 0.239430773792
3814 0.239430773792
3815 0.239444971537
3816 0.239544402919
3817 0.239373999644
3818 0.239501779359
3819 0.23953019338
3820 0.239515985527
3821 0.239345622666
3822 0.239700819186
3823 0.239757748486
3824 0.23953019338
3825 0.240042801094
3826 0.239715048976
3827 0.239786223278
3828 0.239444971537
3829 0.239729280456
3830 0.239857439857
3831 0.279427029271
3832 0.239686591084
3833 0.239501779359
3834 0.239786223278
3835 0.239430773792
3836 0.239700819186
3837 0.239643916914
3838 0.239572827054
3839 0.240199869133
3840 0.239402383352
3841 0.239501779359
3842 0.23980046321
3843 0.239914443586
3844 0.239444971537
3845 0.239402383352
3846 0.239615475908
3847 0.239359810314
3848 0.239515985527
3849 0.23941657773
3850 0.239402383352
3851 0.239615475908
3852 0.278482758621
3853 0.239643916914
3854 0.239345622666
3855 0.239359810314
3856 0.239544402919
3857 0.239345622666
3858 0.239487574877
3859 0.239786223278
3860 0.23941657773
3861 0.239857439857
3862 0.26307902795
3863 0.239601257936
3864 0.239487574877
3865 0.239430773792
3866 0.239388190657
3867 0.239601257936
3868 0.239700819186
3869 0.239587041652
3870 0.239786223278
3871 0.239700819186
3872 0.239444971537
3873 0.277659355016
3874 0.23987168825
3875 0.23953019338
3876 0.239359810314
3877 0.239459170966
3878 0.278405956977
3879 0.239473372079
3880 0.239359810314
3881 0.239473372079
3882 0.239587041652
3883 0.239388190657
3884 0.239544402919
3885 0.239814704834
3886 0.239359810314
3887 0.277907777013
3888 0.239402383352
3889 0.239473372079
3890 0.239544402919
3891 0.239402383352
3892 0.239672364672
3893 0.239515985527
3894 0.23941657773
3895 0.239459170966
3896 0.239515985527
3897 0.239629695567
3898 0.239388190657
3899 0.239558614143
3900 0.239430773792
3901 0.239814704834
3902 0.239444971537
3903 0.239928698752
3904 0.239587041652
3905 0.239430773792
3906 0.239444971537
3907 0.239957214167
3908 0.239700819186
3909 0.239430773792
3910 0.239643916914
3911 0.239388190657
3912 0.239430773792
3913 0.239544402919
3914 0.239587041652
3915 0.239444971537
3916 0.239643916914
3917 0.239430773792
3918 0.239544402919
3919 0.239771985037
3920 0.239501779359
3921 0.239558614143
3922 0.239757748486
3923 0.239359810314
3924 0.239430773792
3925 0.239914443586
3926 0.239402383352
3927 0.239942955612
3928 0.239672364672
3929 0.239373999644
3930 0.239544402919
3931 0.24
3932 0.239643916914
3933 0.239444971537
3934 0.239643916914
3935 0.239473372079
3936 0.239345622666
3937 0.23941657773
3938 0.23953019338
3939 0.24051462267
3940 0.239388190657
3941 0.239487574877
3942 0.239430773792
3943 0.239359810314
3944 0.277831292143
3945 0.239515985527
3946 0.239814704834
3947 0.239388190657
3948 0.239786223278
3949 0.278521175335
3950 0.239501779359
3951 0.239558614143
3952 0.23982894815
3953 0.239388190657
3954 0.239388190657
3955 0.239388190657
3956 0.239373999644
3957 0.239672364672
3958 0.239587041652
3959 0.239459170966
3960 0.239359810314
3961 0.239572827054
3962 0.262924860008
3963 0.278099173554
3964 0.23941657773
3965 0.239544402919
3966 0.239388190657
3967 0.24
3968 0.239558614143
3969 0.23998573636
3970 0.239686591084
3971 0.23941657773
3972 0.24
3973 0.239587041652
3974 0.239444971537
3975 0.239345622666
3976 0.239544402919
3977 0.239544402919
3978 0.23941657773
3979 0.239388190657
3980 0.239501779359
3981 0.225637013858
3982 0.184164918362
3983 0.184215328467
3984 0.184114535838
3985 0.184106141431
3986 0.184148121124
3987 0.18417331813
3988 0.184114535838
3989 0.18415651936
3990 0.22497075046
3991 0.184131326949
3992 0.184122931011
3993 0.184122931011
3994 0.184148121124
3995 0.184190119965
3996 0.18417331813
3997 0.184131326949
3998 0.184190119965
3999 0.184215328467
4000 0.184131326949
4001 0.18417331813
4002 0.184114535838
4003 0.18415651936
4004 0.184139723654
4005 0.184181718664
4006 0.184122931011
4007 0.184114535838
4008 0.184131326949
4009 0.184106141431
4010 0.184181718664
4011 0.184106141431
4012 0.224945685477
4013 0.184114535838
4014 0.184148121124
4015 0.184198522033
4016 0.184106141431
4017 0.184131326949
4018 0.18417331813
4019 0.18415651936
4020 0.184164918362
4021 0.184164918362
4022 0.184190119965
4023 0.184106141431
4024 0.184248950538
4025 0.184106141431
4026 0.184131326949
4027 0.18417331813
4028 0.18415651936
4029 0.184114535838
4030 0.184114535838
4031 0.184257357974
4032 0.225033437361
4033 0.184114535838
4034 0.184122931011
4035 0.184114535838
4036 0.184106141431
4037 0.184114535838
4038 0.184131326949
4039 0.18417331813
