node,closeness
1 0.369441903019
2 0.333581164808
3 0.27001003009
4 0.326303030303
5 0.29502447578
6 0.294895201928
7 0.294744525547
8 0.37983256514
9 0.277926904811
10 0.348283594963
11 0.32960574647
12 0.291173925584
13 0.269793545801
14 0.325907990315
15 0.298580301686
16 0.269793545801
17 0.272157444227
18 0.27001003009
19 0.269793545801
20 0.270136473107
21 0.274862160506
22 0.378799249531
23 0.295694200351
24 0.270082268745
25 0.272175788622
26 0.349066390041
27 0.313752913753
28 0.272856274073
29 0.272304268663
30 0.299688288556
31 0.328693528694
32 0.351680891831
33 0.302857571439
34 0.269811572899
35 0.33057715923
36 0.269811572899
37 0.269973925252
38 0.269793545801
39 0.303221446272
40 0.295067592254
41 0.364078982959
42 0.275199345737
43 0.269811572899
44 0.314534974295
45 0.306582643687
46 0.330360795222
47 0.269901744536
48 0.269811572899
49 0.308810033649
50 0.309377873123
51 0.282654346913
52 0.296279991195
53 0.269811572899
54 0.287156876689
55 0.279814288684
56 0.313168915775
57 0.337287003007
58 0.273299492386
59 0.400039627501
60 0.2854517178
61 0.30667578036
62 0.269829602406
63 0.284126090628
64 0.277773956112
65 0.284566596195
66 0.294336321889
67 0.313363340059
68 0.343454963001
69 0.269937830069
70 0.296084469864
71 0.269811572899
72 0.306280339806
73 0.317702596381
74 0.293118466899
75 0.269793545801
76 0.286728679969
77 0.279950083195
78 0.288119871566
79 0.290044533831
80 0.286078639745
81 0.281570322851
82 0.269829602406
83 0.289172156975
84 0.296279991195
85 0.340673247279
86 0.303791754439
87 0.288799885567
88 0.308644806237
89 0.306605922551
90 0.275387028575
91 0.28713645737
92 0.271261588069
93 0.27670801069
94 0.285532456513
95 0.284727118883
96 0.272911597729
97 0.271864269844
98 0.269829602406
99 0.349640661529
100 0.271937504209
101 0.270952157284
102 0.272230836648
103 0.273985615416
104 0.307962172056
105 0.30639653995
106 0.300267697799
107 0.274768644529
108 0.463126505333
109 0.291973969631
110 0.299732779097
111 0.290253018976
112 0.273317991065
113 0.272598393303
114 0.352171637886
115 0.269793545801
116 0.272451251602
117 0.272377740304
118 0.273855544252
119 0.283986215627
120 0.328052644407
121 0.285855868611
122 0.296279991195
123 0.316904724533
124 0.296671809566
125 0.271882574737
126 0.274469820555
127 0.277411376752
128 0.29203731829
129 0.290253018976
130 0.295715854998
131 0.2822394632
132 0.269901744536
133 0.297152108323
134 0.298514082945
135 0.303380916604
136 0.269955876454
137 0.331173624211
138 0.271644803229
139 0.269811572899
140 0.269937830069
141 0.269973925252
142 0.300961466796
143 0.337146196877
144 0.269991976464
145 0.272340999528
146 0.269811572899
147 0.289940403533
148 0.272911597729
149 0.29155234657
150 0.272322632857
151 0.286789772727
152 0.27219413549
153 0.272893154018
154 0.269829602406
155 0.269811572899
156 0.269829602406
157 0.309781357883
158 0.269829602406
159 0.301861403902
160 0.291995082797
161 0.269811572899
162 0.31253869969
163 0.269919786096
164 0.275989337708
165 0.273262502538
166 0.296497540201
167 0.276045939295
168 0.27148043566
169 0.296693607641
170 0.336752564423
171 0.317278227391
172 0.372784342688
173 0.299066804918
174 0.29521859921
175 0.269883705387
176 0.27219413549
177 0.296715408921
178 0.272084091369
179 0.296323475453
180 0.271097683787
181 0.275480966025
182 0.273466070703
183 0.269829602406
184 0.269811572899
185 0.292079566004
186 0.291531297379
187 0.307750933618
188 0.27201077804
189 0.32760019471
190 0.284566596195
191 0.269847634322
192 0.271900882095
193 0.27428338541
194 0.270281124498
195 0.276670092497
196 0.273447551974
197 0.276329295832
198 0.29203731829
199 0.289836347976
200 0.306489563567
201 0.320858164482
202 0.270263034603
203 0.297283368917
204 0.321138857961
205 0.27623477904
206 0.269811572899
207 0.269847634322
208 0.274320652174
209 0.277965168307
210 0.269793545801
211 0.269793545801
212 0.285653650255
213 0.296933598059
214 0.316135598528
215 0.272377740304
216 0.269793545801
217 0.269811572899
218 0.286728679969
219 0.273447551974
220 0.272911597729
221 0.269847634322
222 0.281315312805
223 0.274749948969
224 0.298139397519
225 0.303951825367
226 0.272065759332
227 0.272322632857
228 0.272157444227
229 0.274395216091
230 0.292206382517
231 0.271955818966
232 0.301096115129
233 0.303997590906
234 0.269811572899
235 0.271170505675
236 0.292269832079
237 0.305561861521
238 0.296279991195
239 0.282476390346
240 0.316581732654
241 0.269829602406
242 0.274227504244
243 0.276859787453
244 0.269919786096
245 0.269811572899
246 0.270281124498
247 0.309805125058
248 0.272819404094
249 0.295283363803
250 0.276689050295
251 0.273799837266
252 0.291995082797
253 0.308999081726
254 0.269829602406
255 0.27219413549
256 0.274227504244
257 0.269811572899
258 0.295240184251
259 0.298734926389
260 0.271261588069
261 0.276670092497
262 0.287422592355
263 0.269847634322
264 0.269901744536
265 0.271206931292
266 0.299777282851
267 0.272212484832
268 0.269811572899
269 0.275932759328
270 0.299755029322
271 0.27775484936
272 0.322446698076
273 0.304961860887
274 0.273447551974
275 0.296715408921
276 0.273466070703
277 0.28888252969
278 0.309995393828
279 0.272065759332
280 0.269811572899
281 0.308951798011
282 0.29203731829
283 0.269811572899
284 0.279697998199
285 0.29203731829
286 0.320450757876
287 0.269811572899
288 0.269793545801
289 0.280299875052
290 0.269847634322
291 0.281393728223
292 0.31717854057
293 0.269793545801
294 0.269829602406
295 0.269829602406
296 0.272469635628
297 0.269901744536
298 0.302903008026
299 0.291027027027
300 0.277659355016
301 0.269937830069
302 0.271754492227
303 0.275763163286
304 0.285734503255
305 0.335744574707
306 0.269811572899
307 0.273447551974
308 0.288243272182
309 0.312441968431
310 0.269955876454
311 0.273336492249
312 0.269883705387
313 0.275068119891
314 0.315567364802
315 0.27623477904
316 0.325120772947
317 0.271717919386
318 0.291805174158
319 0.276556400247
320 0.272948492632
321 0.27148043566
322 0.269829602406
323 0.326092223209
324 0.304915804576
325 0.294443634242
326 0.301388266906
327 0.272414490994
328 0.269883705387
329 0.273447551974
330 0.301185947639
331 0.27348459194
332 0.285572842999
333 0.301680986179
334 0.269919786096
335 0.305839581913
336 0.269793545801
337 0.277392319846
338 0.271516944594
339 0.278405956977
340 0.313023255814
341 0.291784088446
342 0.287095627444
343 0.305515623818
344 0.274918300654
345 0.27514309076
346 0.299421622423
347 0.276821827655
348 0.294809082281
349 0.373508463602
350 0.272120762855
351 0.29702096359
352 0.277735745237
353 0.281668526786
354 0.369205449392
355 0.274824746478
356 0.279601163274
357 0.27199245588
358 0.293758184199
359 0.271955818966
360 0.275537359263
361 0.311911014985
362 0.27452580053
363 0.278983004007
364 0.33912824389
365 0.277812177503
366 0.277411376752
367 0.353280839895
368 0.284046145189
369 0.285008469791
370 0.295889206419
371 0.340874556812
372 0.275669033315
373 0.272727272727
374 0.342638947815
375 0.333719008264
376 0.289566152743
377 0.370187018702
378 0.271974136189
379 0.320603414053
380 0.271974136189
381 0.272635203565
382 0.275518558952
383 0.273336492249
384 0.27199245588
385 0.27201077804
386 0.281491808993
387 0.27199245588
388 0.311862835959
389 0.318605018147
390 0.327706541146
391 0.273577235772
392 0.329982838931
393 0.319411485524
394 0.277773956112
395 0.303449312392
396 0.332701656093
397 0.275049383557
398 0.304020478844
399 0.29203731829
400 0.277793065493
401 0.335716661124
402 0.271974136189
403 0.326039563989
404 0.275030649775
405 0.317004239284
406 0.293544635068
407 0.27201077804
408 0.292523906114
409 0.307915205124
410 0.296846283908
411 0.274376571312
412 0.27199245588
413 0.331445456784
414 0.282436874869
415 0.373094336136
416 0.306885544916
417 0.312248685431
418 0.333195808235
419 0.294357778102
420 0.323117548212
421 0.363227489431
422 0.298227474151
423 0.28658623137
424 0.317427875167
425 0.275612586172
426 0.297283368917
427 0.297130242826
428 0.299244108493
429 0.398657320565
430 0.272120762855
431 0.30505401526
432 0.324676368899
433 0.305423190379
434 0.289836347976
435 0.301658449126
436 0.291447131
437 0.320985691574
438 0.272120762855
439 0.317303158887
440 0.314094586185
441 0.280280419241
442 0.277793065493
443 0.296279991195
444 0.271974136189
445 0.30388320289
446 0.284166080225
447 0.282259191947
448 0.271955818966
449 0.27199245588
450 0.307282550795
451 0.279079411155
452 0.321445629677
453 0.298712827341
454 0.272029102668
455 0.27199245588
456 0.298580301686
457 0.314755631772
458 0.290545402216
459 0.281845466602
460 0.29033649698
461 0.316209866875
462 0.319184254209
463 0.278790389395
464 0.302222887508
465 0.277812177503
466 0.32810595596
467 0.272102425876
468 0.27201077804
469 0.271974136189
470 0.297239602503
471 0.273967026257
472 0.313144629701
473 0.288160993363
474 0.300983899821
475 0.273967026257
476 0.370458715596
477 0.27775484936
478 0.289877961235
479 0.276008202324
480 0.30982889588
481 0.292714751722
482 0.278386763185
483 0.302245508982
484 0.373646710465
485 0.366225285688
486 0.28973236708
487 0.275593775594
488 0.285835633893
489 0.281865140304
490 0.274993189867
491 0.274264755824
492 0.278003442341
493 0.330252719392
494 0.288078761504
495 0.281452568481
496 0.279137287433
497 0.287893911308
498 0.323687374749
499 0.277201894693
500 0.27199245588
501 0.310424354244
502 0.277793065493
503 0.278386763185
504 0.298514082945
505 0.298183429331
506 0.275537359263
507 0.308338423946
508 0.316259398496
509 0.296715408921
510 0.27270885392
511 0.296955434623
512 0.314755631772
513 0.299755029322
514 0.335242839352
515 0.319487301211
516 0.306582643687
517 0.293800931315
518 0.350247202706
519 0.293779556202
520 0.274600476029
521 0.318203309693
522 0.279697998199
523 0.272139102305
524 0.300826938836
525 0.332646840761
526 0.332455129261
527 0.351558418945
528 0.309757594354
529 0.296106181712
530 0.273651396042
531 0.27201077804
532 0.292820884699
533 0.272120762855
534 0.273595772071
535 0.289877961235
536 0.279291741596
537 0.28109989558
538 0.296432241962
539 0.331663244353
540 0.278751898385
541 0.280416666667
542 0.293416654556
543 0.336584146037
544 0.292948345908
545 0.321599235425
546 0.302494568882
547 0.297809572977
548 0.27574433215
549 0.283527594439
550 0.297283368917
551 0.271955818966
552 0.275612586172
553 0.27201077804
554 0.330198707989
555 0.290503597122
556 0.288058210872
557 0.303244217483
558 0.282377622378
559 0.297941415185
560 0.334770353175
561 0.291363013204
562 0.334909181388
563 0.272029102668
564 0.400436334788
565 0.277812177503
566 0.285532456513
567 0.370594713656
568 0.339270710805
569 0.273762711864
570 0.295780837972
571 0.296671809566
572 0.27199245588
573 0.27201077804
574 0.272304268663
575 0.274824746478
576 0.271937504209
577 0.271974136189
578 0.272120762855
579 0.272157444227
580 0.272948492632
581 0.356839872747
582 0.271754492227
583 0.272102425876
584 0.272175788622
585 0.275669033315
586 0.271736204576
587 0.288655372078
588 0.289483117069
589 0.271974136189
590 0.272653612424
591 0.289919586445
592 0.318906965724
593 0.272985397512
594 0.275537359263
595 0.292693534358
596 0.272065759332
597 0.324859211585
598 0.272635203565
599 0.27201077804
600 0.272139102305
601 0.272157444227
602 0.345157705787
603 0.271736204576
604 0.272047429765
605 0.318680451425
606 0.272047429765
607 0.348103448276
608 0.271736204576
609 0.271736204576
610 0.29155234657
611 0.289400129005
612 0.27201077804
613 0.27199245588
614 0.271736204576
615 0.301726070388
616 0.272157444227
617 0.272616797191
618 0.272690437601
619 0.273225522701
620 0.27270885392
621 0.278809638887
622 0.271845967416
623 0.271955818966
624 0.272029102668
625 0.271736204576
626 0.272102425876
627 0.271974136189
628 0.272157444227
629 0.271937504209
630 0.324806949807
631 0.279349705984
632 0.272432870058
633 0.272120762855
634 0.27199245588
635 0.298624463837
636 0.276008202324
637 0.272690437601
638 0.335437780362
639 0.271736204576
640 0.277392319846
641 0.272139102305
642 0.353807062122
643 0.271754492227
644 0.272157444227
645 0.274768644529
646 0.315394829337
647 0.2909012319
648 0.272065759332
649 0.271754492227
650 0.321983892832
651 0.272120762855
652 0.364802601861
653 0.27348459194
654 0.273540170709
655 0.273244011368
656 0.272893154018
657 0.273503115687
658 0.272359368677
659 0.272157444227
660 0.272157444227
661 0.271772782339
662 0.272157444227
663 0.272157444227
664 0.272948492632
665 0.272029102668
666 0.272047429765
667 0.280144304149
668 0.288799885567
669 0.271736204576
670 0.303928947765
671 0.272139102305
672 0.275424595867
673 0.271864269844
674 0.27348459194
675 0.271736204576
676 0.272139102305
677 0.296802646086
678 0.272672023769
679 0.277487630566
680 0.274544465597
681 0.278060873158
682 0.272139102305
683 0.272469635628
684 0.31234529703
685 0.272084091369
686 0.272543196544
687 0.251824134705
688 0.201567413767
689 0.231536697248
690 0.20124595066
691 0.20124595066
692 0.201225893258
693 0.201175767238
694 0.219361147327
695 0.233248613678
696 0.231775915509
697 0.262924860008
698 0.247169002877
699 0.283209426287
700 0.201185790444
701 0.201235921459
702 0.221746293245
703 0.20124595066
704 0.224757875988
705 0.201215866055
706 0.233450887437
707 0.243619909502
708 0.201266012062
709 0.241912293314
710 0.225851557693
711 0.201255980861
712 0.216817010309
713 0.201296111665
714 0.247866920385
715 0.201306146867
716 0.212448045457
717 0.201286077464
718 0.201205839853
719 0.212671828093
720 0.249629080119
721 0.221941299329
722 0.267381803735
723 0.229418783024
724 0.201296111665
725 0.224221222722
726 0.20124595066
727 0.267488076312
728 0.216898533598
729 0.229875896618
730 0.224383196266
731 0.201346297681
732 0.224545403993
733 0.201306146867
734 0.20124595066
735 0.201406553943
736 0.201336258476
737 0.220150474321
738 0.282654346913
739 0.216875234975
740 0.227865244625
741 0.20124595066
742 0.201346297681
743 0.201286077464
744 0.201195814649
745 0.201185790444
746 0.248538191666
747 0.201255980861
748 0.244076402321
749 0.201376421305
750 0.201185790444
751 0.201185790444
752 0.201286077464
753 0.262805076473
754 0.224383196266
755 0.228924542208
756 0.201376421305
757 0.201276044263
758 0.201205839853
759 0.201376421305
760 0.201266012062
761 0.221855941981
762 0.201255980861
763 0.201306146867
764 0.201396508728
765 0.201456795051
766 0.201426647379
767 0.224059482854
768 0.20124595066
769 0.201306146867
770 0.224408136045
771 0.201446744824
772 0.201316183069
773 0.224445556111
774 0.233006347374
775 0.243781695243
776 0.201185790444
777 0.224333333333
778 0.201356337888
779 0.223811107416
780 0.225851557693
781 0.231258232633
782 0.224283492557
783 0.201376421305
784 0.201356337888
785 0.224720351717
786 0.201195814649
787 0.201255980861
788 0.201456795051
789 0.201205839853
790 0.201296111665
791 0.270208779443
792 0.201235921459
793 0.201406553943
794 0.201376421305
795 0.201306146867
796 0.216782090514
797 0.201235921459
798 0.201456795051
799 0.224308410177
800 0.201286077464
801 0.23467193584
802 0.201175767238
803 0.201215866055
804 0.241781929226
805 0.224420608014
806 0.249659948065
807 0.201316183069
808 0.201476898513
809 0.201255980861
810 0.201356337888
811 0.236029927519
812 0.224333333333
813 0.219289670903
814 0.201266012062
815 0.212649428617
816 0.233181266963
817 0.201255980861
818 0.20141660016
819 0.201346297681
820 0.242217023574
821 0.232603686636
822 0.219289670903
823 0.201316183069
824 0.246459960938
825 0.234685574799
826 0.224295950675
827 0.201286077464
828 0.219230142787
829 0.249860775942
830 0.219075520833
831 0.249074759437
832 0.216758816898
833 0.221758471086
834 0.201316183069
835 0.253866465485
836 0.201386464515
837 0.201286077464
838 0.232082303581
839 0.226028547439
840 0.201316183069
841 0.287914438503
842 0.201185790444
843 0.219111183461
844 0.229431818182
845 0.221648918652
846 0.222063352398
847 0.201235921459
848 0.218980477223
849 0.22024653649
850 0.201577476038
851 0.201266012062
852 0.201215866055
853 0.201205839853
854 0.224757875988
855 0.201195814649
856 0.201205839853
857 0.242057307277
858 0.257361376673
859 0.220764310317
860 0.220728107576
861 0.316061365059
862 0.220957592339
863 0.284426287244
864 0.220969683704
865 0.220860909041
866 0.272672023769
867 0.220764310317
868 0.220800524934
869 0.246957372638
870 0.221381578947
871 0.220788452075
872 0.220860909041
873 0.220788452075
874 0.220776380536
875 0.220788452075
876 0.220716042635
877 0.220969683704
878 0.220752241417
879 0.220957592339
880 0.220776380536
881 0.22324192835
882 0.220788452075
883 0.22093341358
884 0.220716042635
885 0.220752241417
886 0.220812599114
887 0.220836751436
888 0.220776380536
889 0.220945502298
890 0.220993870403
891 0.222222222222
892 0.220716042635
893 0.220716042635
894 0.220848829578
895 0.220752241417
896 0.220776380536
897 0.326382153249
898 0.321624850657
899 0.321189945912
900 0.316606554806
901 0.320069752695
902 0.317377976892
903 0.32165046997
904 0.317377976892
905 0.316879855607
906 0.318982542065
907 0.322755974742
908 0.316879855607
909 0.334964744919
910 0.316830129463
911 0.31665621079
912 0.316556914393
913 0.316730723978
914 0.321983892832
915 0.316979354737
916 0.339441829186
917 0.345275758871
918 0.326514110132
919 0.316556914393
920 0.327679948065
921 0.316904724533
922 0.342116411082
923 0.320909163157
924 0.317477789134
925 0.320577961258
926 0.344040214706
927 0.320730738681
928 0.324963785611
929 0.316755569501
930 0.317278227391
931 0.342319430315
932 0.317702596381
933 0.321573624273
934 0.322369471499
935 0.322472448491
936 0.316755569501
937 0.323973042362
938 0.316705882353
939 0.317253299811
940 0.316954474097
941 0.317029127738
942 0.322086623594
943 0.324337349398
944 0.316805272242
945 0.328934506354
946 0.316631380852
947 0.334465335873
948 0.323454021147
949 0.319816252178
950 0.317652611705
951 0.316780418922
952 0.335242839352
953 0.32278177458
954 0.324728588661
955 0.3236354893
956 0.316780418922
957 0.316780418922
958 0.322704387437
959 0.317128720647
960 0.321292170592
961 0.323298638911
962 0.317477789134
963 0.339727410399
964 0.317827626919
965 0.317203456402
966 0.319765600253
967 0.323557692308
968 0.323765234124
969 0.323402210476
970 0.317602642756
971 0.316904724533
972 0.32108778626
973 0.320069752695
974 0.317852644836
975 0.316805272242
976 0.326751901602
977 0.326566922766
978 0.319841584158
979 0.323246878002
980 0.316780418922
981 0.327148991331
982 0.321701720841
983 0.321906887755
984 0.329122177847
985 0.324571979744
986 0.316705882353
987 0.316830129463
988 0.316854990584
989 0.321292170592
990 0.317902692489
991 0.342116411082
992 0.321215495983
993 0.317303158887
994 0.32622394571
995 0.320450757876
996 0.321804271597
997 0.317253299811
998 0.323014158867
999 0.316780418922
1000 0.322189419931
1001 0.316929597363
1002 0.3233504164
1003 0.316631380852
1004 0.323324525583
1005 0.328506345591
1006 0.316879855607
1007 0.32564516129
1008 0.316879855607
1009 0.317353033637
1010 0.326303030303
1011 0.320858164482
1012 0.320679796696
1013 0.320019020447
1014 0.339584559751
1015 0.327653359299
1016 0.320552512503
1017 0.316755569501
1018 0.324650265316
1019 0.33460391117
1020 0.326434923201
1021 0.32410305803
1022 0.322163714696
1023 0.317078916372
1024 0.316780418922
1025 0.322807578543
1026 0.323324525583
1027 0.322498203019
1028 0.316606554806
1029 0.340644508183
1030 0.343718079673
1031 0.316805272242
1032 0.316979354737
1033 0.325094597858
1034 0.316954474097
1035 0.316606554806
1036 0.320095124851
1037 0.322009569378
1038 0.329471279373
1039 0.31665621079
1040 0.319968304279
1041 0.321932552021
1042 0.32108778626
1043 0.317054020101
1044 0.316830129463
1045 0.32027284264
1046 0.316830129463
1047 0.316606554806
1048 0.32203525002
1049 0.323454021147
1050 0.322910835666
1051 0.316805272242
1052 0.322575491293
1053 0.323091694671
1054 0.316805272242
1055 0.318579881657
1056 0.317228376149
1057 0.321701720841
1058 0.31665621079
1059 0.317078916372
1060 0.325173135771
1061 0.326039563989
1062 0.316780418922
1063 0.317054020101
1064 0.320095124851
1065 0.317303158887
1066 0.316581732654
1067 0.324467657694
1068 0.3233504164
1069 0.321394460363
1070 0.319993660353
1071 0.341335587489
1072 0.316606554806
1073 0.319841584158
1074 0.316780418922
1075 0.338701560141
1076 0.323324525583
1077 0.328854141217
1078 0.336864937015
1079 0.326382153249
1080 0.32402503611
1081 0.324363402683
1082 0.317652611705
1083 0.321778627779
1084 0.323376311364
1085 0.316904724533
1086 0.357946990515
1087 0.331010738585
1088 0.317328094303
1089 0.33515936255
1090 0.316879855607
1091 0.316854990584
1092 0.320679796696
1093 0.321855571497
1094 0.316755569501
1095 0.316805272242
1096 0.323454021147
1097 0.316556914393
1098 0.317427875167
1099 0.336556092682
1100 0.32410305803
1101 0.330523041663
1102 0.324077046549
1103 0.323947051745
1104 0.317153628652
1105 0.325750242014
1106 0.316631380852
1107 0.320628870891
1108 0.324337349398
1109 0.323091694671
1110 0.339927603334
1111 0.322833386633
1112 0.316755569501
1113 0.321778627779
1114 0.323921065298
1115 0.340500885403
1116 0.321189945912
1117 0.320120501031
1118 0.323843130965
1119 0.317402924069
1120 0.316556914393
1121 0.32195822038
1122 0.317877666693
1123 0.329928915761
1124 0.322112316528
1125 0.32861328125
1126 0.323713323713
1127 0.344833475662
1128 0.317054020101
1129 0.325094597858
1130 0.322420951773
1131 0.322138013562
1132 0.320095124851
1133 0.324441587659
1134 0.319512581105
1135 0.316805272242
1136 0.321804271597
1137 0.35658777817
1138 0.317253299811
1139 0.316879855607
1140 0.322627037392
1141 0.317852644836
1142 0.319664344522
1143 0.319816252178
1144 0.321011209158
1145 0.317054020101
1146 0.316556914393
1147 0.324989939638
1148 0.31665621079
1149 0.324780825223
1150 0.324155093522
1151 0.317128720647
1152 0.316755569501
1153 0.317103816554
1154 0.324311300297
1155 0.316755569501
1156 0.324493731919
1157 0.32314340589
1158 0.31665621079
1159 0.324363402683
1160 0.332756489493
1161 0.323947051745
1162 0.317253299811
1163 0.316730723978
1164 0.323583620482
1165 0.320425329313
1166 0.356745295521
1167 0.328961303462
1168 0.320044384561
1169 0.316681044624
1170 0.320323655402
1171 0.321164399905
1172 0.362705470224
1173 0.323713323713
1174 0.345305284761
1175 0.316979354737
1176 0.324441587659
1177 0.316631380852
1178 0.316904724533
1179 0.335465647587
1180 0.34281348162
1181 0.321496815287
1182 0.322910835666
1183 0.340730740022
1184 0.318103040807
1185 0.325042260324
1186 0.325016097875
1187 0.316954474097
1188 0.335326357748
1189 0.330063756744
1190 0.318730760123
1191 0.317927722227
1192 0.324363402683
1193 0.325277912035
1194 0.336023966048
1195 0.316631380852
1196 0.321189945912
1197 0.339099764864
1198 0.334825870647
1199 0.322523961661
1200 0.326804791195
1201 0.316631380852
1202 0.321804271597
1203 0.316755569501
1204 0.316730723978
1205 0.32580280781
1206 0.322859198849
1207 0.316556914393
1208 0.322420951773
1209 0.316606554806
1210 0.323272756385
1211 0.340271340693
1212 0.325461433062
1213 0.317228376149
1214 0.317128720647
1215 0.3233504164
1216 0.321727352402
1217 0.317427875167
1218 0.33759719087
1219 0.316805272242
1220 0.321266608322
1221 0.316755569501
1222 0.324337349398
1223 0.324363402683
1224 0.319032946196
1225 0.316581732654
1226 0.317502752005
1227 0.336921151439
1228 0.322936660269
1229 0.319968304279
1230 0.321343307337
1231 0.32580280781
1232 0.324415521812
1233 0.317253299811
1234 0.317004239284
1235 0.316954474097
1236 0.333581164808
1237 0.320399904785
1238 0.342929936306
1239 0.325829097071
1240 0.316755569501
1241 0.317054020101
1242 0.320654331772
1243 0.323713323713
1244 0.323428113736
1245 0.316879855607
1246 0.327414254439
1247 0.317477789134
1248 0.320577961258
1249 0.316730723978
1250 0.319563152896
1251 0.324859211585
1252 0.316830129463
1253 0.316606554806
1254 0.316606554806
1255 0.316681044624
1256 0.324233178095
1257 0.333113347632
1258 0.326329400356
1259 0.321138857961
1260 0.32108778626
1261 0.320374484291
1262 0.324493731919
1263 0.319234722112
1264 0.316730723978
1265 0.31665621079
1266 0.317877666693
1267 0.317203456402
1268 0.32402503611
1269 0.316780418922
1270 0.323687374749
1271 0.316581732654
1272 0.322730179028
1273 0.32314340589
1274 0.335493519442
1275 0.335744574707
1276 0.321471220444
1277 0.316581732654
1278 0.326065891473
1279 0.320781696854
1280 0.321445629677
1281 0.321445629677
1282 0.322575491293
1283 0.330144714251
1284 0.318002835092
1285 0.323869104909
1286 0.321368881815
1287 0.320781696854
1288 0.322266560255
1289 0.322395209581
1290 0.343250595036
1291 0.323376311364
1292 0.323843130965
1293 0.321906887755
1294 0.320705265666
1295 0.31913380226
1296 0.31665621079
1297 0.320476190476
1298 0.317004239284
1299 0.322292281906
1300 0.320120501031
1301 0.341335587489
1302 0.316681044624
1303 0.323687374749
1304 0.323531768288
1305 0.320247442303
1306 0.328961303462
1307 0.320679796696
1308 0.335632948217
1309 0.319765600253
1310 0.322523961661
1311 0.320044384561
1312 0.318253467844
1313 0.341537680792
1314 0.342522690644
1315 0.317652611705
1316 0.320756215744
1317 0.320934668574
1318 0.33638787071
1319 0.327069496193
1320 0.317203456402
1321 0.343221419465
1322 0.320247442303
1323 0.323454021147
1324 0.322138013562
1325 0.3233504164
1326 0.316979354737
1327 0.316581732654
1328 0.33967025572
1329 0.335326357748
1330 0.325094597858
1331 0.325618901701
1332 0.324806949807
1333 0.323661429945
1334 0.317353033637
1335 0.343192248853
1336 0.324389460154
1337 0.321522414205
1338 0.317452830189
1339 0.341076104401
1340 0.323169267707
1341 0.318353831599
1342 0.323791195574
1343 0.316780418922
1344 0.320247442303
1345 0.323609552813
1346 0.327733138544
1347 0.31665621079
1348 0.3233504164
1349 0.318077983458
1350 0.323817161187
1351 0.321522414205
1352 0.321752988048
1353 0.346252786829
1354 0.316606554806
1355 0.31665621079
1356 0.322936660269
1357 0.317029127738
1358 0.320756215744
1359 0.34395229983
1360 0.322755974742
1361 0.336023966048
1362 0.344892381278
1363 0.316606554806
1364 0.317054020101
1365 0.316830129463
1366 0.317727594618
1367 0.321855571497
1368 0.325829097071
1369 0.316780418922
1370 0.341479915433
1371 0.323531768288
1372 0.318203309693
1373 0.316705882353
1374 0.327493917275
1375 0.342784380306
1376 0.322446698076
1377 0.346788045345
1378 0.33082090775
1379 0.317328094303
1380 0.321496815287
1381 0.322369471499
1382 0.317752596789
1383 0.323221003762
1384 0.316631380852
1385 0.317577664176
1386 0.321471220444
1387 0.316556914393
1388 0.317278227391
1389 0.322730179028
1390 0.321189945912
1391 0.326118559199
1392 0.3297133992
1393 0.319714964371
1394 0.321241050119
1395 0.316581732654
1396 0.316581732654
1397 0.32402503611
1398 0.319487301211
1399 0.32131773693
1400 0.325776522791
1401 0.323091694671
1402 0.316954474097
1403 0.322420951773
1404 0.316755569501
1405 0.326566922766
1406 0.344157504475
1407 0.319487301211
1408 0.318052930057
1409 0.340932117528
1410 0.323221003762
1411 0.335354206461
1412 0.317004239284
1413 0.321011209158
1414 0.331065015988
1415 0.316879855607
1416 0.317877666693
1417 0.324155093522
1418 0.31665621079
1419 0.317128720647
1420 0.341971544715
1421 0.340932117528
1422 0.335437780362
1423 0.318128102104
1424 0.322678599968
1425 0.317004239284
1426 0.340989697686
1427 0.322343737527
1428 0.324833078594
1429 0.321138857961
1430 0.323065845268
1431 0.316581732654
1432 0.326884157694
1433 0.321804271597
1434 0.317103816554
1435 0.317253299811
1436 0.324285255381
1437 0.3210622565
1438 0.321829919503
1439 0.32203525002
1440 0.320019020447
1441 0.338900545531
1442 0.317278227391
1443 0.319487301211
1444 0.316755569501
1445 0.318605018147
1446 0.317377976892
1447 0.340472175379
1448 0.324389460154
1449 0.325068426984
1450 0.322859198849
1451 0.341971544715
1452 0.320985691574
1453 0.317377976892
1454 0.317353033637
1455 0.323479932708
1456 0.318404037218
1457 0.324077046549
1458 0.3215480172
1459 0.339213709677
1460 0.323661429945
1461 0.321215495983
1462 0.317477789134
1463 0.322755974742
1464 0.316929597363
1465 0.319259962049
1466 0.360600107162
1467 0.316556914393
1468 0.324545892943
1469 0.317303158887
1470 0.32131773693
1471 0.322215129269
1472 0.333526059305
1473 0.323065845268
1474 0.324129073688
1475 0.316631380852
1476 0.324806949807
1477 0.317004239284
1478 0.317577664176
1479 0.317004239284
1480 0.323557692308
1481 0.323687374749
1482 0.317153628652
1483 0.320628870891
1484 0.341249049269
1485 0.317278227391
1486 0.34055831998
1487 0.316979354737
1488 0.325251711639
1489 0.324937635793
1490 0.320628870891
1491 0.318554749132
1492 0.323921065298
1493 0.31865530303
1494 0.31717854057
1495 0.335493519442
1496 0.33739973262
1497 0.325723965476
1498 0.320628870891
1499 0.316681044624
1500 0.316830129463
1501 0.320476190476
1502 0.320019020447
1503 0.322523961661
1504 0.320756215744
1505 0.321676093364
1506 0.343017329256
1507 0.318554749132
1508 0.318203309693
1509 0.322885015193
1510 0.343133922502
1511 0.316631380852
1512 0.335884212277
1513 0.337907949791
1514 0.340185341196
1515 0.324129073688
1516 0.324363402683
1517 0.325225515464
1518 0.317602642756
1519 0.335187183531
1520 0.318228386792
1521 0.323583620482
1522 0.316681044624
1523 0.343688824581
1524 0.340414769853
1525 0.321420042983
1526 0.32165046997
1527 0.318128102104
1528 0.31717854057
1529 0.323014158867
1530 0.322163714696
1531 0.323117548212
1532 0.317128720647
1533 0.321624850657
1534 0.317577664176
1535 0.365827142598
1536 0.321676093364
1537 0.343835149864
1538 0.335326357748
1539 0.322498203019
1540 0.32278177458
1541 0.340615773935
1542 0.320145881234
1543 0.32195822038
1544 0.3233504164
1545 0.317377976892
1546 0.33912824389
1547 0.316606554806
1548 0.324051039242
1549 0.317952755906
1550 0.341422169612
1551 0.320450757876
1552 0.325146952251
1553 0.317627625265
1554 0.3358004158
1555 0.331472664587
1556 0.336163836164
1557 0.320145881234
1558 0.325330325491
1559 0.316581732654
1560 0.331200787402
1561 0.316556914393
1562 0.320883661793
1563 0.316780418922
1564 0.323557692308
1565 0.317278227391
1566 0.323221003762
1567 0.317128720647
1568 0.335688752182
1569 0.317253299811
1570 0.318077983458
1571 0.323713323713
1572 0.321189945912
1573 0.317652611705
1574 0.323739276838
1575 0.343601089176
1576 0.317004239284
1577 0.322755974742
1578 0.363292847503
1579 0.322086623594
1580 0.31665621079
1581 0.322601262283
1582 0.316556914393
1583 0.322962489003
1584 0.323117548212
1585 0.327812956649
1586 0.317377976892
1587 0.316606554806
1588 0.321676093364
1589 0.335409917767
1590 0.332729070534
1591 0.341711094186
1592 0.326461314577
1593 0.320171265461
1594 0.3365
1595 0.317203456402
1596 0.323765234124
1597 0.322678599968
1598 0.323531768288
1599 0.325750242014
1600 0.316805272242
1601 0.324337349398
1602 0.317328094303
1603 0.316854990584
1604 0.324728588661
1605 0.334050297816
1606 0.322549724419
1607 0.332674246169
1608 0.31665621079
1609 0.323479932708
1610 0.325592646347
1611 0.329982838931
1612 0.324051039242
1613 0.326382153249
1614 0.328239310681
1615 0.322730179028
1616 0.317128720647
1617 0.325304116652
1618 0.34255174754
1619 0.336921151439
1620 0.327812956649
1621 0.325829097071
1622 0.344862925954
1623 0.330063756744
1624 0.323169267707
1625 0.317552689525
1626 0.321804271597
1627 0.338985896575
1628 0.316606554806
1629 0.323402210476
1630 0.317078916372
1631 0.323402210476
1632 0.318881781568
1633 0.322910835666
1634 0.317353033637
1635 0.320425329313
1636 0.320501627113
1637 0.323843130965
1638 0.323531768288
1639 0.322988321869
1640 0.323014158867
1641 0.316730723978
1642 0.316879855607
1643 0.342116411082
1644 0.323402210476
1645 0.322343737527
1646 0.325094597858
1647 0.320044384561
1648 0.321496815287
1649 0.317153628652
1650 0.321138857961
1651 0.320171265461
1652 0.316631380852
1653 0.322472448491
1654 0.322601262283
1655 0.318454258675
1656 0.322009569378
1657 0.342435549525
1658 0.31665621079
1659 0.31815316735
1660 0.322859198849
1661 0.318906965724
1662 0.324885348781
1663 0.325304116652
1664 0.346282480062
1665 0.31665621079
1666 0.323973042362
1667 0.365066449688
1668 0.317303158887
1669 0.323843130965
1670 0.323739276838
1671 0.317153628652
1672 0.325881688322
1673 0.317203456402
1674 0.324493731919
1675 0.319058154235
1676 0.323505848422
1677 0.316929597363
1678 0.323505848422
1679 0.317577664176
1680 0.323272756385
1681 0.327972709552
1682 0.320450757876
1683 0.322807578543
1684 0.325068426984
1685 0.395649617872
1686 0.322498203019
1687 0.330225711482
1688 0.357534974323
1689 0.343192248853
1690 0.324181117534
1691 0.316581732654
1692 0.321855571497
1693 0.344069529652
1694 0.316606554806
1695 0.320323655402
1696 0.319714964371
1697 0.316929597363
1698 0.33463164001
1699 0.317004239284
1700 0.325986921773
1701 0.316929597363
1702 0.317577664176
1703 0.340730740022
1704 0.32195822038
1705 0.320705265666
1706 0.335521395929
1707 0.319816252178
1708 0.325855390575
1709 0.316780418922
1710 0.321573624273
1711 0.317452830189
1712 0.31665621079
1713 0.323169267707
1714 0.316631380852
1715 0.325934296553
1716 0.321522414205
1717 0.323065845268
1718 0.324519810335
1719 0.363064197087
1720 0.335298513659
1721 0.323973042362
1722 0.323817161187
1723 0.3215480172
1724 0.32111332008
1725 0.318755920429
1726 0.321368881815
1727 0.341884683769
1728 0.320730738681
1729 0.32034906783
1730 0.324728588661
1731 0.327414254439
1732 0.316730723978
1733 0.323272756385
1734 0.317477789134
1735 0.320705265666
1736 0.323687374749
1737 0.325120772947
1738 0.322266560255
1739 0.320476190476
1740 0.316879855607
1741 0.341220212946
1742 0.323687374749
1743 0.324806949807
1744 0.32111332008
1745 0.323531768288
1746 0.336079900125
1747 0.326355774671
1748 0.317078916372
1749 0.319512581105
1750 0.316830129463
1751 0.324285255381
1752 0.323869104909
1753 0.323817161187
1754 0.322549724419
1755 0.321804271597
1756 0.316606554806
1757 0.319588444796
1758 0.324363402683
1759 0.342464591638
1760 0.316681044624
1761 0.316606554806
1762 0.323609552813
1763 0.316631380852
1764 0.322704387437
1765 0.317527718802
1766 0.322215129269
1767 0.322446698076
1768 0.32410305803
1769 0.326699029126
1770 0.335242839352
1771 0.320985691574
1772 0.317078916372
1773 0.32203525002
1774 0.318932153858
1775 0.3210622565
1776 0.316755569501
1777 0.31665621079
1778 0.337427926799
1779 0.340759493671
1780 0.317552689525
1781 0.335187183531
1782 0.317303158887
1783 0.340615773935
1784 0.325855390575
1785 0.316954474097
1786 0.317452830189
1787 0.326276664512
1788 0.317652611705
1789 0.316780418922
1790 0.323324525583
1791 0.323454021147
1792 0.324519810335
1793 0.317103816554
1794 0.324363402683
1795 0.323376311364
1796 0.322627037392
1797 0.322318007663
1798 0.31665621079
1799 0.317377976892
1800 0.324859211585
1801 0.330631294522
1802 0.322446698076
1803 0.316830129463
1804 0.335465647587
1805 0.326197592697
1806 0.317228376149
1807 0.335940099834
1808 0.318128102104
1809 0.336135852826
1810 0.325146952251
1811 0.323324525583
1812 0.321701720841
1813 0.323298638911
1814 0.326013240756
1815 0.316780418922
1816 0.319841584158
1817 0.324363402683
1818 0.334825870647
1819 0.320095124851
1820 0.32459807074
1821 0.324467657694
1822 0.320120501031
1823 0.31717854057
1824 0.323895083019
1825 0.326144899443
1826 0.335968050587
1827 0.323298638911
1828 0.32622394571
1829 0.323713323713
1830 0.316979354737
1831 0.321138857961
1832 0.317702596381
1833 0.32108778626
1834 0.331717735973
1835 0.316556914393
1836 0.35223307746
1837 0.339099764864
1838 0.317652611705
1839 0.316681044624
1840 0.325042260324
1841 0.316780418922
1842 0.321599235425
1843 0.32402503611
1844 0.321138857961
1845 0.326778344258
1846 0.323014158867
1847 0.340042105263
1848 0.335577162802
1849 0.322807578543
1850 0.324051039242
1851 0.322549724419
1852 0.321496815287
1853 0.335409917767
1854 0.317952755906
1855 0.316581732654
1856 0.319310453898
1857 0.316631380852
1858 0.322395209581
1859 0.320628870891
1860 0.321624850657
1861 0.317577664176
1862 0.323324525583
1863 0.321855571497
1864 0.339556004036
1865 0.323817161187
1866 0.316730723978
1867 0.335632948217
1868 0.32399903715
1869 0.326092223209
1870 0.316954474097
1871 0.319740280307
1872 0.325016097875
1873 0.321983892832
1874 0.321445629677
1875 0.317004239284
1876 0.319234722112
1877 0.322060934758
1878 0.321676093364
1879 0.323324525583
1880 0.32922951488
1881 0.317328094303
1882 0.323661429945
1883 0.324207145725
1884 0.338304289544
1885 0.320476190476
1886 0.321727352402
1887 0.323376311364
1888 0.316805272242
1889 0.327812956649
1890 0.316904724533
1891 0.316681044624
1892 0.321932552021
1893 0.316830129463
1894 0.324493731919
1895 0.323791195574
1896 0.317502752005
1897 0.316755569501
1898 0.323531768288
1899 0.323246878002
1900 0.324493731919
1901 0.320196653715
1902 0.317527718802
1903 0.328132618235
1904 0.32131773693
1905 0.320120501031
1906 0.316805272242
1907 0.317128720647
1908 0.319411485524
1909 0.31717854057
1910 0.339556004036
1911 0.317303158887
1912 0.339213709677
1913 0.357661647476
1914 0.28210143915
1915 0.264249721877
1916 0.263628647908
1917 0.287320335847
1918 0.268484042553
1919 0.267914012739
1920 0.264388135926
1921 0.293352706139
1922 0.264128728414
1923 0.263697511918
1924 0.26651706158
1925 0.263542618457
1926 0.267647643667
1927 0.294830607477
1928 0.264388135926
1929 0.263835347926
1930 0.267736374486
1931 0.263663075416
1932 0.264111452678
1933 0.293565976009
1934 0.263628647908
1935 0.263645860538
1936 0.264301610158
1937 0.263818110545
1938 0.263508222396
1939 0.268412656208
1940 0.274227504244
1941 0.291784088446
1942 0.294336321889
1943 0.265762801106
1944 0.268519749967
1945 0.265815285366
1946 0.295889206419
1947 0.268501895073
1948 0.29425052831
1949 0.292905846511
1950 0.263577023499
1951 0.263645860538
1952 0.272764117806
1953 0.266781183932
1954 0.266113088177
1955 0.291131939438
1956 0.293182313222
1957 0.263577023499
1958 0.264111452678
1959 0.264025107885
1960 0.296562867215
1961 0.284186079246
1962 0.263559819855
1963 0.268430499236
1964 0.26621835443
1965 0.268180912532
1966 0.26378364254
1967 0.26816310267
1968 0.302834858257
1969 0.264042372327
1970 0.263508222396
1971 0.28111946533
1972 0.268180912532
1973 0.272874712799
1974 0.272782544079
1975 0.263559819855
1976 0.265343671967
1977 0.272304268663
1978 0.263594229388
1979 0.263697511918
1980 0.268234356317
1981 0.264422762098
1982 0.270371610311
1983 0.267116491367
1984 0.268644800745
1985 0.268269997343
1986 0.270806786936
1987 0.273336492249
1988 0.271006711409
1989 0.265588003157
1990 0.266657861718
1991 0.26378364254
1992 0.272488022134
1993 0.263697511918
1994 0.268716310641
1995 0.286403291014
1996 0.272745694022
1997 0.263508222396
1998 0.266323703997
1999 0.2725799919
2000 0.264025107885
2001 0.264007845701
2002 0.272690437601
2003 0.290922190202
2004 0.300245371403
2005 0.272506411122
2006 0.267807401512
2007 0.264318910781
2008 0.295932576035
2009 0.263559819855
2010 0.272414490994
2011 0.291152930997
2012 0.264128728414
2013 0.263697511918
2014 0.263594229388
2015 0.263611437524
2016 0.263525419304
2017 0.26374918354
2018 0.263559819855
2019 0.272598393303
2020 0.263766411915
2021 0.267860696517
2022 0.263973328104
2023 0.264301610158
2024 0.265152012608
2025 0.27256159298
2026 0.263956072689
2027 0.291278943952
2028 0.272396114409
2029 0.291910648449
2030 0.276992728769
2031 0.268430499236
2032 0.285310534869
2033 0.295954265611
2034 0.268180912532
2035 0.263577023499
2036 0.265239096164
2037 0.263800875416
2038 0.268180912532
2039 0.29465849387
2040 0.293758184199
2041 0.26775412771
2042 0.263577023499
2043 0.294615496863
2044 0.268198724761
2045 0.265518148343
2046 0.268234356317
2047 0.267293307738
2048 0.29422908773
2049 0.264891104697
2050 0.264076907985
2051 0.263818110545
2052 0.263594229388
2053 0.291741926161
2054 0.291320972513
2055 0.296737213404
2056 0.266411559016
2057 0.267151835925
2058 0.270879452606
2059 0.267488076312
2060 0.268537607235
2061 0.26816310267
2062 0.264267015707
2063 0.291110950905
2064 0.267860696517
2065 0.268412656208
2066 0.283786632933
2067 0.263594229388
2068 0.264007845701
2069 0.309212037675
2070 0.268091886868
2071 0.264943245194
2072 0.294744525547
2073 0.295261772448
2074 0.268519749967
2075 0.267985134059
2076 0.271937504209
2077 0.263731957416
2078 0.267346398305
2079 0.268734194064
2080 0.263456645136
2081 0.263594229388
2082 0.322343737527
2083 0.26374918354
2084 0.267718623616
2085 0.267612167804
2086 0.265117195194
2087 0.267523519279
2088 0.29425052831
2089 0.268626929218
2090 0.265117195194
2091 0.268466192407
2092 0.265308804205
2093 0.264180569185
2094 0.268252175646
2095 0.263559819855
2096 0.267842929159
2097 0.265030191651
2098 0.264094179202
2099 0.267134162477
2100 0.263714733542
2101 0.263542618457
2102 0.291405066032
2103 0.317902692489
2104 0.26837697727
2105 0.268323476643
2106 0.264908482582
2107 0.263508222396
2108 0.264076907985
2109 0.268020708881
2110 0.267505796621
2111 0.28070907195
2112 0.297327148222
2113 0.267949568679
2114 0.263611437524
2115 0.263697511918
2116 0.267523519279
2117 0.273059237219
2118 0.2960627612
2119 0.268448344635
2120 0.263697511918
2121 0.265117195194
2122 0.267914012739
2123 0.267700875099
2124 0.268716310641
2125 0.268109687272
2126 0.292863359443
2127 0.265657894737
2128 0.294207650273
2129 0.29248152977
2130 0.265378548896
2131 0.263628647908
2132 0.268626929218
2133 0.293843690875
2134 0.295867526377
2135 0.297480477383
2136 0.292969600232
2137 0.26476952331
2138 0.284988354859
2139 0.294551024874
2140 0.268269997343
2141 0.268145295172
2142 0.265413434994
2143 0.288222698073
2144 0.293822309539
2145 0.290608132422
2146 0.264180569185
2147 0.265134602758
2148 0.264682747771
2149 0.288531618435
2150 0.292884601436
2151 0.268519749967
2152 0.289857153112
2153 0.265030191651
2154 0.295910889638
2155 0.267949568679
2156 0.283966244726
2157 0.263904319979
2158 0.272304268663
2159 0.263611437524
2160 0.264267015707
2161 0.263852587559
2162 0.274357929066
2163 0.26497801693
2164 0.283906348872
2165 0.266745937376
2166 0.267381803735
2167 0.264873729092
2168 0.263525419304
2169 0.263491027732
2170 0.292333309201
2171 0.26374918354
2172 0.272800972842
2173 0.268484042553
2174 0.265239096164
2175 0.295391367959
2176 0.263577023499
2177 0.292290988056
2178 0.265815285366
2179 0.263491027732
2180 0.26672831759
2181 0.294766041317
2182 0.263731957416
2183 0.265448330266
2184 0.2948736673
2185 0.268412656208
2186 0.282456631226
2187 0.26374918354
2188 0.295715854998
2189 0.268555466879
2190 0.294207650273
2191 0.268038499834
2192 0.290461804057
2193 0.264111452678
2194 0.263680292543
2195 0.316730723978
2196 0.263456645136
2197 0.292523906114
2198 0.265099789916
2199 0.289379389422
2200 0.297064665637
2201 0.267045830302
2202 0.268484042553
2203 0.264284311801
2204 0.293907853556
2205 0.263508222396
2206 0.263680292543
2207 0.268841544607
2208 0.263818110545
2209 0.26482161595
2210 0.265622944349
2211 0.266393983375
2212 0.266904620266
2213 0.267541244285
2214 0.266939908772
2215 0.263904319979
2216 0.289919586445
2217 0.267470358349
2218 0.263663075416
2219 0.268752079867
2220 0.263525419304
2221 0.268573328899
2222 0.271243366696
2223 0.271443936542
2224 0.294938280622
2225 0.294787560228
2226 0.272340999528
2227 0.304616777308
2228 0.263559819855
2229 0.265273945605
2230 0.268787858617
2231 0.263525419304
2232 0.265343671967
2233 0.272029102668
2234 0.269056503198
2235 0.264474718365
2236 0.272249190939
2237 0.265361109286
2238 0.265588003157
2239 0.263663075416
2240 0.28719772404
2241 0.268626929218
2242 0.292333309201
2243 0.306350049313
2244 0.272065759332
2245 0.268662674651
2246 0.263559819855
2247 0.287647813079
2248 0.294916739702
2249 0.26374918354
2250 0.267860696517
2251 0.29425052831
2252 0.263594229388
2253 0.264578692177
2254 0.267896238307
2255 0.29348063086
2256 0.263611437524
2257 0.263559819855
2258 0.267860696517
2259 0.265937829294
2260 0.271736204576
2261 0.26378364254
2262 0.267399509966
2263 0.264215141006
2264 0.263559819855
2265 0.293758184199
2266 0.263628647908
2267 0.300916610776
2268 0.293437976891
2269 0.295067592254
2270 0.263456645136
2271 0.263697511918
2272 0.268305647841
2273 0.265815285366
2274 0.287709298183
2275 0.270879452606
2276 0.268394815553
2277 0.267842929159
2278 0.263714733542
2279 0.269523428114
2280 0.294615496863
2281 0.271717919386
2282 0.263594229388
2283 0.294271972016
2284 0.296193060955
2285 0.272616797191
2286 0.286301758366
2287 0.265134602758
2288 0.266271018793
2289 0.264336213668
2290 0.296323475453
2291 0.268323476643
2292 0.263731957416
2293 0.295434591747
2294 0.289275736084
2295 0.293950644245
2296 0.282377622378
2297 0.265186839167
2298 0.264094179202
2299 0.283627168645
2300 0.267807401512
2301 0.267275615568
2302 0.263611437524
2303 0.294036263016
2304 0.265640418394
2305 0.268448344635
2306 0.268591193295
2307 0.267063492063
2308 0.267612167804
2309 0.267825164157
2310 0.268644800745
2311 0.264995406221
2312 0.2659728626
2313 0.263697511918
2314 0.267807401512
2315 0.263766411915
2316 0.286342362785
2317 0.263611437524
2318 0.265343671967
2319 0.270263034603
2320 0.29470150343
2321 0.263714733542
2322 0.263559819855
2323 0.266534653465
2324 0.268359141357
2325 0.269811572899
2326 0.287177298912
2327 0.268305647841
2328 0.304570825162
2329 0.295759173808
2330 0.268216539356
2331 0.287976037655
2332 0.268484042553
2333 0.291784088446
2334 0.300625372245
2335 0.267576701345
2336 0.265308804205
2337 0.295845849513
2338 0.272230836648
2339 0.291805174158
2340 0.268341307815
2341 0.268626929218
2342 0.263887073585
2343 0.265204255878
2344 0.291068982916
2345 0.294400699913
2346 0.270263034603
2347 0.264059639027
2348 0.295564339043
2349 0.267789641223
2350 0.26374918354
2351 0.264457397341
2352 0.288407970859
2353 0.268091886868
2354 0.265518148343
2355 0.268252175646
2356 0.283846478279
2357 0.26816310267
2358 0.263663075416
2359 0.263542618457
2360 0.267718623616
2361 0.263645860538
2362 0.265500690381
2363 0.265745310958
2364 0.268074088827
2365 0.272782544079
2366 0.264388135926
2367 0.265204255878
2368 0.270480273294
2369 0.287996576564
2370 0.268609060068
2371 0.267914012739
2372 0.265343671967
2373 0.292164098112
2374 0.264925862748
2375 0.268091886868
2376 0.263542618457
2377 0.268287821407
2378 0.292079566004
2379 0.272506411122
2380 0.269973925252
2381 0.263491027732
2382 0.268234356317
2383 0.263473835313
2384 0.263852587559
2385 0.296323475453
2386 0.289857153112
2387 0.267523519279
2388 0.265955344794
2389 0.263542618457
2390 0.282614781635
2391 0.271955818966
2392 0.265273945605
2393 0.266693085001
2394 0.265692854323
2395 0.292375642604
2396 0.269469469469
2397 0.272414490994
2398 0.264042372327
2399 0.293161028024
2400 0.287054809128
2401 0.265186839167
2402 0.265535608601
2403 0.263697511918
2404 0.263731957416
2405 0.26812749004
2406 0.265064986215
2407 0.265221674877
2408 0.266640253566
2409 0.267825164157
2410 0.268216539356
2411 0.268787858617
2412 0.265273945605
2413 0.263973328104
2414 0.283667017914
2415 0.268359141357
2416 0.309638831378
2417 0.265239096164
2418 0.292778422274
2419 0.266060486262
2420 0.292206382517
2421 0.28597733711
2422 0.263577023499
2423 0.263525419304
2424 0.268038499834
2425 0.263628647908
2426 0.266183256427
2427 0.26374918354
2428 0.265500690381
2429 0.268448344635
2430 0.267665385125
2431 0.267647643667
2432 0.263525419304
2433 0.270480273294
2434 0.267718623616
2435 0.281806127434
2436 0.263904319979
2437 0.293950644245
2438 0.263525419304
2439 0.272985397512
2440 0.263611437524
2441 0.265308804205
2442 0.263508222396
2443 0.263491027732
2444 0.265483234714
2445 0.263714733542
2446 0.292121825942
2447 0.267914012739
2448 0.272488022134
2449 0.26529137376
2450 0.267010513787
2451 0.263645860538
2452 0.29465849387
2453 0.265483234714
2454 0.264370826241
2455 0.265361109286
2456 0.263714733542
2457 0.263577023499
2458 0.263456645136
2459 0.29309719097
2460 0.27270885392
2461 0.268056293149
2462 0.295067592254
2463 0.268002920289
2464 0.294766041317
2465 0.268698429598
2466 0.28591658996
2467 0.263628647908
2468 0.267364099848
2469 0.288490390798
2470 0.267505796621
2471 0.263456645136
2472 0.29560761347
2473 0.292248679163
2474 0.271024901
2475 0.265169424744
2476 0.293843690875
2477 0.265710337567
2478 0.265990382715
2479 0.266710700132
2480 0.271900882095
2481 0.265780293556
2482 0.263491027732
2483 0.267949568679
2484 0.263491027732
2485 0.267346398305
2486 0.267541244285
2487 0.26374918354
2488 0.263594229388
2489 0.265395990799
2490 0.265850286391
2491 0.263697511918
2492 0.294938280622
2493 0.268269997343
2494 0.265012797795
2495 0.272304268663
2496 0.267311002251
2497 0.283686946747
2498 0.263869829445
2499 0.293907853556
2500 0.26676355949
2501 0.268269997343
2502 0.290461804057
2503 0.291068982916
2504 0.263714733542
2505 0.267789641223
2506 0.263525419304
2507 0.267311002251
2508 0.268680550935
2509 0.29470150343
2510 0.2936086672
2511 0.295369760808
2512 0.295759173808
2513 0.291384038101
2514 0.263697511918
2515 0.263594229388
2516 0.263663075416
2517 0.285997591897
2518 0.263542618457
2519 0.267222553107
2520 0.284026165858
2521 0.268038499834
2522 0.267612167804
2523 0.263680292543
2524 0.265012797795
2525 0.263663075416
2526 0.264370826241
2527 0.268501895073
2528 0.263508222396
2529 0.263559819855
2530 0.292185238784
2531 0.283846478279
2532 0.265465781342
2533 0.266939908772
2534 0.293779556202
2535 0.26374918354
2536 0.263628647908
2537 0.266235906903
2538 0.274619151251
2539 0.272616797191
2540 0.2675944334
2541 0.266851704996
2542 0.263473835313
2543 0.286973207306
2544 0.299088956374
2545 0.282318394742
2546 0.263594229388
2547 0.267612167804
2548 0.292905846511
2549 0.263577023499
2550 0.267967350189
2551 0.267985134059
2552 0.267860696517
2553 0.267045830302
2554 0.268180912532
2555 0.266710700132
2556 0.293459302326
2557 0.267434929466
2558 0.265134602758
2559 0.263818110545
2560 0.268038499834
2561 0.268680550935
2562 0.267807401512
2563 0.263680292543
2564 0.265885296635
2565 0.268448344635
2566 0.263508222396
2567 0.265047587791
2568 0.291995082797
2569 0.263628647908
2570 0.263456645136
2571 0.265082386923
2572 0.272856274073
2573 0.267949568679
2574 0.26775412771
2575 0.266939908772
2576 0.267612167804
2577 0.264752163651
2578 0.265064986215
2579 0.267967350189
2580 0.267169511711
2581 0.263542618457
2582 0.265465781342
2583 0.291299956716
2584 0.272432870058
2585 0.263697511918
2586 0.264128728414
2587 0.268430499236
2588 0.263766411915
2589 0.291257934218
2590 0.29337401918
2591 0.268609060068
2592 0.26676355949
2593 0.291678705576
2594 0.268394815553
2595 0.317153628652
2596 0.263491027732
2597 0.263456645136
2598 0.291110950905
2599 0.296258253852
2600 0.263973328104
2601 0.268341307815
2602 0.268430499236
2603 0.268626929218
2604 0.272304268663
2605 0.268591193295
2606 0.283627168645
2607 0.266446717255
2608 0.268573328899
2609 0.286545557763
2610 0.284988354859
2611 0.266992859032
2612 0.268787858617
2613 0.266341270365
2614 0.263973328104
2615 0.263731957416
2616 0.268394815553
2617 0.290670889721
2618 0.294465106104
2619 0.265117195194
2620 0.268020708881
2621 0.264388135926
2622 0.263542618457
2623 0.263800875416
2624 0.267364099848
2625 0.268394815553
2626 0.268412656208
2627 0.264025107885
2628 0.264146006411
2629 0.265204255878
2630 0.294938280622
2631 0.268180912532
2632 0.267116491367
2633 0.263559819855
2634 0.264146006411
2635 0.263525419304
2636 0.271955818966
2637 0.272285906945
2638 0.265920316101
2639 0.268056293149
2640 0.264076907985
2641 0.272616797191
2642 0.263766411915
2643 0.289296460811
2644 0.294357778102
2645 0.263904319979
2646 0.264370826241
2647 0.267452642734
2648 0.272451251602
2649 0.264267015707
2650 0.294443634242
2651 0.26374918354
2652 0.263559819855
2653 0.271955818966
2654 0.293033381713
2655 0.267789641223
2656 0.268091886868
2657 0.263714733542
2658 0.264336213668
2659 0.264059639027
2660 0.265727823111
2661 0.272285906945
2662 0.291973969631
2663 0.286423606185
2664 0.287893911308
2665 0.293544635068
2666 0.286240873325
2667 0.289027270775
2668 0.284827537561
2669 0.286626916525
2670 0.30084935181
2671 0.283866432337
2672 0.283607248209
2673 0.289607688446
2674 0.288552236673
2675 0.290503597122
2676 0.287320335847
2677 0.289940403533
2678 0.286423606185
2679 0.284286116587
2680 0.294036263016
2681 0.29258749366
2682 0.291952859518
2683 0.283806578577
2684 0.290357373984
2685 0.288985901381
2686 0.283726812816
2687 0.283966244726
2688 0.286993603412
2689 0.283706878381
2690 0.29064996761
2691 0.284827537561
2692 0.283547503687
2693 0.283587330571
2694 0.287402135231
2695 0.291152930997
2696 0.286891651865
2697 0.284666901657
2698 0.283806578577
2699 0.297809572977
2700 0.283746750053
2701 0.283786632933
2702 0.288779231924
2703 0.284486402705
2704 0.283846478279
2705 0.289773950484
2706 0.289815545826
2707 0.316086105675
2708 0.289172156975
2709 0.28975315729
2710 0.283726812816
2711 0.283746750053
2712 0.284626770988
2713 0.28888252969
2714 0.285532456513
2715 0.283547503687
2716 0.28597733711
2717 0.297173977039
2718 0.288305012138
2719 0.288469781397
2720 0.297239602503
2721 0.290461804057
2722 0.283607248209
2723 0.285149353859
2724 0.283726812816
2725 0.287524921675
2726 0.284326151246
2727 0.287034404322
2728 0.283746750053
2729 0.2842460932
2730 0.316681044624
2731 0.286912036379
2732 0.288634739099
2733 0.28364709188
2734 0.289317188508
2735 0.284686971235
2736 0.284887822774
2737 0.283587330571
2738 0.287218152073
2739 0.31581417175
2740 0.284106100049
2741 0.289773950484
2742 0.292248679163
2743 0.292439165701
2744 0.292248679163
2745 0.283886389201
2746 0.287177298912
2747 0.288325598001
2748 0.283746750053
2749 0.298183429331
2750 0.290169588962
2751 0.290985083231
2752 0.294938280622
2753 0.284206081081
2754 0.28942087156
2755 0.294529540481
2756 0.293843690875
2757 0.289192866862
2758 0.293182313222
2759 0.284406254402
2760 0.284566596195
2761 0.2842460932
2762 0.291131939438
2763 0.283906348872
2764 0.317902692489
2765 0.288552236673
2766 0.289441617088
2767 0.28725901686
2768 0.283607248209
2769 0.285270222536
2770 0.283726812816
2771 0.296323475453
2772 0.283766690091
2773 0.286830515698
2774 0.29033649698
2775 0.283607248209
2776 0.286647263434
2777 0.283607248209
2778 0.29307591813
2779 0.316383295463
2780 0.283866432337
2781 0.288387373232
2782 0.288799885567
2783 0.293865075322
2784 0.285795173048
2785 0.284787361591
2786 0.286484568996
2787 0.29750239446
2788 0.287238583013
2789 0.283527594439
2790 0.283866432337
2791 0.283667017914
2792 0.283726812816
2793 0.283547503687
2794 0.2909012319
2795 0.287729799059
2796 0.283966244726
2797 0.29081742888
2798 0.289483117069
2799 0.285694071034
2800 0.28364709188
2801 0.290670889721
2802 0.283686946747
2803 0.283686946747
2804 0.284226085732
2805 0.283667017914
2806 0.283786632933
2807 0.293118466899
2808 0.283926311349
2809 0.283547503687
2810 0.286017849554
2811 0.297392841361
2812 0.283607248209
2813 0.28603811008
2814 0.285492081448
2815 0.306001818733
2816 0.306048203729
2817 0.283706878381
2818 0.283587330571
2819 0.284767277856
2820 0.285957085192
2821 0.283786632933
2822 0.287422592355
2823 0.287361229718
2824 0.290023701788
2825 0.283607248209
2826 0.284186079246
2827 0.286850891525
2828 0.2936086672
2829 0.301658449126
2830 0.284046145189
2831 0.284586651632
2832 0.285048708175
2833 0.2842460932
2834 0.291678705576
2835 0.283667017914
2836 0.289586919105
2837 0.284847629797
2838 0.283766690091
2839 0.306326809285
2840 0.295564339043
2841 0.288511003144
2842 0.286871270247
2843 0.283507687987
2844 0.28406612733
2845 0.284827537561
2846 0.288407970859
2847 0.287116040956
2848 0.283726812816
2849 0.284186079246
2850 0.291489208114
2851 0.290754608295
2852 0.283926311349
2853 0.284807448159
2854 0.290440912033
2855 0.286342362785
2856 0.283547503687
2857 0.284867724868
2858 0.283527594439
2859 0.283826527026
2860 0.284546543584
2861 0.283547503687
2862 0.283706878381
2863 0.314388041109
2864 0.291341991342
2865 0.293246187364
2866 0.285229921594
2867 0.290086206897
2868 0.293758184199
2869 0.287299893276
2870 0.316730723978
2871 0.284086112284
2872 0.286240873325
2873 0.29309719097
2874 0.31979092421
2875 0.289545389359
2876 0.290294751977
2877 0.283766690091
2878 0.294852135816
2879 0.28450644684
2880 0.283806578577
2881 0.317527718802
2882 0.287422592355
2883 0.283686946747
2884 0.288058210872
2885 0.283607248209
2886 0.306326809285
2887 0.283686946747
2888 0.289337919175
2889 0.285936836142
2890 0.283866432337
2891 0.321445629677
2892 0.288387373232
2893 0.285310534869
2894 0.28364709188
2895 0.290211297973
2896 0.283826527026
2897 0.291320972513
2898 0.291236927515
2899 0.28364709188
2900 0.283607248209
2901 0.283706878381
2902 0.289815545826
2903 0.283627168645
2904 0.283846478279
2905 0.289670014347
2906 0.301455767077
2907 0.29425052831
2908 0.288284429214
2909 0.286973207306
2910 0.29258749366
2911 0.294079091108
2912 0.292757195679
2913 0.296388725778
2914 0.292417988269
2915 0.297327148222
2916 0.322704387437
2917 0.292396813903
2918 0.285815402039
2919 0.283886389201
2920 0.292863359443
2921 0.298801243155
2922 0.286281460475
2923 0.283547503687
2924 0.285411365564
2925 0.288428571429
2926 0.29320360151
2927 0.283686946747
2928 0.294379237443
2929 0.293907853556
2930 0.289441617088
2931 0.28364709188
2932 0.292333309201
2933 0.284286116587
2934 0.283766690091
2935 0.283886389201
2936 0.283726812816
2937 0.316830129463
2938 0.290608132422
2939 0.288531618435
2940 0.295932576035
2941 0.292375642604
2942 0.283946276633
2943 0.283686946747
2944 0.293352706139
2945 0.291531297379
2946 0.289275736084
2947 0.2936086672
2948 0.283826527026
2949 0.287627323883
2950 0.283886389201
2951 0.287914438503
2952 0.290127891938
2953 0.283547503687
2954 0.288243272182
2955 0.283746750053
2956 0.285290377279
2957 0.312079758869
2958 0.283766690091
2959 0.289400129005
2960 0.283826527026
2961 0.291468168038
2962 0.283706878381
2963 0.284446322908
2964 0.28356741573
2965 0.287381681019
2966 0.287504449982
2967 0.294744525547
2968 0.291006053618
2969 0.287709298183
2970 0.29326748493
2971 0.289006584598
2972 0.283846478279
2973 0.283826527026
2974 0.290315622978
2975 0.29326748493
2976 0.283547503687
2977 0.293161028024
2978 0.288841201717
2979 0.286139455782
2980 0.287668305193
2981 0.284686971235
2982 0.287156876689
2983 0.283786632933
2984 0.283826527026
2985 0.284626770988
2986 0.292269832079
2987 0.293865075322
2988 0.287177298912
2989 0.290357373984
2990 0.289815545826
2991 0.284406254402
2992 0.290294751977
2993 0.290461804057
2994 0.290253018976
2995 0.309377873123
2996 0.285815402039
2997 0.293161028024
2998 0.283766690091
2999 0.284606709896
3000 0.284286116587
3001 0.300625372245
3002 0.284767277856
3003 0.28888252969
3004 0.306326809285
3005 0.292269832079
3006 0.287320335847
3007 0.283527594439
3008 0.285936836142
3009 0.283806578577
3010 0.284526493799
3011 0.287709298183
3012 0.289670014347
3013 0.283706878381
3014 0.285512267553
3015 0.290044533831
3016 0.285189632036
3017 0.285653650255
3018 0.294766041317
3019 0.284086112284
3020 0.289213579716
3021 0.289006584598
3022 0.289815545826
3023 0.293630017452
3024 0.288469781397
3025 0.285795173048
3026 0.289836347976
3027 0.291278943952
3028 0.290253018976
3029 0.283726812816
3030 0.30342651037
3031 0.28364709188
3032 0.283507687987
3033 0.283926311349
3034 0.301680986179
3035 0.288366778547
3036 0.291384038101
3037 0.288017118402
3038 0.283547503687
3039 0.311862835959
3040 0.288696646886
3041 0.28888252969
3042 0.286098908885
3043 0.286749041329
3044 0.285411365564
3045 0.283607248209
3046 0.28364709188
3047 0.287463515341
3048 0.289172156975
3049 0.283766690091
3050 0.290587219344
3051 0.283806578577
3052 0.316259398496
3053 0.289940403533
3054 0.283686946747
3055 0.33813431586
3056 0.283607248209
3057 0.293459302326
3058 0.287729799059
3059 0.284686971235
3060 0.283587330571
3061 0.302177654718
3062 0.283766690091
3063 0.284646834908
3064 0.283706878381
3065 0.292820884699
3066 0.291784088446
3067 0.283766690091
3068 0.285431540256
3069 0.283806578577
3070 0.283806578577
3071 0.289857153112
3072 0.283507687987
3073 0.285774946921
3074 0.290002872738
3075 0.283607248209
3076 0.287340781328
3077 0.300647755193
3078 0.285896346644
3079 0.294465106104
3080 0.289773950484
3081 0.287156876689
3082 0.285068831627
3083 0.29248152977
3084 0.283686946747
3085 0.293694086843
3086 0.291657638137
3087 0.284226085732
3088 0.285835633893
3089 0.283686946747
3090 0.305631244323
3091 0.291657638137
3092 0.283607248209
3093 0.286565893123
3094 0.2867083215
3095 0.285876106195
3096 0.283786632933
3097 0.29307591813
3098 0.287014002417
3099 0.290273883977
3100 0.283686946747
3101 0.290985083231
3102 0.296171336365
3103 0.289857153112
3104 0.283886389201
3105 0.290691814844
3106 0.283726812816
3107 0.289898772345
3108 0.287054809128
3109 0.298690731563
3110 0.286362669314
3111 0.285391193724
3112 0.293416654556
3113 0.285250070641
3114 0.290859324354
3115 0.291531297379
3116 0.290838375108
3117 0.292206382517
3118 0.298558225508
3119 0.288820542164
3120 0.293224892891
3121 0.289898772345
3122 0.28356741573
3123 0.283667017914
3124 0.289151450054
3125 0.287014002417
3126 0.283527594439
3127 0.28364709188
3128 0.283607248209
3129 0.283686946747
3130 0.2867083215
3131 0.283746750053
3132 0.28364709188
3133 0.318454258675
3134 0.283686946747
3135 0.283527594439
3136 0.295932576035
3137 0.286728679969
3138 0.289566152743
3139 0.283866432337
3140 0.283906348872
3141 0.289379389422
3142 0.283706878381
3143 0.28859348199
3144 0.28356741573
3145 0.283806578577
3146 0.303540554762
3147 0.289794746663
3148 0.283587330571
3149 0.286871270247
3150 0.31338766007
3151 0.291657638137
3152 0.283766690091
3153 0.291826262918
3154 0.287545396283
3155 0.289982046679
3156 0.283726812816
3157 0.283746750053
3158 0.284346172805
3159 0.289441617088
3160 0.283627168645
3161 0.288820542164
3162 0.283607248209
3163 0.28725901686
3164 0.287279453614
3165 0.284546543584
3166 0.284406254402
3167 0.288758581236
3168 0.283826527026
3169 0.287709298183
3170 0.290253018976
3171 0.288449174941
3172 0.283866432337
3173 0.291299956716
3174 0.307142313836
3175 0.2999554301
3176 0.284126090628
3177 0.284026165858
3178 0.286545557763
3179 0.284466361395
3180 0.290691814844
3181 0.28364709188
3182 0.28364709188
3183 0.298514082945
3184 0.283507687987
3185 0.292545098892
3186 0.291152930997
3187 0.289857153112
3188 0.284166080225
3189 0.289275736084
3190 0.283866432337
3191 0.284026165858
3192 0.287034404322
3193 0.283966244726
3194 0.287873387039
3195 0.285876106195
3196 0.292439165701
3197 0.284767277856
3198 0.285694071034
3199 0.290086206897
3200 0.286728679969
3201 0.283706878381
3202 0.291995082797
3203 0.283706878381
3204 0.287361229718
3205 0.298007380074
3206 0.284486402705
3207 0.289524628952
3208 0.284887822774
3209 0.283786632933
3210 0.287320335847
3211 0.284707043644
3212 0.283986215627
3213 0.288634739099
3214 0.289545389359
3215 0.286993603412
3216 0.285774946921
3217 0.283627168645
3218 0.283607248209
3219 0.283667017914
3220 0.285169491525
3221 0.289483117069
3222 0.284006189337
3223 0.287709298183
3224 0.284686971235
3225 0.289877961235
3226 0.289151450054
3227 0.292439165701
3228 0.28356741573
3229 0.291784088446
3230 0.286973207306
3231 0.283507687987
3232 0.286200297682
3233 0.294143356643
3234 0.285330695308
3235 0.288058210872
3236 0.28364709188
3237 0.285310534869
3238 0.288634739099
3239 0.288469781397
3240 0.290023701788
3241 0.289773950484
3242 0.283866432337
3243 0.283786632933
3244 0.290399137001
3245 0.283766690091
3246 0.288037663171
3247 0.283746750053
3248 0.313923657001
3249 0.288490390798
3250 0.283766690091
3251 0.286871270247
3252 0.283667017914
3253 0.291194923199
3254 0.287586354248
3255 0.283726812816
3256 0.285068831627
3257 0.286200297682
3258 0.289006584598
3259 0.294207650273
3260 0.284106100049
3261 0.288841201717
3262 0.290378253991
3263 0.288717288717
3264 0.2909012319
3265 0.284106100049
3266 0.309710078233
3267 0.28364709188
3268 0.290461804057
3269 0.283527594439
3270 0.283667017914
3271 0.284707043644
3272 0.283587330571
3273 0.288799885567
3274 0.284006189337
3275 0.291110950905
3276 0.284366197183
3277 0.285209775392
3278 0.290733674131
3279 0.288181558664
3280 0.288058210872
3281 0.292206382517
3282 0.288099315068
3283 0.283527594439
3284 0.283806578577
3285 0.298823355288
3286 0.284026165858
3287 0.287832347281
3288 0.289607688446
3289 0.289503871523
3290 0.292142960498
3291 0.306629204951
3292 0.292927094668
3293 0.283726812816
3294 0.315740089139
3295 0.288903198111
3296 0.284988354859
3297 0.28942087156
3298 0.290420023015
3299 0.290232156975
3300 0.289462365591
3301 0.283846478279
3302 0.288078761504
3303 0.289089347079
3304 0.291173925584
3305 0.28861410907
3306 0.283587330571
3307 0.285169491525
3308 0.284166080225
3309 0.283667017914
3310 0.283986215627
3311 0.283587330571
3312 0.283706878381
3313 0.284787361591
3314 0.297239602503
3315 0.283806578577
3316 0.28859348199
3317 0.288655372078
3318 0.283627168645
3319 0.283886389201
3320 0.287054809128
3321 0.292333309201
3322 0.297392841361
3323 0.28364709188
3324 0.283627168645
3325 0.293501962495
3326 0.283866432337
3327 0.285411365564
3328 0.28693242379
3329 0.285169491525
3330 0.283866432337
3331 0.291194923199
3332 0.284787361591
3333 0.29062904851
3334 0.283627168645
3335 0.283667017914
3336 0.289628460766
3337 0.283627168645
3338 0.283966244726
3339 0.283667017914
3340 0.2909012319
3341 0.291889547492
3342 0.284827537561
3343 0.313972474924
3344 0.283766690091
3345 0.310854503464
3346 0.28888252969
3347 0.284486402705
3348 0.291299956716
3349 0.293865075322
3350 0.283726812816
3351 0.301096115129
3352 0.291006053618
3353 0.284406254402
3354 0.290169588962
3355 0.283667017914
3356 0.30020072857
3357 0.283886389201
3358 0.284586651632
3359 0.283706878381
3360 0.283846478279
3361 0.288820542164
3362 0.288058210872
3363 0.290985083231
3364 0.295477828187
3365 0.289690795609
3366 0.285896346644
3367 0.286687965921
3368 0.285815402039
3369 0.283667017914
3370 0.284346172805
3371 0.283607248209
3372 0.283786632933
3373 0.283627168645
3374 0.287095627444
3375 0.283806578577
3376 0.283547503687
3377 0.28364709188
3378 0.289047959914
3379 0.297195848973
3380 0.283966244726
3381 0.286159733541
3382 0.293630017452
3383 0.283826527026
3384 0.283826527026
3385 0.289711579854
3386 0.289773950484
3387 0.290754608295
3388 0.32265281662
3389 0.283686946747
3390 0.283627168645
3391 0.286119180897
3392 0.288923869491
3393 0.283826527026
3394 0.30911735436
3395 0.28719772404
3396 0.285471898197
3397 0.319335705813
3398 0.292142960498
3399 0.28364709188
3400 0.289690795609
3401 0.287893911308
3402 0.28364709188
3403 0.283786632933
3404 0.295759173808
3405 0.284426287244
3406 0.283746750053
3407 0.290733674131
3408 0.283527594439
3409 0.283527594439
3410 0.285008469791
3411 0.284086112284
3412 0.29010704792
3413 0.284968242766
3414 0.283547503687
3415 0.287586354248
3416 0.28406612733
3417 0.289794746663
3418 0.291405066032
3419 0.283686946747
3420 0.289857153112
3421 0.284226085732
3422 0.285936836142
3423 0.289400129005
3424 0.283806578577
3425 0.283627168645
3426 0.283686946747
3427 0.294207650273
3428 0.283667017914
3429 0.28364709188
3430 0.283587330571
3431 0.284026165858
3432 0.284887822774
3433 0.283906348872
3434 0.292842120531
3435 0.292016199016
3436 0.289794746663
3437 0.283607248209
3438 0.318253467844
3439 0.241767453
3440 0.241550517437
3441 0.277984304007
3442 0.241507177033
3443 0.242071818236
3444 0.241738505747
3445 0.241492733688
3446 0.241521622107
3447 0.241579419683
3448 0.241507177033
3449 0.25616951088
3450 0.25258022143
3451 0.253086806644
3452 0.241434977578
3453 0.241651705566
3454 0.241434977578
3455 0.266446717255
3456 0.241970278044
3457 0.282575227432
3458 0.241507177033
3459 0.241709565426
3460 0.241637244928
3461 0.241825368308
3462 0.241536068908
3463 0.241709565426
3464 0.241767453
3465 0.241868823001
3466 0.241651705566
3467 0.241796407186
3468 0.24146385218
3469 0.24183985147
3470 0.241825368308
3471 0.241651705566
3472 0.241781929226
3473 0.241637244928
3474 0.241666167933
3475 0.241680632033
3476 0.241883311369
3477 0.241637244928
3478 0.241507177033
3479 0.241666167933
3480 0.241637244928
3481 0.241781929226
3482 0.241622786022
3483 0.241608328846
3484 0.241608328846
3485 0.241637244928
3486 0.241695097863
3487 0.241854336368
3488 0.266376410053
3489 0.253547657918
3490 0.241492733688
3491 0.241637244928
3492 0.241752978507
3493 0.241550517437
3494 0.241695097863
3495 0.24147829207
3496 0.282121148606
3497 0.241695097863
3498 0.241767453
3499 0.241680632033
3500 0.24172403472
3501 0.241709565426
3502 0.280027739251
3503 0.241536068908
3504 0.241608328846
3505 0.241536068908
3506 0.241781929226
3507 0.242115361554
3508 0.241550517437
3509 0.241767453
3510 0.241738505747
3511 0.241709565426
3512 0.241738505747
3513 0.241608328846
3514 0.241507177033
3515 0.25345217173
3516 0.241579419683
3517 0.241622786022
3518 0.241709565426
3519 0.253324968632
3520 0.241666167933
3521 0.241564967696
3522 0.24226061915
3523 0.241550517437
3524 0.241622786022
3525 0.241651705566
3526 0.278175806007
3527 0.241854336368
3528 0.241752978507
3529 0.253372654828
3530 0.241926786891
3531 0.241536068908
3532 0.241550517437
3533 0.241637244928
3534 0.241637244928
3535 0.241752978507
3536 0.241695097863
3537 0.241579419683
3538 0.24147829207
3539 0.241709565426
3540 0.241564967696
3541 0.278137484502
3542 0.2415938734
3543 0.241897801474
3544 0.241564967696
3545 0.241492733688
3546 0.258134628907
3547 0.241651705566
3548 0.241608328846
3549 0.241536068908
3550 0.241637244928
3551 0.277907777013
3552 0.241550517437
3553 0.241521622107
3554 0.241897801474
3555 0.24172403472
3556 0.241709565426
3557 0.277735745237
3558 0.253293187806
3559 0.241970278044
3560 0.241810886879
3561 0.24146385218
3562 0.27775484936
3563 0.241637244928
3564 0.241666167933
3565 0.241666167933
3566 0.24147829207
3567 0.241550517437
3568 0.241622786022
3569 0.241926786891
3570 0.241796407186
3571 0.241434977578
3572 0.241666167933
3573 0.241536068908
3574 0.241738505747
3575 0.241637244928
3576 0.24146385218
3577 0.2534680811
3578 0.280066583437
3579 0.253182017681
3580 0.241651705566
3581 0.241550517437
3582 0.2415938734
3583 0.24146385218
3584 0.241564967696
3585 0.242129879475
3586 0.241536068908
3587 0.242115361554
3588 0.241666167933
3589 0.24147829207
3590 0.241449414016
3591 0.241810886879
3592 0.241695097863
3593 0.277793065493
3594 0.242100845374
3595 0.2415938734
3596 0.241622786022
3597 0.254170076163
3598 0.24146385218
3599 0.241579419683
3600 0.241897801474
3601 0.241521622107
3602 0.24172403472
3603 0.241666167933
3604 0.241550517437
3605 0.254010190602
3606 0.253420358981
3607 0.241492733688
3608 0.241536068908
3609 0.241695097863
3610 0.311117959781
3611 0.241637244928
3612 0.253706961548
3613 0.241695097863
3614 0.241637244928
3615 0.241564967696
3616 0.241709565426
3617 0.2415938734
3618 0.241897801474
3619 0.252185860605
3620 0.24147829207
3621 0.241651705566
3622 0.241637244928
3623 0.2415938734
3624 0.241695097863
3625 0.241622786022
3626 0.241955779256
3627 0.2415938734
3628 0.241695097863
3629 0.241752978507
3630 0.241955779256
3631 0.241608328846
3632 0.241564967696
3633 0.241507177033
3634 0.283786632933
3635 0.241738505747
3636 0.241810886879
3637 0.241781929226
3638 0.241492733688
3639 0.241579419683
3640 0.2415938734
3641 0.2534680811
3642 0.241564967696
3643 0.253166144201
3644 0.241767453
3645 0.241608328846
3646 0.241680632033
3647 0.241666167933
3648 0.241536068908
3649 0.24172403472
3650 0.241637244928
3651 0.241434977578
3652 0.278099173554
3653 0.241521622107
3654 0.24147829207
3655 0.303266992114
3656 0.241637244928
3657 0.241738505747
3658 0.241608328846
3659 0.241651705566
3660 0.241564967696
3661 0.241507177033
3662 0.241507177033
3663 0.241666167933
3664 0.241622786022
3665 0.241564967696
3666 0.241507177033
3667 0.241550517437
3668 0.241752978507
3669 0.241579419683
3670 0.241521622107
3671 0.241738505747
3672 0.241550517437
3673 0.242100845374
3674 0.24147829207
3675 0.278214138074
3676 0.241622786022
3677 0.241492733688
3678 0.278501965653
3679 0.241492733688
3680 0.241608328846
3681 0.242042798058
3682 0.241564967696
3683 0.241550517437
3684 0.241666167933
3685 0.278828891037
3686 0.241637244928
3687 0.24147829207
3688 0.253324968632
3689 0.241449414016
3690 0.24146385218
3691 0.241796407186
3692 0.24146385218
3693 0.279736750953
3694 0.24183985147
3695 0.241492733688
3696 0.241637244928
3697 0.241637244928
3698 0.254795557799
3699 0.241680632033
3700 0.24146385218
3701 0.241521622107
3702 0.241637244928
3703 0.241970278044
3704 0.254715195862
3705 0.241449414016
3706 0.241970278044
3707 0.241781929226
3708 0.241767453
3709 0.241637244928
3710 0.241434977578
3711 0.241796407186
3712 0.24183985147
3713 0.241536068908
3714 0.241796407186
3715 0.241796407186
3716 0.241622786022
3717 0.241521622107
3718 0.24146385218
3719 0.241810886879
3720 0.241752978507
3721 0.241564967696
3722 0.281589958159
3723 0.241897801474
3724 0.266341270365
3725 0.241507177033
3726 0.241695097863
3727 0.241637244928
3728 0.241507177033
3729 0.241825368308
3730 0.241434977578
3731 0.241825368308
3732 0.253436264357
3733 0.241449414016
3734 0.24146385218
3735 0.242129879475
3736 0.241651705566
3737 0.2415938734
3738 0.253420358981
3739 0.241854336368
3740 0.241637244928
3741 0.241810886879
3742 0.279349705984
3743 0.241492733688
3744 0.241695097863
3745 0.24146385218
3746 0.241507177033
3747 0.241449414016
3748 0.241738505747
3749 0.241434977578
3750 0.241507177033
3751 0.279562448075
3752 0.241507177033
3753 0.241695097863
3754 0.241781929226
3755 0.241536068908
3756 0.254602774275
3757 0.280183180683
3758 0.241666167933
3759 0.242057307277
3760 0.241695097863
3761 0.241666167933
3762 0.24172403472
3763 0.241666167933
3764 0.2415938734
3765 0.24183985147
3766 0.24147829207
3767 0.241564967696
3768 0.241564967696
3769 0.241752978507
3770 0.241608328846
3771 0.241564967696
3772 0.241521622107
3773 0.241536068908
3774 0.241622786022
3775 0.241680632033
3776 0.241550517437
3777 0.241695097863
3778 0.241564967696
3779 0.241608328846
3780 0.252217364147
3781 0.241651705566
3782 0.24147829207
3783 0.241883311369
3784 0.241608328846
3785 0.2415938734
3786 0.253102670177
3787 0.24172403472
3788 0.241492733688
3789 0.2415938734
3790 0.241536068908
3791 0.253515821195
3792 0.24172403472
3793 0.241637244928
3794 0.242129879475
3795 0.241926786891
3796 0.241492733688
3797 0.241579419683
3798 0.279911271316
3799 0.241434977578
3800 0.241622786022
3801 0.242129879475
3802 0.24146385218
3803 0.241651705566
3804 0.24172403472
3805 0.257574791095
3806 0.241492733688
3807 0.241507177033
3808 0.241449414016
3809 0.241449414016
3810 0.241651705566
3811 0.241926786891
3812 0.24146385218
3813 0.241521622107
3814 0.241521622107
3815 0.241536068908
3816 0.241637244928
3817 0.24146385218
3818 0.2415938734
3819 0.241622786022
3820 0.241608328846
3821 0.241434977578
3822 0.241796407186
3823 0.241854336368
3824 0.241622786022
3825 0.257591222251
3826 0.241810886879
3827 0.241883311369
3828 0.241536068908
3829 0.253245531515
3830 0.241955779256
3831 0.284586651632
3832 0.241767453
3833 0.2415938734
3834 0.241883311369
3835 0.241521622107
3836 0.241796407186
3837 0.241738505747
3838 0.241666167933
3839 0.253770739065
3840 0.241492733688
3841 0.2415938734
3842 0.241897801474
3843 0.242013784837
3844 0.241536068908
3845 0.241492733688
3846 0.241709565426
3847 0.241449414016
3848 0.241608328846
3849 0.241507177033
3850 0.241492733688
3851 0.241709565426
3852 0.280144304149
3853 0.241738505747
3854 0.241434977578
3855 0.241449414016
3856 0.241637244928
3857 0.241434977578
3858 0.241579419683
3859 0.253309077222
3860 0.241507177033
3861 0.299577119964
3862 0.266481884775
3863 0.241695097863
3864 0.241579419683
3865 0.241521622107
3866 0.24147829207
3867 0.241695097863
3868 0.241796407186
3869 0.241680632033
3870 0.241883311369
3871 0.241796407186
3872 0.241536068908
3873 0.277812177503
3874 0.241970278044
3875 0.241622786022
3876 0.241449414016
3877 0.241550517437
3878 0.280066583437
3879 0.241564967696
3880 0.241449414016
3881 0.241564967696
3882 0.241680632033
3883 0.24147829207
3884 0.241637244928
3885 0.253340862037
3886 0.241449414016
3887 0.279562448075
3888 0.241492733688
3889 0.241564967696
3890 0.241637244928
3891 0.241492733688
3892 0.241767453
3893 0.241608328846
3894 0.241507177033
3895 0.241550517437
3896 0.241608328846
3897 0.24172403472
3898 0.24147829207
3899 0.241651705566
3900 0.241521622107
3901 0.241912293314
3902 0.241536068908
3903 0.2534680811
3904 0.241680632033
3905 0.241521622107
3906 0.241536068908
3907 0.242057307277
3908 0.241796407186
3909 0.241521622107
3910 0.241738505747
3911 0.24147829207
3912 0.241521622107
3913 0.241637244928
3914 0.253086806644
3915 0.241536068908
3916 0.241738505747
3917 0.241521622107
3918 0.241637244928
3919 0.241868823001
3920 0.2415938734
3921 0.241651705566
3922 0.241854336368
3923 0.241449414016
3924 0.241521622107
3925 0.242013784837
3926 0.241492733688
3927 0.242042798058
3928 0.241767453
3929 0.24146385218
3930 0.241637244928
3931 0.257541935072
3932 0.241738505747
3933 0.241536068908
3934 0.241738505747
3935 0.241564967696
3936 0.241434977578
3937 0.241507177033
3938 0.241622786022
3939 0.259444872783
3940 0.24147829207
3941 0.241579419683
3942 0.241521622107
3943 0.241449414016
3944 0.279485049834
3945 0.241608328846
3946 0.241912293314
3947 0.24147829207
3948 0.241883311369
3949 0.280202622996
3950 0.2415938734
3951 0.241651705566
3952 0.241926786891
3953 0.24147829207
3954 0.24147829207
3955 0.24147829207
3956 0.24146385218
3957 0.241767453
3958 0.241680632033
3959 0.241550517437
3960 0.241449414016
3961 0.241666167933
3962 0.266323703997
3963 0.279756131357
3964 0.241507177033
3965 0.241637244928
3966 0.24147829207
3967 0.253547657918
3968 0.241651705566
3969 0.252596021519
3970 0.241781929226
3971 0.241507177033
3972 0.242100845374
3973 0.241680632033
3974 0.241536068908
3975 0.241434977578
3976 0.241637244928
3977 0.241637244928
3978 0.241507177033
3979 0.24147829207
3980 0.2415938734
3981 0.227878103837
3982 0.185655172414
3983 0.185706401766
3984 0.185603971318
3985 0.185595440548
3986 0.185638102243
3987 0.185663708676
3988 0.185603971318
3989 0.185646636936
3990 0.227198559613
3991 0.185621035212
3992 0.185612502873
3993 0.185612502873
3994 0.185638102243
3995 0.185680783556
3996 0.185663708676
3997 0.185621035212
3998 0.185680783556
3999 0.185706401766
4000 0.185621035212
4001 0.185663708676
4002 0.185603971318
4003 0.185646636936
4004 0.185629568335
4005 0.185672245724
4006 0.185612502873
4007 0.185603971318
4008 0.185621035212
4009 0.185595440548
4010 0.185672245724
4011 0.185595440548
4012 0.227172995781
4013 0.185603971318
4014 0.185638102243
4015 0.185689322174
4016 0.185595440548
4017 0.185621035212
4018 0.185663708676
4019 0.185646636936
4020 0.185655172414
4021 0.185655172414
4022 0.185680783556
4023 0.185595440548
4024 0.185740570377
4025 0.185595440548
4026 0.185621035212
4027 0.185663708676
4028 0.185646636936
4029 0.185603971318
4030 0.185603971318
4031 0.185749114495
4032 0.227262494372
4033 0.185603971318
4034 0.185612502873
4035 0.185603971318
4036 0.185595440548
4037 0.185603971318
4038 0.185621035212
4039 0.185663708676
