node,betweenness
1 0.101605745891
2 0.00149917474944
3 7.59502117851e-08
4 0.033686233171
5 1.84033205479e-07
6 3.88361095493e-05
7 0.000668261532001
8 0.00153861324105
9 0.000275254026887
10 0.0102190018135
11 0.000454962748411
12 1.09625586395e-05
13 0.0
14 0.00425336181162
15 0.00184793051438
16 0.0
17 0.000205851008833
18 4.10666690005e-07
19 0.0
20 5.06295796408e-06
21 1.05415812404e-05
22 0.00817175792933
23 0.00395354228429
24 2.69877231856e-05
25 0.000231221081287
26 0.00324212288502
27 0.00082833192619
28 0.00013053903972
29 0.000157997011102
30 9.94146905369e-05
31 0.000681975462981
32 9.28348390136e-05
33 0.0059847030494
34 0.0
35 0.00210562746276
36 0.0
37 9.70397487183e-05
38 0.0
39 0.00112263283093
40 1.28868548739e-05
41 0.00819075918028
42 2.12906773028e-05
43 5.91299487789e-05
44 0.0
45 0.000349406015681
46 0.000361724635448
47 0.0
48 0.0
49 8.83456961318e-05
50 0.000334735398624
51 3.97491411003e-06
52 2.56602027749e-07
53 0.0
54 0.0028054177135
55 2.40323874412e-06
56 8.82545567019e-07
57 0.0269287436148
58 1.71520491401e-06
59 0.0646702787864
60 0.000103677304816
61 5.98594680834e-05
62 0.00117835207711
63 4.22019805123e-05
64 0.0
65 7.39477909469e-06
66 0.000360814686038
67 7.37590955069e-07
68 0.00425696891511
69 3.94770622577e-05
70 3.03572576316e-06
71 0.0
72 0.0
73 3.21328083102e-05
74 2.897581703e-06
75 0.0
76 1.17750424025e-05
77 0.0
78 4.72245575705e-06
79 0.0
80 2.59561943805e-05
81 8.00225321644e-05
82 6.13444018264e-08
83 0.000206754707349
84 2.56602027749e-07
85 1.61297660571e-06
86 1.29797265023e-05
87 2.55601674277e-07
88 5.30090746988e-05
89 0.000115722782024
90 3.02405167231e-06
91 0.0
92 2.76049808219e-07
93 9.06055261214e-06
94 5.60384656184e-06
95 7.62811228304e-06
96 1.35923673668e-06
97 7.93822707098e-07
98 4.08962678843e-08
99 0.00303740580911
100 8.69678610973e-07
101 5.31651482496e-07
102 1.89481228384e-06
103 2.55601674277e-07
104 0.000296744355064
105 0.000982464177815
106 3.40352362861e-06
107 3.71044884089e-07
108 0.415677031538
109 5.50452064866e-06
110 8.17470106362e-05
111 0.0
112 4.04952283042e-06
113 0.0
114 0.00286638924556
115 0.0
116 1.37949913698e-05
117 7.05080330371e-06
118 1.06248255466e-06
119 6.95169532885e-05
120 0.000735200637811
121 3.50005651162e-05
122 7.68519712535e-06
123 0.0013654702467
124 5.79195940374e-06
125 1.63585071537e-07
126 5.5767638024e-09
127 7.38121108012e-07
128 1.13151496556e-05
129 2.71623056267e-05
130 4.49858946727e-08
131 7.12889437292e-06
132 0.0
133 3.32112263024e-05
134 3.67313310564e-05
135 3.46412386474e-06
136 0.0
137 0.0263289279047
138 4.10605576339e-05
139 0.0
140 1.22688803653e-08
141 1.56274676399e-07
142 3.59725619154e-05
143 7.84957155794e-05
144 1.23993589343e-06
145 4.35052634522e-06
146 0.0
147 4.93323162178e-05
148 2.45377607306e-08
149 6.25984763171e-05
150 4.1538326645e-06
151 3.21762469513e-05
152 3.40802232369e-08
153 1.84033205479e-07
154 0.0
155 0.0
156 4.08962678843e-08
157 0.000102014996423
158 4.08962678843e-08
159 4.05957168485e-05
160 4.8198027435e-06
161 0.0
162 2.96433977543e-05
163 5.84232398347e-08
164 1.57954072169e-05
165 1.75269719504e-08
166 3.89869014365e-06
167 4.36713717764e-07
168 4.6247094712e-06
169 1.09996508186e-05
170 0.000574113625042
171 0.000177263588142
172 0.0059248915203
173 5.37468174164e-05
174 0.00193695981915
175 4.08962678843e-08
176 3.3704853921e-06
177 1.58891636873e-06
178 3.68163783025e-07
179 8.2877663789e-06
180 6.13444018264e-08
181 2.8403466985e-06
182 1.84033205479e-07
183 4.08962678843e-08
184 0.0
185 1.39621751775e-05
186 4.39010637082e-05
187 0.00103622725151
188 7.23315507708e-07
189 0.00011730133103
190 7.39477909469e-06
191 1.84033205479e-07
192 0.0
193 2.71719323494e-06
194 3.76452305571e-06
195 6.94086963091e-06
196 0.0
197 3.82649458408e-06
198 1.05886225451e-05
199 0.000921663207825
200 8.96592569508e-05
201 0.00659865828073
202 0.0
203 3.64753479641e-06
204 0.000304165236524
205 4.58363107853e-06
206 0.0
207 1.63585071537e-07
208 0.0
209 1.86076459138e-08
210 0.0
211 0.0
212 1.74485744336e-05
213 1.9865803067e-05
214 0.000424313431727
215 1.12193678763e-05
216 0.0
217 0.0
218 1.34409040741e-05
219 0.0
220 1.89989366621e-06
221 0.0
222 5.83334077074e-07
223 1.93518244968e-05
224 1.36866827529e-05
225 3.76577908549e-05
226 1.85006926143e-07
227 2.82708012787e-06
228 1.65829497667e-06
229 0.0
230 2.81046532679e-07
231 1.52338597869e-06
232 5.22314323789e-05
233 1.24014929753e-05
234 0.0
235 0.0
236 1.29964155236e-06
237 7.46255886896e-05
238 2.56602027749e-07
239 2.32351928998e-05
240 0.000190915616391
241 6.13444018264e-08
242 0.0
243 1.35651333934e-05
244 4.6758066281e-07
245 0.0
246 2.78594879135e-07
247 2.61952390233e-05
248 9.81231653537e-08
249 1.8700839338e-05
250 5.76784944023e-06
251 2.45597086382e-08
252 1.02443716395e-05
253 0.000134429713492
254 4.08962678843e-08
255 8.49170705895e-07
256 0.0
257 0.0
258 5.30552853698e-06
259 7.85050707461e-06
260 2.76049808219e-07
261 5.32659933772e-06
262 5.81535313642e-05
263 0.0
264 3.27170143074e-08
265 0.0
266 3.91384781409e-05
267 1.2615995231e-06
268 0.0
269 3.48612908422e-08
270 5.54311526431e-05
271 4.08962678843e-08
272 0.0198449710505
273 0.000229215643901
274 0.0
275 2.66733137845e-05
276 1.84033205479e-07
277 2.081405966e-05
278 0.00053024434638
279 2.17918684583e-07
280 0.0
281 0.000156195933372
282 1.04442809178e-05
283 0.0
284 7.77834032104e-07
285 1.07529334812e-05
286 0.000672563317442
287 0.0
288 0.0
289 3.83402511415e-09
290 1.75269719504e-08
291 3.40771465795e-06
292 0.000102472190016
293 0.0
294 0.0
295 3.06722009132e-08
296 8.47666862088e-07
297 3.27170143074e-08
298 1.47076853621e-05
299 3.59391445044e-08
300 1.00483265663e-05
301 1.03409134507e-07
302 6.13444018264e-08
303 2.10427172982e-06
304 1.28813738429e-05
305 0.000687007720294
306 0.0
307 0.0
308 7.37570241761e-06
309 0.000129303382621
310 0.0
311 2.75167395505e-05
312 2.01474260901e-07
313 3.12808181615e-05
314 7.61497860819e-05
315 8.63574962171e-06
316 0.000768379315077
317 0.0
318 2.3289391588e-06
319 2.52424709317e-06
320 3.02405167231e-06
321 4.28701767102e-06
322 0.0
323 0.00125774954566
324 0.000125140969216
325 0.000326359459276
326 2.76681658972e-05
327 6.62443497002e-06
328 0.0
329 0.0
330 7.59475597323e-05
331 5.76454346133e-07
332 3.42434909343e-05
333 0.000157573198977
334 8.94362429803e-08
335 5.49184036953e-05
336 0.0
337 0.0
338 1.0249004167e-05
339 7.17191348575e-07
340 0.00028955824674
341 2.12781394428e-07
342 1.73233242432e-06
343 3.05856061934e-05
344 1.38693790938e-05
345 1.9702262379e-06
346 3.34223625756e-06
347 1.99752189184e-05
348 6.61118908266e-06
349 0.0343956043693
350 1.53361004566e-08
351 8.16197874719e-05
352 4.70105409359e-06
353 1.15954754398e-06
354 0.00479708406559
355 4.74288874275e-06
356 3.5928302938e-05
357 6.13444018264e-08
358 4.99736633429e-05
359 0.0
360 9.93780144872e-06
361 0.000188502450595
362 6.08202082089e-06
363 2.18426577728e-06
364 0.00113398990769
365 2.04481339421e-07
366 3.0762759208e-08
367 0.00116505460512
368 2.63742341489e-05
369 1.74356664528e-05
370 7.82313170824e-05
371 0.000333485287558
372 5.61170593149e-08
373 4.84543754175e-06
374 0.000999814153119
375 0.000271574037691
376 5.32686654991e-05
377 0.00544929651314
378 0.0
379 0.000106902591949
380 0.0
381 2.84251532273e-08
382 3.78627535083e-08
383 1.56070120249e-07
384 6.13444018264e-08
385 4.08962678843e-08
386 1.44546375791e-07
387 6.13444018264e-08
388 0.000204337576474
389 0.000286459589275
390 0.00173360790339
391 2.55166132761e-07
392 0.00038514352081
393 0.000197095576035
394 0.0
395 0.000153656020221
396 0.000754716493912
397 6.06175393006e-06
398 0.000178429706401
399 0.000132453732867
400 4.08962678843e-08
401 0.00259373040599
402 0.0
403 0.00265213046772
404 1.63168716815e-06
405 0.00135082035346
406 7.95340386628e-05
407 1.22688803653e-07
408 2.75038147608e-05
409 9.59240387206e-05
410 0.000161726859041
411 2.33793807498e-06
412 6.13444018264e-08
413 0.000896570141854
414 6.73439639128e-06
415 0.0466623001722
416 6.31293372365e-05
417 6.14899450786e-05
418 0.000136013168161
419 0.000911390360062
420 0.00075077935016
421 0.000468982593278
422 3.35412694157e-05
423 0.000514770517324
424 0.000215226565928
425 3.8232665222e-07
426 7.77232931663e-06
427 4.29013206405e-06
428 6.60893120131e-05
429 0.0578863463036
430 1.27014370448e-07
431 3.87883696123e-05
432 0.00132512749066
433 0.000140329838707
434 1.56209148648e-05
435 0.000127176861757
436 2.41634216712e-05
437 0.00030620225234
438 1.37002497412e-06
439 0.000878824207561
440 0.000130941406495
441 2.38861360665e-06
442 4.08962678843e-08
443 1.09705881023e-06
444 0.0
445 6.44255026427e-05
446 9.92380200557e-05
447 8.2610098066e-06
448 0.0
449 0.0
450 0.000125167129146
451 3.74649634993e-06
452 0.000157839274969
453 0.000126726931581
454 3.06722009132e-07
455 0.0
456 0.000153595194182
457 0.000265361016308
458 7.54303477995e-05
459 1.38121505361e-05
460 1.93852618358e-05
461 0.000583792851785
462 0.000204736118672
463 2.20562172238e-05
464 0.000187472725771
465 1.18732667341e-05
466 0.000788373599899
467 2.47737007376e-08
468 0.0
469 0.0
470 7.20718533241e-05
471 2.08109112221e-06
472 3.78023392087e-05
473 6.78996883883e-05
474 5.46043652978e-05
475 2.64376967243e-06
476 0.00523440273445
477 0.0
478 6.28780118721e-07
479 5.4055434637e-07
480 0.000158891789756
481 3.54501665035e-05
482 2.59193901968e-05
483 3.49052022913e-05
484 0.00941959621176
485 0.00254893480259
486 0.0
487 2.76673534183e-07
488 6.91910946481e-06
489 1.44202559032e-06
490 3.75439923074e-06
491 1.13920010133e-06
492 1.64158201245e-07
493 0.000475358913683
494 3.52658271214e-05
495 6.83150887475e-06
496 3.09362161872e-06
497 5.58551290362e-05
498 0.00101482098624
499 1.15884294564e-06
500 0.0
501 0.000477068099775
502 4.08962678843e-08
503 4.53562733526e-07
504 0.000166314592043
505 0.000223435913763
506 8.77747895398e-08
507 0.000133422719689
508 0.000522430489168
509 6.89749271132e-05
510 1.74071634533e-07
511 7.26269752646e-05
512 1.80851601407e-05
513 3.26829003458e-05
514 0.000790520625714
515 0.00042538677618
516 0.000199676585843
517 7.44550608868e-05
518 0.00141230283974
519 4.3411329146e-05
520 2.21448444852e-06
521 0.000175645349072
522 1.04707182978e-06
523 2.59257092145e-07
524 4.82574055558e-05
525 0.000379351771954
526 0.00112036285865
527 0.00201724257011
528 6.93261444283e-05
529 4.17666724966e-06
530 2.48140808236e-07
531 4.49858946727e-08
532 0.000230192985823
533 1.49271377778e-06
534 3.4340746363e-07
535 2.22126878294e-05
536 4.907904433e-06
537 8.43899254484e-07
538 5.34636166758e-05
539 0.00117602804834
540 2.51901977235e-05
541 3.02437489422e-06
542 1.34109098174e-05
543 0.000264537398682
544 2.09180244236e-05
545 0.000944981441714
546 7.43978010519e-05
547 9.83208428471e-05
548 1.98523511891e-05
549 9.58409791919e-06
550 2.93853393269e-05
551 0.0
552 4.18248092712e-07
553 4.08962678843e-08
554 0.000659353826073
555 7.41868741944e-05
556 2.79648302365e-05
557 0.000110495291347
558 3.5836019641e-05
559 3.17147147543e-05
560 0.000491227916084
561 1.39526734489e-05
562 0.0012299219082
563 5.02439862578e-08
564 0.0560835391477
565 5.06912050455e-06
566 1.15561161752e-06
567 0.00144488308577
568 0.0789378360318
569 8.28941929779e-06
570 2.38598564831e-06
571 3.10951746482e-05
572 0.0
573 0.0
574 3.043763234e-06
575 1.41243156812e-06
576 8.13468713109e-08
577 1.11535276048e-08
578 7.4816922065e-08
579 2.12727070531e-07
580 1.25358301232e-05
581 0.00422152908876
582 0.0
583 3.02692016911e-08
584 3.64932888309e-07
585 3.50772992648e-05
586 0.0
587 0.0
588 3.47973052706e-07
589 3.33730147822e-07
590 7.85286735419e-06
591 0.000264897859788
592 0.000106193188909
593 1.25154727091e-05
594 2.24208556368e-07
595 0.028803200161
596 1.11535276048e-08
597 0.00185051798911
598 1.93811355374e-06
599 1.63596647237e-07
600 2.09109897166e-07
601 3.0923164033e-07
602 0.000386043524744
603 0.0
604 3.21801060952e-07
605 0.000129901191185
606 3.74610924695e-07
607 0.000960250141559
608 0.0
609 0.0
610 0.000571630477506
611 1.62108240171e-06
612 2.24041719297e-07
613 4.54596522333e-07
614 0.0
615 9.97209903543e-06
616 3.426258331e-07
617 7.15039100747e-06
618 4.61348510987e-06
619 1.05640273854e-05
620 2.90117462687e-06
621 1.48725445626e-05
622 5.5502077843e-08
623 6.79417558623e-07
624 6.05364349755e-07
625 0.0
626 8.86555238225e-07
627 4.44625198159e-07
628 2.12727070531e-07
629 3.35074463758e-08
630 6.25932618468e-05
631 9.17960883379e-05
632 8.31512561408e-07
633 1.96050584732e-07
634 3.46693520131e-07
635 6.14247881759e-05
636 3.48037052461e-06
637 2.67806235902e-06
638 0.00567199231302
639 0.0
640 3.97268500266e-05
641 1.56752451777e-07
642 0.00106324600474
643 0.0
644 3.0923164033e-07
645 8.04314712332e-06
646 0.000131883638119
647 1.85791232022e-05
648 1.17630663263e-06
649 0.0
650 5.03712869316e-05
651 2.01573542926e-07
652 0.00137868071094
653 0.0
654 1.37405684484e-05
655 1.23448596008e-05
656 7.60982290693e-07
657 0.0
658 4.57407498125e-07
659 2.12727070531e-07
660 2.12727070531e-07
661 0.0
662 3.0923164033e-07
663 2.55246319675e-07
664 2.25035761718e-06
665 4.06166233374e-07
666 1.04099590978e-07
667 4.31973159517e-06
668 0.0
669 0.0
670 2.61143040972e-05
671 1.20567473847e-07
672 2.28261012332e-07
673 2.39872340475e-08
674 0.0
675 0.0
676 2.01573542926e-07
677 2.19468875852e-06
678 8.3808154859e-06
679 9.7924383567e-05
680 1.05005387281e-05
681 1.09052123353e-05
682 2.86862300644e-07
683 1.38960493003e-06
684 9.74492477079e-05
685 6.51107601637e-07
686 9.33880168447e-07
687 0.02827216374
688 3.72859830953e-06
689 0.000525369580643
690 8.29610005653e-08
691 4.75500358031e-08
692 2.89681897514e-07
693 0.0
694 3.24936962254e-07
695 0.000762978405072
696 0.00029979662624
697 0.030881790006
698 0.00126224347247
699 0.0638321565374
700 0.0
701 5.72855241116e-08
702 1.24422474555e-06
703 8.73914295861e-08
704 0.000854948070148
705 1.14655608176e-07
706 0.000935905485525
707 4.85688845147e-08
708 5.32089656795e-07
709 0.000241329666176
710 4.94405816391e-07
711 1.86828503427e-07
712 7.68704623727e-05
713 1.29719066846e-06
714 0.00306538538075
715 1.03082938085e-06
716 1.89875529463e-08
717 6.48003611674e-07
718 0.0
719 3.80842941699e-06
720 0.00245852429379
721 2.34725872953e-06
722 6.46475619248e-08
723 5.63005022573e-05
724 2.08386055449e-07
725 0.000492411997061
726 5.25809158512e-08
727 2.44137800389e-06
728 0.000275788778723
729 0.000570807027752
730 3.32459426605e-05
731 6.01639793623e-07
732 6.80480822717e-07
733 1.10239784965e-06
734 4.4898259813e-07
735 3.73443504719e-06
736 1.90849250127e-08
737 2.00844492742e-06
738 0.0178645788753
739 0.000177425150281
740 0.00053786512779
741 5.15626287416e-07
742 1.01285720668e-06
743 1.3072199913e-06
744 0.0
745 0.0
746 0.00247673874492
747 3.20305412394e-07
748 0.00200500860191
749 1.42392479641e-06
750 0.0
751 0.0
752 1.24337577502e-07
753 2.53778209404e-06
754 1.3529329395e-05
755 2.50080307773e-06
756 1.26818768321e-06
757 1.69841226803e-07
758 1.84033205479e-07
759 1.0272082054e-06
760 4.0601335866e-07
761 1.27581292899e-06
762 8.02017782134e-08
763 1.58278293919e-07
764 1.5018289984e-06
765 2.35334462294e-06
766 5.87276571403e-07
767 4.18283398056e-06
768 2.58814952468e-07
769 2.07407370017e-06
770 5.40014219009e-05
771 7.12391850583e-06
772 2.54681508249e-06
773 0.000163863376631
774 0.000499699069142
775 0.000561639516278
776 0.0
777 5.31390861502e-05
778 1.55407332967e-06
779 0.000127891358934
780 7.06453237296e-07
781 0.000240840400075
782 1.36162825249e-05
783 3.65570281441e-06
784 6.86839603365e-07
785 0.000380108792286
786 0.0
787 4.22692140204e-07
788 3.16701142394e-06
789 6.54340286149e-08
790 1.10083989659e-06
791 4.08962678843e-08
792 6.88420509386e-08
793 1.85931316066e-06
794 1.63876746732e-06
795 3.18848173299e-07
796 0.000230362775895
797 2.37198353729e-07
798 2.98772813113e-06
799 0.000319776911625
800 1.18828886421e-06
801 0.000375174813487
802 0.0
803 0.0
804 0.000483633459
805 0.000184338828755
806 0.00234081494206
807 1.79617382268e-06
808 1.03367649108e-06
809 4.57270172307e-08
810 4.85592150519e-07
811 0.000325497748361
812 2.99723368917e-06
813 1.02196409681e-07
814 7.35492413327e-07
815 1.92749406183e-06
816 0.000267410585151
817 3.16069727506e-07
818 2.45691620538e-06
819 3.18036131289e-06
820 0.000346244672056
821 0.000392216319633
822 1.9783569589e-07
823 2.24987896603e-06
824 0.0011512159521
825 0.00090119393906
826 1.58505571782e-05
827 2.9340622308e-07
828 9.04234994217e-06
829 0.00308015116385
830 0.000563396953292
831 0.00178469059917
832 9.14331566751e-07
833 4.90755214612e-08
834 2.87822091046e-06
835 0.000215906397929
836 1.3675280124e-06
837 8.32555510661e-07
838 9.38625474113e-05
839 9.69026206335e-07
840 1.49412567274e-06
841 0.000355013030994
842 0.0
843 0.000291996398278
844 9.59114922351e-05
845 1.72408379339e-07
846 0.000178192195723
847 2.18586778092e-07
848 1.31159188994e-06
849 3.48616763845e-06
850 6.92130164025e-06
851 1.25497987768e-06
852 0.0
853 0.0
854 0.000301184461166
855 0.0
856 0.0
857 0.000347648127037
858 0.000363116815783
859 0.0
860 0.0
861 0.0358703650888
862 1.15678014873e-07
863 0.00436062181748
864 1.51318852149e-07
865 1.35078314999e-07
866 0.0
867 9.61062295281e-08
868 1.43136937595e-07
869 0.0
870 8.20453447974e-08
871 2.29019100152e-07
872 1.33321833303e-06
873 2.04481339421e-08
874 0.0
875 2.04481339421e-08
876 0.0
877 1.51318852149e-07
878 0.0
879 1.00928807792e-07
880 1.26778430441e-07
881 5.38848844326e-08
882 1.51316191172e-07
883 6.58748638912e-08
884 0.0
885 3.06722009132e-08
886 5.7254775038e-07
887 1.53361004566e-08
888 0.0
889 0.0
890 7.37303947692e-07
891 1.50319673815e-07
892 0.0
893 0.0
894 1.04406114086e-07
895 2.45377607306e-08
896 9.61062295281e-08
897 0.00014205550057
898 1.72627566838e-05
899 1.25221467191e-06
900 0.0
901 1.17423402153e-06
902 7.50988893008e-07
903 2.10641195523e-06
904 1.13165449042e-06
905 4.64172640487e-07
906 3.27948334264e-06
907 1.04938018028e-05
908 1.65447794299e-06
909 0.000384989548069
910 1.06432537169e-06
911 0.0
912 0.0
913 5.55166836529e-07
914 2.64706394002e-05
915 1.14953131375e-06
916 9.71676879521e-05
917 0.000694737028725
918 0.00037837235965
919 0.0
920 2.19669681839e-06
921 1.61158519884e-06
922 0.000371152944118
923 4.01890817434e-06
924 8.05812790198e-07
925 2.37826454998e-05
926 0.000737906052709
927 1.34661259823e-06
928 2.42983175844e-05
929 2.72641785895e-08
930 3.73175380288e-07
931 0.000139402659301
932 1.09382283059e-05
933 8.38667738745e-06
934 3.97472664034e-06
935 8.51165062153e-06
936 3.76245664536e-07
937 7.27226934045e-06
938 8.5882162557e-08
939 6.51154730244e-07
940 1.81808832547e-06
941 1.32226264576e-06
942 2.42407305606e-05
943 2.45427472318e-05
944 8.550205902e-07
945 0.000169399252532
946 0.0
947 0.000723027030168
948 1.98476390314e-05
949 5.73314303776e-06
950 2.02233035472e-06
951 4.96601503973e-07
952 0.000108351391939
953 2.42863999342e-06
954 4.32923488011e-05
955 1.48831539779e-05
956 2.09593372907e-07
957 4.49858946727e-07
958 1.97695357619e-05
959 1.30057272426e-07
960 2.40632921598e-06
961 2.06025901441e-05
962 5.99577746083e-06
963 8.63668796213e-05
964 5.42642950927e-06
965 4.44055030911e-06
966 1.97753774515e-06
967 9.19775948363e-06
968 4.11627316222e-05
969 6.13841417422e-05
970 9.91469799256e-07
971 4.83582806626e-07
972 1.16932349977e-05
973 1.66441541375e-07
974 9.7645248653e-06
975 2.39795566346e-07
976 9.87113118803e-05
977 2.39329321305e-06
978 2.7394074946e-06
979 2.46659731987e-05
980 7.88713737769e-08
981 0.000559218169312
982 2.97651257464e-06
983 1.41874740861e-05
984 2.48618430395e-06
985 0.00190838310465
986 1.1090678362e-07
987 1.90700127871e-07
988 1.05629217621e-06
989 2.77968444234e-06
990 2.03764979195e-06
991 0.00105106350961
992 1.32655306632e-05
993 8.23033003837e-07
994 0.00019664007185
995 0.000129715131316
996 3.85086736008e-05
997 4.23090019851e-07
998 7.96554620224e-06
999 3.43783647728e-07
1000 5.13199444747e-06
1001 1.60629522907e-06
1002 3.43284502027e-05
1003 4.08962678843e-08
1004 1.93170334319e-05
1005 1.13795539641e-05
1006 7.54111406393e-08
1007 0.000184009690129
1008 2.00718335032e-06
1009 3.32074378369e-06
1010 0.000103303739951
1011 1.69921857366e-05
1012 7.34453616032e-06
1013 2.39103828029e-05
1014 0.000112474555281
1015 0.000545325078962
1016 1.0914224561e-06
1017 0.0
1018 3.30885276606e-05
1019 1.09815722028e-05
1020 0.000188352406813
1021 1.57316301113e-05
1022 7.0591275625e-05
1023 1.53361004566e-08
1024 1.12805538914e-06
1025 1.2894264024e-05
1026 7.21435990795e-05
1027 1.2539682724e-05
1028 0.0
1029 0.000233569513534
1030 0.000620057699371
1031 1.0939751659e-06
1032 1.00639137542e-07
1033 0.000113846714909
1034 1.09112396881e-06
1035 0.0
1036 4.74917075452e-06
1037 3.05697189587e-06
1038 1.0185141376e-05
1039 2.04481339421e-07
1040 3.67715391066e-07
1041 4.68563463249e-06
1042 1.73241757917e-05
1043 7.57583471047e-07
1044 1.04387723775e-06
1045 5.13193963664e-07
1046 1.37002497412e-06
1047 0.0
1048 5.82599484731e-06
1049 3.78728945786e-05
1050 4.43255948531e-05
1051 5.63253144043e-07
1052 9.08769251996e-05
1053 0.000175985366793
1054 1.39251792146e-06
1055 7.69840098179e-06
1056 1.35158574988e-06
1057 7.96517674887e-06
1058 2.39243167123e-07
1059 1.12955852786e-06
1060 3.30274410528e-05
1061 0.000192144213636
1062 1.7882822593e-07
1063 5.46070929237e-06
1064 1.68435578826e-07
1065 7.03767947522e-06
1066 0.0
1067 3.46227251106e-05
1068 2.45061872413e-05
1069 7.4225310917e-06
1070 1.74436680714e-07
1071 0.000556034862095
1072 0.0
1073 1.77420066001e-06
1074 1.23557849345e-06
1075 0.000687685804539
1076 0.000108899809992
1077 0.000255286794955
1078 0.000154237513198
1079 5.02097729215e-05
1080 1.04939582523e-05
1081 5.70444950987e-05
1082 8.96423363914e-07
1083 6.84552167108e-06
1084 1.29924598613e-05
1085 2.69081057396e-07
1086 0.108405918458
1087 0.000815595129542
1088 7.2590569079e-07
1089 0.00011423689577
1090 7.14722422848e-07
1091 7.56962953966e-07
1092 2.20681912688e-06
1093 4.40287533933e-06
1094 4.73015561569e-07
1095 7.68951634294e-07
1096 1.31278232812e-05
1097 0.0
1098 1.28814302615e-06
1099 0.000501065975903
1100 9.43651597361e-06
1101 0.000138741406579
1102 1.84637835591e-05
1103 7.98186350944e-06
1104 1.1544418131e-06
1105 9.83478354125e-05
1106 4.08962678843e-08
1107 8.763588193e-06
1108 2.08943260199e-05
1109 2.12331060745e-06
1110 0.000220231855761
1111 3.66906381555e-05
1112 1.53361004566e-08
1113 2.30906594964e-06
1114 1.47804411148e-05
1115 9.17095062727e-05
1116 6.89930132348e-07
1117 6.52244060447e-07
1118 1.92455379052e-05
1119 8.83079423023e-07
1120 0.0
1121 1.10704806626e-05
1122 3.64456937116e-06
1123 9.73699964373e-05
1124 1.46858309316e-05
1125 0.000271105621512
1126 1.1125867587e-05
1127 0.000891313007041
1128 3.26713626809e-06
1129 0.000179011835023
1130 1.57901053769e-05
1131 5.91800154953e-06
1132 1.6682455276e-05
1133 1.88556442038e-05
1134 1.8875200562e-07
1135 6.38558521234e-07
1136 1.10872023706e-05
1137 0.000503414015036
1138 5.94383084638e-07
1139 2.19525323679e-06
1140 1.4862897478e-06
1141 8.10511209416e-07
1142 4.05861303835e-06
1143 9.29866215049e-06
1144 6.40189382343e-06
1145 8.85532571175e-07
1146 0.0
1147 6.15890604839e-05
1148 2.04481339421e-07
1149 0.000150212379258
1150 7.75810998299e-05
1151 2.00630361496e-06
1152 6.16553442967e-07
1153 1.25421120898e-06
1154 1.60535674438e-05
1155 8.32531167645e-07
1156 5.96635859896e-05
1157 1.07851832498e-05
1158 7.15684687975e-08
1159 0.000106679648329
1160 0.000257326045236
1161 2.8798857696e-05
1162 4.63589118234e-06
1163 2.94453128767e-07
1164 6.32068492351e-06
1165 3.3442727007e-07
1166 0.00251166767894
1167 2.80237705622e-05
1168 7.62558410801e-06
1169 2.37685214061e-07
1170 3.49261138627e-06
1171 1.53776137297e-05
1172 0.00208905210832
1173 1.39740972764e-05
1174 0.000924143540171
1175 6.30609469882e-07
1176 5.48693258481e-05
1177 0.0
1178 3.20013296195e-06
1179 0.000280399274858
1180 5.94840716741e-05
1181 2.11928899166e-06
1182 4.4671301104e-06
1183 0.000201429274134
1184 7.59349512544e-06
1185 2.79980643928e-05
1186 1.98121576338e-05
1187 4.47846691176e-08
1188 4.35010787237e-05
1189 0.00186148491621
1190 4.38772302268e-05
1191 2.57267514695e-06
1192 2.09148206284e-05
1193 7.38037455173e-05
1194 0.000422858468591
1195 1.22688803653e-07
1196 3.04871808711e-06
1197 5.53363119085e-05
1198 0.000162136493798
1199 2.34541167203e-06
1200 7.2137566942e-05
1201 9.20166027397e-08
1202 2.08436590611e-06
1203 1.50293784475e-06
1204 3.92852027858e-07
1205 9.03576123036e-05
1206 9.30338534501e-06
1207 0.0
1208 5.36558310879e-06
1209 0.0
1210 8.80701984158e-06
1211 8.74931221094e-05
1212 3.96426271417e-05
1213 3.53901657207e-06
1214 1.68776413413e-06
1215 3.16169320917e-05
1216 1.97438768008e-05
1217 1.32387571114e-06
1218 0.00024341152911
1219 6.30970990215e-07
1220 3.56254645967e-06
1221 2.67848790291e-07
1222 0.000218365553662
1223 4.72837213017e-05
1224 9.31631132013e-06
1225 0.0
1226 2.85316875376e-06
1227 0.000193317421647
1228 2.91057042776e-05
1229 8.29949495686e-06
1230 1.39892204287e-05
1231 1.54612077567e-05
1232 0.000593084077341
1233 9.81331766415e-07
1234 0.0
1235 5.70123662573e-07
1236 0.00038561548377
1237 2.36278694884e-05
1238 0.000197656237908
1239 8.43889993793e-05
1240 4.88383620197e-08
1241 2.93308257971e-06
1242 2.28290831148e-06
1243 1.1689242162e-05
1244 1.84719318518e-05
1245 1.10608507787e-06
1246 1.16300217001e-05
1247 1.35411122607e-05
1248 5.95792206809e-06
1249 6.74788420091e-07
1250 2.61612967434e-07
1251 2.86966530747e-05
1252 1.40643395587e-07
1253 0.0
1254 0.0
1255 3.27170143074e-07
1256 4.13452491565e-05
1257 0.000113060086831
1258 3.32102874454e-06
1259 1.1583460613e-05
1260 3.81412989445e-05
1261 8.95368530003e-06
1262 2.68505778389e-05
1263 0.0
1264 4.49858946727e-07
1265 1.22688803653e-07
1266 3.61547227601e-06
1267 1.74860149001e-06
1268 8.30676412207e-06
1269 1.40074586107e-06
1270 1.55224471289e-05
1271 0.0
1272 6.08458542002e-06
1273 2.65947091525e-05
1274 4.40510782737e-05
1275 0.000214982904239
1276 3.69218562597e-05
1277 0.0
1278 0.000126192513428
1279 4.57366306234e-06
1280 2.70095718709e-06
1281 8.89178378735e-06
1282 4.9984850538e-06
1283 0.000654059167821
1284 2.57911665677e-05
1285 1.8953267074e-05
1286 1.63201409375e-06
1287 1.53596364012e-06
1288 1.56129704665e-06
1289 6.05614829475e-06
1290 0.000576685148713
1291 1.37950427485e-05
1292 9.05165722756e-06
1293 6.24984656624e-06
1294 9.92344213276e-07
1295 6.85896846613e-06
1296 1.88122832268e-07
1297 6.00833500091e-06
1298 9.20166027397e-08
1299 1.11293175343e-05
1300 6.54557599047e-06
1301 3.41378597437e-05
1302 1.77898765297e-07
1303 7.7106171591e-06
1304 9.61717341743e-06
1305 2.31236305584e-05
1306 4.67072210413e-05
1307 2.72867537422e-06
1308 0.000130421014066
1309 6.24045394623e-06
1310 4.16401850116e-06
1311 1.95604996477e-06
1312 1.31150580946e-05
1313 0.000268711602308
1314 4.46262011291e-05
1315 4.13669104022e-06
1316 1.49613873667e-06
1317 8.74516649944e-07
1318 0.000637135400266
1319 1.04653485192e-05
1320 1.65172407333e-07
1321 0.000121027247572
1322 3.27035055085e-06
1323 4.30803853657e-05
1324 4.92498300123e-06
1325 8.97212510987e-06
1326 1.14421608801e-06
1327 0.0
1328 0.000180520191039
1329 9.2181276278e-05
1330 0.000586333574799
1331 0.000355359097534
1332 2.80788594882e-05
1333 2.48117098973e-05
1334 5.90374330919e-07
1335 0.00069719851027
1336 1.41955431087e-05
1337 1.06959161996e-06
1338 1.96390554844e-05
1339 0.000448796447587
1340 1.29384092283e-05
1341 1.9331282963e-06
1342 1.35731116537e-05
1343 8.80199220146e-07
1344 4.25643478684e-05
1345 1.3255829123e-05
1346 4.05158658264e-05
1347 0.0
1348 0.0025485998774
1349 7.01082781216e-06
1350 2.38616218561e-05
1351 6.290472577e-06
1352 2.14021387461e-06
1353 0.00108384594093
1354 6.13444018264e-08
1355 1.9347080576e-07
1356 6.95718002443e-06
1357 1.91478900125e-06
1358 2.69834095277e-05
1359 0.000203767744053
1360 9.00498083097e-06
1361 0.00025602846981
1362 0.00190400986285
1363 0.0
1364 1.80826997283e-07
1365 6.88225765253e-07
1366 9.44800309645e-07
1367 4.92083651934e-05
1368 4.94974411737e-05
1369 2.09593372907e-07
1370 0.000300303972741
1371 9.78534159014e-06
1372 1.9499528565e-05
1373 0.0
1374 6.11279940911e-05
1375 6.92965744871e-05
1376 3.89475366065e-06
1377 0.00145019709214
1378 7.70642417456e-05
1379 5.34834841831e-07
1380 2.93066332766e-06
1381 4.1134532142e-06
1382 8.55292197655e-07
1383 3.66192020299e-06
1384 0.0
1385 6.84124707695e-06
1386 3.72104709625e-06
1387 0.0
1388 1.92739679866e-06
1389 5.80584907657e-06
1390 9.69694834386e-07
1391 5.11513404241e-05
1392 0.000155136942602
1393 6.51992030456e-06
1394 1.68664378631e-05
1395 0.0
1396 0.0
1397 1.31767914155e-05
1398 1.70575496116e-06
1399 2.49683455922e-06
1400 4.97246120738e-05
1401 1.43072761928e-06
1402 6.43459764958e-07
1403 3.60206713402e-06
1404 0.0
1405 5.33732533768e-06
1406 0.00391808809068
1407 4.48637645931e-06
1408 5.3730873878e-06
1409 0.0001069382243
1410 2.95976615428e-05
1411 4.66090640179e-05
1412 1.55302484045e-06
1413 9.68595020267e-06
1414 1.019207331e-05
1415 3.14586676033e-09
1416 7.05718550838e-06
1417 1.64095434857e-05
1418 1.84033205479e-07
1419 2.91039378428e-06
1420 0.00136113731315
1421 0.00520385011335
1422 5.86593516926e-05
1423 2.69177185951e-06
1424 1.50106690329e-05
1425 3.61055622178e-06
1426 0.000151178246838
1427 8.44950140545e-05
1428 7.24617416405e-05
1429 1.16739340813e-05
1430 2.18545228048e-05
1431 0.0
1432 0.000160674868384
1433 8.76685849297e-06
1434 1.08973659711e-06
1435 2.2790605621e-06
1436 9.54135383508e-05
1437 2.7776061503e-05
1438 2.16543476225e-05
1439 1.37651039132e-06
1440 2.54197519722e-08
1441 9.60287252799e-05
1442 2.91501952891e-06
1443 8.17925357686e-08
1444 1.09202772458e-07
1445 9.21023352835e-06
1446 2.86603433172e-06
1447 6.55637633665e-05
1448 3.89551996878e-05
1449 1.60952096776e-05
1450 1.68968595634e-05
1451 0.000617518058983
1452 3.8044566664e-06
1453 1.62200835224e-06
1454 1.01562798061e-05
1455 5.51405736434e-06
1456 0.0
1457 1.7591701844e-05
1458 1.81506293677e-06
1459 0.000113145350267
1460 5.67751782959e-05
1461 2.73079517982e-05
1462 1.03395168739e-06
1463 1.66960577783e-05
1464 2.77447887196e-07
1465 5.57684692002e-06
1466 0.0228534651438
1467 0.0
1468 5.32378350318e-05
1469 5.81015694763e-07
1470 3.5767248686e-05
1471 9.4900784179e-06
1472 5.59431522095e-05
1473 0.000114552797563
1474 8.74289888529e-05
1475 2.04481339421e-08
1476 0.000129591539689
1477 3.96065306049e-07
1478 3.65965094429e-06
1479 6.14473574659e-07
1480 2.83200413104e-05
1481 7.49981234619e-05
1482 1.25354157948e-06
1483 2.68015572921e-05
1484 0.00061376503608
1485 1.31991220149e-06
1486 0.000132304434058
1487 0.0
1488 0.000115867169198
1489 0.000109781287959
1490 3.78730582861e-07
1491 2.32835533248e-08
1492 1.3191105389e-05
1493 4.78051343181e-06
1494 1.37140788358e-07
1495 8.87137802939e-05
1496 2.56052918473e-05
1497 1.56201352574e-05
1498 9.91776175522e-06
1499 8.17738900538e-08
1500 1.01948553512e-06
1501 8.19769193025e-06
1502 2.32395088646e-06
1503 3.92562360643e-05
1504 1.64124435305e-06
1505 3.18518100338e-05
1506 0.00358186652236
1507 1.86955864533e-08
1508 8.80101007865e-06
1509 2.69281134226e-06
1510 0.000494459485736
1511 3.06722009132e-08
1512 0.000139714733026
1513 5.59495598192e-05
1514 0.000212422364438
1515 9.70909507601e-06
1516 2.83436314056e-05
1517 1.78744480924e-05
1518 6.49161648753e-07
1519 0.000244701616059
1520 1.97045803442e-05
1521 2.07223815621e-05
1522 0.0
1523 0.000612367879531
1524 0.00025731659029
1525 1.06626815031e-06
1526 1.82532733853e-05
1527 5.53402123649e-06
1528 3.10200051899e-06
1529 5.45977158404e-05
1530 5.9950726961e-05
1531 5.39675956682e-06
1532 8.28673735784e-06
1533 8.37440988876e-07
1534 5.76807207781e-06
1535 0.00509364406208
1536 5.47238630111e-06
1537 0.000729123660933
1538 0.000400910424969
1539 8.30079303356e-06
1540 3.8207122781e-06
1541 0.0004148292495
1542 2.81003620124e-06
1543 2.7684690865e-06
1544 2.55011719265e-05
1545 5.03411860643e-06
1546 0.000219851755354
1547 0.0
1548 9.76750027544e-06
1549 9.41730717267e-06
1550 0.000231891825713
1551 8.83349557004e-07
1552 3.5251445161e-05
1553 2.49674297022e-06
1554 0.000654344421698
1555 0.000221567360862
1556 0.000258853265368
1557 9.57695252017e-07
1558 3.80606170988e-05
1559 0.0
1560 0.00016831221305
1561 0.0
1562 1.49643248109e-05
1563 1.21666396956e-06
1564 1.67196231042e-05
1565 2.86428923957e-06
1566 1.12699545266e-05
1567 4.22035900141e-06
1568 6.66470663149e-05
1569 1.76590975545e-07
1570 2.43891115615e-05
1571 2.19412631972e-05
1572 9.59628655987e-06
1573 8.66417801393e-07
1574 4.99708347262e-05
1575 0.00028640049366
1576 3.4626321013e-06
1577 1.14428426263e-05
1578 0.0361452145264
1579 5.88001320161e-06
1580 9.43760028099e-09
1581 6.82151267161e-06
1582 0.0
1583 5.76387167306e-06
1584 3.5364190638e-05
1585 0.000471619887144
1586 5.75208198851e-06
1587 0.0
1588 4.61501424515e-06
1589 4.83703069736e-05
1590 0.000299931108204
1591 0.000322147943735
1592 0.000196683645647
1593 3.43876252526e-07
1594 0.000511556075016
1595 3.82493247145e-06
1596 6.645517319e-06
1597 1.68645940761e-05
1598 1.39868090363e-05
1599 7.31313426589e-05
1600 1.11211292627e-06
1601 2.27728849627e-05
1602 5.7283446461e-07
1603 2.98193690354e-07
1604 1.60020687921e-05
1605 9.83779210313e-05
1606 8.33639353186e-06
1607 2.28560853531e-06
1608 2.04481339421e-07
1609 1.51148362395e-05
1610 1.47717928518e-05
1611 0.000150068292312
1612 3.87101459951e-05
1613 8.73201957566e-05
1614 0.000739724087378
1615 1.82332783794e-05
1616 1.74600844304e-06
1617 1.77362335386e-05
1618 0.000437267318846
1619 0.000155536326724
1620 1.11616184741e-05
1621 0.000121860011065
1622 0.000837849754644
1623 0.000397814792286
1624 7.15099312909e-06
1625 4.76647024282e-06
1626 8.1811473406e-07
1627 0.000127202347717
1628 0.0
1629 3.53490290135e-05
1630 8.60580963378e-07
1631 9.22257382143e-05
1632 1.36320892948e-08
1633 6.75097269072e-06
1634 1.89919537588e-06
1635 1.39347482013e-05
1636 2.02027394363e-06
1637 1.73683690903e-05
1638 4.0788265402e-05
1639 3.07320369913e-06
1640 2.50474016798e-05
1641 7.48716288959e-08
1642 2.55139599562e-06
1643 0.00156153918065
1644 5.88448679571e-06
1645 1.28952850843e-05
1646 1.96275104424e-05
1647 3.34492919005e-06
1648 9.03346800208e-06
1649 1.54266685435e-07
1650 1.07873498538e-05
1651 1.00497077519e-05
1652 0.0
1653 5.10052520652e-06
1654 2.66581002892e-06
1655 6.99257911048e-07
1656 3.50254981791e-06
1657 0.00144909517574
1658 0.0
1659 4.33079948372e-06
1660 4.57248247887e-06
1661 6.58200501342e-06
1662 4.03250003691e-05
1663 0.000497236368724
1664 0.00107298274333
1665 3.06722009132e-07
1666 1.41361428698e-05
1667 0.00530653704591
1668 5.80732629798e-06
1669 9.95934913633e-06
1670 1.60501691995e-05
1671 3.44164663457e-06
1672 2.87541333799e-05
1673 3.15879458266e-06
1674 1.95630696251e-05
1675 4.12952928765e-05
1676 2.97981751709e-05
1677 1.12958053771e-06
1678 1.22453073078e-05
1679 1.16737388566e-05
1680 6.29263286117e-06
1681 4.31932756955e-05
1682 3.20069959183e-06
1683 1.06780329378e-05
1684 0.000173039401694
1685 0.284387503544
1686 1.28867103608e-05
1687 7.54023963578e-06
1688 0.00086904927855
1689 0.000549378691119
1690 1.30891047661e-05
1691 0.0
1692 8.60082799638e-06
1693 0.000194631574228
1694 6.13444018264e-08
1695 6.61332520433e-05
1696 2.36705690869e-06
1697 2.11938442527e-06
1698 2.26899838396e-05
1699 1.25889193363e-06
1700 1.88273163027e-05
1701 1.07880923552e-06
1702 1.01011948187e-06
1703 0.000410775734086
1704 6.26889445336e-05
1705 2.029971718e-06
1706 5.17346079617e-05
1707 1.2382082808e-05
1708 3.67237700473e-05
1709 4.33650923676e-07
1710 3.25201004785e-05
1711 9.32546619988e-07
1712 1.84033205479e-07
1713 9.0793807181e-06
1714 1.84033205479e-07
1715 3.66610603092e-05
1716 1.19372005111e-05
1717 1.26029551891e-05
1718 2.45346286574e-05
1719 0.0349391981854
1720 1.24831296875e-05
1721 2.96411474567e-05
1722 1.07894467544e-05
1723 9.23496174038e-06
1724 1.4072203912e-06
1725 1.07761921736e-05
1726 3.41187355873e-05
1727 0.000826396358416
1728 2.11300515078e-05
1729 1.66776113658e-06
1730 4.07658556916e-05
1731 0.000140688755408
1732 8.99717893455e-08
1733 1.04036794955e-05
1734 1.77208604871e-06
1735 2.93047588818e-06
1736 1.00297157631e-05
1737 2.70014235858e-05
1738 3.06602800903e-06
1739 3.03851754867e-06
1740 1.08794785102e-06
1741 5.03981975848e-05
1742 1.39841721402e-05
1743 3.58573755161e-05
1744 1.90038109314e-05
1745 2.22015139725e-05
1746 8.3643714795e-05
1747 7.33396132198e-05
1748 1.42028796106e-06
1749 1.92422624807e-07
1750 1.41232024949e-06
1751 2.37658485492e-05
1752 3.4732593881e-06
1753 1.02463422901e-05
1754 5.76082763188e-06
1755 7.93246382689e-06
1756 0.0
1757 3.57653474489e-07
1758 1.62162834067e-05
1759 0.00125333561969
1760 6.18312621584e-08
1761 6.13444018264e-08
1762 8.26447692103e-05
1763 0.0
1764 2.41666070288e-06
1765 5.47624516512e-07
1766 1.78063756589e-05
1767 6.58408248981e-06
1768 1.43278705639e-05
1769 0.000115973810294
1770 6.11347721417e-05
1771 1.81043990584e-05
1772 2.35364996878e-07
1773 4.25760101428e-06
1774 6.13532955997e-07
1775 7.76233592721e-06
1776 1.44232373342e-08
1777 0.0
1778 2.2688234575e-07
1779 8.41570507847e-05
1780 8.87149707008e-06
1781 6.37460951102e-05
1782 6.00360502693e-06
1783 0.000210143355598
1784 0.000277905132966
1785 4.42864431758e-07
1786 9.76746231534e-06
1787 6.26974842111e-05
1788 1.04636915744e-05
1789 1.44159344292e-07
1790 9.84766285348e-06
1791 3.33005879775e-05
1792 3.54432910893e-05
1793 8.38246939985e-07
1794 1.9436043353e-05
1795 5.71060811607e-05
1796 5.52931765394e-06
1797 3.26026556376e-06
1798 1.88122832268e-07
1799 9.57321196062e-07
1800 2.33615346489e-05
1801 0.00015683252905
1802 1.2317399071e-06
1803 4.37052960261e-08
1804 4.16563904727e-05
1805 4.71193233832e-05
1806 2.19738012561e-06
1807 0.000281728388111
1808 2.07745933652e-05
1809 8.80620400788e-05
1810 1.21612638996e-05
1811 1.03904736043e-05
1812 4.25671814734e-06
1813 3.95902996054e-06
1814 0.000268481193252
1815 6.94121201273e-07
1816 1.20159668408e-06
1817 1.32078257584e-05
1818 2.6594675842e-05
1819 7.52737714884e-06
1820 9.88100474831e-06
1821 2.03463635046e-05
1822 2.39326690227e-07
1823 6.69495871772e-07
1824 1.79365937562e-05
1825 0.000139232077743
1826 0.000183043571133
1827 7.55602430923e-06
1828 8.82090112962e-05
1829 5.05530937194e-05
1830 1.54997876667e-06
1831 8.81040470724e-06
1832 2.80732971525e-05
1833 1.60050601369e-06
1834 4.19239518195e-05
1835 0.0
1836 0.000802643680536
1837 4.93028871988e-05
1838 6.58124814774e-06
1839 2.0857096621e-07
1840 3.30461048069e-05
1841 5.54197541868e-07
1842 2.5012587239e-06
1843 1.37282833912e-05
1844 9.98459019601e-06
1845 0.000288569553131
1846 3.13260404845e-05
1847 0.000137338909743
1848 0.000460530458995
1849 9.74732983583e-07
1850 8.63866344596e-06
1851 8.34315964096e-06
1852 1.12607180036e-05
1853 7.47058899929e-05
1854 1.51984593308e-07
1855 0.0
1856 4.58412134175e-06
1857 0.0
1858 1.55862378796e-05
1859 1.36910556804e-05
1860 8.90483386587e-06
1861 8.89321175617e-06
1862 3.79018891777e-05
1863 5.08911630619e-06
1864 0.000171798378259
1865 2.31278857815e-05
1866 3.983402716e-08
1867 0.000112630315982
1868 2.35117657457e-05
1869 1.55756923908e-05
1870 4.02909659091e-07
1871 2.65933116673e-06
1872 4.12658977434e-05
1873 1.77478577003e-05
1874 7.51974009031e-07
1875 1.82394042257e-07
1876 6.96932365818e-06
1877 4.21072868395e-05
1878 2.67050064168e-06
1879 5.91949998144e-06
1880 1.86833192537e-05
1881 6.80358710444e-07
1882 8.21522170767e-05
1883 1.99322832861e-05
1884 8.60090320377e-05
1885 4.28704940117e-07
1886 7.71010418708e-06
1887 1.78072920131e-05
1888 7.06445255274e-08
1889 0.000124332877956
1890 2.81892132202e-06
1891 4.90755214612e-07
1892 5.89091356434e-06
1893 9.62635228661e-09
1894 4.35573999408e-05
1895 3.46891434611e-05
1896 4.10143538509e-06
1897 1.03993366906e-06
1898 4.76551218319e-05
1899 8.32381527949e-06
1900 3.99068513487e-05
1901 1.65596696397e-06
1902 1.09511003857e-05
1903 2.09715249683e-05
1904 2.34942374546e-06
1905 3.269806613e-06
1906 3.70544972649e-08
1907 1.00411764194e-06
1908 1.69429265973e-06
1909 3.33856568005e-06
1910 0.000196016999725
1911 8.76191661667e-06
1912 0.000184670539795
1913 0.205031209149
1914 1.43691549435e-05
1915 1.53323192833e-06
1916 4.49364596236e-07
1917 5.69809986196e-05
1918 1.69449907789e-05
1919 7.23093165985e-06
1920 5.32041420826e-06
1921 4.30992319951e-05
1922 3.7883671114e-06
1923 8.51668120592e-07
1924 1.69054315753e-05
1925 2.47439604006e-08
1926 5.88788387698e-06
1927 0.000510991316573
1928 2.7723400456e-06
1929 4.8272186787e-07
1930 2.94487933299e-06
1931 6.43124469485e-07
1932 1.44580628972e-06
1933 2.64824428385e-05
1934 3.87971508377e-07
1935 9.84683873387e-07
1936 2.72052687477e-06
1937 3.09833579376e-06
1938 6.13444018264e-08
1939 1.09343386879e-05
1940 6.42024682203e-05
1941 1.71339428613e-05
1942 0.0032181884335
1943 4.45778636751e-06
1944 1.92850996557e-05
1945 2.78791580404e-06
1946 0.000148443127814
1947 1.14954266007e-05
1948 0.000130702409062
1949 6.63935725315e-05
1950 2.03998905093e-07
1951 1.16611751339e-07
1952 0.00011422751895
1953 2.05698152842e-06
1954 1.32911211266e-06
1955 0.000681480073782
1956 5.24761720866e-05
1957 6.6456435312e-07
1958 1.24796411469e-06
1959 7.6840239364e-07
1960 0.000799114126228
1961 1.04794121691e-05
1962 4.90755214612e-07
1963 1.61894399257e-05
1964 1.31226523646e-06
1965 0.000182117353788
1966 2.18510240652e-06
1967 2.25997811915e-05
1968 0.0
1969 1.65105647779e-06
1970 0.0
1971 0.000312473258261
1972 1.01042726035e-05
1973 0.000135572943558
1974 0.000121007825328
1975 2.70997916304e-07
1976 1.04165622125e-05
1977 6.49164246814e-05
1978 1.06135552366e-07
1979 1.71278826629e-07
1980 1.78523703053e-05
1981 5.19670614217e-06
1982 2.91661914173e-06
1983 1.48301937047e-05
1984 3.49109063712e-05
1985 1.03453610999e-05
1986 0.000205388944823
1987 1.27373067585e-05
1988 0.000325163645042
1989 2.58073645574e-05
1990 1.57093355121e-06
1991 1.69491616624e-06
1992 8.21904276913e-05
1993 2.01182144701e-07
1994 2.3880433558e-05
1995 5.94414090365e-06
1996 0.000119316345804
1997 2.45377607306e-08
1998 1.98602702483e-06
1999 8.29773626695e-05
2000 1.06494728068e-06
2001 9.80170688073e-07
2002 9.63036870059e-05
2003 2.82629126034e-05
2004 0.000327221662716
2005 8.46391334281e-05
2006 6.11428971511e-06
2007 2.68224840432e-06
2008 0.00121587433319
2009 2.80431551207e-07
2010 5.63276876555e-05
2011 3.98943742034e-06
2012 1.32813101917e-06
2013 7.96195667717e-08
2014 4.73482621361e-08
2015 6.75385930498e-08
2016 1.37002497412e-07
2017 1.01519494807e-07
2018 6.44116219178e-07
2019 8.52647786118e-05
2020 4.75494760955e-07
2021 8.2901746094e-06
2022 3.02563328654e-07
2023 2.82203568866e-06
2024 3.02163488467e-06
2025 8.05830240006e-05
2026 4.18898290081e-07
2027 0.000161089411944
2028 5.73706960065e-05
2029 1.80783330411e-05
2030 0.00024644297207
2031 1.08204278304e-05
2032 0.000235230940128
2033 0.000197007722409
2034 1.43657756381e-05
2035 8.89493826483e-07
2036 3.14815973191e-06
2037 1.14168808927e-06
2038 3.26615088803e-05
2039 0.000509636528955
2040 3.97448107734e-05
2041 1.97096807393e-05
2042 8.07701290715e-07
2043 7.69367332605e-05
2044 1.46564869775e-05
2045 8.45066101013e-07
2046 6.40114730843e-06
2047 2.74148899346e-06
2048 0.00174965812535
2049 2.12107416735e-06
2050 8.54649187464e-06
2051 2.0009544521e-07
2052 2.72166381101e-07
2053 2.97568134704e-05
2054 5.52772043221e-05
2055 0.000322338801239
2056 2.24717472185e-06
2057 2.59245262718e-05
2058 7.42127408664e-06
2059 2.30873969998e-05
2060 9.36187175497e-06
2061 4.50745774027e-05
2062 2.7056691478e-06
2063 9.99804972543e-05
2064 9.91110491163e-06
2065 1.91325281955e-05
2066 3.99532923396e-05
2067 1.26924488541e-07
2068 3.20343761522e-06
2069 0.00144644372696
2070 1.73137994952e-05
2071 4.06362280143e-07
2072 0.000119834595845
2073 0.000220080983644
2074 1.80979094281e-05
2075 4.29206619784e-06
2076 3.85741212911e-06
2077 1.15002867165e-06
2078 2.1296376996e-06
2079 2.4325519417e-05
2080 0.0
2081 3.15548786951e-07
2082 0.00359386649852
2083 1.52312392326e-06
2084 4.80342236368e-06
2085 2.83238045383e-05
2086 7.62857976863e-06
2087 3.15844465343e-06
2088 0.000177704749298
2089 2.25956815772e-05
2090 1.03086641181e-06
2091 1.47152289333e-05
2092 6.1618280506e-06
2093 6.75098116813e-06
2094 2.60449934943e-05
2095 4.90755214612e-08
2096 1.30971637085e-05
2097 6.67222219839e-07
2098 7.29354698838e-07
2099 1.53964863423e-06
2100 4.24364293189e-06
2101 0.0
2102 6.06568761083e-05
2103 0.00422414745114
2104 1.56640005379e-05
2105 1.50697564185e-05
2106 4.69158923416e-07
2107 4.08962678843e-08
2108 1.36851635385e-05
2109 5.27349366267e-06
2110 2.02447223974e-06
2111 0.000279844673134
2112 0.000363995153219
2113 6.68630663633e-06
2114 2.30187564949e-07
2115 1.67471680972e-06
2116 3.5206548672e-06
2117 0.000141521971114
2118 0.000805545037932
2119 8.10272795092e-06
2120 1.12811603226e-06
2121 3.61007985305e-06
2122 8.6173401874e-06
2123 3.75018490389e-06
2124 2.34259989537e-05
2125 5.23817053867e-06
2126 5.69271414424e-05
2127 3.12823313045e-05
2128 0.000118089669315
2129 0.000263594635604
2130 9.770311896e-06
2131 4.58676906586e-07
2132 2.15864118161e-05
2133 0.000223756538687
2134 0.00105193963614
2135 3.05013933146e-05
2136 2.63463201208e-05
2137 6.94010485619e-07
2138 3.47087041269e-05
2139 0.000104533115633
2140 6.66224020279e-06
2141 5.51859305302e-06
2142 9.48692415104e-07
2143 0.00856731481162
2144 0.000561249170494
2145 4.41770433325e-05
2146 1.63331273799e-05
2147 3.97243325629e-06
2148 4.7798326427e-06
2149 3.95489929262e-05
2150 6.89168732927e-05
2151 2.08469040704e-05
2152 1.82735471487e-05
2153 3.89630340262e-06
2154 0.000101264391521
2155 1.37861075491e-05
2156 9.43558240327e-05
2157 8.19110028463e-06
2158 3.82720305115e-05
2159 8.69850183678e-08
2160 2.2472765332e-06
2161 3.57295011374e-06
2162 1.1642856217e-05
2163 1.01158624863e-06
2164 2.37814937148e-05
2165 2.88732846853e-06
2166 6.1635987979e-06
2167 2.93342202009e-07
2168 0.0
2169 0.0
2170 3.31702125171e-05
2171 7.92860441971e-07
2172 0.000118911397203
2173 2.04608180807e-05
2174 8.0377625764e-06
2175 0.00017590187305
2176 1.98492957338e-07
2177 0.000400207913417
2178 6.99095404838e-07
2179 6.13444018264e-08
2180 2.86903623876e-06
2181 4.63499905962e-05
2182 1.90689425355e-06
2183 9.03778246067e-08
2184 7.7070811153e-05
2185 1.4019885116e-05
2186 1.42064833225e-05
2187 5.00145986283e-07
2188 9.19380018215e-05
2189 1.92639579364e-05
2190 0.000799319276291
2191 1.02592029174e-05
2192 1.99354135784e-05
2193 1.55521998121e-06
2194 1.43271566193e-06
2195 4.61851335903e-05
2196 0.0
2197 1.33267178843e-05
2198 2.23413188153e-06
2199 1.19948393107e-05
2200 0.000551805591885
2201 7.31656244833e-06
2202 8.15860616929e-06
2203 2.71590840465e-06
2204 9.02947082336e-05
2205 0.0
2206 1.64269416236e-07
2207 2.54330254652e-05
2208 4.33267189214e-06
2209 9.1165338077e-07
2210 3.13377139077e-06
2211 1.59205585044e-05
2212 2.77701057012e-05
2213 2.79778624782e-06
2214 5.03249696605e-06
2215 5.19825280362e-06
2216 2.49794366667e-05
2217 4.04020771936e-06
2218 1.1071735069e-06
2219 2.34932568787e-05
2220 0.0
2221 9.34680379417e-06
2222 6.02138859599e-06
2223 7.68787298626e-06
2224 0.000123411491763
2225 8.00316806429e-05
2226 8.51713585587e-05
2227 2.54110650859e-05
2228 2.71741094281e-07
2229 6.29386687151e-06
2230 4.92117472417e-05
2231 1.02240669711e-08
2232 7.74645346612e-06
2233 4.18271317042e-05
2234 0.0001306756047
2235 2.56915740373e-06
2236 2.97249119423e-05
2237 8.92133006845e-06
2238 2.33775943273e-06
2239 1.34567287257e-06
2240 2.88371461069e-05
2241 2.38297986587e-05
2242 3.68906084649e-05
2243 0.000893725637295
2244 8.64565815075e-06
2245 2.10700759126e-05
2246 4.2064732681e-08
2247 4.65395260758e-05
2248 0.00022711288682
2249 8.25873537856e-07
2250 2.31262894312e-06
2251 0.000128790004168
2252 5.40083018245e-07
2253 1.11535276048e-08
2254 6.87445460052e-06
2255 5.14485776433e-05
2256 5.23472228919e-07
2257 3.50539439008e-08
2258 7.85293931863e-06
2259 7.61735230239e-07
2260 3.03033908707e-05
2261 2.98199722034e-06
2262 2.59506009797e-06
2263 9.77955553087e-07
2264 1.1655436347e-07
2265 7.21917702118e-05
2266 4.39923931799e-07
2267 0.00550870212316
2268 5.58376750089e-05
2269 0.000875219531184
2270 0.0
2271 1.20670840044e-07
2272 1.04423824176e-05
2273 4.12372694544e-06
2274 1.26456527479e-05
2275 1.43814251844e-06
2276 1.65140810665e-05
2277 6.71126817605e-06
2278 2.24883078438e-06
2279 0.000104726517209
2280 7.9428736166e-05
2281 8.36802969378e-06
2282 2.42456445314e-07
2283 0.000201729840781
2284 0.000543865538765
2285 0.000107024550383
2286 1.38309370297e-05
2287 2.28169110779e-06
2288 4.51025913752e-06
2289 6.12888602553e-06
2290 0.00111499149366
2291 5.84739445724e-06
2292 1.13700073177e-06
2293 0.000254339287621
2294 1.32281882979e-05
2295 0.000115415390521
2296 4.27843559619e-06
2297 4.68095024026e-06
2298 1.86879750265e-06
2299 1.91017967316e-05
2300 4.87203370137e-06
2301 2.59418913094e-05
2302 5.30775133898e-07
2303 0.000231240152931
2304 2.85692540076e-06
2305 1.2652166449e-05
2306 5.00222241527e-07
2307 2.29442387639e-06
2308 2.96147938838e-06
2309 5.13433170396e-06
2310 3.89189745831e-05
2311 8.84750558596e-07
2312 1.56916696319e-06
2313 1.63248512428e-07
2314 0.00017412815929
2315 8.27089717369e-07
2316 6.22660510494e-06
2317 1.21428277993e-06
2318 9.63242016549e-06
2319 9.71324132582e-06
2320 0.000119788643302
2321 2.21286412255e-07
2322 6.48205845966e-07
2323 1.8437867248e-05
2324 1.57859704498e-05
2325 0.000109788875533
2326 0.000298984873846
2327 8.2406386844e-06
2328 0.000181945601885
2329 0.000379569763534
2330 6.73261909568e-06
2331 1.88185738679e-05
2332 1.84055349892e-05
2333 3.56987391624e-05
2334 0.000328015053225
2335 2.23898027579e-05
2336 7.41361452017e-06
2337 0.000200351252951
2338 3.85658739208e-05
2339 1.14355213723e-05
2340 1.83030954499e-05
2341 1.41366873649e-05
2342 6.75756908395e-06
2343 6.32724739674e-06
2344 3.95483765924e-05
2345 0.00015044939077
2346 2.61277408395e-05
2347 1.32784976319e-06
2348 0.00326638688739
2349 9.84171062094e-06
2350 6.70419494488e-07
2351 5.91009976917e-06
2352 2.66029242567e-05
2353 4.94084751122e-06
2354 1.09305766277e-06
2355 8.2936249577e-06
2356 3.25232043416e-05
2357 4.75337411261e-06
2358 1.92849939675e-06
2359 1.12464736682e-07
2360 2.72654572151e-06
2361 8.57343107615e-07
2362 1.49007626083e-05
2363 9.58244628574e-07
2364 7.60948805943e-06
2365 0.000129805356608
2366 3.52315454005e-06
2367 9.10932097163e-06
2368 1.85364281872e-05
2369 0.000167815704585
2370 1.43580879649e-05
2371 5.67391384486e-06
2372 6.05563881542e-06
2373 3.78606339308e-05
2374 8.70272424604e-07
2375 4.44596425511e-06
2376 0.0
2377 2.39206384859e-05
2378 3.31715650549e-05
2379 6.2790901433e-05
2380 8.96315795437e-06
2381 0.0
2382 1.47041982649e-05
2383 0.0
2384 1.22507235393e-06
2385 0.000391737125135
2386 7.57760279531e-05
2387 4.18524580993e-06
2388 1.13049539054e-05
2389 2.06526152816e-07
2390 9.61302714957e-05
2391 2.24188074128e-06
2392 0.00242526713602
2393 6.97738352913e-06
2394 6.69506133541e-06
2395 0.000107372924437
2396 6.42824289879e-05
2397 1.12332546363e-05
2398 9.26504456074e-06
2399 0.000172615537203
2400 0.000151340366143
2401 2.17965175558e-06
2402 2.33331907997e-05
2403 5.48568097485e-07
2404 9.34958049917e-07
2405 1.90901287574e-05
2406 2.69330216391e-06
2407 5.29473887727e-06
2408 2.50432847554e-06
2409 5.29822642274e-06
2410 9.49658485388e-06
2411 2.57436385001e-05
2412 7.17495771434e-06
2413 8.87971229111e-06
2414 2.05138801443e-05
2415 9.82389063668e-06
2416 1.81300523855e-06
2417 3.25889747716e-06
2418 0.000145157388388
2419 1.13238877765e-06
2420 0.000242230179905
2421 7.75118177709e-06
2422 8.48597558599e-07
2423 3.06722009132e-08
2424 8.04611570922e-06
2425 3.80650666438e-07
2426 1.91373408616e-05
2427 2.19034433882e-06
2428 1.207358121e-06
2429 2.69648337851e-05
2430 2.89656253057e-05
2431 7.3561346219e-06
2432 0.0
2433 4.73051998295e-06
2434 9.40743789598e-06
2435 1.69189414006e-05
2436 4.09054722451e-07
2437 3.24639555338e-05
2438 8.17925357686e-08
2439 1.35904618199e-05
2440 3.47618277017e-07
2441 4.85507115477e-06
2442 0.0
2443 1.46058099587e-09
2444 1.33982325678e-05
2445 1.07608950747e-07
2446 2.79657131508e-05
2447 5.1070126306e-06
2448 7.06470059244e-05
2449 5.5573775677e-06
2450 1.47581451666e-05
2451 5.79850655359e-07
2452 0.00014736414245
2453 5.28559258726e-07
2454 2.9947378468e-06
2455 9.4486349889e-07
2456 1.62955806798e-06
2457 8.00451497772e-07
2458 0.0
2459 8.17861867288e-05
2460 7.86145367877e-05
2461 7.57696792924e-06
2462 0.000117844474753
2463 3.82177308157e-05
2464 5.43497363571e-05
2465 1.28451530673e-05
2466 5.48058019912e-06
2467 2.76791554254e-07
2468 2.70644226869e-06
2469 0.00125593051991
2470 2.02261932386e-06
2471 0.0
2472 9.90592523243e-05
2473 0.000218774752575
2474 1.22141116644e-05
2475 4.50367911777e-06
2476 6.32273116352e-05
2477 3.58434200572e-06
2478 1.29120344709e-06
2479 2.91370962173e-05
2480 9.52390730119e-07
2481 3.72718141115e-06
2482 1.75269719504e-08
2483 8.15885376551e-06
2484 0.0
2485 3.47458381374e-06
2486 3.97717504821e-06
2487 1.24024082701e-06
2488 2.42456445314e-07
2489 7.17966971349e-06
2490 3.27650733894e-06
2491 8.57414156611e-07
2492 0.000161909422058
2493 8.56202553737e-06
2494 1.10559311501e-07
2495 6.1946712793e-05
2496 1.11108331863e-05
2497 3.12312960587e-08
2498 3.31966379242e-06
2499 0.000205638230501
2500 1.5227253237e-05
2501 6.95820561857e-06
2502 0.000154883291221
2503 4.86916636783e-05
2504 1.58189313234e-07
2505 5.14887878946e-06
2506 0.0
2507 8.55590765458e-06
2508 1.73903110251e-05
2509 6.57968357198e-05
2510 0.000216009597765
2511 0.000228414709176
2512 0.000187073963089
2513 0.000431618706647
2514 3.73965812357e-07
2515 1.73301110336e-07
2516 7.10430561768e-07
2517 2.04899796149e-05
2518 0.0
2519 1.32182668898e-05
2520 2.91907476437e-06
2521 7.25636734992e-06
2522 7.80900745105e-06
2523 3.98574081126e-07
2524 1.90577746358e-06
2525 3.36606215715e-07
2526 3.22580414125e-06
2527 6.23186202495e-05
2528 1.22688803653e-07
2529 7.97477223744e-08
2530 9.79219653345e-05
2531 2.18961429383e-05
2532 5.71637034795e-06
2533 1.47704739326e-06
2534 7.07655459004e-05
2535 1.58671055624e-06
2536 1.06943740517e-06
2537 7.90328045773e-06
2538 1.27475871534e-05
2539 9.54532715991e-05
2540 4.27461142437e-06
2541 2.0609647482e-05
2542 0.0
2543 0.0013287420451
2544 0.00621366329928
2545 1.5265306205e-05
2546 1.63655996532e-06
2547 5.89158624771e-06
2548 6.2907649615e-05
2549 4.08962678843e-08
2550 3.39712951558e-06
2551 2.15544120555e-05
2552 1.31619605768e-05
2553 5.42852586607e-06
2554 1.97256553851e-05
2555 1.56379285357e-06
2556 6.66575005065e-05
2557 8.31500791189e-06
2558 3.38509214838e-06
2559 5.5507920167e-06
2560 6.10229015149e-06
2561 5.33751284897e-05
2562 9.6781991737e-06
2563 1.38824772977e-06
2564 2.47995264402e-06
2565 1.46058666616e-05
2566 2.45377607306e-08
2567 2.21148770746e-06
2568 6.2185474507e-05
2569 3.52234337811e-08
2570 0.0
2571 4.04844766427e-06
2572 1.56319049597e-05
2573 1.07277186071e-06
2574 6.64557632734e-06
2575 2.33792529132e-06
2576 1.33903620668e-05
2577 3.68899199731e-06
2578 1.76349748091e-06
2579 5.56256444174e-06
2580 1.10450795411e-06
2581 2.73297174804e-08
2582 9.93181223178e-06
2583 1.7567858563e-05
2584 6.56917485433e-05
2585 9.05168165932e-07
2586 9.82879885114e-07
2587 7.70753003423e-06
2588 1.77452515782e-06
2589 6.51560548975e-05
2590 3.95685563168e-05
2591 1.48020012702e-05
2592 9.3740714921e-07
2593 7.3317697795e-05
2594 8.33828632307e-06
2595 0.00266549360337
2596 0.0
2597 0.0
2598 6.98495770727e-05
2599 0.000179353642469
2600 6.87843330912e-08
2601 1.81492630997e-05
2602 1.1442873059e-05
2603 2.17878976662e-05
2604 1.52346580696e-05
2605 2.07200640793e-05
2606 1.17943356833e-05
2607 5.28484632289e-07
2608 2.07230945556e-05
2609 7.77913117155e-05
2610 2.22439872518e-07
2611 4.14463797547e-05
2612 5.1908104248e-05
2613 1.49469825196e-05
2614 1.07440705234e-07
2615 2.44829043285e-06
2616 1.04142827384e-05
2617 0.000100231354216
2618 0.000144022356213
2619 3.76087356321e-06
2620 6.9623537636e-06
2621 2.93601430114e-06
2622 2.45377607306e-08
2623 3.29479142786e-06
2624 1.18629191353e-05
2625 3.05486470578e-05
2626 1.57892398246e-05
2627 2.0571180002e-06
2628 1.24672626929e-06
2629 1.99632141582e-06
2630 0.000134841552805
2631 8.23758976303e-06
2632 4.83110866514e-06
2633 3.27170143074e-08
2634 1.05657798709e-06
2635 3.06722009132e-07
2636 1.56806880981e-05
2637 5.37946122893e-05
2638 4.21378084175e-06
2639 4.41509661519e-06
2640 1.09137831754e-06
2641 9.40243533603e-05
2642 1.26997937989e-06
2643 0.000575770226899
2644 5.57267491746e-05
2645 4.6362352414e-06
2646 2.98221445696e-06
2647 9.4101133949e-06
2648 7.76198090133e-05
2649 2.788290363e-06
2650 7.6951654713e-05
2651 3.79861248376e-07
2652 3.03995591273e-07
2653 9.79921878694e-07
2654 2.78039582788e-05
2655 3.3329720516e-06
2656 4.55005101582e-06
2657 1.97568807908e-06
2658 2.017896708e-06
2659 9.16421728365e-07
2660 4.05894889297e-05
2661 5.55696644519e-05
2662 5.26422575936e-05
2663 1.52660098739e-05
2664 7.3759097584e-06
2665 2.393785602e-05
2666 3.16453338708e-05
2667 9.58661349889e-06
2668 7.65061998841e-06
2669 1.86967110456e-05
2670 0.00143710936825
2671 6.04292405871e-07
2672 0.0
2673 3.91793218363e-06
2674 2.74202951648e-06
2675 1.91818359007e-05
2676 3.42147644136e-05
2677 1.77260469992e-05
2678 2.19063197127e-05
2679 4.54119446849e-07
2680 3.92436367888e-05
2681 8.16341183685e-06
2682 5.94269524828e-06
2683 9.26365773523e-07
2684 4.24072463291e-05
2685 3.82412311363e-06
2686 9.17216486915e-07
2687 3.39325545002e-06
2688 1.13743040219e-06
2689 1.50030879896e-06
2690 1.23191732551e-05
2691 1.46562628032e-05
2692 0.0
2693 1.84033205479e-08
2694 3.20249658664e-05
2695 5.21194748146e-05
2696 1.24468243335e-07
2697 6.0462132446e-06
2698 1.91706566911e-06
2699 0.000623304264786
2700 5.50240695171e-08
2701 3.993666617e-06
2702 6.37552280905e-07
2703 5.1358251243e-06
2704 2.9348076995e-07
2705 0.0
2706 1.55902344328e-06
2707 2.05915059968e-05
2708 2.5410761511e-05
2709 5.99576644759e-06
2710 1.61861585962e-06
2711 9.8084261346e-07
2712 1.06314184223e-05
2713 7.98257164373e-06
2714 1.95754634547e-05
2715 6.13444018264e-08
2716 1.22940818248e-05
2717 0.000115179158686
2718 1.615726992e-06
2719 1.47709501887e-05
2720 6.41111198598e-05
2721 1.79786578488e-05
2722 0.0
2723 0.0
2724 1.00283933777e-06
2725 0.000111495456892
2726 3.69368677231e-06
2727 3.68308643555e-06
2728 1.85965291981e-06
2729 7.94844858396e-06
2730 0.00156025381365
2731 0.000110839335377
2732 3.88376567028e-06
2733 1.75269719504e-08
2734 1.66093288719e-06
2735 2.50081183114e-05
2736 9.98674412136e-06
2737 0.0
2738 5.55849533061e-06
2739 0.00148129563659
2740 9.1659096072e-06
2741 0.0
2742 1.51873482338e-05
2743 7.26446226672e-05
2744 8.97004484217e-06
2745 2.54059915179e-06
2746 1.29285793939e-05
2747 8.16542678862e-08
2748 7.34995339142e-07
2749 5.97043247423e-05
2750 8.23480438597e-06
2751 1.93628951775e-05
2752 1.32653891266e-05
2753 3.77258617688e-06
2754 1.02615169336e-05
2755 0.000103350757877
2756 2.1541680307e-05
2757 5.24865687843e-06
2758 2.33766719368e-05
2759 1.86944066926e-05
2760 7.4876647006e-06
2761 2.63774057955e-06
2762 5.1608830962e-06
2763 3.78669864318e-06
2764 2.58664430221e-05
2765 3.81327802404e-05
2766 6.1041890285e-06
2767 2.00212071652e-06
2768 0.0
2769 1.34827919948e-05
2770 7.16470814203e-07
2771 5.55149240128e-07
2772 7.40372932808e-07
2773 2.3043408596e-05
2774 8.17468540211e-06
2775 2.45377607306e-08
2776 1.54574858224e-05
2777 1.09738318823e-07
2778 1.93561583767e-05
2779 6.58185162045e-05
2780 4.60951942577e-07
2781 4.04424023456e-05
2782 3.22397971111e-05
2783 3.56277256829e-05
2784 1.07470631365e-05
2785 1.06358881016e-05
2786 1.68291224414e-05
2787 0.000347512802215
2788 2.39012160662e-05
2789 0.0
2790 2.50717358647e-06
2791 6.54247340085e-07
2792 1.9048092156e-06
2793 0.0
2794 5.26728123042e-05
2795 6.31110187217e-07
2796 7.34435098005e-06
2797 1.98690093182e-05
2798 2.00565712683e-06
2799 1.37991033953e-07
2800 1.36320892948e-08
2801 2.46515995326e-05
2802 1.79273429763e-07
2803 2.88952951723e-07
2804 5.80845450607e-06
2805 5.84848089413e-07
2806 2.09667287157e-06
2807 0.000424910841948
2808 3.7479296523e-06
2809 0.0
2810 5.51291361427e-06
2811 2.15335825647e-05
2812 3.41970697166e-07
2813 1.2279638436e-05
2814 2.59294732574e-05
2815 0.0
2816 5.65924105636e-06
2817 3.181145409e-07
2818 0.0
2819 5.08000784551e-06
2820 1.00540504959e-05
2821 1.83362666022e-06
2822 1.99807469502e-06
2823 7.99615162284e-06
2824 7.23767073412e-06
2825 0.0
2826 1.19762174997e-05
2827 1.01054157475e-05
2828 1.24177445829e-05
2829 0.00232756448228
2830 1.62352019385e-06
2831 1.69321366958e-06
2832 2.230763059e-06
2833 9.85937895469e-06
2834 3.0252102605e-05
2835 4.29410812785e-07
2836 7.09892763409e-06
2837 1.51886310471e-05
2838 7.91960721675e-07
2839 0.0
2840 0.000122222908126
2841 9.85410420892e-06
2842 1.58016707647e-05
2843 0.0
2844 2.69414908971e-06
2845 7.99489304276e-06
2846 5.26456741096e-06
2847 3.85103222469e-06
2848 1.95805488306e-06
2849 5.60330886652e-06
2850 1.7178047495e-05
2851 2.47628227398e-06
2852 2.48253096351e-06
2853 3.52268348287e-08
2854 8.20593302971e-06
2855 7.25967299057e-06
2856 0.0
2857 4.46387030794e-06
2858 0.0
2859 3.47492135931e-06
2860 2.66299357617e-06
2861 0.0
2862 5.98107917808e-07
2863 0.00177864500381
2864 0.000142894411583
2865 2.0424450756e-05
2866 1.54090961285e-05
2867 1.92834616618e-05
2868 2.78868449075e-05
2869 1.06762863932e-05
2870 0.000246489749879
2871 6.14257409429e-06
2872 2.57153798959e-05
2873 1.69120702896e-05
2874 1.99861813704e-05
2875 1.02436731539e-05
2876 1.8688895237e-05
2877 1.04552325692e-06
2878 5.99818356876e-05
2879 1.01401159077e-06
2880 8.83253162228e-08
2881 0.00292492899965
2882 2.46200483104e-05
2883 1.19636189372e-06
2884 2.89102961912e-05
2885 3.73085498381e-07
2886 0.0
2887 2.97666406958e-07
2888 8.603840121e-06
2889 2.24466989103e-06
2890 2.75622256327e-06
2891 4.40195792619e-05
2892 9.84650254802e-07
2893 1.73438485011e-05
2894 8.96796731463e-07
2895 2.15798130199e-05
2896 9.10509442105e-07
2897 9.26809130711e-06
2898 6.22056827717e-06
2899 4.62074715056e-08
2900 8.76348597521e-09
2901 8.11839603536e-08
2902 6.54823884469e-05
2903 0.0
2904 7.28736970875e-07
2905 7.2511587914e-05
2906 1.49703028228e-05
2907 2.66098106282e-05
2908 2.19800121269e-06
2909 9.98929082591e-07
2910 2.70967606898e-05
2911 2.37825595176e-05
2912 8.10363394864e-06
2913 0.000397986705254
2914 2.6241536268e-05
2915 0.00139717717125
2916 4.84043569726e-05
2917 1.67886136957e-05
2918 3.16180844257e-07
2919 1.12055313115e-06
2920 2.17518497434e-05
2921 2.12906349966e-05
2922 2.09466074048e-05
2923 0.0
2924 3.71372833218e-06
2925 6.24688276568e-06
2926 2.51533095662e-05
2927 4.34522846271e-07
2928 3.85671390304e-05
2929 4.17120998021e-05
2930 5.97794078204e-06
2931 1.75269719504e-08
2932 8.43511738496e-06
2933 8.61862420298e-06
2934 1.0256199753e-06
2935 3.6340516588e-06
2936 6.41048999086e-07
2937 0.000488069853164
2938 1.77149715713e-05
2939 9.05121360951e-06
2940 1.44302165721e-05
2941 8.62276231907e-06
2942 1.80114883533e-06
2943 7.25567952714e-07
2944 3.18079830225e-05
2945 8.14070170496e-05
2946 1.07589500675e-05
2947 9.53406700632e-05
2948 4.541274939e-07
2949 1.8122602977e-06
2950 4.05398861213e-06
2951 2.05372705478e-05
2952 0.00020936052785
2953 6.13444018264e-08
2954 1.66109888198e-06
2955 1.51564489941e-06
2956 2.03125959875e-05
2957 2.89742557153e-05
2958 2.41317192137e-06
2959 2.6575722652e-05
2960 2.96295707869e-07
2961 3.68300688233e-05
2962 9.82950242051e-07
2963 1.39751897668e-05
2964 3.27170143074e-08
2965 2.33617389762e-05
2966 5.92912644979e-06
2967 5.14787853957e-05
2968 4.1066399684e-06
2969 1.70111230175e-05
2970 1.45574088663e-05
2971 1.39545129871e-06
2972 1.58623522154e-07
2973 2.55505664058e-07
2974 0.000704967416419
2975 1.07761630965e-05
2976 6.13444018264e-08
2977 0.000336151215959
2978 2.13431013304e-06
2979 8.61816504222e-06
2980 3.38105796059e-05
2981 0.0
2982 2.98463855225e-06
2983 4.88732871694e-08
2984 1.49388224257e-06
2985 3.71098637999e-06
2986 5.1029535043e-06
2987 3.56165550761e-05
2988 2.39852780725e-06
2989 1.31925594974e-05
2990 3.04301993966e-05
2991 3.91501175688e-07
2992 6.43888811384e-06
2993 4.61289684378e-05
2994 1.12854376422e-05
2995 1.88748362769e-05
2996 5.08119718732e-06
2997 1.661711667e-05
2998 1.63701918017e-06
2999 1.25778644062e-07
3000 1.97023271067e-05
3001 0.000383683879484
3002 2.31650432753e-05
3003 7.458251927e-05
3004 0.0
3005 7.82058339555e-06
3006 4.45061523631e-05
3007 0.0
3008 6.19474622844e-06
3009 5.70525407463e-08
3010 3.10968733269e-06
3011 1.47902670577e-05
3012 4.13204143064e-05
3013 2.57792545771e-07
3014 3.33129447179e-06
3015 7.29127782659e-06
3016 1.43265263819e-06
3017 6.25069740209e-06
3018 0.00145405210938
3019 7.42483483099e-06
3020 0.000134574399374
3021 0.000119074087075
3022 2.34662488247e-06
3023 1.88106145852e-05
3024 6.30052376397e-06
3025 5.44011971935e-06
3026 2.05885998779e-05
3027 4.78078866557e-05
3028 8.42579689713e-05
3029 1.24222413699e-06
3030 0.000272644841118
3031 7.51925141147e-08
3032 0.0
3033 1.33283926627e-06
3034 1.91519006217e-05
3035 4.33933320819e-05
3036 5.09953124085e-05
3037 1.16309485752e-05
3038 0.0
3039 7.24027473343e-05
3040 5.6558480927e-07
3041 2.25195117551e-06
3042 5.43408193408e-06
3043 2.56907925947e-06
3044 4.89431914e-06
3045 1.63585071537e-07
3046 6.58429912937e-07
3047 1.07059873087e-05
3048 2.14430152622e-06
3049 1.48678553726e-06
3050 2.67207477872e-05
3051 1.89197885106e-06
3052 0.00399308810927
3053 1.92040254013e-05
3054 1.57791433587e-07
3055 3.69920698861e-05
3056 2.45377607306e-08
3057 2.15885349627e-05
3058 6.94890647228e-06
3059 5.60361655982e-08
3060 0.0
3061 4.69309233023e-05
3062 1.33648029725e-06
3063 2.19573411691e-05
3064 1.31160173429e-07
3065 9.69263892951e-06
3066 7.32451895709e-06
3067 1.14728637225e-06
3068 2.31726043598e-06
3069 8.98473720711e-07
3070 1.99568010177e-06
3071 7.31655803805e-06
3072 0.0
3073 4.80038093178e-05
3074 2.01481090993e-05
3075 2.45377607306e-08
3076 1.39597666995e-05
3077 7.1072239242e-05
3078 4.23829386316e-05
3079 2.88198429266e-05
3080 2.10530297668e-05
3081 9.80711477392e-06
3082 8.97406168784e-06
3083 7.81598782493e-05
3084 2.62758521157e-07
3085 5.14885612093e-05
3086 9.91620892919e-06
3087 6.76604281201e-06
3088 3.02645375779e-05
3089 8.48615339585e-07
3090 2.73608880427e-05
3091 0.000106053771608
3092 0.0
3093 5.36603460062e-07
3094 2.41329899992e-06
3095 4.29232822955e-08
3096 1.92334067028e-06
3097 1.01713150054e-05
3098 4.02868259568e-05
3099 1.68200584315e-05
3100 4.31601684279e-07
3101 9.04391694104e-05
3102 0.000349067913592
3103 2.24125359719e-06
3104 2.21004885418e-06
3105 4.56926633909e-05
3106 1.85362334186e-06
3107 1.24891784203e-05
3108 4.74770026244e-05
3109 0.000715934095586
3110 1.17866405914e-06
3111 5.02280210303e-06
3112 0.000134667389851
3113 9.61286256784e-08
3114 3.13702683928e-05
3115 1.56447854147e-05
3116 2.90928495274e-05
3117 6.77788240625e-05
3118 0.00107923120532
3119 1.85112028827e-05
3120 2.59651115907e-05
3121 1.40494731942e-05
3122 1.22688803653e-07
3123 2.89681897514e-08
3124 5.38392164037e-06
3125 1.25953933929e-05
3126 0.0
3127 1.75269719504e-08
3128 2.45377607306e-08
3129 1.83156856882e-07
3130 6.32497966009e-06
3131 5.5704567481e-07
3132 1.75269719504e-08
3133 0.00425126161822
3134 4.71621603566e-07
3135 0.0
3136 0.000449661015721
3137 6.12071142118e-05
3138 3.38508303913e-05
3139 2.867506919e-06
3140 2.41955026837e-06
3141 7.07687385612e-05
3142 5.28925064637e-07
3143 5.4333641876e-06
3144 2.04481339421e-08
3145 4.60344870016e-06
3146 3.35549088794e-05
3147 2.23470290797e-05
3148 0.0
3149 1.58925861053e-05
3150 0.00255247911235
3151 6.14288443868e-05
3152 1.35467451156e-06
3153 7.08499953562e-05
3154 1.04639211084e-06
3155 0.000173324289657
3156 1.10361500048e-06
3157 7.74995731945e-07
3158 2.88956978114e-06
3159 7.58251215445e-06
3160 3.80335291324e-07
3161 7.32133879078e-06
3162 3.85593382909e-07
3163 6.87251386258e-05
3164 1.54794380238e-06
3165 2.60929456349e-06
3166 1.40894860651e-06
3167 4.51827597847e-06
3168 1.29242468907e-06
3169 8.48672105502e-05
3170 7.21610247202e-06
3171 3.61559436348e-06
3172 4.02042293414e-06
3173 3.67819635937e-05
3174 0.000606746288656
3175 1.59809097895e-05
3176 7.66805022831e-09
3177 4.99793651241e-06
3178 1.65193583225e-05
3179 1.94754570477e-05
3180 6.553257822e-05
3181 1.75269719504e-08
3182 1.75269719504e-08
3183 2.11062427526e-05
3184 0.0
3185 2.16611103062e-05
3186 6.80910328749e-05
3187 5.6982072536e-05
3188 7.96344901678e-06
3189 2.60274700939e-05
3190 1.53256027659e-06
3191 9.3559949992e-07
3192 1.90094061616e-05
3193 9.60105915687e-07
3194 6.47284013632e-06
3195 1.68375127915e-06
3196 1.07186722849e-05
3197 1.55512898068e-05
3198 5.63627542031e-07
3199 7.03938331461e-05
3200 2.53457722497e-06
3201 7.09891050025e-07
3202 6.83254488227e-05
3203 1.7047365373e-07
3204 1.59883454024e-05
3205 0.0002770257104
3206 1.19879653532e-05
3207 6.24585123621e-06
3208 9.6847297932e-06
3209 2.73479185666e-06
3210 4.83543044387e-06
3211 2.99894567828e-06
3212 8.5774774606e-06
3213 1.09545447549e-05
3214 8.65614467004e-06
3215 6.82308227841e-05
3216 6.66100867258e-06
3217 3.55797530593e-07
3218 1.91092680293e-07
3219 2.89681897514e-08
3220 1.25704296436e-05
3221 1.23202720525e-05
3222 7.62130108212e-06
3223 1.39854022334e-05
3224 8.65702032493e-06
3225 2.1777424698e-05
3226 5.92355608544e-06
3227 1.54576578978e-05
3228 1.84033205479e-07
3229 2.76429368166e-06
3230 2.66233936404e-06
3231 0.0
3232 8.37244269527e-06
3233 4.81301757326e-05
3234 5.91394919948e-05
3235 4.99726871577e-06
3236 1.77163438313e-07
3237 2.69057435891e-06
3238 9.55299750825e-06
3239 4.03770674227e-06
3240 7.11134455925e-06
3241 2.99264828686e-05
3242 5.71628113415e-07
3243 2.70613869418e-06
3244 5.33237515881e-07
3245 1.1470606461e-06
3246 1.93882163656e-05
3247 6.97042363264e-07
3248 7.27208421896e-06
3249 0.00010210310974
3250 1.39575286904e-06
3251 5.98997695942e-07
3252 4.46937784736e-07
3253 2.45129489148e-05
3254 5.47446318332e-05
3255 1.58314722063e-06
3256 8.96887024331e-06
3257 6.8462895849e-05
3258 1.13082574555e-05
3259 0.00012524749128
3260 8.51056814315e-06
3261 1.02592303991e-05
3262 2.26090637072e-05
3263 3.9358460391e-07
3264 0.000289028578122
3265 3.03349882178e-06
3266 9.74241967755e-05
3267 1.53361004566e-08
3268 2.94975687595e-05
3269 0.0
3270 7.424133202e-07
3271 2.45377607306e-08
3272 1.84033205479e-07
3273 2.38740817429e-05
3274 3.55389607535e-06
3275 6.72645393109e-05
3276 1.25888277821e-05
3277 9.5134414453e-06
3278 2.83979221138e-05
3279 1.8142172504e-05
3280 2.31214971078e-05
3281 0.000119364878796
3282 6.40545204482e-08
3283 0.0
3284 1.6513553444e-07
3285 9.09516982106e-06
3286 2.6075291197e-06
3287 8.48398982348e-06
3288 1.98811883815e-05
3289 2.4092547042e-05
3290 3.67474770326e-05
3291 3.18350480907e-07
3292 0.000145008967428
3293 1.74077354291e-06
3294 0.000682673874668
3295 5.25962995423e-06
3296 2.8527460041e-05
3297 2.88522912441e-05
3298 6.23090688005e-06
3299 2.07913925976e-05
3300 3.66108319985e-05
3301 1.83987396348e-06
3302 8.37292657722e-06
3303 8.87055415247e-05
3304 8.32170581177e-06
3305 4.54955701049e-05
3306 1.19767641661e-07
3307 3.11714720211e-06
3308 3.70638651254e-06
3309 7.37593402913e-08
3310 4.67461296914e-06
3311 3.06722009132e-08
3312 1.96616672521e-08
3313 1.36614290885e-06
3314 0.000851398274246
3315 2.25513705762e-07
3316 3.08367414175e-07
3317 5.15635568555e-06
3318 0.0
3319 1.36087336173e-06
3320 1.54975983445e-05
3321 0.000125370296749
3322 4.21667700545e-05
3323 1.75269719504e-08
3324 1.6417942724e-07
3325 3.98844834035e-05
3326 1.31588746706e-06
3327 3.6330591204e-06
3328 4.32371234646e-05
3329 6.75593244043e-06
3330 3.86663527722e-06
3331 0.000100757047933
3332 4.24648860114e-05
3333 2.11373431909e-05
3334 1.57450631355e-07
3335 6.73814699427e-08
3336 4.27755421431e-05
3337 0.0
3338 2.83958892788e-06
3339 1.21573450892e-07
3340 1.6359407227e-05
3341 0.000185133930422
3342 1.11031549693e-05
3343 0.000771893921768
3344 2.60144081174e-06
3345 0.0016862614668
3346 2.84101765119e-05
3347 1.08831262524e-05
3348 3.84798349422e-05
3349 2.28747301789e-05
3350 1.86627421148e-06
3351 0.000457736735142
3352 2.90448787753e-05
3353 2.93015018248e-08
3354 4.27372973544e-05
3355 2.89681897514e-08
3356 2.12398326522e-05
3357 6.15561735275e-07
3358 1.87514962525e-06
3359 7.62170927576e-07
3360 1.73498511202e-06
3361 0.000756336634676
3362 1.58904530826e-05
3363 3.81585150186e-05
3364 0.000112284621227
3365 5.15654754414e-06
3366 2.47023155899e-05
3367 5.99634682501e-05
3368 4.2447658916e-08
3369 5.52099616438e-08
3370 1.54056138328e-05
3371 4.52337508417e-08
3372 1.74783540096e-07
3373 0.0
3374 9.41813029717e-06
3375 2.52709723905e-06
3376 3.06722009132e-08
3377 0.0
3378 8.70384798825e-06
3379 1.9496084522e-05
3380 2.41197569339e-06
3381 5.34279181742e-06
3382 0.000338463726785
3383 1.28435117417e-07
3384 3.02315616712e-06
3385 7.18072207235e-06
3386 0.000160665513612
3387 4.41124806107e-05
3388 0.0036276338085
3389 4.10075194316e-07
3390 7.36132821917e-08
3391 5.04522590582e-06
3392 4.38566556787e-06
3393 1.35678284974e-06
3394 6.84027064249e-06
3395 1.40512543563e-05
3396 1.16904503219e-05
3397 5.6399856396e-05
3398 0.00013775460572
3399 5.5502077843e-08
3400 1.86589455612e-06
3401 9.33942601242e-06
3402 0.0
3403 1.38875115994e-06
3404 0.000461968592999
3405 1.80871850068e-05
3406 1.78517520519e-06
3407 0.000117792503121
3408 0.0
3409 0.0
3410 1.22851228182e-05
3411 5.11713665437e-06
3412 5.43604138222e-05
3413 2.7718948949e-05
3414 0.0
3415 4.90462043328e-07
3416 9.76817494298e-06
3417 7.9826287857e-06
3418 3.67162658063e-05
3419 5.18169877304e-07
3420 1.84767127782e-05
3421 9.59251380862e-06
3422 2.7181359259e-06
3423 9.09272876691e-06
3424 1.44013286193e-07
3425 1.53361004566e-08
3426 5.37104318214e-07
3427 8.75879411571e-05
3428 1.21573450892e-07
3429 3.94750783153e-07
3430 3.06722009132e-08
3431 4.68471922998e-06
3432 1.02802808357e-05
3433 1.72124311102e-06
3434 1.16395506796e-05
3435 5.65798823776e-05
3436 9.07500049617e-06
3437 8.48354128433e-08
3438 0.209156958155
3439 3.05645235313e-06
3440 3.14901262709e-07
3441 0.000450271398053
3442 3.05699602435e-07
3443 2.12385096853e-05
3444 3.57581606347e-06
3445 3.06722009132e-08
3446 0.0
3447 3.27754375473e-07
3448 1.7307884801e-07
3449 0.000101196397566
3450 2.51900217218e-05
3451 1.0554094423e-05
3452 0.0
3453 4.27731468764e-07
3454 0.0
3455 0.000652064995189
3456 8.93082881464e-06
3457 0.00083313218862
3458 1.18565655333e-07
3459 9.22494822624e-07
3460 2.19472654243e-06
3461 5.40645930727e-06
3462 1.7429599884e-07
3463 7.46576620237e-07
3464 2.31474025274e-06
3465 8.40872077477e-06
3466 6.85349544215e-08
3467 5.11555140692e-06
3468 0.0
3469 7.89478653229e-06
3470 4.18129213476e-06
3471 2.32128135993e-06
3472 2.41749570265e-06
3473 2.1880831119e-07
3474 3.4023127798e-07
3475 1.80910575235e-06
3476 4.56545099542e-06
3477 8.26576491277e-07
3478 2.59691301065e-07
3479 5.47979007628e-07
3480 8.40497973077e-08
3481 2.02535194194e-06
3482 7.52863113325e-08
3483 1.28234585434e-06
3484 1.57773286975e-06
3485 1.54453086765e-06
3486 1.23388254734e-06
3487 2.34623185712e-06
3488 0.000283690500586
3489 8.17198156405e-05
3490 0.0
3491 1.51506066701e-06
3492 1.39830484669e-06
3493 3.89565720618e-07
3494 5.2588057274e-07
3495 1.06330296499e-07
3496 0.0012235119063
3497 5.60337293255e-06
3498 1.44655986407e-06
3499 1.77497251936e-07
3500 3.02766268935e-06
3501 1.36317794746e-06
3502 0.000491862590029
3503 2.04481339421e-07
3504 9.43799123977e-07
3505 7.09550247793e-07
3506 4.88306885927e-06
3507 1.85943686646e-05
3508 5.91243187127e-07
3509 6.21120256598e-06
3510 8.16157324595e-07
3511 1.62429357034e-06
3512 7.88508507413e-06
3513 1.19556176854e-06
3514 9.20166027397e-08
3515 5.45403694979e-05
3516 1.01715303153e-06
3517 5.1518675127e-08
3518 7.16236115881e-07
3519 3.96565802393e-05
3520 6.24724197648e-07
3521 5.63459343713e-07
3522 5.16929772214e-05
3523 5.59061719185e-07
3524 7.52863113325e-08
3525 1.48104240782e-06
3526 0.00057366514097
3527 1.1573092604e-05
3528 6.18671210112e-07
3529 5.83648287161e-05
3530 9.28818186465e-06
3531 6.8910211385e-07
3532 2.87442339987e-07
3533 1.78809330302e-06
3534 1.20758935159e-06
3535 4.21194267296e-06
3536 2.69556555376e-06
3537 1.47854614212e-06
3538 1.02240669711e-07
3539 1.7387876294e-06
3540 1.48263576891e-06
3541 0.000390698558606
3542 5.1263328799e-08
3543 5.30596652486e-06
3544 8.7025353074e-07
3545 2.8627387519e-07
3546 0.000279064260959
3547 2.7929229803e-06
3548 2.33677604513e-06
3549 5.32235714894e-07
3550 1.59539262179e-06
3551 0.000370736430021
3552 6.82967673668e-07
3553 7.60520098545e-08
3554 7.61493558891e-06
3555 2.60021984574e-06
3556 4.58220109028e-06
3557 0.000301512881859
3558 2.98178297724e-05
3559 9.22366770032e-06
3560 4.5670431473e-06
3561 0.0
3562 0.0011012569364
3563 8.40497973077e-08
3564 1.55949474592e-06
3565 2.1813378833e-06
3566 0.0
3567 1.37002497412e-06
3568 9.91261254333e-08
3569 1.15980892434e-05
3570 1.01677183151e-06
3571 0.0
3572 6.76136648702e-07
3573 0.0
3574 3.23003378949e-06
3575 4.08227397576e-07
3576 0.0
3577 8.65833552256e-05
3578 0.00056782877421
3579 1.4671583394e-05
3580 6.85349544215e-08
3581 3.48786741813e-07
3582 1.89875529463e-08
3583 0.0
3584 1.1582863516e-06
3585 2.39019159788e-05
3586 2.40703748119e-07
3587 1.31098059505e-05
3588 3.12289920929e-07
3589 3.06722009132e-08
3590 0.0
3591 3.68757654619e-06
3592 4.80973949619e-07
3593 0.000622513007012
3594 1.6676785176e-05
3595 1.89875529463e-08
3596 1.10279653038e-07
3597 0.000224454412414
3598 0.0
3599 1.37002497412e-07
3600 3.13202048053e-06
3601 6.44116219178e-07
3602 2.66801368498e-06
3603 1.71587953901e-06
3604 1.15760406621e-07
3605 0.000376839022676
3606 6.17903174941e-05
3607 5.52099616438e-08
3608 2.30041506849e-07
3609 8.49843308563e-07
3610 0.00395058469123
3611 3.71708126242e-06
3612 0.000126033678045
3613 5.96277459144e-06
3614 8.40497973077e-08
3615 5.13403072054e-07
3616 2.94576102679e-06
3617 9.59017481887e-07
3618 1.19651526582e-05
3619 5.42213959523e-06
3620 8.17925357686e-08
3621 6.8044352752e-07
3622 1.73132845247e-06
3623 4.32762658917e-07
3624 7.3474056025e-07
3625 1.38390049358e-06
3626 6.51516336065e-06
3627 1.18862081444e-06
3628 4.68648756239e-07
3629 5.26316957243e-06
3630 7.19313078307e-06
3631 8.29281960723e-08
3632 2.0964784679e-07
3633 3.37394210045e-07
3634 0.00113737083678
3635 8.19154524814e-07
3636 1.8798265016e-06
3637 9.99765628874e-07
3638 1.63585071537e-07
3639 6.33892152207e-07
3640 8.76348597521e-09
3641 6.44432930548e-05
3642 2.76049808219e-07
3643 4.06708891508e-05
3644 1.9353352704e-06
3645 3.80335291324e-07
3646 2.93022780776e-06
3647 3.94674229322e-07
3648 7.36132821917e-08
3649 2.56410865525e-06
3650 8.40497973077e-08
3651 0.0
3652 0.000319111333808
3653 3.61931970776e-07
3654 0.0
3655 0.00596357436141
3656 1.32191432132e-07
3657 7.07798721722e-07
3658 1.3886141868e-07
3659 5.25134904016e-07
3660 9.99232145306e-07
3661 4.60083013698e-07
3662 1.55990050359e-07
3663 3.01025743248e-06
3664 3.04595244587e-07
3665 9.61062295281e-07
3666 1.22688803653e-07
3667 9.56494421282e-09
3668 1.8207042651e-06
3669 9.43760028099e-09
3670 0.0
3671 1.31467199267e-06
3672 8.72112912633e-07
3673 2.11203580168e-05
3674 1.84033205479e-07
3675 0.00064200227691
3676 1.3437345162e-07
3677 0.0
3678 0.00091403138942
3679 2.8627387519e-07
3680 1.54251958974e-06
3681 2.27165302955e-05
3682 7.84526505966e-08
3683 5.04192559774e-07
3684 1.00240682869e-06
3685 0.00126482520507
3686 2.63254233495e-07
3687 0.0
3688 2.34767906686e-05
3689 0.0
3690 0.0
3691 9.07427241696e-06
3692 0.0
3693 0.000304623241273
3694 3.77974555213e-06
3695 3.06722009132e-07
3696 8.40497973077e-08
3697 2.65290194883e-07
3698 1.23072864163e-05
3699 1.08761499957e-06
3700 0.0
3701 0.0
3702 6.93775973037e-07
3703 4.35538726671e-06
3704 1.13658515722e-05
3705 0.0
3706 2.52683296456e-05
3707 2.1252708889e-06
3708 1.61553962352e-06
3709 3.86492201983e-08
3710 0.0
3711 1.18148511746e-06
3712 2.94250884936e-06
3713 6.25655180346e-08
3714 8.16133768956e-07
3715 2.81759024632e-06
3716 5.61707948283e-08
3717 0.0
3718 0.0
3719 1.50193938931e-06
3720 4.34648611584e-06
3721 9.34479721156e-07
3722 0.0003684313991
3723 6.67254866403e-06
3724 0.00018310759883
3725 2.49467234094e-07
3726 6.34588396527e-07
3727 9.77286199872e-07
3728 2.53556860883e-07
3729 1.97049136195e-06
3730 0.0
3731 1.09125523213e-06
3732 6.63041952479e-05
3733 0.0
3734 0.0
3735 7.77742072223e-06
3736 1.02775255988e-07
3737 4.52612070742e-07
3738 6.77354942367e-05
3739 7.40545744194e-06
3740 2.20889894455e-07
3741 2.16865985923e-06
3742 0.000128336608744
3743 8.17925357686e-08
3744 6.34588396527e-07
3745 0.0
3746 1.99369305936e-07
3747 0.0
3748 4.2702696756e-06
3749 0.0
3750 2.45377607306e-08
3751 0.000391118377523
3752 6.13444018264e-08
3753 1.46287643919e-06
3754 1.36253402531e-06
3755 3.24156035019e-07
3756 2.91880803008e-06
3757 0.0014602472027
3758 2.55489321893e-07
3759 1.74224827951e-05
3760 1.61645869384e-06
3761 2.00302206836e-06
3762 1.04611293003e-06
3763 6.90426930349e-07
3764 1.20084543477e-06
3765 9.57783602368e-06
3766 0.0
3767 1.22688803653e-08
3768 1.06549383649e-06
3769 3.19765712395e-06
3770 4.01245443118e-07
3771 1.03788885566e-06
3772 6.69676386605e-07
3773 4.6056987403e-07
3774 1.98735777021e-07
3775 7.25796402562e-07
3776 1.32299426606e-06
3777 1.11833588651e-06
3778 3.4094080031e-07
3779 2.58950456252e-07
3780 3.34877903837e-05
3781 1.96241496003e-06
3782 1.75269719504e-08
3783 8.20099376322e-06
3784 2.23070552096e-08
3785 1.13104708346e-06
3786 3.37492354764e-05
3787 1.88291252364e-06
3788 7.15684687975e-08
3789 5.74206800561e-08
3790 4.948448414e-07
3791 7.74875068396e-05
3792 3.56480905459e-06
3793 9.81799405901e-07
3794 1.98208396929e-05
3795 6.12355540656e-06
3796 4.2300672688e-08
3797 7.85268484949e-07
3798 0.0004073879616
3799 0.0
3800 2.21657771933e-06
3801 8.99525439008e-06
3802 6.13444018264e-08
3803 9.56568431437e-07
3804 4.74822402918e-06
3805 0.000117152629603
3806 2.03020758426e-07
3807 1.13633201479e-07
3808 0.0
3809 0.0
3810 2.06053898294e-06
3811 6.54717367727e-06
3812 0.0
3813 4.0282823866e-07
3814 0.0
3815 1.08521167993e-07
3816 7.22938338294e-08
3817 6.13444018264e-08
3818 7.20816749494e-07
3819 6.50186993009e-07
3820 1.55894040139e-07
3821 0.0
3822 7.43514952351e-06
3823 2.9409761328e-06
3824 2.6425287596e-06
3825 9.51348005322e-05
3826 1.02754055419e-05
3827 4.27132751737e-06
3828 2.06526152816e-07
3829 3.31775999329e-05
3830 1.35167823632e-05
3831 0.00591186370947
3832 3.89592964866e-06
3833 6.47705503348e-07
3834 3.12364000631e-06
3835 6.77266981781e-08
3836 8.58529039949e-07
3837 4.5639111435e-06
3838 4.67273566293e-07
3839 0.000172265036457
3840 1.06330296499e-07
3841 7.87872797195e-08
3842 3.17780908094e-06
3843 8.60460965892e-06
3844 2.2848797979e-07
3845 0.0
3846 7.26791484764e-07
3847 0.0
3848 2.38425241765e-06
3849 2.45377607306e-08
3850 3.06722009132e-08
3851 1.22240218268e-06
3852 0.000908813580406
3853 1.79345851185e-06
3854 0.0
3855 0.0
3856 1.40978924404e-06
3857 0.0
3858 2.05911278858e-08
3859 1.03975738975e-05
3860 4.90755214612e-07
3861 0.0198254274879
3862 0.000908407939051
3863 8.84517226688e-07
3864 3.66459771863e-07
3865 0.0
3866 1.11535276048e-08
3867 1.44340946601e-06
3868 1.71929310006e-06
3869 4.44274692766e-07
3870 8.68711840683e-06
3871 4.11991143931e-06
3872 8.76348597521e-09
3873 0.000364894894737
3874 5.01086683359e-06
3875 8.42356894344e-08
3876 0.0
3877 1.02240669711e-08
3878 0.0011728304374
3879 5.03941639449e-07
3880 0.0
3881 1.03672039087e-06
3882 2.5472665348e-06
3883 1.05648692034e-07
3884 8.40497973077e-08
3885 3.2577790235e-05
3886 0.0
3887 0.000368388758794
3888 3.47618277017e-07
3889 7.63007512241e-07
3890 6.4484494994e-08
3891 1.62903467072e-07
3892 4.61595604543e-06
3893 7.21098030128e-08
3894 2.63099323389e-07
3895 4.0297429676e-07
3896 1.71076302945e-06
3897 1.41284680507e-06
3898 0.0
3899 6.36149413746e-07
3900 0.0
3901 6.71810139663e-06
3902 6.61643191128e-07
3903 0.000116609385941
3904 1.10585635518e-06
3905 6.04149411927e-07
3906 2.58961010567e-07
3907 1.42168730486e-05
3908 3.22400720396e-06
3909 3.98738611872e-07
3910 3.0314148031e-06
3911 0.0
3912 0.0
3913 1.15837350981e-07
3914 9.41535645666e-06
3915 8.20310973312e-07
3916 1.97043178994e-06
3917 4.78486334246e-07
3918 2.40318685856e-07
3919 2.06567049084e-05
3920 8.76348597521e-09
3921 1.99484382014e-07
3922 3.05234426635e-06
3923 0.0
3924 1.1655436347e-07
3925 5.80758264794e-06
3926 2.45377607306e-08
3927 6.60028234138e-06
3928 6.67282055157e-06
3929 7.66805022831e-09
3930 9.29378573304e-07
3931 0.000258060644513
3932 5.18343966509e-06
3933 6.95236554033e-08
3934 3.11149339951e-06
3935 2.35505798104e-07
3936 0.0
3937 1.22688803653e-08
3938 1.09869367565e-06
3939 0.000265012065121
3940 0.0
3941 3.2400997692e-07
3942 7.77029089802e-07
3943 0.0
3944 0.000204396606023
3945 1.08312735294e-06
3946 8.79098937826e-06
3947 1.75269719504e-08
3948 4.95956592573e-06
3949 0.000945164956116
3950 1.84573620448e-06
3951 3.71424998233e-06
3952 3.54979163725e-06
3953 2.04481339421e-08
3954 3.06722009132e-08
3955 4.08962678843e-08
3956 0.0
3957 4.76676772926e-06
3958 9.50725875926e-07
3959 6.65646901387e-07
3960 0.0
3961 9.8487861752e-07
3962 0.000132317772433
3963 0.000452798889688
3964 9.61062295281e-08
3965 2.16613898894e-06
3966 0.0
3967 0.000121916176299
3968 1.6995408988e-06
3969 3.16408276151e-05
3970 1.18146341154e-06
3971 2.34821476621e-07
3972 1.06925699809e-05
3973 3.81876101135e-07
3974 4.36226857432e-08
3975 0.0
3976 3.86492201983e-08
3977 3.05719229055e-07
3978 4.93601475014e-08
3979 1.22688803653e-07
3980 1.05765538514e-06
3981 0.0248200336362
3982 5.5502077843e-08
3983 1.58589884531e-06
3984 0.0
3985 0.0
3986 9.61062295281e-08
3987 3.69234875755e-07
3988 0.0
3989 2.52534454186e-07
3990 0.000488505919878
3991 0.0
3992 2.04481339421e-08
3993 0.0
3994 6.44116219178e-08
3995 6.54924518547e-07
3996 6.39150243792e-07
3997 1.53361004566e-07
3998 3.09351054925e-07
3999 2.20985904675e-06
4000 1.22688803653e-07
4001 6.12421611567e-07
4002 0.0
4003 4.8053114764e-07
4004 0.0
4005 8.72112912633e-07
4006 0.0
4007 0.0
4008 0.0
4009 0.0
4010 2.46838188302e-07
4011 0.0
4012 2.04481339421e-08
4013 0.0
4014 1.02240669711e-07
4015 1.46510879695e-06
4016 0.0
4017 0.0
4018 6.92315392041e-07
4019 2.97958523157e-08
4020 2.07694617612e-07
4021 5.60278870015e-07
4022 6.35060617003e-07
4023 0.0
4024 4.47741104283e-06
4025 0.0
4026 0.0
4027 3.96839856577e-07
4028 5.76637377169e-07
4029 0.0
4030 0.0
4031 4.54211478095e-06
4032 0.00171012242748
4033 0.0
4034 0.0
4035 0.0
4036 0.0
4037 0.0
4038 7.15684687975e-08
4039 6.33892152207e-07
