node,closeness
1 0.353342667133
2 0.261376140851
3 0.261257763975
4 0.261376140851
5 0.261257763975
6 0.26130848379
7 0.261190168176
8 0.274768644529
9 0.261223961703
10 0.26205464339
11 0.261257763975
12 0.261105722599
13 0.261105722599
14 0.261613216715
15 0.261342307941
16 0.261105722599
17 0.261240861745
18 0.26130848379
19 0.261105722599
20 0.261359223301
21 0.261342307941
22 0.275612586172
23 0.261274668392
24 0.261376140851
25 0.261359223301
26 0.2622588816
27 0.262241849591
28 0.261173274691
29 0.26130848379
30 0.26130848379
31 0.261376140851
32 0.261477692158
33 0.261190168176
34 0.261122607346
35 0.303312551641
36 0.261122607346
37 0.261274668392
38 0.261105722599
39 0.261240861745
40 0.261342307941
41 0.261833744002
42 0.261494625049
43 0.261122607346
44 0.261105722599
45 0.261190168176
46 0.261291574997
47 0.261173274691
48 0.261122607346
49 0.261460761461
50 0.261156383392
51 0.261274668392
52 0.261207063846
53 0.261122607346
54 0.261613216715
55 0.261223961703
56 0.261376140851
57 0.275857357563
58 0.261342307941
59 0.397401830528
60 0.261409982521
61 0.261223961703
62 0.261139494277
63 0.261528497409
64 0.261190168176
65 0.279040840301
66 0.261291574997
67 0.261342307941
68 0.275819672131
69 0.261240861745
70 0.261257763975
71 0.261122607346
72 0.261139494277
73 0.261494625049
74 0.261257763975
75 0.261105722599
76 0.261325394771
77 0.261139494277
78 0.261190168176
79 0.261240861745
80 0.261291574997
81 0.267914012739
82 0.261139494277
83 0.26166407465
84 0.261207063846
85 0.26130848379
86 0.261325394771
87 0.261190168176
88 0.274637829014
89 0.261426906642
90 0.261223961703
91 0.261122607346
92 0.261223961703
93 0.261443832956
94 0.261223961703
95 0.261460761461
96 0.261190168176
97 0.261240861745
98 0.261139494277
99 0.261918661218
100 0.26130848379
101 0.261240861745
102 0.261409982521
103 0.261190168176
104 0.274693877551
105 0.261630167163
106 0.261325394771
107 0.261223961703
108 0.459699453552
109 0.26130848379
110 0.261714952362
111 0.261173274691
112 0.261325394771
113 0.261139494277
114 0.261765849864
115 0.261105722599
116 0.261443832956
117 0.261376140851
118 0.261190168176
119 0.261697990927
120 0.280105438402
121 0.274469820555
122 0.261291574997
123 0.275574967583
124 0.26139306059
125 0.261156383392
126 0.274469820555
127 0.261207063846
128 0.261359223301
129 0.261562378546
130 0.261207063846
131 0.261359223301
132 0.261207063846
133 0.261359223301
134 0.26139306059
135 0.261409982521
136 0.261257763975
137 0.294186215941
138 0.261359223301
139 0.261122607346
140 0.261240861745
141 0.261274668392
142 0.261562378546
143 0.261816767166
144 0.261291574997
145 0.261342307941
146 0.261122607346
147 0.274581803346
148 0.261190168176
149 0.261426906642
150 0.261325394771
151 0.279117992673
152 0.261207063846
153 0.261173274691
154 0.261122607346
155 0.261122607346
156 0.261139494277
157 0.274619151251
158 0.261139494277
159 0.261511560132
160 0.261325394771
161 0.261122607346
162 0.261511560132
163 0.261223961703
164 0.267612167804
165 0.261139494277
166 0.261274668392
167 0.267718623616
168 0.261207063846
169 0.261274668392
170 0.275105600218
171 0.26186770428
172 0.370492705753
173 0.261782820097
174 0.289047959914
175 0.261156383392
176 0.261376140851
177 0.261325394771
178 0.261274668392
179 0.26130848379
180 0.261139494277
181 0.261426906642
182 0.261257763975
183 0.261139494277
184 0.261122607346
185 0.26139306059
186 0.261528497409
187 0.261833744002
188 0.261359223301
189 0.261901673369
190 0.279040840301
191 0.261156383392
192 0.261139494277
193 0.261173274691
194 0.261173274691
195 0.261409982521
196 0.261240861745
197 0.26130848379
198 0.261359223301
199 0.285492081448
200 0.261884687723
201 0.26205464339
202 0.261156383392
203 0.267576701345
204 0.26205464339
205 0.261460761461
206 0.261122607346
207 0.261156383392
208 0.261139494277
209 0.261207063846
210 0.261105722599
211 0.261105722599
212 0.261596268463
213 0.26139306059
214 0.275124344212
215 0.261376140851
216 0.261105722599
217 0.261122607346
218 0.279060124395
219 0.261240861745
220 0.261190168176
221 0.261156383392
222 0.261223961703
223 0.261274668392
224 0.261545436881
225 0.261562378546
226 0.261257763975
227 0.261325394771
228 0.261342307941
229 0.261139494277
230 0.261190168176
231 0.261240861745
232 0.261443832956
233 0.261511560132
234 0.261122607346
235 0.261122607346
236 0.261173274691
237 0.261714952362
238 0.261207063846
239 0.261477692158
240 0.262088660998
241 0.261139494277
242 0.261122607346
243 0.261494625049
244 0.261223961703
245 0.261122607346
246 0.261173274691
247 0.274656509318
248 0.261139494277
249 0.261443832956
250 0.261494625049
251 0.261173274691
252 0.261325394771
253 0.262190766833
254 0.261139494277
255 0.261376140851
256 0.261122607346
257 0.261122607346
258 0.26139306059
259 0.261342307941
260 0.261223961703
261 0.261223961703
262 0.261731915997
263 0.261156383392
264 0.261207063846
265 0.261173274691
266 0.261545436881
267 0.26139306059
268 0.261122607346
269 0.261274668392
270 0.291784088446
271 0.261156383392
272 0.262327031768
273 0.26185072304
274 0.261240861745
275 0.261325394771
276 0.261257763975
277 0.26139306059
278 0.262190766833
279 0.261257763975
280 0.261122607346
281 0.261816767166
282 0.261359223301
283 0.261122607346
284 0.261173274691
285 0.261359223301
286 0.275274388166
287 0.261122607346
288 0.261105722599
289 0.261156383392
290 0.261156383392
291 0.261325394771
292 0.261697990927
293 0.261105722599
294 0.261139494277
295 0.261139494277
296 0.261257763975
297 0.261207063846
298 0.261511560132
299 0.261274668392
300 0.261426906642
301 0.261207063846
302 0.261139494277
303 0.261426906642
304 0.261443832956
305 0.275424595867
306 0.261122607346
307 0.261240861745
308 0.261156383392
309 0.274843452219
310 0.261257763975
311 0.26130848379
312 0.261207063846
313 0.261528497409
314 0.261714952362
315 0.26130848379
316 0.275443383356
317 0.261122607346
318 0.261207063846
319 0.261274668392
320 0.261223961703
321 0.261443832956
322 0.261139494277
323 0.27574433215
324 0.261748881831
325 0.274880871341
326 0.261748881831
327 0.261409982521
328 0.261156383392
329 0.261240861745
330 0.261596268463
331 0.261359223301
332 0.261426906642
333 0.261816767166
334 0.261223961703
335 0.261562378546
336 0.261105722599
337 0.261139494277
338 0.261240861745
339 0.261207063846
340 0.274899584723
341 0.261190168176
342 0.261291574997
343 0.26166407465
344 0.26139306059
345 0.261240861745
346 0.261359223301
347 0.261545436881
348 0.261207063846
349 0.369915720044
350 0.270172621437
351 0.287340781328
352 0.276386036961
353 0.271919191919
354 0.363096843809
355 0.271097683787
356 0.271809369952
357 0.270082268745
358 0.286626916525
359 0.270046144586
360 0.271864269844
361 0.304341272234
362 0.271370967742
363 0.2706978615
364 0.327043006398
365 0.276461728057
366 0.270462156731
367 0.340989697686
368 0.274357929066
369 0.273207036536
370 0.286993603412
371 0.309686325638
372 0.270190699231
373 0.270824949698
374 0.31133384734
375 0.310591492962
376 0.272414490994
377 0.366557734205
378 0.270064205457
379 0.29348063086
380 0.270064205457
381 0.270716009654
382 0.270734160241
383 0.270407821603
384 0.270082268745
385 0.270100334448
386 0.273317991065
387 0.270082268745
388 0.30406626506
389 0.28888252969
390 0.3215480172
391 0.271079484425
392 0.310305079536
393 0.306699073371
394 0.276423877327
395 0.275274388166
396 0.310019193858
397 0.271882574737
398 0.291131939438
399 0.272985397512
400 0.276442801397
401 0.309543886547
402 0.270064205457
403 0.305862748068
404 0.271152296535
405 0.291510251227
406 0.287014002417
407 0.270100334448
408 0.286322059136
409 0.291741926161
410 0.273022312373
411 0.27122514777
412 0.270082268745
413 0.311574074074
414 0.271097683787
415 0.369543333028
416 0.28713645737
417 0.306048203729
418 0.307563409247
419 0.27122514777
420 0.309543886547
421 0.361019222173
422 0.286647263434
423 0.277316118398
424 0.308762807769
425 0.270824949698
426 0.28713645737
427 0.286769405582
428 0.295889206419
429 0.394837195659
430 0.270208779443
431 0.291447131
432 0.293544635068
433 0.291131939438
434 0.28597733711
435 0.290253018976
436 0.286464245176
437 0.293672727273
438 0.270208779443
439 0.293565976009
440 0.304754716981
441 0.271553463349
442 0.276442801397
443 0.286993603412
444 0.270064205457
445 0.290691814844
446 0.270788626609
447 0.273688491257
448 0.270046144586
449 0.270082268745
450 0.2865048957
451 0.271389206264
452 0.303586196527
453 0.287914438503
454 0.270118402569
455 0.270082268745
456 0.287996576564
457 0.305608113222
458 0.286667613233
459 0.271498688899
460 0.286464245176
461 0.306071401501
462 0.309377873123
463 0.271589991929
464 0.290273883977
465 0.276461728057
466 0.310998151571
467 0.270190699231
468 0.270100334448
469 0.270064205457
470 0.286891651865
471 0.270317311554
472 0.304524886878
473 0.284666901657
474 0.289857153112
475 0.27148043566
476 0.366192074
477 0.276404955849
478 0.286017849554
479 0.270425930887
480 0.290232156975
481 0.288140430998
482 0.272212484832
483 0.290420023015
484 0.369847957501
485 0.36316215487
486 0.285876106195
487 0.270806786936
488 0.273967026257
489 0.271900882095
490 0.271827667452
491 0.271170505675
492 0.271170505675
493 0.310472089805
494 0.27540581094
495 0.274619151251
496 0.270788626609
497 0.277411376752
498 0.310209725743
499 0.270407821603
500 0.270082268745
501 0.293886462882
502 0.276442801397
503 0.271170505675
504 0.290461804057
505 0.287422592355
506 0.270752313263
507 0.293416654556
508 0.291995082797
509 0.286871270247
510 0.270788626609
511 0.286626916525
512 0.288284429214
513 0.288696646886
514 0.311501967137
515 0.292884601436
516 0.29328878559
517 0.286667613233
518 0.341220212946
519 0.286647263434
520 0.271443936542
521 0.307985660895
522 0.271370967742
523 0.270226862076
524 0.288428571429
525 0.310352778418
526 0.30911735436
527 0.340845783743
528 0.289483117069
529 0.286403291014
530 0.270371610311
531 0.270100334448
532 0.287545396283
533 0.270208779443
534 0.270317311554
535 0.28597733711
536 0.273151593046
537 0.271882574737
538 0.289192866862
539 0.323195133664
540 0.271389206264
541 0.27122514777
542 0.286058373477
543 0.309638831378
544 0.286220584066
545 0.29309719097
546 0.288903198111
547 0.287852865697
548 0.271974136189
549 0.272102425876
550 0.293800931315
551 0.270046144586
552 0.270824949698
553 0.270100334448
554 0.310878435599
555 0.286626916525
556 0.272506411122
557 0.289877961235
558 0.273892694838
559 0.288717288717
560 0.31200741771
561 0.274115810196
562 0.311285846438
563 0.270118402569
564 0.393912788996
565 0.276461728057
566 0.271589991929
567 0.364967462039
568 0.328880925232
569 0.270244947129
570 0.286443924239
571 0.287811831789
572 0.270082268745
573 0.270100334448
574 0.270407821603
575 0.271170505675
576 0.270046144586
577 0.270082268745
578 0.270226862076
579 0.270263034603
580 0.27098852426
581 0.345039733402
582 0.269865668649
583 0.270208779443
584 0.270281124498
585 0.272469635628
586 0.269847634322
587 0.271462184874
588 0.272175788622
589 0.270082268745
590 0.27067971578
591 0.285411365564
592 0.308385520086
593 0.271024901
594 0.271589991929
595 0.288696646886
596 0.270172621437
597 0.32278177458
598 0.27067971578
599 0.270118402569
600 0.270244947129
601 0.270263034603
602 0.338616352201
603 0.269847634322
604 0.270154546063
605 0.308739200245
606 0.270154546063
607 0.340874556812
608 0.269847634322
609 0.269847634322
610 0.287504449982
611 0.286098908885
612 0.270118402569
613 0.270100334448
614 0.269847634322
615 0.29104800346
616 0.270263034603
617 0.270643431635
618 0.270734160241
619 0.27118871726
620 0.270752313263
621 0.272065759332
622 0.269955876454
623 0.270064205457
624 0.270136473107
625 0.269847634322
626 0.270208779443
627 0.270082268745
628 0.270263034603
629 0.270046144586
630 0.320323655402
631 0.272966943825
632 0.270480273294
633 0.270226862076
634 0.270100334448
635 0.287729799059
636 0.270498392283
637 0.270734160241
638 0.32564516129
639 0.269847634322
640 0.274134419552
641 0.270244947129
642 0.339927603334
643 0.269865668649
644 0.270263034603
645 0.271389206264
646 0.306141015921
647 0.286952814099
648 0.270172621437
649 0.269865668649
650 0.320323655402
651 0.270226862076
652 0.36228243316
653 0.271498688899
654 0.271498688899
655 0.271298038162
656 0.270861282533
657 0.271407447238
658 0.270407821603
659 0.270263034603
660 0.270263034603
661 0.269883705387
662 0.270263034603
663 0.270263034603
664 0.270915800067
665 0.270136473107
666 0.270154546063
667 0.271115885592
668 0.286606572503
669 0.269847634322
670 0.291089965398
671 0.270244947129
672 0.273262502538
673 0.269973925252
674 0.271498688899
675 0.269847634322
676 0.270244947129
677 0.287463515341
678 0.2706978615
679 0.273151593046
680 0.271443936542
681 0.271316266882
682 0.270244947129
683 0.2705165137
684 0.304616777308
685 0.270190699231
686 0.270589023655
687 0.216910184787
688 0.178561952773
689 0.178696287118
690 0.178309635256
691 0.178317509384
692 0.178293889085
693 0.178254535823
694 0.17837264776
695 0.178696287118
696 0.178585644155
697 0.178514588859
698 0.215543930821
699 0.27118871726
700 0.178262405086
701 0.178301761823
702 0.178435704817
703 0.178309635256
704 0.215440431094
705 0.178286017043
706 0.178807067263
707 0.178396288933
708 0.178325384208
709 0.215279628939
710 0.178396288933
711 0.178317509384
712 0.178412053197
713 0.178349012853
714 0.215762757147
715 0.178356890459
716 0.178333259727
717 0.178349012853
718 0.178278145695
719 0.178490916324
720 0.215682085247
721 0.178404170717
722 0.178293889085
723 0.178356890459
724 0.178349012853
725 0.178640948505
726 0.178309635256
727 0.178546162009
728 0.178467250066
729 0.178633045786
730 0.215096148724
731 0.178388407846
732 0.178475138122
733 0.178356890459
734 0.178309635256
735 0.178435704817
736 0.178380527455
737 0.178356890459
738 0.178380527455
739 0.178459362708
740 0.178490916324
741 0.178309635256
742 0.178388407846
743 0.178341135942
744 0.178270275043
745 0.178262405086
746 0.21560147365
747 0.178317509384
748 0.21560147365
749 0.178412053197
750 0.178262405086
751 0.178262405086
752 0.178349012853
753 0.178561952773
754 0.215096148724
755 0.178498806472
756 0.178412053197
757 0.178333259727
758 0.178278145695
759 0.178412053197
760 0.178333259727
761 0.178506697317
762 0.178317509384
763 0.178356890459
764 0.178427820247
765 0.178475138122
766 0.178451476047
767 0.178538267675
768 0.178309635256
769 0.178356890459
770 0.215119066645
771 0.178467250066
772 0.178364768762
773 0.215153452685
774 0.178546162009
775 0.215371486479
776 0.178262405086
777 0.215050327528
778 0.178396288933
779 0.178380527455
780 0.178396288933
781 0.178530374038
782 0.178680472587
783 0.178412053197
784 0.178396288933
785 0.178577746329
786 0.178270275043
787 0.178317509384
788 0.178483026874
789 0.178278145695
790 0.178349012853
791 0.178278145695
792 0.178301761823
793 0.178435704817
794 0.178412053197
795 0.178356890459
796 0.178388407846
797 0.178301761823
798 0.178475138122
799 0.21502742425
800 0.178341135942
801 0.215371486479
802 0.178254535823
803 0.178286017043
804 0.21517638282
805 0.215130527437
806 0.215705128205
807 0.178364768762
808 0.178490916324
809 0.178317509384
810 0.178396288933
811 0.215314066333
812 0.215050327528
813 0.178317509384
814 0.178325384208
815 0.178475138122
816 0.178648851922
817 0.178317509384
818 0.178443590084
819 0.178388407846
820 0.215371486479
821 0.178569849202
822 0.178317509384
823 0.178364768762
824 0.215589962627
825 0.178727924578
826 0.215015974441
827 0.178341135942
828 0.178625143767
829 0.21585502753
830 0.1785224811
831 0.215578452832
832 0.17837264776
833 0.178286017043
834 0.178364768762
835 0.178601441904
836 0.178419936373
837 0.178341135942
838 0.178356890459
839 0.178506697317
840 0.178364768762
841 0.215256676795
842 0.178262405086
843 0.178554057042
844 0.178364768762
845 0.17837264776
846 0.178435704817
847 0.178301761823
848 0.178467250066
849 0.178427820247
850 0.178569849202
851 0.178325384208
852 0.178286017043
853 0.178278145695
854 0.178609341826
855 0.178270275043
856 0.178278145695
857 0.215394463114
858 0.254202077432
859 0.213391111346
860 0.213357286273
861 0.314927468414
862 0.213571693024
863 0.281825795645
864 0.213582989527
865 0.213481363997
866 0.232349387191
867 0.213391111346
868 0.213424947146
869 0.232349387191
870 0.213763896241
871 0.213413667354
872 0.213481363997
873 0.213413667354
874 0.213402388754
875 0.213413667354
876 0.213346013631
877 0.213582989527
878 0.21337983513
879 0.213571693024
880 0.213402388754
881 0.2143653448
882 0.213413667354
883 0.213549103601
884 0.213346013631
885 0.21337983513
886 0.21343622813
887 0.213458793678
888 0.213402388754
889 0.213560397715
890 0.213605586119
891 0.213843139332
892 0.213346013631
893 0.213346013631
894 0.213470078241
895 0.21337983513
896 0.213402388754
897 0.319942952222
898 0.316556914393
899 0.315863579474
900 0.315001170138
901 0.315247091889
902 0.315764779481
903 0.316061365059
904 0.315764779481
905 0.315271705184
906 0.317228376149
907 0.317377976892
908 0.315247091889
909 0.333168316832
910 0.315222482436
911 0.315050323789
912 0.314952031823
913 0.315148677125
914 0.317103816554
915 0.315320943308
916 0.334465335873
917 0.336696406237
918 0.320298247006
919 0.314952031823
920 0.317353033637
921 0.315247091889
922 0.335549277048
923 0.315666041276
924 0.315863579474
925 0.316036628317
926 0.337258832373
927 0.315444105929
928 0.317253299811
929 0.315148677125
930 0.315666041276
931 0.336443926012
932 0.315937720053
933 0.316482482953
934 0.317253299811
935 0.316954474097
936 0.315099492782
937 0.318705603788
938 0.315099492782
939 0.315641366372
940 0.315345568137
941 0.315345568137
942 0.316259398496
943 0.318253467844
944 0.315222482436
945 0.31583887368
946 0.315025745046
947 0.319537865
948 0.317777602896
949 0.317977793527
950 0.315962441315
951 0.315173275055
952 0.333443435178
953 0.317004239284
954 0.318730760123
955 0.318002835092
956 0.315173275055
957 0.315173275055
958 0.317103816554
959 0.315518049695
960 0.316061365059
961 0.317477789134
962 0.315863579474
963 0.334742601343
964 0.316209866875
965 0.315567364802
966 0.315320943308
967 0.317777602896
968 0.318052930057
969 0.318002835092
970 0.315715402658
971 0.315296322324
972 0.315764779481
973 0.315444105929
974 0.316234630746
975 0.315197876825
976 0.316259398496
977 0.318052930057
978 0.315567364802
979 0.317502752005
980 0.315173275055
981 0.318103040807
982 0.316086105675
983 0.316606554806
984 0.316457680251
985 0.317677602077
986 0.315099492782
987 0.315197876825
988 0.315247091889
989 0.315937720053
990 0.315789473684
991 0.341884683769
992 0.316160350767
993 0.315690720038
994 0.319285205978
995 0.315592028136
996 0.316780418922
997 0.315641366372
998 0.317303158887
999 0.315148677125
1000 0.316830129463
1001 0.315320943308
1002 0.318253467844
1003 0.315025745046
1004 0.317278227391
1005 0.317902692489
1006 0.315271705184
1007 0.318454258675
1008 0.315320943308
1009 0.315740089139
1010 0.316333725029
1011 0.316284170126
1012 0.316358508305
1013 0.318052930057
1014 0.337653649971
1015 0.319108582266
1016 0.31581417175
1017 0.315148677125
1018 0.318630158605
1019 0.318052930057
1020 0.316780418922
1021 0.318077983458
1022 0.316432881436
1023 0.315444105929
1024 0.315173275055
1025 0.317029127738
1026 0.321343307337
1027 0.316904724533
1028 0.315001170138
1029 0.334465335873
1030 0.337512537613
1031 0.315197876825
1032 0.315370196813
1033 0.318932153858
1034 0.315345568137
1035 0.315001170138
1036 0.315567364802
1037 0.316358508305
1038 0.316308945637
1039 0.315050323789
1040 0.315592028136
1041 0.316581732654
1042 0.316581732654
1043 0.315296322324
1044 0.315222482436
1045 0.315616695326
1046 0.315222482436
1047 0.315001170138
1048 0.316532100024
1049 0.317752596789
1050 0.317827626919
1051 0.315197876825
1052 0.316061365059
1053 0.316954474097
1054 0.315197876825
1055 0.316780418922
1056 0.315616695326
1057 0.316532100024
1058 0.315050323789
1059 0.315493397922
1060 0.319032946196
1061 0.316780418922
1062 0.315173275055
1063 0.31546875
1064 0.31546875
1065 0.315592028136
1066 0.314976599064
1067 0.318328734726
1068 0.317377976892
1069 0.316135598528
1070 0.315444105929
1071 0.336163836164
1072 0.315001170138
1073 0.315567364802
1074 0.315173275055
1075 0.336612204068
1076 0.318278552849
1077 0.318454258675
1078 0.335048124793
1079 0.320019020447
1080 0.317977793527
1081 0.319083366258
1082 0.315666041276
1083 0.316333725029
1084 0.317552689525
1085 0.315296322324
1086 0.357851825594
1087 0.32224084271
1088 0.315715402658
1089 0.334936960849
1090 0.315271705184
1091 0.315247091889
1092 0.315419465708
1093 0.316160350767
1094 0.315148677125
1095 0.315197876825
1096 0.318806252961
1097 0.314952031823
1098 0.31581417175
1099 0.336331834083
1100 0.318027880602
1101 0.316507289544
1102 0.317977793527
1103 0.317902692489
1104 0.315542705322
1105 0.319512581105
1106 0.315025745046
1107 0.315592028136
1108 0.318429145966
1109 0.317702596381
1110 0.334936960849
1111 0.317602642756
1112 0.315148677125
1113 0.316259398496
1114 0.318429145966
1115 0.335465647587
1116 0.31581417175
1117 0.315641366372
1118 0.317952755906
1119 0.315789473684
1120 0.314952031823
1121 0.316185106883
1122 0.315987166445
1123 0.319436753421
1124 0.316681044624
1125 0.31815316735
1126 0.317827626919
1127 0.33813431586
1128 0.315444105929
1129 0.319184254209
1130 0.316830129463
1131 0.316556914393
1132 0.315715402658
1133 0.318454258675
1134 0.315074906367
1135 0.315197876825
1136 0.316606554806
1137 0.356304597194
1138 0.315641366372
1139 0.315271705184
1140 0.315518049695
1141 0.316234630746
1142 0.315370196813
1143 0.317827626919
1144 0.31583887368
1145 0.315444105929
1146 0.314952031823
1147 0.318781084708
1148 0.315050323789
1149 0.318680451425
1150 0.317452830189
1151 0.315518049695
1152 0.315148677125
1153 0.315345568137
1154 0.318378932429
1155 0.315148677125
1156 0.319234722112
1157 0.317377976892
1158 0.315050323789
1159 0.318278552849
1160 0.316432881436
1161 0.318203309693
1162 0.315641366372
1163 0.315124083034
1164 0.317402924069
1165 0.315592028136
1166 0.35649333451
1167 0.318052930057
1168 0.315616695326
1169 0.315074906367
1170 0.316036628317
1171 0.31581417175
1172 0.362445022888
1173 0.317727594618
1174 0.338928991103
1175 0.315370196813
1176 0.318680451425
1177 0.314976599064
1178 0.315296322324
1179 0.335242839352
1180 0.336808741346
1181 0.316036628317
1182 0.317128720647
1183 0.335048124793
1184 0.316234630746
1185 0.31885660139
1186 0.318806252961
1187 0.315345568137
1188 0.33510373444
1189 0.315715402658
1190 0.316904724533
1191 0.315888289134
1192 0.318178236546
1193 0.319209486166
1194 0.3358004158
1195 0.315025745046
1196 0.316135598528
1197 0.333333333333
1198 0.333030927835
1199 0.316979354737
1200 0.32034906783
1201 0.315025745046
1202 0.316358508305
1203 0.315148677125
1204 0.315124083034
1205 0.319462025316
1206 0.317452830189
1207 0.314952031823
1208 0.316705882353
1209 0.315001170138
1210 0.317328094303
1211 0.33515936255
1212 0.319234722112
1213 0.315567364802
1214 0.315419465708
1215 0.317752596789
1216 0.316408086507
1217 0.31581417175
1218 0.335493519442
1219 0.315197876825
1220 0.316259398496
1221 0.315148677125
1222 0.316681044624
1223 0.318454258675
1224 0.317203456402
1225 0.314976599064
1226 0.315666041276
1227 0.334881406535
1228 0.317004239284
1229 0.315493397922
1230 0.316507289544
1231 0.318027880602
1232 0.316979354737
1233 0.315641366372
1234 0.315394829337
1235 0.315296322324
1236 0.318203309693
1237 0.315987166445
1238 0.336921151439
1239 0.319816252178
1240 0.315148677125
1241 0.315444105929
1242 0.315419465708
1243 0.317752596789
1244 0.317702596381
1245 0.315222482436
1246 0.317627625265
1247 0.315789473684
1248 0.315518049695
1249 0.315124083034
1250 0.315296322324
1251 0.31885660139
1252 0.315222482436
1253 0.315001170138
1254 0.315001170138
1255 0.315074906367
1256 0.318479375345
1257 0.318278552849
1258 0.316284170126
1259 0.315962441315
1260 0.316556914393
1261 0.315863579474
1262 0.318328734726
1263 0.314976599064
1264 0.315074906367
1265 0.315050323789
1266 0.316209866875
1267 0.315592028136
1268 0.317902692489
1269 0.316681044624
1270 0.318052930057
1271 0.314976599064
1272 0.317303158887
1273 0.317477789134
1274 0.318278552849
1275 0.335521395929
1276 0.316805272242
1277 0.314976599064
1278 0.31989226016
1279 0.316333725029
1280 0.316011895445
1281 0.316805272242
1282 0.317652611705
1283 0.318328734726
1284 0.316333725029
1285 0.318128102104
1286 0.316284170126
1287 0.315493397922
1288 0.316556914393
1289 0.317203456402
1290 0.336359850062
1291 0.317602642756
1292 0.317727594618
1293 0.316284170126
1294 0.316110850164
1295 0.317253299811
1296 0.315050323789
1297 0.316011895445
1298 0.315394829337
1299 0.316681044624
1300 0.315690720038
1301 0.336331834083
1302 0.315074906367
1303 0.317577664176
1304 0.317827626919
1305 0.315863579474
1306 0.317752596789
1307 0.315567364802
1308 0.335409917767
1309 0.315419465708
1310 0.317702596381
1311 0.315592028136
1312 0.316556914393
1313 0.335354206461
1314 0.336528044004
1315 0.316036628317
1316 0.316011895445
1317 0.315715402658
1318 0.336163836164
1319 0.31815316735
1320 0.315592028136
1321 0.337202505219
1322 0.315542705322
1323 0.317577664176
1324 0.316830129463
1325 0.317777602896
1326 0.315370196813
1327 0.314976599064
1328 0.334243853986
1329 0.33510373444
1330 0.319310453898
1331 0.317952755906
1332 0.318554749132
1333 0.318881781568
1334 0.315740089139
1335 0.336443926012
1336 0.318103040807
1337 0.316284170126
1338 0.31581417175
1339 0.335242839352
1340 0.317402924069
1341 0.316482482953
1342 0.317977793527
1343 0.315173275055
1344 0.318454258675
1345 0.317702596381
1346 0.317752596789
1347 0.315050323789
1348 0.316755569501
1349 0.316308945637
1350 0.318529620573
1351 0.315740089139
1352 0.316581732654
1353 0.3391567277
1354 0.315001170138
1355 0.315050323789
1356 0.31583887368
1357 0.315419465708
1358 0.318932153858
1359 0.337766624843
1360 0.317004239284
1361 0.3358004158
1362 0.338304289544
1363 0.315001170138
1364 0.315444105929
1365 0.315222482436
1366 0.315962441315
1367 0.316556914393
1368 0.319588444796
1369 0.315173275055
1370 0.335437780362
1371 0.317702596381
1372 0.316482482953
1373 0.315099492782
1374 0.318454258675
1375 0.336752564423
1376 0.316755569501
1377 0.338219281347
1378 0.320196653715
1379 0.315715402658
1380 0.316185106883
1381 0.317029127738
1382 0.315592028136
1383 0.317652611705
1384 0.315025745046
1385 0.315962441315
1386 0.315764779481
1387 0.314952031823
1388 0.315666041276
1389 0.317004239284
1390 0.316061365059
1391 0.319740280307
1392 0.319285205978
1393 0.317552689525
1394 0.316755569501
1395 0.314976599064
1396 0.314976599064
1397 0.317977793527
1398 0.317577664176
1399 0.316011895445
1400 0.319360961721
1401 0.317877666693
1402 0.315222482436
1403 0.316755569501
1404 0.315148677125
1405 0.316160350767
1406 0.342493638677
1407 0.317402924069
1408 0.316358508305
1409 0.335409917767
1410 0.317552689525
1411 0.335131546186
1412 0.315370196813
1413 0.315888289134
1414 0.316408086507
1415 0.315124083034
1416 0.316135598528
1417 0.318203309693
1418 0.315050323789
1419 0.315444105929
1420 0.341740013541
1421 0.338701560141
1422 0.335215009132
1423 0.316358508305
1424 0.317004239284
1425 0.315394829337
1426 0.335940099834
1427 0.316507289544
1428 0.319537865
1429 0.316755569501
1430 0.317727594618
1431 0.314976599064
1432 0.320425329313
1433 0.316284170126
1434 0.315493397922
1435 0.315641366372
1436 0.31885660139
1437 0.316408086507
1438 0.316457680251
1439 0.315764779481
1440 0.315444105929
1441 0.33355360978
1442 0.315666041276
1443 0.315050323789
1444 0.315148677125
1445 0.31665621079
1446 0.315764779481
1447 0.335382059801
1448 0.318454258675
1449 0.316805272242
1450 0.317153628652
1451 0.341711094186
1452 0.315690720038
1453 0.315764779481
1454 0.315616695326
1455 0.317927722227
1456 0.316755569501
1457 0.318203309693
1458 0.316457680251
1459 0.333526059305
1460 0.317677602077
1461 0.316681044624
1462 0.315863579474
1463 0.317004239284
1464 0.315173275055
1465 0.317427875167
1466 0.354614911741
1467 0.314952031823
1468 0.318479375345
1469 0.315690720038
1470 0.316805272242
1471 0.316681044624
1472 0.31913380226
1473 0.317627625265
1474 0.318630158605
1475 0.315025745046
1476 0.318755920429
1477 0.315394829337
1478 0.315962441315
1479 0.315345568137
1480 0.317577664176
1481 0.317752596789
1482 0.315345568137
1483 0.316135598528
1484 0.334936960849
1485 0.31546875
1486 0.334437634587
1487 0.315370196813
1488 0.319866920152
1489 0.318278552849
1490 0.31546875
1491 0.317128720647
1492 0.318027880602
1493 0.316954474097
1494 0.315567364802
1495 0.335270674195
1496 0.31830364181
1497 0.316581732654
1498 0.315641366372
1499 0.315074906367
1500 0.315222482436
1501 0.315641366372
1502 0.315370196813
1503 0.31665621079
1504 0.315616695326
1505 0.316358508305
1506 0.342755283932
1507 0.316904724533
1508 0.316308945637
1509 0.317452830189
1510 0.336780650542
1511 0.315025745046
1512 0.33566084788
1513 0.335828343313
1514 0.334576186925
1515 0.318932153858
1516 0.318680451425
1517 0.318881781568
1518 0.31581417175
1519 0.334936960849
1520 0.316606554806
1521 0.317827626919
1522 0.315074906367
1523 0.336949265688
1524 0.334520752216
1525 0.315937720053
1526 0.316333725029
1527 0.316358508305
1528 0.315567364802
1529 0.317802612939
1530 0.317627625265
1531 0.317527718802
1532 0.31546875
1533 0.315888289134
1534 0.315962441315
1535 0.36460496614
1536 0.316507289544
1537 0.337794880375
1538 0.335075927309
1539 0.316705882353
1540 0.316879855607
1541 0.33510373444
1542 0.315740089139
1543 0.316284170126
1544 0.318203309693
1545 0.315764779481
1546 0.336949265688
1547 0.315001170138
1548 0.317952755906
1549 0.316333725029
1550 0.336275816123
1551 0.315863579474
1552 0.319184254209
1553 0.316011895445
1554 0.335577162802
1555 0.318906965724
1556 0.335940099834
1557 0.315542705322
1558 0.319209486166
1559 0.314976599064
1560 0.319563152896
1561 0.314952031823
1562 0.316284170126
1563 0.315173275055
1564 0.317702596381
1565 0.315666041276
1566 0.318328734726
1567 0.315419465708
1568 0.335465647587
1569 0.315641366372
1570 0.316110850164
1571 0.318002835092
1572 0.316408086507
1573 0.315987166445
1574 0.317727594618
1575 0.337512537613
1576 0.315419465708
1577 0.316979354737
1578 0.35718708536
1579 0.316383295463
1580 0.315050323789
1581 0.316979354737
1582 0.314952031823
1583 0.317652611705
1584 0.317328094303
1585 0.321292170592
1586 0.315764779481
1587 0.315001170138
1588 0.316234630746
1589 0.335187183531
1590 0.320044384561
1591 0.335577162802
1592 0.317278227391
1593 0.315542705322
1594 0.336275816123
1595 0.31546875
1596 0.317752596789
1597 0.316830129463
1598 0.317702596381
1599 0.319411485524
1600 0.315197876825
1601 0.318353831599
1602 0.315715402658
1603 0.315222482436
1604 0.318529620573
1605 0.319714964371
1606 0.317153628652
1607 0.318027880602
1608 0.315050323789
1609 0.317827626919
1610 0.317727594618
1611 0.319386221625
1612 0.318429145966
1613 0.320145881234
1614 0.319462025316
1615 0.317153628652
1616 0.315518049695
1617 0.319689652442
1618 0.335856275472
1619 0.334964744919
1620 0.317752596789
1621 0.319664344522
1622 0.337879675341
1623 0.319816252178
1624 0.317402924069
1625 0.315789473684
1626 0.317303158887
1627 0.333636288524
1628 0.315001170138
1629 0.317527718802
1630 0.31546875
1631 0.318579881657
1632 0.317078916372
1633 0.316879855607
1634 0.315493397922
1635 0.315863579474
1636 0.315764779481
1637 0.316830129463
1638 0.317852644836
1639 0.317477789134
1640 0.317328094303
1641 0.315124083034
1642 0.315271705184
1643 0.341855739925
1644 0.317402924069
1645 0.317153628652
1646 0.319714964371
1647 0.315370196813
1648 0.316730723978
1649 0.315542705322
1650 0.315789473684
1651 0.315863579474
1652 0.315025745046
1653 0.316929597363
1654 0.316755569501
1655 0.316805272242
1656 0.316308945637
1657 0.342029476537
1658 0.315050323789
1659 0.316333725029
1660 0.316954474097
1661 0.317228376149
1662 0.318630158605
1663 0.318554749132
1664 0.339185216296
1665 0.315074906367
1666 0.318077983458
1667 0.364703757225
1668 0.315592028136
1669 0.317952755906
1670 0.318328734726
1671 0.315542705322
1672 0.31717854057
1673 0.315542705322
1674 0.319259962049
1675 0.317353033637
1676 0.317827626919
1677 0.315320943308
1678 0.318378932429
1679 0.315937720053
1680 0.318103040807
1681 0.318479375345
1682 0.316011895445
1683 0.317577664176
1684 0.317977793527
1685 0.393605614582
1686 0.317228376149
1687 0.315789473684
1688 0.357250287534
1689 0.336893041882
1690 0.318002835092
1691 0.314976599064
1692 0.316408086507
1693 0.336808741346
1694 0.315001170138
1695 0.318328734726
1696 0.317777602896
1697 0.315222482436
1698 0.332838773492
1699 0.315394829337
1700 0.316904724533
1701 0.315345568137
1702 0.315962441315
1703 0.335382059801
1704 0.31665621079
1705 0.315542705322
1706 0.335298513659
1707 0.317677602077
1708 0.319537865
1709 0.315173275055
1710 0.317103816554
1711 0.31581417175
1712 0.315050323789
1713 0.317527718802
1714 0.315025745046
1715 0.319588444796
1716 0.316532100024
1717 0.316979354737
1718 0.318378932429
1719 0.356650768415
1720 0.335075927309
1721 0.318278552849
1722 0.317777602896
1723 0.316308945637
1724 0.316135598528
1725 0.316904724533
1726 0.316185106883
1727 0.341653270158
1728 0.316185106883
1729 0.315715402658
1730 0.318630158605
1731 0.32111332008
1732 0.315124083034
1733 0.317827626919
1734 0.315863579474
1735 0.316135598528
1736 0.317627625265
1737 0.318806252961
1738 0.316879855607
1739 0.316036628317
1740 0.315271705184
1741 0.335605053191
1742 0.317502752005
1743 0.318605018147
1744 0.316209866875
1745 0.318178236546
1746 0.334133223004
1747 0.319968304279
1748 0.31546875
1749 0.315247091889
1750 0.315247091889
1751 0.318052930057
1752 0.317877666693
1753 0.317777602896
1754 0.316954474097
1755 0.316854990584
1756 0.314976599064
1757 0.315320943308
1758 0.318178236546
1759 0.341826800982
1760 0.315074906367
1761 0.315001170138
1762 0.317927722227
1763 0.315025745046
1764 0.317977793527
1765 0.315542705322
1766 0.317029127738
1767 0.317802612939
1768 0.319285205978
1769 0.320679796696
1770 0.333305819232
1771 0.316556914393
1772 0.315419465708
1773 0.316432881436
1774 0.317203456402
1775 0.31591300266
1776 0.315124083034
1777 0.315050323789
1778 0.335549277048
1779 0.33566084788
1780 0.315937720053
1781 0.333333333333
1782 0.315567364802
1783 0.334465335873
1784 0.319664344522
1785 0.315345568137
1786 0.315666041276
1787 0.319058154235
1788 0.316036628317
1789 0.315173275055
1790 0.317477789134
1791 0.31815316735
1792 0.318705603788
1793 0.315493397922
1794 0.318529620573
1795 0.318052930057
1796 0.317128720647
1797 0.316681044624
1798 0.315050323789
1799 0.315764779481
1800 0.318705603788
1801 0.321599235425
1802 0.317427875167
1803 0.315222482436
1804 0.335242839352
1805 0.31979092421
1806 0.31546875
1807 0.335716661124
1808 0.316185106883
1809 0.334160873883
1810 0.317727594618
1811 0.317452830189
1812 0.316482482953
1813 0.317727594618
1814 0.319917604183
1815 0.315173275055
1816 0.315518049695
1817 0.318178236546
1818 0.333030927835
1819 0.315666041276
1820 0.317103816554
1821 0.31830364181
1822 0.315592028136
1823 0.315567364802
1824 0.318077983458
1825 0.318077983458
1826 0.335744574707
1827 0.317452830189
1828 0.319942952222
1829 0.318353831599
1830 0.315320943308
1831 0.31591300266
1832 0.315962441315
1833 0.316061365059
1834 0.319689652442
1835 0.314952031823
1836 0.338417700302
1837 0.333305819232
1838 0.316036628317
1839 0.315074906367
1840 0.319032946196
1841 0.315173275055
1842 0.316135598528
1843 0.317877666693
1844 0.316061365059
1845 0.319639040608
1846 0.317427875167
1847 0.334188529339
1848 0.335270674195
1849 0.317527718802
1850 0.317877666693
1851 0.317377976892
1852 0.316432881436
1853 0.33349851338
1854 0.316135598528
1855 0.314976599064
1856 0.316185106883
1857 0.315025745046
1858 0.316730723978
1859 0.315937720053
1860 0.316482482953
1861 0.31581417175
1862 0.317902692489
1863 0.316259398496
1864 0.333967413779
1865 0.318103040807
1866 0.315124083034
1867 0.335409917767
1868 0.317977793527
1869 0.317927722227
1870 0.315296322324
1871 0.317777602896
1872 0.318831425188
1873 0.316581732654
1874 0.315937720053
1875 0.315247091889
1876 0.317328094303
1877 0.316780418922
1878 0.316507289544
1879 0.318128102104
1880 0.31865530303
1881 0.315715402658
1882 0.318203309693
1883 0.319487301211
1884 0.33355360978
1885 0.315715402658
1886 0.316705882353
1887 0.317527718802
1888 0.315197876825
1889 0.321292170592
1890 0.315296322324
1891 0.315074906367
1892 0.316681044624
1893 0.315222482436
1894 0.318730760123
1895 0.318203309693
1896 0.31583887368
1897 0.315148677125
1898 0.318906965724
1899 0.317427875167
1900 0.318605018147
1901 0.315567364802
1902 0.31583887368
1903 0.31815316735
1904 0.31591300266
1905 0.315666041276
1906 0.315197876825
1907 0.31546875
1908 0.317377976892
1909 0.315567364802
1910 0.3339121806
1911 0.315690720038
1912 0.333856965688
1913 0.350947331827
1914 0.277946035242
1915 0.26056656127
1916 0.259962660143
1917 0.279911271316
1918 0.26299335678
1919 0.262497562244
1920 0.260701142746
1921 0.280904347826
1922 0.260448916409
1923 0.260029621998
1924 0.260717975207
1925 0.259879006307
1926 0.261884687723
1927 0.287218152073
1928 0.260701142746
1929 0.260163649249
1930 0.262327031768
1931 0.259996136759
1932 0.260432118671
1933 0.287034404322
1934 0.259962660143
1935 0.259979397373
1936 0.260617013037
1937 0.260146888288
1938 0.259845559846
1939 0.262976229241
1940 0.267010513787
1941 0.280183180683
1942 0.2820620285
1943 0.260432118671
1944 0.263027618551
1945 0.260264260393
1946 0.288222698073
1947 0.26301048655
1948 0.28070907195
1949 0.280611535789
1950 0.25991246138
1951 0.259979397373
1952 0.266745937376
1953 0.260063115863
1954 0.26185072304
1955 0.280183180683
1956 0.286362669314
1957 0.25991246138
1958 0.260432118671
1959 0.260348162476
1960 0.280047159997
1961 0.260499322624
1962 0.259895732767
1963 0.262941980856
1964 0.261223961703
1965 0.26139306059
1966 0.260113372842
1967 0.26268540203
1968 0.298956096839
1969 0.260364949384
1970 0.259845559846
1971 0.260987590486
1972 0.262753774076
1973 0.266851704996
1974 0.26676355949
1975 0.259895732767
1976 0.260381738458
1977 0.266306139946
1978 0.259929192147
1979 0.260029621998
1980 0.262753774076
1981 0.260734809841
1982 0.260701142746
1983 0.260096618357
1984 0.263147605083
1985 0.262787973448
1986 0.263577023499
1987 0.262361120135
1988 0.260381738458
1989 0.260180412371
1990 0.261240861745
1991 0.260113372842
1992 0.266481884775
1993 0.260029621998
1994 0.263216217978
1995 0.278809638887
1996 0.26672831759
1997 0.259845559846
1998 0.26205464339
1999 0.266569844204
2000 0.260348162476
2001 0.260331377732
2002 0.266675472197
2003 0.279214493154
2004 0.278732656865
2005 0.266499472017
2006 0.262395217363
2007 0.260650658404
2008 0.2887379335
2009 0.259895732767
2010 0.266411559016
2011 0.280008321198
2012 0.260448916409
2013 0.260029621998
2014 0.259929192147
2015 0.259945925068
2016 0.259862282
2017 0.260079866031
2018 0.259895732767
2019 0.266587443058
2020 0.260096618357
2021 0.262446379826
2022 0.260297814736
2023 0.260617013037
2024 0.260197177653
2025 0.266552247673
2026 0.260281036483
2027 0.279427029271
2028 0.266393983375
2029 0.2805725403
2030 0.260348162476
2031 0.262941980856
2032 0.278828891037
2033 0.288243272182
2034 0.262702491705
2035 0.25991246138
2036 0.260281036483
2037 0.260130129485
2038 0.262702491705
2039 0.287606837607
2040 0.286525225289
2041 0.262344074844
2042 0.25991246138
2043 0.28719772404
2044 0.262719583604
2045 0.260197177653
2046 0.262753774076
2047 0.26185072304
2048 0.281707827543
2049 0.260063115863
2050 0.260398529696
2051 0.260163649249
2052 0.259929192147
2053 0.280436141399
2054 0.279950083195
2055 0.288572857858
2056 0.261004459957
2057 0.261714952362
2058 0.260482518385
2059 0.261055081458
2060 0.263044752785
2061 0.261562378546
2062 0.260583376355
2063 0.279040840301
2064 0.262156722716
2065 0.262924860008
2066 0.277678448632
2067 0.259929192147
2068 0.260331377732
2069 0.288119871566
2070 0.262617065557
2071 0.259996136759
2072 0.287606837607
2073 0.287729799059
2074 0.26307902795
2075 0.262514627487
2076 0.260583376355
2077 0.260063115863
2078 0.261901673369
2079 0.263233376793
2080 0.259795406292
2081 0.259929192147
2082 0.288758581236
2083 0.260079866031
2084 0.2622588816
2085 0.262156722716
2086 0.260281036483
2087 0.26207165109
2088 0.28155069028
2089 0.263130457448
2090 0.260163649249
2091 0.262976229241
2092 0.260348162476
2093 0.260499322624
2094 0.262770872649
2095 0.259895732767
2096 0.262378167641
2097 0.260130129485
2098 0.260415323101
2099 0.261748881831
2100 0.260046367852
2101 0.259879006307
2102 0.278944459796
2103 0.287934968625
2104 0.262890625
2105 0.262839289201
2106 0.259962660143
2107 0.259845559846
2108 0.260398529696
2109 0.262548764629
2110 0.26205464339
2111 0.260499322624
2112 0.289006584598
2113 0.26248049922
2114 0.259945925068
2115 0.260029621998
2116 0.26207165109
2117 0.26676355949
2118 0.288140430998
2119 0.262959103933
2120 0.260029621998
2121 0.260163649249
2122 0.262446379826
2123 0.262241849591
2124 0.263216217978
2125 0.262634146341
2126 0.280865270919
2127 0.26068431246
2128 0.287381681019
2129 0.286281460475
2130 0.260415323101
2131 0.259962660143
2132 0.263130457448
2133 0.280338794779
2134 0.288346186804
2135 0.279369032794
2136 0.286200297682
2137 0.26102133161
2138 0.278521175335
2139 0.287218152073
2140 0.262787973448
2141 0.262668314578
2142 0.260180412371
2143 0.263525419304
2144 0.287177298912
2145 0.279891869412
2146 0.260499322624
2147 0.260180412371
2148 0.260465716313
2149 0.28026096613
2150 0.281002087683
2151 0.263027618551
2152 0.280047159997
2153 0.260079866031
2154 0.288078761504
2155 0.26248049922
2156 0.278598040569
2157 0.2602307147
2158 0.266306139946
2159 0.259945925068
2160 0.260583376355
2161 0.260180412371
2162 0.261156383392
2163 0.260029621998
2164 0.278175806007
2165 0.261325394771
2166 0.261935651271
2167 0.259929192147
2168 0.259862282
2169 0.259828839843
2170 0.280631037598
2171 0.260079866031
2172 0.266781183932
2173 0.263044752785
2174 0.260281036483
2175 0.287545396283
2176 0.25991246138
2177 0.280650542118
2178 0.259962660143
2179 0.259828839843
2180 0.261359223301
2181 0.287565873807
2182 0.260063115863
2183 0.25991246138
2184 0.28713645737
2185 0.262924860008
2186 0.278137484502
2187 0.260079866031
2188 0.288263849229
2189 0.263061889251
2190 0.287402135231
2191 0.262617065557
2192 0.279427029271
2193 0.260465716313
2194 0.2600128783
2195 0.279833679834
2196 0.259795406292
2197 0.280650542118
2198 0.260146888288
2199 0.279581804334
2200 0.288820542164
2201 0.262702491705
2202 0.26299335678
2203 0.260600193611
2204 0.287279453614
2205 0.259845559846
2206 0.2600128783
2207 0.263336376679
2208 0.260146888288
2209 0.260146888288
2210 0.260381738458
2211 0.261426906642
2212 0.26068431246
2213 0.262139703973
2214 0.261511560132
2215 0.2602307147
2216 0.278694181793
2217 0.262020634612
2218 0.259996136759
2219 0.263250537845
2220 0.259862282
2221 0.26307902795
2222 0.260465716313
2223 0.260549748355
2224 0.287606837607
2225 0.287729799059
2226 0.26635883905
2227 0.260633834635
2228 0.259895732767
2229 0.260314595152
2230 0.263284866662
2231 0.259862282
2232 0.260381738458
2233 0.260970723195
2234 0.263542618457
2235 0.260264260393
2236 0.260953858085
2237 0.260398529696
2238 0.26186770428
2239 0.259996136759
2240 0.279369032794
2241 0.263181907059
2242 0.280689559294
2243 0.260448916409
2244 0.260768485631
2245 0.263164754953
2246 0.259895732767
2247 0.280222068008
2248 0.287729799059
2249 0.260079866031
2250 0.260096618357
2251 0.287463515341
2252 0.259929192147
2253 0.259945925068
2254 0.262429323455
2255 0.286322059136
2256 0.259945925068
2257 0.259895732767
2258 0.262395217363
2259 0.260600193611
2260 0.260701142746
2261 0.260113372842
2262 0.261952643529
2263 0.2600128783
2264 0.259895732767
2265 0.286769405582
2266 0.259962660143
2267 0.281707827543
2268 0.28693242379
2269 0.287893911308
2270 0.259795406292
2271 0.260029621998
2272 0.262822181724
2273 0.260264260393
2274 0.279330381848
2275 0.260364949384
2276 0.262907741389
2277 0.262378167641
2278 0.260046367852
2279 0.262719583604
2280 0.287034404322
2281 0.260768485631
2282 0.259929192147
2283 0.281511433352
2284 0.288531618435
2285 0.266605044236
2286 0.278790389395
2287 0.260180412371
2288 0.260920134402
2289 0.260130129485
2290 0.288511003144
2291 0.262890625
2292 0.260063115863
2293 0.288140430998
2294 0.278771142561
2295 0.280748105402
2296 0.27802258331
2297 0.260348162476
2298 0.260415323101
2299 0.277907777013
2300 0.262395217363
2301 0.261833744002
2302 0.259945925068
2303 0.286912036379
2304 0.260264260393
2305 0.260886419434
2306 0.260046367852
2307 0.261681031689
2308 0.262156722716
2309 0.262412269301
2310 0.263147605083
2311 0.260163649249
2312 0.260633834635
2313 0.260046367852
2314 0.261207063846
2315 0.260096618357
2316 0.279137287433
2317 0.259945925068
2318 0.260381738458
2319 0.260398529696
2320 0.287729799059
2321 0.260046367852
2322 0.259895732767
2323 0.260549748355
2324 0.262873510839
2325 0.263113312048
2326 0.279330381848
2327 0.262822181724
2328 0.286952814099
2329 0.281747139269
2330 0.26186770428
2331 0.278732656865
2332 0.26299335678
2333 0.279717373234
2334 0.281629236993
2335 0.262122687439
2336 0.260348162476
2337 0.288305012138
2338 0.266235906903
2339 0.279833679834
2340 0.262856398906
2341 0.263130457448
2342 0.260213945096
2343 0.260247486466
2344 0.279911271316
2345 0.280728587319
2346 0.260650658404
2347 0.260381738458
2348 0.283408197642
2349 0.262327031768
2350 0.260079866031
2351 0.260247486466
2352 0.279853073671
2353 0.262617065557
2354 0.261223961703
2355 0.262770872649
2356 0.278156643935
2357 0.26268540203
2358 0.259996136759
2359 0.259879006307
2360 0.2622588816
2361 0.259979397373
2362 0.260532937609
2363 0.260197177653
2364 0.262599986994
2365 0.26676355949
2366 0.260701142746
2367 0.260381738458
2368 0.260617013037
2369 0.280047159997
2370 0.263113312048
2371 0.262446379826
2372 0.260381738458
2373 0.279756131357
2374 0.259979397373
2375 0.262617065557
2376 0.259879006307
2377 0.262805076473
2378 0.279388362278
2379 0.266499472017
2380 0.260381738458
2381 0.259828839843
2382 0.262753774076
2383 0.259812121992
2384 0.260180412371
2385 0.288243272182
2386 0.278828891037
2387 0.262122687439
2388 0.260617013037
2389 0.259879006307
2390 0.278118327709
2391 0.260600193611
2392 0.260987590486
2393 0.261325394771
2394 0.260314595152
2395 0.280222068008
2396 0.262805076473
2397 0.260936995153
2398 0.260364949384
2399 0.286606572503
2400 0.279465706969
2401 0.260096618357
2402 0.260130129485
2403 0.260029621998
2404 0.260063115863
2405 0.262651229348
2406 0.260113372842
2407 0.260381738458
2408 0.261274668392
2409 0.262361120135
2410 0.262787973448
2411 0.263284866662
2412 0.260314595152
2413 0.260297814736
2414 0.277907777013
2415 0.262873510839
2416 0.260465716313
2417 0.260398529696
2418 0.285673859215
2419 0.261748881831
2420 0.280494581828
2421 0.279291741596
2422 0.25991246138
2423 0.259862282
2424 0.26256583653
2425 0.259962660143
2426 0.260381738458
2427 0.260079866031
2428 0.260197177653
2429 0.26301048655
2430 0.261223961703
2431 0.262241849591
2432 0.259862282
2433 0.260247486466
2434 0.2622588816
2435 0.26130848379
2436 0.2602307147
2437 0.287014002417
2438 0.259862282
2439 0.260920134402
2440 0.259945925068
2441 0.260348162476
2442 0.259845559846
2443 0.259828839843
2444 0.260163649249
2445 0.260046367852
2446 0.285673859215
2447 0.262497562244
2448 0.266481884775
2449 0.260331377732
2450 0.260549748355
2451 0.259979397373
2452 0.287320335847
2453 0.259945925068
2454 0.2600128783
2455 0.260046367852
2456 0.260046367852
2457 0.25991246138
2458 0.259795406292
2459 0.286423606185
2460 0.266429136975
2461 0.262634146341
2462 0.287627323883
2463 0.26139306059
2464 0.287668305193
2465 0.2631990614
2466 0.278732656865
2467 0.259962660143
2468 0.261969637991
2469 0.281002087683
2470 0.26205464339
2471 0.259795406292
2472 0.287791319222
2473 0.285815402039
2474 0.260600193611
2475 0.260213945096
2476 0.287075216835
2477 0.260381738458
2478 0.261681031689
2479 0.261342307941
2480 0.260549748355
2481 0.2602307147
2482 0.259828839843
2483 0.26248049922
2484 0.259828839843
2485 0.261901673369
2486 0.262088660998
2487 0.260079866031
2488 0.259929192147
2489 0.260432118671
2490 0.261596268463
2491 0.260029621998
2492 0.287709298183
2493 0.262787973448
2494 0.259879006307
2495 0.266306139946
2496 0.262224819793
2497 0.277602089922
2498 0.260197177653
2499 0.287014002417
2500 0.261342307941
2501 0.262839289201
2502 0.278636489097
2503 0.285129219037
2504 0.260046367852
2505 0.262327031768
2506 0.259862282
2507 0.26186770428
2508 0.263181907059
2509 0.287238583013
2510 0.28111946533
2511 0.288058210872
2512 0.287955501676
2513 0.28055304662
2514 0.260029621998
2515 0.259929192147
2516 0.259996136759
2517 0.279427029271
2518 0.259879006307
2519 0.260583376355
2520 0.278252480706
2521 0.26256583653
2522 0.262156722716
2523 0.2600128783
2524 0.260063115863
2525 0.259996136759
2526 0.260364949384
2527 0.26301048655
2528 0.259845559846
2529 0.259895732767
2530 0.285835633893
2531 0.277735745237
2532 0.260163649249
2533 0.261562378546
2534 0.286423606185
2535 0.260079866031
2536 0.259962660143
2537 0.260835863316
2538 0.261376140851
2539 0.266605044236
2540 0.262139703973
2541 0.260297814736
2542 0.259812121992
2543 0.280962983579
2544 0.291299956716
2545 0.278156643935
2546 0.259929192147
2547 0.262207792208
2548 0.286342362785
2549 0.25991246138
2550 0.262497562244
2551 0.262514627487
2552 0.262446379826
2553 0.26166407465
2554 0.262702491705
2555 0.261342307941
2556 0.281139037805
2557 0.261986634659
2558 0.260297814736
2559 0.260146888288
2560 0.26256583653
2561 0.263181907059
2562 0.262395217363
2563 0.2600128783
2564 0.261630167163
2565 0.262959103933
2566 0.259845559846
2567 0.260213945096
2568 0.279969493171
2569 0.259962660143
2570 0.259795406292
2571 0.260130129485
2572 0.266148167677
2573 0.260096618357
2574 0.262344074844
2575 0.261511560132
2576 0.262156722716
2577 0.260532937609
2578 0.260113372842
2579 0.262548764629
2580 0.261731915997
2581 0.259879006307
2582 0.260180412371
2583 0.280338794779
2584 0.266429136975
2585 0.260029621998
2586 0.260448916409
2587 0.262941980856
2588 0.260096618357
2589 0.280144304149
2590 0.2867083215
2591 0.263113312048
2592 0.26139306059
2593 0.280144304149
2594 0.262907741389
2595 0.279388362278
2596 0.259828839843
2597 0.259795406292
2598 0.279756131357
2599 0.28859348199
2600 0.2600128783
2601 0.262856398906
2602 0.26299335678
2603 0.263130457448
2604 0.260920134402
2605 0.263096168882
2606 0.277907777013
2607 0.261038205443
2608 0.26307902795
2609 0.279639889197
2610 0.278521175335
2611 0.260633834635
2612 0.263284866662
2613 0.260247486466
2614 0.260297814736
2615 0.260063115863
2616 0.262907741389
2617 0.280319333565
2618 0.287422592355
2619 0.260163649249
2620 0.262548764629
2621 0.260701142746
2622 0.259879006307
2623 0.260130129485
2624 0.261969637991
2625 0.262959103933
2626 0.262924860008
2627 0.260348162476
2628 0.260465716313
2629 0.260247486466
2630 0.287832347281
2631 0.262702491705
2632 0.261731915997
2633 0.259895732767
2634 0.260465716313
2635 0.259862282
2636 0.2659728626
2637 0.266288578212
2638 0.260364949384
2639 0.262582910652
2640 0.260398529696
2641 0.266605044236
2642 0.260096618357
2643 0.28098253427
2644 0.287279453614
2645 0.2602307147
2646 0.26068431246
2647 0.26205464339
2648 0.266464299855
2649 0.260583376355
2650 0.287729799059
2651 0.260079866031
2652 0.259895732767
2653 0.260600193611
2654 0.286565893123
2655 0.262327031768
2656 0.262617065557
2657 0.260046367852
2658 0.260650658404
2659 0.260381738458
2660 0.260751646649
2661 0.266288578212
2662 0.284406254402
2663 0.28316970547
2664 0.282951439983
2665 0.284086112284
2666 0.283428090124
2667 0.28364709188
2668 0.282832527842
2669 0.283110145131
2670 0.284366197183
2671 0.282812718868
2672 0.282555454482
2673 0.28316970547
2674 0.283010933558
2675 0.283826527026
2676 0.283189564486
2677 0.284086112284
2678 0.285350858597
2679 0.283229290875
2680 0.284286116587
2681 0.28348778433
2682 0.283328655627
2683 0.282753308592
2684 0.283986215627
2685 0.282991099587
2686 0.282674133707
2687 0.282911791494
2688 0.282852339591
2689 0.282654346913
2690 0.283766690091
2691 0.283050609842
2692 0.282496152232
2693 0.282535684299
2694 0.286322059136
2695 0.284286116587
2696 0.282654346913
2697 0.282812718868
2698 0.282753308592
2699 0.283806578577
2700 0.282693923271
2701 0.282733510713
2702 0.282951439983
2703 0.282911791494
2704 0.282792912669
2705 0.289566152743
2706 0.282971268395
2707 0.283766690091
2708 0.286159733541
2709 0.283110145131
2710 0.282674133707
2711 0.282693923271
2712 0.283050609842
2713 0.2833087771
2714 0.283050609842
2715 0.282496152232
2716 0.283070452156
2717 0.284326151246
2718 0.283507687987
2719 0.28316970547
2720 0.284426287244
2721 0.283408197642
2722 0.282555454482
2723 0.282496152232
2724 0.282674133707
2725 0.284406254402
2726 0.283269028411
2727 0.282773109244
2728 0.282693923271
2729 0.283189564486
2730 0.283686946747
2731 0.284206081081
2732 0.283010933558
2733 0.282595003149
2734 0.282911791494
2735 0.283467883468
2736 0.282812718868
2737 0.282535684299
2738 0.282852339591
2739 0.284086112284
2740 0.283050609842
2741 0.289566152743
2742 0.28356741573
2743 0.284747196954
2744 0.283447985399
2745 0.282832527842
2746 0.283090297252
2747 0.282733510713
2748 0.282693923271
2749 0.283926311349
2750 0.28348778433
2751 0.284126090628
2752 0.283129995793
2753 0.283149849239
2754 0.283467883468
2755 0.284867724868
2756 0.284206081081
2757 0.283328655627
2758 0.284086112284
2759 0.283348536945
2760 0.282872154116
2761 0.283189564486
2762 0.282991099587
2763 0.282852339591
2764 0.283686946747
2765 0.287279453614
2766 0.283368421053
2767 0.282693923271
2768 0.282555454482
2769 0.282991099587
2770 0.282674133707
2771 0.283249158249
2772 0.282713715606
2773 0.283110145131
2774 0.28356741573
2775 0.282555454482
2776 0.283547503687
2777 0.282555454482
2778 0.284086112284
2779 0.284326151246
2780 0.282812718868
2781 0.283607248209
2782 0.283746750053
2783 0.284386224382
2784 0.283090297252
2785 0.282991099587
2786 0.2833087771
2787 0.284466361395
2788 0.283408197642
2789 0.282476390346
2790 0.282812718868
2791 0.282614781635
2792 0.282674133707
2793 0.282496152232
2794 0.284406254402
2795 0.282812718868
2796 0.282911791494
2797 0.283627168645
2798 0.282971268395
2799 0.282496152232
2800 0.282595003149
2801 0.28406612733
2802 0.282634562889
2803 0.282634562889
2804 0.282872154116
2805 0.282614781635
2806 0.282595003149
2807 0.283428090124
2808 0.282872154116
2809 0.282496152232
2810 0.282812718868
2811 0.283587330571
2812 0.282575227432
2813 0.28293161435
2814 0.283467883468
2815 0.305770104498
2816 0.28356741573
2817 0.282654346913
2818 0.282535684299
2819 0.282753308592
2820 0.282911791494
2821 0.282733510713
2822 0.282693923271
2823 0.286281460475
2824 0.283189564486
2825 0.282555454482
2826 0.283129995793
2827 0.285593040526
2828 0.283926311349
2829 0.283986215627
2830 0.282991099587
2831 0.282872154116
2832 0.282792912669
2833 0.283030770309
2834 0.28406612733
2835 0.282614781635
2836 0.2833087771
2837 0.283050609842
2838 0.282713715606
2839 0.306071401501
2840 0.285169491525
2841 0.283090297252
2842 0.283050609842
2843 0.282456631226
2844 0.283010933558
2845 0.283010933558
2846 0.282951439983
2847 0.282971268395
2848 0.282674133707
2849 0.282852339591
2850 0.284046145189
2851 0.283090297252
2852 0.282872154116
2853 0.282654346913
2854 0.283667017914
2855 0.283149849239
2856 0.282515916882
2857 0.282792912669
2858 0.282476390346
2859 0.282773109244
2860 0.282832527842
2861 0.282496152232
2862 0.282654346913
2863 0.283846478279
2864 0.28450644684
2865 0.283926311349
2866 0.283209426287
2867 0.283986215627
2868 0.284026165858
2869 0.282852339591
2870 0.287873387039
2871 0.282872154116
2872 0.283269028411
2873 0.283946276633
2874 0.283886389201
2875 0.283368421053
2876 0.283467883468
2877 0.282713715606
2878 0.28450644684
2879 0.282654346913
2880 0.282753308592
2881 0.283746750053
2882 0.283328655627
2883 0.282634562889
2884 0.286952814099
2885 0.282555454482
2886 0.306071401501
2887 0.282634562889
2888 0.283229290875
2889 0.282733510713
2890 0.282812718868
2891 0.284186079246
2892 0.282872154116
2893 0.283587330571
2894 0.282595003149
2895 0.28364709188
2896 0.282614781635
2897 0.283428090124
2898 0.283507687987
2899 0.282595003149
2900 0.282555454482
2901 0.282654346913
2902 0.283966244726
2903 0.282575227432
2904 0.282792912669
2905 0.283866432337
2906 0.283906348872
2907 0.284266103485
2908 0.283070452156
2909 0.282971268395
2910 0.283966244726
2911 0.284086112284
2912 0.283806578577
2913 0.28364709188
2914 0.283926311349
2915 0.283249158249
2916 0.2842460932
2917 0.284166080225
2918 0.282792912669
2919 0.282832527842
2920 0.283826527026
2921 0.283906348872
2922 0.283229290875
2923 0.282496152232
2924 0.282753308592
2925 0.283229290875
2926 0.284006189337
2927 0.282634562889
2928 0.284266103485
2929 0.284146084019
2930 0.283388307951
2931 0.282595003149
2932 0.28348778433
2933 0.283229290875
2934 0.282713715606
2935 0.282832527842
2936 0.282674133707
2937 0.283627168645
2938 0.283686946747
2939 0.283030770309
2940 0.283806578577
2941 0.283706878381
2942 0.282891971417
2943 0.282634562889
2944 0.28406612733
2945 0.284546543584
2946 0.283507687987
2947 0.283607248209
2948 0.282773109244
2949 0.282852339591
2950 0.282832527842
2951 0.283388307951
2952 0.284466361395
2953 0.282496152232
2954 0.283110145131
2955 0.282693923271
2956 0.2833087771
2957 0.284346172805
2958 0.282713715606
2959 0.283269028411
2960 0.282773109244
2961 0.284266103485
2962 0.282654346913
2963 0.283388307951
2964 0.282515916882
2965 0.283547503687
2966 0.282773109244
2967 0.284566596195
2968 0.282872154116
2969 0.286647263434
2970 0.283846478279
2971 0.2833087771
2972 0.282792912669
2973 0.282773109244
2974 0.283886389201
2975 0.283607248209
2976 0.282496152232
2977 0.283846478279
2978 0.283090297252
2979 0.28293161435
2980 0.286423606185
2981 0.282535684299
2982 0.282891971417
2983 0.282733510713
2984 0.282773109244
2985 0.282911791494
2986 0.283627168645
2987 0.284426287244
2988 0.282971268395
2989 0.283686946747
2990 0.283587330571
2991 0.282693923271
2992 0.28364709188
2993 0.283866432337
2994 0.283547503687
2995 0.283726812816
2996 0.282733510713
2997 0.283209426287
2998 0.282713715606
2999 0.282496152232
3000 0.283229290875
3001 0.2842460932
3002 0.283706878381
3003 0.283866432337
3004 0.306071401501
3005 0.28348778433
3006 0.283826527026
3007 0.282476390346
3008 0.282911791494
3009 0.282753308592
3010 0.282812718868
3011 0.283070452156
3012 0.283866432337
3013 0.282654346913
3014 0.282911791494
3015 0.283288901361
3016 0.282634562889
3017 0.283010933558
3018 0.283826527026
3019 0.283030770309
3020 0.284907923517
3021 0.287075216835
3022 0.283428090124
3023 0.284026165858
3024 0.283129995793
3025 0.282713715606
3026 0.283507687987
3027 0.284346172805
3028 0.283746750053
3029 0.282674133707
3030 0.283467883468
3031 0.282595003149
3032 0.282456631226
3033 0.282872154116
3034 0.284186079246
3035 0.28356741573
3036 0.284226085732
3037 0.283189564486
3038 0.282496152232
3039 0.284186079246
3040 0.282872154116
3041 0.283447985399
3042 0.282971268395
3043 0.282832527842
3044 0.282773109244
3045 0.282555454482
3046 0.282595003149
3047 0.28316970547
3048 0.283428090124
3049 0.282733510713
3050 0.283946276633
3051 0.282753308592
3052 0.284446322908
3053 0.283428090124
3054 0.282634562889
3055 0.284086112284
3056 0.282555454482
3057 0.283986215627
3058 0.283229290875
3059 0.282733510713
3060 0.282535684299
3061 0.283986215627
3062 0.282713715606
3063 0.283587330571
3064 0.282654346913
3065 0.283706878381
3066 0.28348778433
3067 0.282713715606
3068 0.282693923271
3069 0.282753308592
3070 0.282753308592
3071 0.283667017914
3072 0.282456631226
3073 0.283348536945
3074 0.283667017914
3075 0.282555454482
3076 0.282891971417
3077 0.284146084019
3078 0.283527594439
3079 0.284406254402
3080 0.283726812816
3081 0.282991099587
3082 0.28293161435
3083 0.284747196954
3084 0.282634562889
3085 0.283946276633
3086 0.283467883468
3087 0.28316970547
3088 0.283447985399
3089 0.282634562889
3090 0.283467883468
3091 0.284586651632
3092 0.282555454482
3093 0.282654346913
3094 0.282753308592
3095 0.282575227432
3096 0.282733510713
3097 0.283946276633
3098 0.283587330571
3099 0.283726812816
3100 0.282634562889
3101 0.28713645737
3102 0.288263849229
3103 0.283408197642
3104 0.282832527842
3105 0.284086112284
3106 0.282674133707
3107 0.283667017914
3108 0.283447985399
3109 0.283686946747
3110 0.282792912669
3111 0.282773109244
3112 0.286912036379
3113 0.282674133707
3114 0.283786632933
3115 0.283348536945
3116 0.28364709188
3117 0.284486402705
3118 0.283686946747
3119 0.2833087771
3120 0.283806578577
3121 0.283846478279
3122 0.282515916882
3123 0.282614781635
3124 0.283090297252
3125 0.283030770309
3126 0.282476390346
3127 0.282595003149
3128 0.282555454482
3129 0.282634562889
3130 0.283129995793
3131 0.282693923271
3132 0.282595003149
3133 0.284106100049
3134 0.282634562889
3135 0.282476390346
3136 0.283129995793
3137 0.283726812816
3138 0.283408197642
3139 0.282812718868
3140 0.282852339591
3141 0.283846478279
3142 0.282654346913
3143 0.283547503687
3144 0.282515916882
3145 0.282753308592
3146 0.283806578577
3147 0.28364709188
3148 0.282535684299
3149 0.283030770309
3150 0.283746750053
3151 0.284206081081
3152 0.282713715606
3153 0.284126090628
3154 0.282654346913
3155 0.2842460932
3156 0.282674133707
3157 0.282693923271
3158 0.282733510713
3159 0.283467883468
3160 0.282575227432
3161 0.283030770309
3162 0.282555454482
3163 0.284146084019
3164 0.282891971417
3165 0.283467883468
3166 0.283328655627
3167 0.283189564486
3168 0.282773109244
3169 0.284466361395
3170 0.28364709188
3171 0.28293161435
3172 0.282812718868
3173 0.283866432337
3174 0.306141015921
3175 0.283906348872
3176 0.282555454482
3177 0.282971268395
3178 0.283249158249
3179 0.283209426287
3180 0.284026165858
3181 0.282595003149
3182 0.282595003149
3183 0.283786632933
3184 0.282456631226
3185 0.28364709188
3186 0.284026165858
3187 0.286322059136
3188 0.283110145131
3189 0.283447985399
3190 0.282812718868
3191 0.282674133707
3192 0.283229290875
3193 0.282753308592
3194 0.282971268395
3195 0.282773109244
3196 0.283866432337
3197 0.283229290875
3198 0.282595003149
3199 0.284146084019
3200 0.282872154116
3201 0.282654346913
3202 0.284466361395
3203 0.282654346913
3204 0.283050609842
3205 0.283368421053
3206 0.283428090124
3207 0.283447985399
3208 0.283249158249
3209 0.282733510713
3210 0.282911791494
3211 0.282713715606
3212 0.28293161435
3213 0.283129995793
3214 0.283149849239
3215 0.283686946747
3216 0.28293161435
3217 0.282575227432
3218 0.282555454482
3219 0.282614781635
3220 0.283209426287
3221 0.283507687987
3222 0.282951439983
3223 0.286464245176
3224 0.282891971417
3225 0.283527594439
3226 0.282991099587
3227 0.284006189337
3228 0.282535684299
3229 0.283149849239
3230 0.282713715606
3231 0.282456631226
3232 0.282991099587
3233 0.284526493799
3234 0.284266103485
3235 0.283090297252
3236 0.282595003149
3237 0.282852339591
3238 0.282991099587
3239 0.283249158249
3240 0.283667017914
3241 0.283746750053
3242 0.282812718868
3243 0.282733510713
3244 0.282971268395
3245 0.282713715606
3246 0.286749041329
3247 0.282713715606
3248 0.283746750053
3249 0.286443924239
3250 0.282713715606
3251 0.283110145131
3252 0.282614781635
3253 0.284146084019
3254 0.283447985399
3255 0.282674133707
3256 0.283070452156
3257 0.283686946747
3258 0.283269028411
3259 0.287279453614
3260 0.283050609842
3261 0.282991099587
3262 0.283507687987
3263 0.282911791494
3264 0.287791319222
3265 0.283050609842
3266 0.286749041329
3267 0.282595003149
3268 0.283866432337
3269 0.282476390346
3270 0.282614781635
3271 0.282555454482
3272 0.282535684299
3273 0.2833087771
3274 0.282951439983
3275 0.283686946747
3276 0.283010933558
3277 0.282832527842
3278 0.283846478279
3279 0.287075216835
3280 0.28293161435
3281 0.284566596195
3282 0.282674133707
3283 0.282476390346
3284 0.282753308592
3285 0.283826527026
3286 0.282971268395
3287 0.282891971417
3288 0.283388307951
3289 0.283388307951
3290 0.286322059136
3291 0.306373292868
3292 0.284807448159
3293 0.282674133707
3294 0.283627168645
3295 0.282891971417
3296 0.283926311349
3297 0.283249158249
3298 0.283686946747
3299 0.283328655627
3300 0.283627168645
3301 0.282792912669
3302 0.283229290875
3303 0.283766690091
3304 0.283149849239
3305 0.283706878381
3306 0.282535684299
3307 0.282872154116
3308 0.282812718868
3309 0.282614781635
3310 0.282792912669
3311 0.282535684299
3312 0.282654346913
3313 0.282773109244
3314 0.283070452156
3315 0.282753308592
3316 0.282713715606
3317 0.283209426287
3318 0.282575227432
3319 0.282832527842
3320 0.283149849239
3321 0.284686971235
3322 0.283806578577
3323 0.282595003149
3324 0.282575227432
3325 0.284166080225
3326 0.282812718868
3327 0.282753308592
3328 0.283428090124
3329 0.282852339591
3330 0.282812718868
3331 0.284286116587
3332 0.283726812816
3333 0.283667017914
3334 0.282575227432
3335 0.282614781635
3336 0.283726812816
3337 0.282575227432
3338 0.282911791494
3339 0.282614781635
3340 0.283886389201
3341 0.282753308592
3342 0.283050609842
3343 0.283786632933
3344 0.282713715606
3345 0.283946276633
3346 0.283726812816
3347 0.283129995793
3348 0.283946276633
3349 0.284106100049
3350 0.282674133707
3351 0.28406612733
3352 0.284106100049
3353 0.282693923271
3354 0.283667017914
3355 0.282614781635
3356 0.283706878381
3357 0.282832527842
3358 0.282733510713
3359 0.282654346913
3360 0.282792912669
3361 0.283906348872
3362 0.286281460475
3363 0.283926311349
3364 0.285048708175
3365 0.283408197642
3366 0.283348536945
3367 0.2842460932
3368 0.282654346913
3369 0.282614781635
3370 0.283288901361
3371 0.282555454482
3372 0.282733510713
3373 0.282575227432
3374 0.282773109244
3375 0.282753308592
3376 0.282496152232
3377 0.282595003149
3378 0.283050609842
3379 0.283627168645
3380 0.28293161435
3381 0.282852339591
3382 0.283507687987
3383 0.282773109244
3384 0.282773109244
3385 0.283408197642
3386 0.286993603412
3387 0.283986215627
3388 0.284366197183
3389 0.282634562889
3390 0.282575227432
3391 0.28293161435
3392 0.28348778433
3393 0.282773109244
3394 0.282812718868
3395 0.283050609842
3396 0.283189564486
3397 0.283946276633
3398 0.284727118883
3399 0.282595003149
3400 0.28316970547
3401 0.283129995793
3402 0.282595003149
3403 0.282733510713
3404 0.283467883468
3405 0.283368421053
3406 0.282693923271
3407 0.284406254402
3408 0.282476390346
3409 0.282476390346
3410 0.283269028411
3411 0.283030770309
3412 0.283667017914
3413 0.283906348872
3414 0.282496152232
3415 0.282792912669
3416 0.283010933558
3417 0.28348778433
3418 0.284206081081
3419 0.282634562889
3420 0.283686946747
3421 0.28316970547
3422 0.282832527842
3423 0.283229290875
3424 0.282753308592
3425 0.282575227432
3426 0.282634562889
3427 0.284686971235
3428 0.282614781635
3429 0.282595003149
3430 0.282535684299
3431 0.282852339591
3432 0.282891971417
3433 0.282852339591
3434 0.283726812816
3435 0.284566596195
3436 0.283408197642
3437 0.282575227432
3438 0.314412520439
3439 0.239544402919
3440 0.2393314367
3441 0.277850409413
3442 0.239288888889
3443 0.239843193158
3444 0.239515985527
3445 0.239274709647
3446 0.239303069812
3447 0.239359810314
3448 0.239288888889
3449 0.23987168825
3450 0.239843193158
3451 0.239459170966
3452 0.239218009479
3453 0.239430773792
3454 0.239218009479
3455 0.260113372842
3456 0.239743513626
3457 0.278386763185
3458 0.239288888889
3459 0.239487574877
3460 0.23941657773
3461 0.239601257936
3462 0.239317252415
3463 0.239487574877
3464 0.239544402919
3465 0.239643916914
3466 0.239430773792
3467 0.239572827054
3468 0.239246356203
3469 0.239615475908
3470 0.239601257936
3471 0.239430773792
3472 0.239558614143
3473 0.23941657773
3474 0.239444971537
3475 0.239459170966
3476 0.239658139949
3477 0.23941657773
3478 0.239288888889
3479 0.239444971537
3480 0.23941657773
3481 0.239558614143
3482 0.239402383352
3483 0.239388190657
3484 0.239388190657
3485 0.23941657773
3486 0.239473372079
3487 0.239629695567
3488 0.260046367852
3489 0.23987168825
3490 0.239274709647
3491 0.23941657773
3492 0.23953019338
3493 0.2393314367
3494 0.239473372079
3495 0.239260532085
3496 0.278482758621
3497 0.239473372079
3498 0.239544402919
3499 0.239459170966
3500 0.239501779359
3501 0.239487574877
3502 0.278348383539
3503 0.239317252415
3504 0.239388190657
3505 0.239317252415
3506 0.239558614143
3507 0.239885938335
3508 0.2393314367
3509 0.239544402919
3510 0.239515985527
3511 0.239487574877
3512 0.239515985527
3513 0.239388190657
3514 0.239288888889
3515 0.239786223278
3516 0.239359810314
3517 0.239402383352
3518 0.239473372079
3519 0.239672364672
3520 0.239444971537
3521 0.239345622666
3522 0.240028532366
3523 0.2393314367
3524 0.239402383352
3525 0.239430773792
3526 0.278041726916
3527 0.239629695567
3528 0.23953019338
3529 0.239715048976
3530 0.239700819186
3531 0.239317252415
3532 0.2393314367
3533 0.23941657773
3534 0.23941657773
3535 0.23953019338
3536 0.239473372079
3537 0.239359810314
3538 0.239260532085
3539 0.239487574877
3540 0.239345622666
3541 0.278003442341
3542 0.239373999644
3543 0.239672364672
3544 0.239345622666
3545 0.239274709647
3546 0.24038576021
3547 0.239430773792
3548 0.239388190657
3549 0.239317252415
3550 0.23941657773
3551 0.27775484936
3552 0.2393314367
3553 0.239303069812
3554 0.239672364672
3555 0.239501779359
3556 0.239487574877
3557 0.277602089922
3558 0.239643916914
3559 0.239743513626
3560 0.239587041652
3561 0.239246356203
3562 0.277621175662
3563 0.23941657773
3564 0.239444971537
3565 0.239444971537
3566 0.239260532085
3567 0.2393314367
3568 0.239402383352
3569 0.239700819186
3570 0.239572827054
3571 0.239218009479
3572 0.239444971537
3573 0.239317252415
3574 0.239515985527
3575 0.23941657773
3576 0.239246356203
3577 0.23980046321
3578 0.278386763185
3579 0.239544402919
3580 0.239430773792
3581 0.2393314367
3582 0.239373999644
3583 0.239246356203
3584 0.239345622666
3585 0.239900190114
3586 0.239317252415
3587 0.23987168825
3588 0.239444971537
3589 0.239260532085
3590 0.239232182001
3591 0.239587041652
3592 0.239473372079
3593 0.277640264026
3594 0.23987168825
3595 0.239373999644
3596 0.239402383352
3597 0.240428699018
3598 0.239246356203
3599 0.239359810314
3600 0.239672364672
3601 0.239303069812
3602 0.239501779359
3603 0.239444971537
3604 0.2393314367
3605 0.240285629277
3606 0.239757748486
3607 0.239274709647
3608 0.239317252415
3609 0.239473372079
3610 0.277907777013
3611 0.23941657773
3612 0.240014265335
3613 0.239473372079
3614 0.23941657773
3615 0.239345622666
3616 0.239487574877
3617 0.239373999644
3618 0.239672364672
3619 0.239487574877
3620 0.239260532085
3621 0.239430773792
3622 0.239402383352
3623 0.239373999644
3624 0.239473372079
3625 0.239402383352
3626 0.239729280456
3627 0.239359810314
3628 0.239473372079
3629 0.23953019338
3630 0.239729280456
3631 0.239388190657
3632 0.239345622666
3633 0.239288888889
3634 0.278636489097
3635 0.239515985527
3636 0.239587041652
3637 0.239558614143
3638 0.239274709647
3639 0.239359810314
3640 0.239373999644
3641 0.23980046321
3642 0.239345622666
3643 0.23953019338
3644 0.239544402919
3645 0.239388190657
3646 0.239459170966
3647 0.239444971537
3648 0.239317252415
3649 0.239501779359
3650 0.23941657773
3651 0.239218009479
3652 0.277965168307
3653 0.239303069812
3654 0.239260532085
3655 0.239373999644
3656 0.23941657773
3657 0.239515985527
3658 0.239388190657
3659 0.239430773792
3660 0.239345622666
3661 0.239288888889
3662 0.239288888889
3663 0.239444971537
3664 0.239402383352
3665 0.239345622666
3666 0.239288888889
3667 0.2393314367
3668 0.23953019338
3669 0.239359810314
3670 0.239303069812
3671 0.239515985527
3672 0.2393314367
3673 0.23987168825
3674 0.239260532085
3675 0.278080022037
3676 0.239402383352
3677 0.239274709647
3678 0.278348383539
3679 0.239274709647
3680 0.239388190657
3681 0.239814704834
3682 0.239345622666
3683 0.2393314367
3684 0.239444971537
3685 0.27867494824
3686 0.23941657773
3687 0.239260532085
3688 0.239672364672
3689 0.239232182001
3690 0.239246356203
3691 0.239572827054
3692 0.239246356203
3693 0.278080022037
3694 0.239615475908
3695 0.239274709647
3696 0.23941657773
3697 0.23941657773
3698 0.239501779359
3699 0.239459170966
3700 0.239246356203
3701 0.239303069812
3702 0.23941657773
3703 0.239743513626
3704 0.23941657773
3705 0.239232182001
3706 0.239743513626
3707 0.239558614143
3708 0.239544402919
3709 0.23941657773
3710 0.239218009479
3711 0.239572827054
3712 0.239615475908
3713 0.239317252415
3714 0.239572827054
3715 0.239572827054
3716 0.239402383352
3717 0.239303069812
3718 0.239246356203
3719 0.239587041652
3720 0.23953019338
3721 0.239345622666
3722 0.277965168307
3723 0.239672364672
3724 0.2600128783
3725 0.239288888889
3726 0.239473372079
3727 0.23941657773
3728 0.239288888889
3729 0.239601257936
3730 0.239218009479
3731 0.239601257936
3732 0.239771985037
3733 0.239232182001
3734 0.239246356203
3735 0.239900190114
3736 0.239430773792
3737 0.239373999644
3738 0.239757748486
3739 0.239629695567
3740 0.23941657773
3741 0.239587041652
3742 0.277697544873
3743 0.239274709647
3744 0.239473372079
3745 0.239246356203
3746 0.239288888889
3747 0.239232182001
3748 0.239515985527
3749 0.239218009479
3750 0.239288888889
3751 0.277907777013
3752 0.239288888889
3753 0.239473372079
3754 0.239558614143
3755 0.239317252415
3756 0.239317252415
3757 0.278521175335
3758 0.239444971537
3759 0.23982894815
3760 0.239473372079
3761 0.239444971537
3762 0.239501779359
3763 0.239444971537
3764 0.239373999644
3765 0.239615475908
3766 0.239260532085
3767 0.239345622666
3768 0.239345622666
3769 0.23953019338
3770 0.239388190657
3771 0.239345622666
3772 0.239303069812
3773 0.239317252415
3774 0.239402383352
3775 0.239459170966
3776 0.2393314367
3777 0.239473372079
3778 0.239345622666
3779 0.239388190657
3780 0.239501779359
3781 0.239430773792
3782 0.239260532085
3783 0.239658139949
3784 0.239388190657
3785 0.239373999644
3786 0.239473372079
3787 0.239501779359
3788 0.239274709647
3789 0.239373999644
3790 0.239317252415
3791 0.239843193158
3792 0.239501779359
3793 0.23941657773
3794 0.239900190114
3795 0.239700819186
3796 0.239274709647
3797 0.239359810314
3798 0.278233308069
3799 0.239218009479
3800 0.239402383352
3801 0.239900190114
3802 0.239246356203
3803 0.239430773792
3804 0.239501779359
3805 0.239900190114
3806 0.239274709647
3807 0.239288888889
3808 0.239232182001
3809 0.239232182001
3810 0.239430773792
3811 0.239700819186
3812 0.239246356203
3813 0.239303069812
3814 0.239303069812
3815 0.239317252415
3816 0.23941657773
3817 0.239246356203
3818 0.239373999644
3819 0.239402383352
3820 0.239388190657
3821 0.239218009479
3822 0.239572827054
3823 0.239629695567
3824 0.239402383352
3825 0.239914443586
3826 0.239587041652
3827 0.239658139949
3828 0.239317252415
3829 0.239601257936
3830 0.239729280456
3831 0.279427029271
3832 0.239558614143
3833 0.239373999644
3834 0.239658139949
3835 0.239303069812
3836 0.239572827054
3837 0.239515985527
3838 0.239444971537
3839 0.240071343639
3840 0.239274709647
3841 0.239373999644
3842 0.239672364672
3843 0.239786223278
3844 0.239317252415
3845 0.239274709647
3846 0.239487574877
3847 0.239232182001
3848 0.239388190657
3849 0.239288888889
3850 0.239274709647
3851 0.239487574877
3852 0.278482758621
3853 0.239515985527
3854 0.239218009479
3855 0.239232182001
3856 0.23941657773
3857 0.239218009479
3858 0.239359810314
3859 0.239658139949
3860 0.239288888889
3861 0.239729280456
3862 0.260146888288
3863 0.239473372079
3864 0.239359810314
3865 0.239303069812
3866 0.239260532085
3867 0.239473372079
3868 0.239572827054
3869 0.239459170966
3870 0.239658139949
3871 0.239572827054
3872 0.239317252415
3873 0.277659355016
3874 0.239743513626
3875 0.239402383352
3876 0.239232182001
3877 0.2393314367
3878 0.278405956977
3879 0.239345622666
3880 0.239232182001
3881 0.239345622666
3882 0.239459170966
3883 0.239260532085
3884 0.23941657773
3885 0.239686591084
3886 0.239232182001
3887 0.277907777013
3888 0.239274709647
3889 0.239345622666
3890 0.23941657773
3891 0.239274709647
3892 0.239544402919
3893 0.239388190657
3894 0.239288888889
3895 0.2393314367
3896 0.239388190657
3897 0.239501779359
3898 0.239260532085
3899 0.239430773792
3900 0.239303069812
3901 0.239686591084
3902 0.239317252415
3903 0.23980046321
3904 0.239459170966
3905 0.239303069812
3906 0.239317252415
3907 0.23982894815
3908 0.239572827054
3909 0.239303069812
3910 0.239515985527
3911 0.239260532085
3912 0.239303069812
3913 0.23941657773
3914 0.239459170966
3915 0.239317252415
3916 0.239515985527
3917 0.239303069812
3918 0.23941657773
3919 0.239643916914
3920 0.239373999644
3921 0.239430773792
3922 0.239629695567
3923 0.239232182001
3924 0.239303069812
3925 0.239786223278
3926 0.239274709647
3927 0.239814704834
3928 0.239544402919
3929 0.239246356203
3930 0.23941657773
3931 0.23987168825
3932 0.239515985527
3933 0.239317252415
3934 0.239515985527
3935 0.239345622666
3936 0.239218009479
3937 0.239288888889
3938 0.239402383352
3939 0.24038576021
3940 0.239260532085
3941 0.239359810314
3942 0.239303069812
3943 0.239232182001
3944 0.277831292143
3945 0.239388190657
3946 0.239686591084
3947 0.239260532085
3948 0.239658139949
3949 0.278521175335
3950 0.239373999644
3951 0.239430773792
3952 0.239700819186
3953 0.239260532085
3954 0.239260532085
3955 0.239260532085
3956 0.239246356203
3957 0.239544402919
3958 0.239459170966
3959 0.2393314367
3960 0.239232182001
3961 0.239444971537
3962 0.259996136759
3963 0.278099173554
3964 0.239288888889
3965 0.23941657773
3966 0.239260532085
3967 0.23987168825
3968 0.239430773792
3969 0.239857439857
3970 0.239558614143
3971 0.239288888889
3972 0.23987168825
3973 0.239459170966
3974 0.239317252415
3975 0.239218009479
3976 0.23941657773
3977 0.23941657773
3978 0.239288888889
3979 0.239260532085
3980 0.239373999644
3981 0.225448048685
3982 0.184039013719
3983 0.184089354912
3984 0.18398870005
3985 0.183980317113
3986 0.184022239439
3987 0.184047402005
3988 0.18398870005
3989 0.184030626196
3990 0.224782899132
3991 0.184005468216
3992 0.183997083751
3993 0.183997083751
3994 0.184022239439
3995 0.184064180873
3996 0.184047402005
3997 0.184005468216
3998 0.184064180873
3999 0.184089354912
4000 0.184005468216
4001 0.184047402005
4002 0.18398870005
4003 0.184030626196
4004 0.184013853445
4005 0.184055791057
4006 0.183997083751
4007 0.18398870005
4008 0.184005468216
4009 0.183980317113
4010 0.184055791057
4011 0.183980317113
4012 0.224757875988
4013 0.18398870005
4014 0.184022239439
4015 0.184072571455
4016 0.183980317113
4017 0.184005468216
4018 0.184047402005
4019 0.184030626196
4020 0.184039013719
4021 0.184039013719
4022 0.184064180873
4023 0.183980317113
4024 0.184122931011
4025 0.183980317113
4026 0.184005468216
4027 0.184047402005
4028 0.184030626196
4029 0.18398870005
4030 0.18398870005
4031 0.184131326949
4032 0.224845481374
4033 0.18398870005
4034 0.183997083751
4035 0.18398870005
4036 0.183980317113
4037 0.18398870005
4038 0.184005468216
4039 0.184047402005
