node,betweenness
1 0.123326804802
2 0.000497118448463
3 7.59502117851e-08
4 0.00066903963191
5 1.84033205479e-07
6 2.20654839649e-06
7 6.33093290098e-05
8 0.000888440463278
9 2.76049808219e-07
10 0.00260085552242
11 5.91007854278e-08
12 0.0
13 0.0
14 0.000785659174609
15 5.58287168657e-07
16 0.0
17 0.000704522496131
18 5.39928108139e-07
19 5.10267219948e-05
20 0.000166653307127
21 6.79369333214e-07
22 0.00409958704123
23 6.95981649657e-07
24 6.86034893759e-06
25 8.41542781649e-07
26 0.000154739185862
27 3.34188581888e-05
28 3.06722009132e-08
29 3.81216065924e-07
30 9.18355736499e-06
31 8.60788098926e-06
32 2.96459620309e-05
33 0.000159060368036
34 4.6936977946e-05
35 0.00240637914916
36 0.0
37 2.72641785895e-08
38 0.0
39 9.9982094413e-07
40 1.44283433257e-06
41 0.00186416547838
42 5.08092311032e-06
43 0.0
44 0.0
45 0.0
46 1.21781269422e-06
47 0.0
48 0.0
49 2.24158488791e-05
50 1.84033205479e-07
51 5.13546795224e-07
52 9.20166027397e-08
53 0.0
54 0.00160784222636
55 1.66258532574e-06
56 3.36785325412e-07
57 0.00699132038633
58 1.53590271522e-06
59 0.0799615547055
60 4.24550937778e-06
61 3.56059483385e-07
62 6.13444018264e-08
63 7.92951020062e-06
64 0.0
65 1.16676950209e-05
66 1.88147221917e-06
67 3.52349074867e-07
68 0.00560687319889
69 1.47226564383e-07
70 1.81594525796e-06
71 0.0
72 0.0
73 6.03283919231e-06
74 1.03117069441e-06
75 0.0
76 1.64036413828e-06
77 0.0
78 1.63672427503e-06
79 0.0
80 2.08706696969e-08
81 9.81501926999e-05
82 6.13444018264e-08
83 2.83889278038e-05
84 9.20166027397e-08
85 1.37104022111e-06
86 1.68359454656e-06
87 0.0
88 4.62581168832e-05
89 3.34267457667e-05
90 4.60083013698e-07
91 0.0
92 2.76049808219e-07
93 3.85813882029e-06
94 6.44712084319e-07
95 3.54768555434e-06
96 8.5882162557e-08
97 7.83598640127e-07
98 4.08962678843e-08
99 9.4328603912e-06
100 8.16172660491e-07
101 5.31651482496e-07
102 1.13568667493e-06
103 0.0
104 9.56224305365e-05
105 8.38413523951e-06
106 1.42538181836e-06
107 3.63879412104e-07
108 0.464596068909
109 3.26103100713e-06
110 1.85710788946e-05
111 0.0
112 1.52942304681e-06
113 0.0
114 1.36375365493e-05
115 0.0
116 3.64610145202e-06
117 1.15576216803e-06
118 2.09593372907e-07
119 2.30850201976e-05
120 0.000700524519324
121 4.46000973086e-05
122 3.03606066446e-06
123 0.00074802975438
124 1.20753609404e-06
125 1.63585071537e-07
126 7.44353007267e-06
127 3.08360406075e-07
128 6.71329755634e-06
129 4.34717223902e-06
130 4.49858946727e-08
131 3.96056634794e-06
132 0.0
133 7.00398210419e-06
134 1.11198087794e-05
135 1.77904280439e-06
136 0.0
137 0.0273242831824
138 5.17126546032e-06
139 0.0
140 1.22688803653e-08
141 9.16271144741e-08
142 1.10657857879e-05
143 1.34745136615e-05
144 1.15152205714e-06
145 8.43684695249e-07
146 0.0
147 0.000137639682551
148 2.45377607306e-08
149 1.00109249597e-05
150 3.6641108583e-07
151 5.91955772132e-05
152 3.40802232369e-08
153 1.84033205479e-07
154 0.0
155 0.0
156 4.08962678843e-08
157 0.000168858444242
158 4.08962678843e-08
159 1.24796722581e-05
160 2.96385601239e-06
161 0.0
162 1.27920594116e-05
163 5.84232398347e-08
164 1.84731200094e-05
165 1.75269719504e-08
166 3.96215112286e-07
167 4.36713717764e-07
168 3.20311228765e-07
169 3.20480894198e-07
170 0.000423826681015
171 3.87268091269e-05
172 0.0108481043417
173 2.31988930962e-05
174 0.00259215422482
175 4.08962678843e-08
176 3.75340104318e-06
177 5.0149292402e-07
178 3.1110375212e-07
179 1.37125971548e-06
180 6.13444018264e-08
181 1.70893506612e-06
182 1.84033205479e-07
183 4.08962678843e-08
184 0.0
185 8.55698443766e-06
186 9.71351938937e-06
187 1.99315560371e-05
188 4.08256731362e-07
189 2.40634389557e-05
190 1.16676950209e-05
191 1.84033205479e-07
192 0.0
193 3.68066410959e-07
194 1.84033205479e-07
195 2.87426689404e-06
196 0.0
197 1.37356353048e-05
198 5.65675459115e-06
199 0.00111839679539
200 2.422912828e-05
201 2.7725668436e-05
202 0.0
203 3.50449267545e-06
204 4.47929843063e-05
205 3.6769599529e-06
206 0.0
207 1.63585071537e-07
208 0.0
209 1.86076459138e-08
210 0.0
211 0.0
212 5.20640340309e-06
213 4.1877437056e-06
214 0.000495200778351
215 2.04802667241e-06
216 0.0
217 0.0
218 2.29547708381e-05
219 0.0
220 2.8627387519e-07
221 0.0
222 5.3513637703e-07
223 2.58431972004e-06
224 3.92925805377e-06
225 9.75311564986e-06
226 1.45473867188e-07
227 3.06726435135e-07
228 1.95922334786e-06
229 0.0
230 2.81046532679e-07
231 1.52338597869e-06
232 1.4030358726e-05
233 3.67901903544e-06
234 0.0
235 0.0
236 1.1146318254e-06
237 2.2342170584e-05
238 9.20166027397e-08
239 5.00886824242e-06
240 4.01011955928e-05
241 6.13444018264e-08
242 0.0
243 4.28559619099e-06
244 4.6758066281e-07
245 0.0
246 1.84033205479e-07
247 3.81110982857e-05
248 6.13444018264e-08
249 9.06142048019e-06
250 3.99712617694e-06
251 2.17064806463e-08
252 5.41019077291e-06
253 3.8758313034e-05
254 4.08962678843e-08
255 4.74401990046e-07
256 0.0
257 0.0
258 2.38102525601e-06
259 1.77071611473e-06
260 2.76049808219e-07
261 3.06226707302e-06
262 2.077944218e-05
263 0.0
264 2.04481339421e-08
265 0.0
266 1.01241961152e-05
267 5.29295492474e-07
268 0.0
269 3.48612908422e-08
270 8.77844966126e-05
271 4.08962678843e-08
272 0.00221873773315
273 5.68690041969e-05
274 0.0
275 3.64504062357e-06
276 1.84033205479e-07
277 3.11023327536e-06
278 0.000122980337516
279 2.17918684583e-07
280 0.0
281 3.76627553856e-05
282 5.59111249827e-06
283 0.0
284 1.92460067882e-07
285 5.81619692386e-06
286 0.000524560820661
287 0.0
288 0.0
289 3.83402511415e-09
290 3.2863072407e-08
291 4.42650872617e-07
292 2.67249539386e-05
293 0.0
294 0.0
295 3.06722009132e-08
296 9.26915036188e-07
297 2.04481339421e-08
298 3.54825018817e-06
299 3.59391445044e-08
300 4.94376779169e-06
301 1.03409134507e-07
302 6.13444018264e-08
303 1.39868582853e-06
304 5.07695926149e-06
305 0.000621015373416
306 0.0
307 0.0
308 1.99324903924e-06
309 0.000184676115457
310 0.0
311 3.30231881879e-06
312 2.4748256227e-07
313 6.89448227286e-06
314 2.61183371944e-05
315 2.59348811978e-06
316 0.000687478882669
317 0.0
318 1.0472904917e-06
319 2.63383594554e-07
320 4.60083013698e-07
321 4.21845888427e-06
322 0.0
323 0.000992343595184
324 2.51757645115e-05
325 0.00036068291557
326 1.42978599897e-05
327 1.06252841446e-06
328 0.0
329 0.0
330 4.57669751354e-05
331 2.88705963848e-07
332 1.03400295067e-05
333 5.91286227339e-05
334 8.94362429803e-08
335 1.86038270966e-05
336 0.0
337 0.0
338 9.85471447027e-07
339 1.07950310878e-07
340 0.000326241174122
341 8.53731934873e-08
342 5.0667605465e-07
343 9.48858648033e-06
344 1.47017657041e-06
345 1.65549861845e-06
346 3.82238216802e-06
347 1.1512813122e-05
348 7.38492221988e-08
349 0.0362872759412
350 1.53361004566e-08
351 7.78161011765e-05
352 5.60454717254e-06
353 1.3996963014e-06
354 0.00511186681814
355 1.89730560628e-06
356 9.61317783964e-06
357 6.13444018264e-08
358 5.0394017471e-05
359 0.0
360 1.0309616988e-05
361 0.000216222450642
362 6.52530383322e-06
363 3.597982206e-06
364 0.00124209132986
365 2.04481339421e-07
366 2.50976501123e-08
367 0.00140905242475
368 2.33387063276e-05
369 1.36434083045e-05
370 7.14913610429e-05
371 0.000366202875144
372 5.61170593149e-08
373 4.66938933658e-06
374 0.000911371696498
375 0.000306524222646
376 7.63738487856e-07
377 0.00601870324838
378 0.0
379 0.000118927456939
380 0.0
381 2.84251532273e-08
382 3.78627535083e-08
383 1.54193873072e-07
384 6.13444018264e-08
385 4.08962678843e-08
386 1.30487076984e-07
387 6.13444018264e-08
388 0.000215225289596
389 0.000123760886064
390 0.00177810886068
391 3.04359258149e-07
392 0.000431786235378
393 8.26417880911e-05
394 0.0
395 2.22751250972e-05
396 0.000613444138075
397 6.48266284749e-06
398 0.000130990563875
399 6.23551717006e-06
400 4.08962678843e-08
401 0.000299151595671
402 0.0
403 0.00024444070585
404 1.97779829436e-06
405 9.58774175234e-05
406 8.2456465678e-05
407 1.22688803653e-07
408 2.75957960003e-05
409 9.996586808e-05
410 0.000267521162037
411 2.5204417345e-06
412 6.13444018264e-08
413 0.000922934602259
414 2.00489323557e-06
415 0.0473282489192
416 5.91763434812e-05
417 7.22152323381e-05
418 0.000170757732136
419 3.37973931752e-06
420 0.000800577777389
421 0.00065316085046
422 2.34496982467e-05
423 0.000409889110559
424 0.000247613133635
425 3.8232665222e-07
426 2.74167508747e-06
427 5.6323768905e-06
428 7.16531235984e-05
429 0.0641475703091
430 1.27014370448e-07
431 4.00730298108e-05
432 0.00182591370329
433 0.000129431775145
434 1.5832830571e-05
435 0.000123470335877
436 2.32488553441e-05
437 0.000274194876535
438 1.37002497412e-06
439 0.000139727123452
440 0.000158047664266
441 2.44461403789e-06
442 4.08962678843e-08
443 9.28552986592e-07
444 0.0
445 5.97605849427e-05
446 9.83895649057e-05
447 8.7887138261e-06
448 0.0
449 0.0
450 0.000231381885765
451 1.93250564044e-06
452 4.05909308244e-05
453 0.000112533034245
454 3.06722009132e-07
455 0.0
456 0.000148188957822
457 0.000326108817782
458 7.60861061836e-05
459 5.84415115327e-06
460 1.95334476515e-05
461 0.000658272613769
462 0.000223726216029
463 1.33680627325e-05
464 0.000181636653382
465 1.42622032521e-05
466 0.000352243118964
467 2.47737007376e-08
468 0.0
469 0.0
470 7.01624653119e-05
471 8.00277333657e-07
472 4.89063106725e-05
473 8.27750130974e-05
474 5.20415135159e-05
475 2.75048346964e-06
476 0.00660339471532
477 0.0
478 6.28780118721e-07
479 5.36200780329e-07
480 5.29118589016e-05
481 3.60858046593e-05
482 1.24482160861e-05
483 3.43846034335e-05
484 0.0102763453009
485 0.00283766348186
486 0.0
487 2.76673534183e-07
488 7.91723595553e-06
489 1.23791766773e-06
490 3.78244485134e-06
491 1.24850140539e-06
492 1.44241187665e-07
493 0.00319052429724
494 3.33442049311e-05
495 6.35343026613e-06
496 1.92951757674e-06
497 4.64657216421e-05
498 0.000608383609318
499 9.79214017484e-07
500 0.0
501 0.000454910286302
502 4.08962678843e-08
503 4.9339934186e-07
504 0.000207857884802
505 0.000195662332978
506 8.77747895398e-08
507 0.000135832208966
508 0.000167837020544
509 6.23137768331e-05
510 1.74071634533e-07
511 6.29626370627e-05
512 1.9672263404e-05
513 3.44424482763e-05
514 0.000517893905749
515 7.87414952813e-05
516 0.00018189819619
517 7.51108192709e-05
518 0.00284702520252
519 4.37650177829e-05
520 2.41429205174e-06
521 0.000206190492809
522 1.49121271281e-06
523 2.59257092145e-07
524 4.48595929147e-05
525 0.00137980217714
526 0.000392635204326
527 0.00173913446687
528 8.79728218885e-05
529 4.30381323237e-06
530 2.34003878142e-07
531 4.49858946727e-08
532 0.000237370283659
533 1.49271377778e-06
534 3.37426966898e-07
535 2.24522889618e-05
536 4.94962747025e-06
537 7.47219399958e-07
538 7.01477178509e-05
539 0.00115218762464
540 1.23880829034e-05
541 1.65671003814e-06
542 1.39710279157e-05
543 0.000291929614434
544 7.72354609815e-06
545 0.000106696435931
546 7.41882568805e-05
547 9.54948685458e-05
548 7.58011240522e-06
549 7.17122769647e-06
550 3.52571654718e-05
551 0.0
552 4.18248092712e-07
553 4.08962678843e-08
554 0.000720734192158
555 7.48426325785e-05
556 1.73001236904e-05
557 9.9972758495e-05
558 2.14166952588e-05
559 2.99065641386e-05
560 0.000301987464725
561 1.23940009718e-05
562 0.000336759813636
563 5.02439862578e-08
564 0.0626196066618
565 5.9726135835e-06
566 1.14178104886e-06
567 0.00168937436693
568 0.102097125623
569 1.08273754424e-06
570 2.46743014103e-06
571 3.60998363013e-05
572 0.0
573 0.0
574 3.043763234e-06
575 2.62476640028e-06
576 8.13468713109e-08
577 1.11535276048e-08
578 7.4816922065e-08
579 2.12727070531e-07
580 1.2441070099e-05
581 0.00127361660916
582 0.0
583 3.02692016911e-08
584 3.64932888309e-07
585 1.13278436365e-05
586 0.0
587 0.0
588 3.23784932933e-07
589 3.33730147822e-07
590 7.50501845118e-06
591 0.000315611103089
592 0.000114748144848
593 1.25002788215e-05
594 2.21566021804e-07
595 0.0288032012307
596 1.11535276048e-08
597 0.00188841469454
598 1.93440623834e-06
599 1.63596647237e-07
600 2.09109897166e-07
601 3.0923164033e-07
602 0.000414929868504
603 0.0
604 3.21801060952e-07
605 0.000145029261261
606 3.74610924695e-07
607 0.000972199614031
608 0.0
609 0.0
610 0.000580375225483
611 2.0767002088e-06
612 2.24041719297e-07
613 4.54596522333e-07
614 0.0
615 1.10300102609e-05
616 3.426258331e-07
617 6.92370069062e-06
618 4.60618090257e-06
619 1.02663238806e-05
620 2.89345844228e-06
621 9.50710422207e-06
622 5.5502077843e-08
623 6.79417558623e-07
624 6.05364349755e-07
625 0.0
626 8.86555238225e-07
627 4.44625198159e-07
628 2.12727070531e-07
629 3.35074463758e-08
630 6.44755534372e-05
631 5.52323351295e-05
632 7.5946875738e-07
633 1.96050584732e-07
634 3.46693520131e-07
635 5.94717753211e-05
636 3.36858802977e-06
637 2.67317040592e-06
638 0.00151199967027
639 0.0
640 2.39638166553e-05
641 1.56752451777e-07
642 0.000530133507434
643 0.0
644 3.0923164033e-07
645 7.98720479012e-06
646 0.000139465937906
647 2.23588271074e-05
648 1.17630663263e-06
649 0.0
650 5.40408369817e-05
651 2.01573542926e-07
652 0.00156219339075
653 0.0
654 1.32833025522e-05
655 1.22593941534e-05
656 7.25749229985e-07
657 0.0
658 4.57200205174e-07
659 2.12727070531e-07
660 2.12727070531e-07
661 0.0
662 3.0923164033e-07
663 2.55246319675e-07
664 2.10237680527e-06
665 4.06166233374e-07
666 1.04099590978e-07
667 4.24551770551e-06
668 0.0
669 0.0
670 2.29231635613e-05
671 1.20567473847e-07
672 2.2807871977e-07
673 2.39872340475e-08
674 0.0
675 0.0
676 2.01573542926e-07
677 2.44875032434e-06
678 8.0282919783e-06
679 3.54699809326e-05
680 2.75921301029e-06
681 1.01113025435e-05
682 2.86862300644e-07
683 1.3946595559e-06
684 0.00010930181165
685 6.51107601637e-07
686 9.30094941721e-07
687 0.0297218983751
688 3.72793926688e-06
689 1.3742123308e-05
690 8.29610005653e-08
691 4.75500358031e-08
692 2.89681897514e-07
693 0.0
694 3.4504933045e-07
695 1.47717575314e-05
696 5.89918695065e-06
697 2.12388763979e-06
698 0.0019645953873
699 0.115316003788
700 0.0
701 5.72855241116e-08
702 1.22453946198e-06
703 8.73914295861e-08
704 0.00227989215698
705 1.14655608176e-07
706 3.52342554598e-05
707 4.40248547497e-08
708 5.32089656795e-07
709 0.000611200223952
710 4.94405816391e-07
711 1.82284473663e-07
712 7.27798664384e-07
713 1.29719066846e-06
714 0.00501413537094
715 1.03082938085e-06
716 2.62045413965e-08
717 6.48003611674e-07
718 0.0
719 3.80295887726e-06
720 0.00328302304304
721 2.34725872953e-06
722 6.46475619248e-08
723 6.101076038e-07
724 2.08386055449e-07
725 1.18431985967e-05
726 5.25809158512e-08
727 3.2697255191e-06
728 3.27653286684e-06
729 8.50021498396e-06
730 1.80561335837e-05
731 6.01564983377e-07
732 6.62893593833e-07
733 1.10239784965e-06
734 4.4898259813e-07
735 3.72152086633e-06
736 1.90849250127e-08
737 2.00844492742e-06
738 5.47958863159e-07
739 1.90453744386e-06
740 5.39707095852e-06
741 5.15626287416e-07
742 1.01285720668e-06
743 1.3072199913e-06
744 0.0
745 0.0
746 0.00363601028427
747 3.20305412394e-07
748 0.00271490948802
749 1.42326575376e-06
750 0.0
751 0.0
752 1.536984864e-07
753 2.5137455945e-06
754 6.89140197415e-06
755 2.50004019302e-06
756 1.26818768321e-06
757 1.67893785475e-07
758 1.84033205479e-07
759 1.0272082054e-06
760 4.0601335866e-07
761 1.25468776309e-06
762 7.80521025938e-08
763 1.58278293919e-07
764 1.5018289984e-06
765 2.35334462294e-06
766 5.87276571403e-07
767 4.16213161386e-06
768 2.58814952468e-07
769 2.07407370017e-06
770 9.88926488199e-05
771 7.12391850583e-06
772 2.54681508249e-06
773 0.00047224690446
774 3.81672039268e-06
775 0.000987433975531
776 0.0
777 3.21651319156e-05
778 1.55352489583e-06
779 6.03859566521e-07
780 7.06453237296e-07
781 3.19006861183e-06
782 1.3495464687e-05
783 3.65570281441e-06
784 6.86839603365e-07
785 7.68902583835e-06
786 0.0
787 4.22692140204e-07
788 3.16701142394e-06
789 6.54340286149e-08
790 1.10083989659e-06
791 4.08962678843e-08
792 6.88420509386e-08
793 1.85931316066e-06
794 1.63876746732e-06
795 3.18848173299e-07
796 2.03518035623e-06
797 2.37198353729e-07
798 2.98765332088e-06
799 0.000742123402906
800 1.18828886421e-06
801 0.00106801000776
802 0.0
803 0.0
804 0.00126696200874
805 0.00036210957739
806 0.0030524125385
807 1.79617382268e-06
808 1.03367649108e-06
809 4.57270172307e-08
810 4.85592150519e-07
811 0.00108748037264
812 2.56841572708e-06
813 9.92752476888e-08
814 7.35492413327e-07
815 1.88475982476e-06
816 7.00147444454e-06
817 3.16069727506e-07
818 2.45691620538e-06
819 3.18036131289e-06
820 0.0010102653314
821 7.94125667879e-06
822 1.97384634112e-07
823 2.24987896603e-06
824 0.00188506522769
825 1.55169699119e-05
826 9.27801592759e-06
827 2.90727529079e-07
828 8.9374033231e-06
829 0.00396316061747
830 8.70126608897e-06
831 0.0023714692769
832 9.13972827559e-07
833 4.90755214612e-08
834 2.87822091046e-06
835 3.88087662465e-06
836 1.3675280124e-06
837 8.32555510661e-07
838 5.84465529544e-07
839 9.69026206335e-07
840 1.49412567274e-06
841 0.000634145856677
842 0.0
843 4.47314583853e-06
844 3.1244271523e-07
845 1.51757259741e-07
846 1.56371418105e-06
847 2.18586778092e-07
848 1.30261538488e-06
849 3.48397676695e-06
850 6.92130164025e-06
851 1.25497987768e-06
852 0.0
853 0.0
854 6.08978070459e-06
855 0.0
856 0.0
857 0.000500193812749
858 0.000367756952358
859 0.0
860 0.0
861 0.0576635676584
862 1.15678014873e-07
863 0.0114301052619
864 1.51318852149e-07
865 1.35078314999e-07
866 0.0
867 9.61062295281e-08
868 1.43136937595e-07
869 0.0
870 8.18449972933e-08
871 2.29019100152e-07
872 1.33321833303e-06
873 2.04481339421e-08
874 0.0
875 2.04481339421e-08
876 0.0
877 1.51318852149e-07
878 0.0
879 1.00928807792e-07
880 1.26778430441e-07
881 5.38848844326e-08
882 1.51316191172e-07
883 6.58748638912e-08
884 0.0
885 3.06722009132e-08
886 5.7254775038e-07
887 1.53361004566e-08
888 0.0
889 0.0
890 7.37303947692e-07
891 1.52128518019e-07
892 0.0
893 0.0
894 1.04406114086e-07
895 2.45377607306e-08
896 9.61062295281e-08
897 8.97542181283e-05
898 1.70872001409e-05
899 1.11982006085e-06
900 0.0
901 1.73056428637e-06
902 7.50988893008e-07
903 6.81794412102e-07
904 1.13165449042e-06
905 4.64172640487e-07
906 3.48862809384e-06
907 1.07846402044e-05
908 1.63780220933e-06
909 0.000385453608556
910 1.06432537169e-06
911 0.0
912 0.0
913 8.35306271537e-07
914 2.63903901891e-05
915 1.13469313863e-06
916 9.82091320308e-05
917 0.000716884842538
918 0.000306377696296
919 0.0
920 1.78115075322e-06
921 1.56407599909e-06
922 0.000382294681866
923 3.56808443711e-06
924 8.05812790198e-07
925 1.26771617663e-05
926 0.000756885188313
927 1.19611813186e-06
928 2.34310981152e-05
929 2.72641785895e-08
930 3.73175380288e-07
931 0.000135196272617
932 1.61318584233e-06
933 8.36407396302e-06
934 3.89138484051e-06
935 8.24597441167e-06
936 3.73324502544e-07
937 3.80566883491e-06
938 8.5882162557e-08
939 6.51154730244e-07
940 1.81808832547e-06
941 1.24645587252e-06
942 1.41517126419e-05
943 1.03096090789e-05
944 9.53952700728e-07
945 4.37925309399e-06
946 0.0
947 8.56315251639e-05
948 1.94183618342e-05
949 5.43153889976e-06
950 1.97813652032e-06
951 4.96601503973e-07
952 0.000108527228195
953 2.34278586314e-06
954 4.26359934706e-05
955 1.25829047745e-05
956 2.09593372907e-07
957 4.49858946727e-07
958 9.70530838614e-06
959 1.30057272426e-07
960 2.38890018777e-06
961 1.98546886262e-05
962 5.99577746083e-06
963 8.75958089525e-05
964 5.40216777012e-06
965 4.44055030911e-06
966 2.98414371833e-07
967 8.86241532248e-06
968 4.01435818444e-05
969 3.435996467e-05
970 8.50471475591e-07
971 4.83582806626e-07
972 2.1149197855e-06
973 1.60877774452e-07
974 9.7645248653e-06
975 2.39795566346e-07
976 2.75530662523e-06
977 1.70320805312e-06
978 2.68390883332e-06
979 2.33941918098e-05
980 7.88713737769e-08
981 3.11813662067e-05
982 1.15115203101e-06
983 1.38581095418e-05
984 2.43373743786e-06
985 2.46813541394e-06
986 1.1090678362e-07
987 1.90700127871e-07
988 1.05629217621e-06
989 1.05384065567e-06
990 1.50127492594e-06
991 0.0010934952796
992 1.19287914045e-05
993 8.23033003837e-07
994 4.36298159762e-05
995 6.97480184554e-06
996 3.8083864048e-05
997 4.23090019851e-07
998 7.70430004192e-06
999 3.5523581602e-07
1000 4.97926168714e-06
1001 1.60629522907e-06
1002 2.24697753697e-05
1003 4.08962678843e-08
1004 1.89522442208e-05
1005 1.12706937049e-05
1006 7.54111406393e-08
1007 2.76172699917e-05
1008 2.10588195435e-06
1009 3.32074378369e-06
1010 6.50025647057e-06
1011 1.67060187148e-05
1012 7.12327035218e-06
1013 1.45113819074e-05
1014 0.000112832453944
1015 5.20468202558e-05
1016 8.59251632811e-07
1017 0.0
1018 3.23194580338e-05
1019 7.11643497233e-06
1020 9.84919466207e-06
1021 9.88515044671e-06
1022 9.12359834851e-06
1023 1.53361004566e-08
1024 1.12805538914e-06
1025 1.24650390812e-05
1026 6.49060508119e-05
1027 1.20505206706e-05
1028 0.0
1029 0.00024090587899
1030 0.000631892400021
1031 1.0939751659e-06
1032 1.00639137542e-07
1033 3.24806369829e-05
1034 1.09112396881e-06
1035 0.0
1036 4.54710791544e-06
1037 2.43110821098e-06
1038 9.89707622694e-06
1039 2.04481339421e-07
1040 3.57939369114e-07
1041 4.42418668664e-06
1042 1.68403116741e-05
1043 6.38812827891e-07
1044 1.04387723775e-06
1045 4.00546529624e-07
1046 1.37002497412e-06
1047 0.0
1048 7.26497138634e-06
1049 3.65045262614e-05
1050 4.4623944531e-05
1051 5.63253144043e-07
1052 1.01932028669e-05
1053 3.91363754842e-05
1054 1.39251792146e-06
1055 7.87289981753e-06
1056 1.35158574988e-06
1057 7.71331106375e-06
1058 2.39243167123e-07
1059 1.12955852786e-06
1060 3.21548147115e-05
1061 8.92272251728e-06
1062 1.7882822593e-07
1063 5.46070929237e-06
1064 1.62834628082e-07
1065 6.82515744713e-06
1066 0.0
1067 1.90206099156e-05
1068 1.32161623518e-05
1069 7.24281800824e-06
1070 1.70081218939e-07
1071 0.000533291321094
1072 0.0
1073 1.66477717593e-06
1074 1.23557849345e-06
1075 0.000708787162389
1076 4.29990756675e-05
1077 2.26371968281e-05
1078 0.000155410734077
1079 4.99522870353e-05
1080 9.86421747439e-06
1081 3.98553810634e-05
1082 7.62183187799e-07
1083 2.60403107577e-06
1084 1.24484328994e-05
1085 2.69081057396e-07
1086 0.143398415318
1087 0.000606786515523
1088 7.2590569079e-07
1089 0.000129312450073
1090 7.14722422848e-07
1091 7.56962953966e-07
1092 2.17567959751e-06
1093 4.10994646321e-06
1094 4.73015561569e-07
1095 7.68951634294e-07
1096 8.74122620906e-06
1097 0.0
1098 1.28814302615e-06
1099 0.00053409960829
1100 3.64922259997e-06
1101 4.14877382138e-06
1102 1.78479302608e-05
1103 3.77943148753e-06
1104 1.14733365225e-06
1105 7.18406947428e-05
1106 4.08962678843e-08
1107 8.44707665939e-06
1108 2.07542428557e-05
1109 1.76212737064e-06
1110 0.000205659321088
1111 3.63069875568e-05
1112 1.53361004566e-08
1113 2.2351047101e-06
1114 7.87211537962e-06
1115 8.63984241283e-05
1116 5.50446633991e-07
1117 5.88095666262e-07
1118 1.88838902341e-05
1119 8.83079423023e-07
1120 0.0
1121 7.33414281623e-06
1122 3.45941257302e-06
1123 1.6996961572e-05
1124 1.42586058408e-05
1125 4.26797657435e-05
1126 1.07078530208e-05
1127 0.000918107946008
1128 3.26713626809e-06
1129 0.000101448337923
1130 1.00612179615e-05
1131 5.84988696274e-06
1132 4.88859621731e-06
1133 1.82970517719e-05
1134 1.8875200562e-07
1135 6.38558521234e-07
1136 1.06392343129e-05
1137 0.000521296109475
1138 5.94383084638e-07
1139 2.19525323679e-06
1140 1.4862897478e-06
1141 8.10511209416e-07
1142 6.20994428044e-07
1143 3.19069522187e-06
1144 2.38532561267e-06
1145 8.85532571175e-07
1146 0.0
1147 6.00089817576e-05
1148 2.04481339421e-07
1149 0.000144125827479
1150 1.07390952492e-05
1151 2.00630361496e-06
1152 6.16553442967e-07
1153 9.66910347904e-07
1154 1.56433258311e-05
1155 8.32531167645e-07
1156 3.86388792885e-05
1157 1.0439633608e-05
1158 7.15684687975e-08
1159 2.14715693502e-05
1160 2.06632389774e-05
1161 2.85109069929e-05
1162 4.63589118234e-06
1163 2.94453128767e-07
1164 5.94251177496e-06
1165 2.68643651992e-07
1166 0.00315561867356
1167 2.29364202983e-05
1168 2.03559454057e-06
1169 2.36322005131e-07
1170 3.45766004351e-06
1171 1.34275715388e-05
1172 0.00248544526047
1173 1.351454759e-05
1174 0.000943989722883
1175 6.30609469882e-07
1176 5.35886277775e-05
1177 0.0
1178 3.20013296195e-06
1179 0.000292573971806
1180 5.80996266716e-05
1181 2.13352965266e-06
1182 4.415769944e-06
1183 0.000207981284955
1184 7.41904536513e-06
1185 2.71549303142e-05
1186 1.89676456748e-05
1187 4.47846691176e-08
1188 4.90063695457e-05
1189 1.82513624975e-06
1190 2.00008034752e-05
1191 2.41718158414e-06
1192 2.07958349892e-05
1193 4.9109302408e-05
1194 0.000530763145572
1195 1.22688803653e-07
1196 2.93949498189e-06
1197 5.55937604202e-05
1198 0.000162288233396
1199 2.36574673497e-06
1200 6.93480886977e-05
1201 8.5882162557e-08
1202 1.92690141484e-06
1203 1.50293784475e-06
1204 3.92852027858e-07
1205 6.24412238746e-05
1206 9.06629193003e-06
1207 0.0
1208 5.11412294623e-06
1209 0.0
1210 8.69864847917e-06
1211 8.1738152887e-05
1212 3.83762009697e-05
1213 3.53901657207e-06
1214 1.68776413413e-06
1215 3.0541726841e-05
1216 1.08256392371e-05
1217 1.32387571114e-06
1218 0.000242963329418
1219 6.30970990215e-07
1220 3.43616860743e-06
1221 2.67848790291e-07
1222 5.16106914011e-05
1223 4.61492105406e-05
1224 9.38330199708e-06
1225 0.0
1226 2.51637407707e-06
1227 0.000193544486617
1228 1.83663958414e-05
1229 2.3821474409e-06
1230 8.28562288731e-06
1231 1.47083688376e-05
1232 1.31616643491e-05
1233 9.81331766415e-07
1234 0.0
1235 5.70123662573e-07
1236 5.3139219122e-05
1237 1.02140374849e-05
1238 0.000187717088973
1239 8.32975541275e-05
1240 7.11511710333e-08
1241 2.93308257971e-06
1242 1.96580313855e-06
1243 1.1753604035e-05
1244 1.74787866716e-05
1245 1.05970955209e-06
1246 7.39969076488e-06
1247 1.33135817653e-05
1248 5.61842253442e-06
1249 6.74788420091e-07
1250 2.53433713857e-07
1251 2.90726121443e-05
1252 1.40643395587e-07
1253 0.0
1254 0.0
1255 3.27170143074e-07
1256 4.07152530261e-05
1257 2.28242155378e-05
1258 2.55038979716e-06
1259 1.02373051165e-05
1260 1.51203157117e-05
1261 2.6694035277e-06
1262 1.55793765384e-05
1263 0.0
1264 4.49858946727e-07
1265 1.22688803653e-07
1266 3.6899956898e-06
1267 1.74860149001e-06
1268 7.91111226237e-06
1269 5.11390867737e-06
1270 1.50788085911e-05
1271 0.0
1272 5.97932197321e-06
1273 2.59625910172e-05
1274 2.87128338565e-05
1275 0.000234081698064
1276 2.13547494672e-05
1277 0.0
1278 8.93898171898e-05
1279 4.63038649049e-06
1280 1.09706936079e-06
1281 8.75855100666e-06
1282 4.0249787523e-06
1283 1.33419650327e-05
1284 2.66735400705e-05
1285 1.85024423178e-05
1286 1.56204377488e-06
1287 9.66978730486e-07
1288 1.48892872787e-06
1289 5.98231915582e-06
1290 0.000594099766426
1291 1.38905492103e-05
1292 8.82690317283e-06
1293 2.6665857532e-06
1294 9.76018448559e-07
1295 3.3490869129e-06
1296 1.88122832268e-07
1297 5.92437226035e-06
1298 9.20166027397e-08
1299 5.61357839052e-06
1300 2.13686285414e-06
1301 3.55995621335e-05
1302 1.77898765297e-07
1303 7.37386191055e-06
1304 8.73699745035e-06
1305 9.71368120326e-06
1306 4.54038981551e-05
1307 2.8511913341e-06
1308 0.00014372457497
1309 1.6037211229e-06
1310 3.95114972836e-06
1311 8.42687763389e-07
1312 1.34803796982e-05
1313 0.000274591049435
1314 4.45672507627e-05
1315 4.11902105923e-06
1316 1.31954910604e-06
1317 8.33614504475e-07
1318 0.000686498847305
1319 4.88937913174e-06
1320 1.65172407333e-07
1321 0.000116336102509
1322 3.09615660282e-06
1323 2.94465660669e-05
1324 4.65158330985e-06
1325 6.37516923459e-06
1326 1.14421608801e-06
1327 0.0
1328 0.000183677752015
1329 0.000103056157184
1330 6.42300979216e-05
1331 0.000438788301996
1332 2.65521473936e-05
1333 1.61540002985e-05
1334 5.90374330919e-07
1335 0.000536019729704
1336 1.38483656158e-05
1337 1.03534348445e-06
1338 1.97439902867e-05
1339 0.000436241558952
1340 1.26313102094e-05
1341 1.95592537194e-06
1342 1.33234831226e-05
1343 8.80199220146e-07
1344 4.06111425503e-05
1345 1.32560907698e-05
1346 2.83696859972e-05
1347 0.0
1348 0.000221352149458
1349 6.86767785873e-06
1350 1.64508532767e-05
1351 5.63537112819e-06
1352 2.01629879346e-06
1353 0.00111230683117
1354 6.13444018264e-08
1355 1.9347080576e-07
1356 2.63183919391e-06
1357 1.91478900125e-06
1358 2.63618516245e-05
1359 0.000194295861028
1360 8.78243923538e-06
1361 0.000276391821966
1362 0.00199949583505
1363 0.0
1364 1.80826997283e-07
1365 6.88225765253e-07
1366 9.18764034954e-07
1367 2.99490139354e-05
1368 4.96310929501e-05
1369 2.09593372907e-07
1370 0.000302039598877
1371 9.27795639723e-06
1372 1.99233865142e-05
1373 0.0
1374 3.70375068294e-05
1375 6.67231226448e-05
1376 3.69696468011e-06
1377 0.00163277666379
1378 7.5914396882e-05
1379 5.34834841831e-07
1380 1.26765237509e-06
1381 4.09781552195e-06
1382 3.12087666098e-07
1383 1.24644416765e-06
1384 0.0
1385 6.84124707695e-06
1386 3.71427621003e-06
1387 0.0
1388 1.92739679866e-06
1389 5.30861601274e-06
1390 9.02523286348e-07
1391 5.07383848461e-05
1392 4.20334906951e-05
1393 6.53623056346e-06
1394 1.77730478273e-05
1395 0.0
1396 0.0
1397 3.50712920004e-06
1398 1.58169645347e-06
1399 2.28642540755e-06
1400 4.82974657362e-05
1401 1.30548424534e-06
1402 6.50937745795e-07
1403 3.61088268136e-06
1404 0.0
1405 4.87394376995e-06
1406 0.00407193908849
1407 4.1521896384e-06
1408 5.29872448437e-06
1409 0.000110630858049
1410 2.85900005121e-05
1411 5.08302547922e-05
1412 1.63539927368e-06
1413 9.60639892375e-06
1414 5.16541298928e-06
1415 3.14586676033e-09
1416 7.05713751363e-06
1417 1.67635263269e-05
1418 1.84033205479e-07
1419 2.91829982062e-06
1420 0.00142035123225
1421 0.00611243085977
1422 6.39003786666e-05
1423 2.66262020537e-06
1424 8.89438958814e-06
1425 3.61055622178e-06
1426 0.000138093019886
1427 5.52167518712e-06
1428 5.20849495647e-05
1429 1.13763461304e-05
1430 1.52518659273e-05
1431 0.0
1432 0.000157152710064
1433 3.81530458846e-06
1434 1.08973659711e-06
1435 2.2790605621e-06
1436 9.50367625729e-05
1437 1.3727909119e-05
1438 2.127879447e-05
1439 4.77051104531e-07
1440 2.54197519722e-08
1441 9.59698852627e-05
1442 2.91501952891e-06
1443 8.17925357686e-08
1444 1.09202772458e-07
1445 8.90698593986e-06
1446 2.86603433172e-06
1447 6.66313296434e-05
1448 3.80612050658e-05
1449 1.02720269818e-05
1450 1.60349061415e-05
1451 0.000654961431153
1452 3.50607897259e-06
1453 1.62200835224e-06
1454 1.0161620154e-05
1455 5.05727192966e-06
1456 0.0
1457 1.66446050787e-05
1458 1.83515639099e-06
1459 0.000115531539769
1460 3.03978984842e-05
1461 2.6713740091e-05
1462 1.03395168739e-06
1463 8.21994398064e-06
1464 2.77447887196e-07
1465 3.19899510123e-06
1466 0.024518601799
1467 0.0
1468 5.21093800138e-05
1469 5.81015694763e-07
1470 3.54175934955e-05
1471 9.17089534201e-06
1472 5.52778145212e-05
1473 7.85869264654e-05
1474 6.54280019277e-05
1475 2.04481339421e-08
1476 0.00018109920204
1477 3.96065306049e-07
1478 3.65965094429e-06
1479 6.14473574659e-07
1480 1.61913882509e-05
1481 7.32376308656e-05
1482 1.1574069352e-06
1483 9.24798048672e-06
1484 0.000630602318319
1485 1.2103302225e-06
1486 0.000136052360798
1487 0.0
1488 8.22101865304e-05
1489 2.3285977403e-05
1490 3.60952748125e-07
1491 2.32835533248e-08
1492 1.25618207032e-05
1493 4.47161629605e-06
1494 1.37140788358e-07
1495 9.76985568099e-05
1496 1.43426439951e-05
1497 1.50181486154e-05
1498 1.03189722556e-05
1499 8.17738900538e-08
1500 1.01948553512e-06
1501 3.18946551724e-06
1502 2.19752831405e-06
1503 1.87394164361e-05
1504 1.58600413046e-06
1505 1.4080484364e-05
1506 0.00374675672186
1507 1.86580221238e-08
1508 8.34605350087e-06
1509 2.51835450416e-06
1510 0.000508511043677
1511 3.06722009132e-08
1512 0.000148479287165
1513 5.37165467396e-05
1514 0.000214133444883
1515 7.71808992054e-06
1516 2.6406077042e-05
1517 1.7026084173e-05
1518 6.23856013135e-07
1519 0.000276515677951
1520 1.97883566028e-05
1521 2.01501958708e-05
1522 0.0
1523 0.000630849095698
1524 0.000264139105593
1525 1.05013653993e-06
1526 1.5717735176e-05
1527 3.02602786759e-06
1528 3.10200051899e-06
1529 5.5070205851e-05
1530 3.68178195254e-05
1531 5.26144376181e-06
1532 8.25606515692e-06
1533 8.07675899239e-07
1534 5.76807207781e-06
1535 0.00586207846146
1536 5.29345087766e-06
1537 0.000682408799595
1538 0.000457994687834
1539 7.6809885061e-06
1540 3.66981687453e-06
1541 0.000423510025615
1542 2.71294903748e-06
1543 2.61562828345e-06
1544 1.29474555789e-05
1545 5.03411860643e-06
1546 0.000205347685333
1547 0.0
1548 9.26178256125e-06
1549 9.38652181901e-06
1550 0.000238573161262
1551 7.864351653e-07
1552 3.43324066417e-05
1553 2.49674297022e-06
1554 0.000754950556946
1555 0.000359091211235
1556 0.000274431287001
1557 9.37861695734e-07
1558 3.76313112567e-05
1559 0.0
1560 5.45218462824e-05
1561 0.0
1562 1.47876409829e-05
1563 1.21666396956e-06
1564 1.59165048002e-05
1565 2.86428923957e-06
1566 6.74423465389e-06
1567 4.22035900141e-06
1568 7.2450384595e-05
1569 1.76590975545e-07
1570 2.26488877601e-05
1571 2.10114269051e-05
1572 9.35049674483e-06
1573 8.66399329727e-07
1574 2.82767524794e-05
1575 0.000267588088243
1576 3.4626321013e-06
1577 1.07798663951e-05
1578 0.0396048201717
1579 3.03591794011e-06
1580 9.43760028099e-09
1581 6.30210532631e-06
1582 0.0
1583 2.40847568535e-06
1584 2.30816413231e-05
1585 0.000267558885882
1586 5.75202982491e-06
1587 0.0
1588 2.53898843765e-06
1589 5.27174732434e-05
1590 5.05896951029e-05
1591 0.000325517183344
1592 6.02648782764e-05
1593 2.49358716995e-07
1594 0.000553419471224
1595 3.72610175688e-06
1596 4.84388883515e-06
1597 1.02452448547e-05
1598 1.3820870571e-05
1599 7.18871808703e-05
1600 1.11211292627e-06
1601 2.31369840773e-05
1602 5.7283446461e-07
1603 2.95703212502e-07
1604 1.53808797133e-05
1605 9.69045394934e-05
1606 8.25009487519e-06
1607 1.31644035294e-06
1608 2.04481339421e-07
1609 1.43765412784e-05
1610 1.49576326406e-05
1611 3.8817362765e-05
1612 3.03908951428e-05
1613 8.62145392889e-05
1614 4.21995351674e-05
1615 1.80770491783e-05
1616 1.74600844304e-06
1617 1.11528205818e-05
1618 0.000448477004207
1619 0.000163339749109
1620 1.10200892015e-05
1621 0.000118130564075
1622 0.000863351759131
1623 8.76186154887e-05
1624 7.01781017341e-06
1625 4.76554078219e-06
1626 6.97033107166e-07
1627 0.000129412885328
1628 0.0
1629 1.93989343287e-05
1630 8.60580963378e-07
1631 6.31427377573e-05
1632 1.36320892948e-08
1633 6.41954175604e-06
1634 1.89919537588e-06
1635 5.60523859752e-06
1636 1.62985996671e-06
1637 1.03391453444e-05
1638 3.92644845902e-05
1639 2.50871653179e-06
1640 2.43867320678e-05
1641 7.48716288959e-08
1642 2.55139599562e-06
1643 0.00165933027404
1644 5.65386443729e-06
1645 1.29550484029e-05
1646 1.64114113791e-05
1647 3.44171702404e-06
1648 4.76727801818e-06
1649 1.54266685435e-07
1650 2.9990317533e-06
1651 9.95275775911e-06
1652 0.0
1653 5.07578411094e-06
1654 2.61272222177e-06
1655 6.98172178461e-07
1656 2.79111376526e-06
1657 0.00149735608712
1658 0.0
1659 4.2204574891e-06
1660 4.26956071737e-06
1661 6.57823186846e-06
1662 2.59038971189e-05
1663 2.00126730536e-05
1664 0.00110160326936
1665 3.06722009132e-07
1666 1.3737204148e-05
1667 0.00609173257033
1668 5.80732629798e-06
1669 9.79671658884e-06
1670 1.53788442007e-05
1671 3.44164663457e-06
1672 1.56989590983e-05
1673 3.15879458266e-06
1674 1.01384726128e-05
1675 4.1752407267e-05
1676 2.8716507331e-05
1677 1.12958053771e-06
1678 6.65264022244e-06
1679 1.16737388566e-05
1680 3.53698844183e-06
1681 3.43393514883e-05
1682 3.1610605683e-06
1683 8.42396495006e-06
1684 0.000221401813497
1685 0.328468433845
1686 1.24286218147e-05
1687 7.12777660284e-06
1688 0.000906505060059
1689 0.000551509957686
1690 1.23894419725e-05
1691 0.0
1692 3.87696984634e-06
1693 0.00023851577648
1694 6.13444018264e-08
1695 3.49461424071e-05
1696 2.15609546959e-06
1697 1.73235085917e-06
1698 2.27031726328e-05
1699 1.25889193363e-06
1700 1.847637106e-05
1701 1.00763567097e-06
1702 1.01011948187e-06
1703 0.000416966491485
1704 3.78877004937e-05
1705 1.97088801335e-06
1706 5.66108288663e-05
1707 7.56714560207e-06
1708 3.7004334113e-05
1709 4.33650923676e-07
1710 3.17687685499e-05
1711 9.50648551037e-07
1712 1.84033205479e-07
1713 8.6532576222e-06
1714 1.84033205479e-07
1715 3.55073363502e-05
1716 6.14684256306e-06
1717 7.63646065392e-06
1718 2.39485447615e-05
1719 0.0372358558518
1720 1.34247188632e-05
1721 2.4148060933e-05
1722 1.03905427718e-05
1723 9.35794004123e-06
1724 1.399432843e-06
1725 1.1900807623e-05
1726 3.1249578348e-05
1727 0.000855410567749
1728 1.18692796357e-05
1729 1.42414580713e-06
1730 2.82419530607e-05
1731 0.000138797537706
1732 8.99717893455e-08
1733 5.83892013107e-06
1734 1.77208604871e-06
1735 2.77892035383e-06
1736 9.53754150454e-06
1737 2.62690575048e-05
1738 3.05667805445e-06
1739 2.84877325002e-06
1740 1.08794785102e-06
1741 5.18493013104e-05
1742 1.3676844545e-05
1743 1.81092967251e-05
1744 6.07803060921e-06
1745 1.22489132579e-05
1746 8.64934844979e-05
1747 7.18590521609e-05
1748 1.42028796106e-06
1749 1.87878595042e-07
1750 1.41232024949e-06
1751 1.84316560928e-05
1752 3.2796451179e-06
1753 1.02124752355e-05
1754 5.31738611766e-06
1755 8.17256177812e-06
1756 0.0
1757 3.37789572945e-07
1758 1.62452701844e-05
1759 0.0012997403124
1760 6.18312621584e-08
1761 6.13444018264e-08
1762 7.9542825174e-05
1763 0.0
1764 2.12503907031e-06
1765 5.32262204329e-07
1766 1.74472443534e-05
1767 3.30599634581e-06
1768 1.39282221253e-05
1769 0.000114036174529
1770 6.39161050467e-05
1771 1.76086658959e-05
1772 2.35364996878e-07
1773 4.01070412903e-06
1774 5.67012265552e-07
1775 7.20945748348e-06
1776 2.55601674277e-09
1777 0.0
1778 2.26681873849e-07
1779 7.16507150532e-05
1780 8.87098586674e-06
1781 6.43108393391e-05
1782 5.80894564692e-06
1783 0.000215929957275
1784 0.000190700888304
1785 4.42864431758e-07
1786 9.32572991994e-06
1787 4.13701841453e-05
1788 1.04636915744e-05
1789 1.44159344292e-07
1790 9.82600704384e-06
1791 2.88902905692e-05
1792 3.56522080105e-05
1793 8.38246939985e-07
1794 1.84425884214e-05
1795 5.45554510451e-05
1796 5.45601921384e-06
1797 3.15623177206e-06
1798 1.87990908823e-07
1799 9.57321196062e-07
1800 2.26180901569e-05
1801 0.000154991778664
1802 1.13948857913e-06
1803 4.37052960261e-08
1804 4.56678988336e-05
1805 4.53148323732e-05
1806 2.19233136684e-06
1807 0.000307777899492
1808 1.89746675354e-05
1809 7.8302313467e-05
1810 1.19794334841e-05
1811 9.8841847857e-06
1812 4.20718570517e-06
1813 3.58762797975e-06
1814 0.000348998486088
1815 6.94121201273e-07
1816 1.15410457684e-06
1817 1.29337892466e-05
1818 2.66981896417e-05
1819 6.96040644548e-06
1820 9.55177096832e-06
1821 1.17180047283e-05
1822 2.58229051351e-07
1823 6.69495871772e-07
1824 1.72311324385e-05
1825 7.40169120372e-06
1826 0.000196259659898
1827 7.51816027741e-06
1828 8.53059749253e-05
1829 3.20757216286e-05
1830 1.54997876667e-06
1831 3.43980062077e-06
1832 2.80732971525e-05
1833 1.59051581145e-06
1834 4.08095664765e-05
1835 0.0
1836 0.000822773459287
1837 5.16032454692e-05
1838 6.58124814774e-06
1839 2.0857096621e-07
1840 3.19854823302e-05
1841 5.54197541868e-07
1842 2.28335569453e-06
1843 1.29178204332e-05
1844 9.65315814917e-06
1845 4.84812868762e-05
1846 3.00184850481e-05
1847 0.000138552878482
1848 0.00054252543869
1849 9.43122251135e-07
1850 8.37562702633e-06
1851 8.15256217351e-06
1852 1.10299585684e-05
1853 7.51169740929e-05
1854 8.61176002398e-08
1855 0.0
1856 1.53250782268e-06
1857 0.0
1858 8.1411039106e-06
1859 1.31261047465e-05
1860 6.23136860301e-06
1861 8.89321175617e-06
1862 3.72757175164e-05
1863 4.30191948116e-06
1864 0.000174608214805
1865 2.33062222443e-05
1866 3.983402716e-08
1867 0.000125806884167
1868 2.31975733652e-05
1869 1.47166430936e-05
1870 4.02909659091e-07
1871 1.94880053031e-06
1872 2.33559100499e-05
1873 1.08904032833e-05
1874 6.67430353164e-07
1875 1.52082889255e-07
1876 7.0639115426e-06
1877 2.35792534684e-05
1878 2.68515999972e-06
1879 3.44073406946e-06
1880 1.77003646277e-05
1881 6.80358710444e-07
1882 4.65230119171e-05
1883 1.06029889988e-05
1884 8.70058696903e-05
1885 3.49442364965e-07
1886 7.5775691127e-06
1887 1.74252363598e-05
1888 6.70301828929e-08
1889 0.000120679316204
1890 2.81892132202e-06
1891 4.90755214612e-07
1892 5.53226902187e-06
1893 9.62635228661e-09
1894 3.14003570208e-05
1895 2.29727060395e-05
1896 3.05790867916e-06
1897 1.03993366906e-06
1898 3.05079023604e-05
1899 8.09776963543e-06
1900 3.16648581544e-05
1901 1.65894745956e-06
1902 3.59775859703e-06
1903 1.9674027612e-05
1904 1.95326840151e-06
1905 3.07651772984e-06
1906 3.70544972649e-08
1907 1.00411764194e-06
1908 1.60172830922e-06
1909 3.33856568005e-06
1910 0.000197186267732
1911 8.73124441576e-06
1912 0.000184746688259
1913 0.228635597268
1914 1.41594779476e-05
1915 1.53312258002e-06
1916 4.49364596236e-07
1917 5.34842496946e-05
1918 7.64564727238e-06
1919 4.73149110247e-06
1920 5.32022207398e-06
1921 4.04039434992e-05
1922 3.78817497712e-06
1923 8.51668120592e-07
1924 1.32481991159e-05
1925 2.47439604006e-08
1926 5.5389387974e-06
1927 0.0005008836604
1928 2.77195915932e-06
1929 4.8272186787e-07
1930 2.63517900995e-06
1931 6.43124469485e-07
1932 1.44580628972e-06
1933 4.04191940185e-05
1934 3.87971508377e-07
1935 9.84683873387e-07
1936 2.7203347405e-06
1937 3.09833579376e-06
1938 6.13444018264e-08
1939 7.29631941308e-06
1940 9.49872519448e-05
1941 1.54180325024e-05
1942 0.00172717654722
1943 2.93625949314e-06
1944 1.09394670045e-05
1945 1.95302905857e-06
1946 0.00017399058118
1947 7.29745761675e-06
1948 0.00012301969625
1949 6.05070282955e-05
1950 2.03998905093e-07
1951 1.16611751339e-07
1952 7.87188106128e-05
1953 2.23889284539e-06
1954 1.31426805278e-06
1955 0.000680384732217
1956 6.11351701758e-05
1957 6.6456435312e-07
1958 1.24796411469e-06
1959 7.54413780606e-07
1960 0.000108146732947
1961 1.04794121691e-05
1962 4.90755214612e-07
1963 7.23164305063e-06
1964 1.15887987849e-06
1965 0.00010816946061
1966 2.18510240652e-06
1967 2.12369777326e-05
1968 0.0
1969 1.65105647779e-06
1970 0.0
1971 1.94860895256e-05
1972 6.90363107515e-06
1973 0.000101552901983
1974 8.68612365977e-05
1975 2.70997916304e-07
1976 1.04165622125e-05
1977 4.75188766853e-05
1978 1.06135552366e-07
1979 1.71278826629e-07
1980 6.79151957571e-06
1981 5.17634408479e-06
1982 1.76012000215e-06
1983 4.74606283971e-06
1984 2.56727884533e-05
1985 9.01918351763e-06
1986 0.00013244618688
1987 6.52158680434e-06
1988 2.21447328058e-06
1989 3.71670459154e-06
1990 1.44635459318e-06
1991 1.69491616624e-06
1992 5.66430927798e-05
1993 2.01182144701e-07
1994 1.76990842017e-05
1995 5.25046011177e-06
1996 8.31365029954e-05
1997 2.45377607306e-08
1998 1.954242984e-06
1999 5.69521801424e-05
2000 1.06486449471e-06
2001 9.67977304975e-07
2002 6.63426651315e-05
2003 2.35309751595e-05
2004 0.000522003303676
2005 5.91861065842e-05
2006 3.24207253144e-06
2007 2.68224840432e-06
2008 0.00142107746624
2009 2.80431551207e-07
2010 4.02433649009e-05
2011 2.96253099042e-06
2012 1.32813101917e-06
2013 7.96195667717e-08
2014 4.73482621361e-08
2015 6.75385930498e-08
2016 1.37002497412e-07
2017 1.01519494807e-07
2018 6.44116219178e-07
2019 5.94898864634e-05
2020 4.75494760955e-07
2021 2.81341235453e-06
2022 9.70483307737e-08
2023 2.81073881224e-06
2024 3.02163488467e-06
2025 5.58342024446e-05
2026 4.18898290081e-07
2027 0.000150350719381
2028 3.90158691618e-05
2029 1.33889261142e-05
2030 6.89412901099e-06
2031 7.06861090568e-06
2032 0.000237995541751
2033 0.000215212452379
2034 4.91888033488e-06
2035 8.89493826483e-07
2036 3.14815973191e-06
2037 1.14168808927e-06
2038 2.88342719047e-05
2039 0.000527373338491
2040 5.90787158711e-05
2041 1.65722816284e-05
2042 8.07701290715e-07
2043 9.10077243992e-05
2044 5.44832964185e-06
2045 6.80316316893e-07
2046 4.64470786764e-06
2047 1.06550998532e-06
2048 0.00147599406525
2049 2.12107416735e-06
2050 8.54649187464e-06
2051 2.11568606336e-07
2052 2.72166381101e-07
2053 2.65686797056e-05
2054 5.33830442484e-05
2055 0.000354652885257
2056 1.77618172242e-06
2057 1.97489717507e-05
2058 2.90390090798e-06
2059 6.83835490217e-06
2060 5.69800960677e-06
2061 2.44777892613e-05
2062 2.70558636183e-06
2063 9.66059848515e-05
2064 7.13805476047e-06
2065 8.002095038e-06
2066 3.9515017728e-05
2067 1.26924488541e-07
2068 2.12251246908e-06
2069 0.000210263950658
2070 1.59954071998e-05
2071 4.06362280143e-07
2072 0.000149605774072
2073 0.000248722233728
2074 8.66249866029e-06
2075 2.90571778387e-06
2076 3.29188109193e-06
2077 1.15002867165e-06
2078 1.39513139654e-06
2079 1.32049165048e-05
2080 0.0
2081 3.15548786951e-07
2082 0.000449227383103
2083 1.52312392326e-06
2084 3.48087903997e-06
2085 2.22584614272e-05
2086 7.62857976863e-06
2087 2.38536708803e-06
2088 0.000160388743458
2089 1.14980760681e-05
2090 1.03086641181e-06
2091 5.5063191091e-06
2092 6.1618280506e-06
2093 5.56988158815e-06
2094 1.62005131421e-05
2095 4.90755214612e-08
2096 1.02513533643e-05
2097 6.67222219839e-07
2098 7.29162564561e-07
2099 1.35544742714e-06
2100 2.41156528228e-06
2101 0.0
2102 5.57479460292e-05
2103 0.000219011288711
2104 1.04162720499e-05
2105 4.85782832529e-06
2106 4.69158923416e-07
2107 4.08962678843e-08
2108 1.36851635385e-05
2109 2.69555229968e-06
2110 1.67831727657e-06
2111 1.85111964605e-06
2112 0.000403902245317
2113 5.241691749e-06
2114 2.30187564949e-07
2115 1.67471680972e-06
2116 2.57468513956e-06
2117 0.000116131998114
2118 0.000797652717183
2119 6.71214720762e-06
2120 1.12811603226e-06
2121 3.61007985305e-06
2122 6.13915536517e-06
2123 2.31805603895e-06
2124 1.05483389086e-05
2125 4.47386852669e-06
2126 4.91807845723e-05
2127 3.12823313045e-05
2128 0.000124541078062
2129 0.000290964401607
2130 9.770311896e-06
2131 4.58676906586e-07
2132 1.6974005427e-05
2133 0.000215715557559
2134 0.00101062389185
2135 2.89342995696e-05
2136 3.74944831516e-05
2137 6.94010485619e-07
2138 3.33102364302e-05
2139 0.000133174413563
2140 4.83282232894e-06
2141 4.59780172942e-06
2142 4.08374290785e-07
2143 8.99227814402e-05
2144 0.000565790069763
2145 4.32628182346e-05
2146 1.63331273799e-05
2147 3.97243325629e-06
2148 3.94951093865e-06
2149 3.8158645215e-05
2150 6.42218496548e-05
2151 1.64390588527e-05
2152 1.70537814566e-05
2153 3.89630340262e-06
2154 0.000128298342918
2155 7.33350270093e-06
2156 9.51076373545e-05
2157 8.19110028463e-06
2158 2.60340867308e-05
2159 8.69850183678e-08
2160 2.2472765332e-06
2161 3.57295011374e-06
2162 8.33526664086e-06
2163 1.01158624863e-06
2164 2.55565971503e-05
2165 1.7842889961e-06
2166 3.67936046335e-06
2167 2.93342202009e-07
2168 0.0
2169 0.0
2170 3.03323654493e-05
2171 7.92860441971e-07
2172 8.17857794491e-05
2173 1.06585251101e-05
2174 8.0377625764e-06
2175 0.000199419583752
2176 1.98492957338e-07
2177 0.000357845220069
2178 5.95651932019e-08
2179 6.13444018264e-08
2180 1.39751771033e-06
2181 6.19251732881e-05
2182 1.90689425355e-06
2183 6.30705430034e-08
2184 0.000104001432055
2185 9.75836210221e-06
2186 1.46821326517e-05
2187 5.00145986283e-07
2188 0.00011434491878
2189 8.62461405422e-06
2190 0.00100142841349
2191 3.82884813202e-06
2192 1.81656510408e-05
2193 1.55521998121e-06
2194 1.43271566193e-06
2195 4.2994228447e-05
2196 0.0
2197 1.16919576292e-05
2198 2.23413188153e-06
2199 1.0731950023e-05
2200 0.000578918366398
2201 7.2276166174e-06
2202 6.42652767969e-06
2203 2.71552751836e-06
2204 0.000125648106997
2205 0.0
2206 1.64269416236e-07
2207 1.21838493725e-05
2208 4.33267189214e-06
2209 8.56040945916e-07
2210 2.06577692473e-06
2211 1.51972482479e-05
2212 1.33384888038e-05
2213 1.94763301434e-06
2214 1.13097678853e-06
2215 5.19825280362e-06
2216 2.10954914873e-05
2217 2.79870913731e-06
2218 1.1071735069e-06
2219 1.46778358065e-05
2220 0.0
2221 7.19250789806e-06
2222 5.77588262843e-06
2223 7.86019863636e-06
2224 0.00014587476891
2225 9.83933475532e-05
2226 5.88277922435e-05
2227 1.43879831494e-05
2228 2.71741094281e-07
2229 6.29386687151e-06
2230 3.50663084338e-05
2231 1.02240669711e-08
2232 7.74645346612e-06
2233 2.37640901942e-05
2234 0.000114186484483
2235 1.36402734648e-06
2236 2.04390037699e-05
2237 8.92133006845e-06
2238 2.33775943273e-06
2239 1.34567287257e-06
2240 3.24523254893e-05
2241 1.16154295691e-05
2242 3.32044719807e-05
2243 1.090097565e-05
2244 5.78835465608e-06
2245 8.80313501251e-06
2246 4.2064732681e-08
2247 4.1141244262e-05
2248 0.000256367888846
2249 8.25873537856e-07
2250 1.29347397681e-06
2251 0.000142269409788
2252 5.40083018245e-07
2253 1.11535276048e-08
2254 4.04752942536e-06
2255 6.3910103743e-05
2256 5.23472228919e-07
2257 3.50539439008e-08
2258 4.43550143211e-06
2259 5.80796804285e-07
2260 1.47031741802e-05
2261 2.98199722034e-06
2262 1.67425820488e-06
2263 5.79643349874e-07
2264 1.1655436347e-07
2265 8.91904649522e-05
2266 4.39923931799e-07
2267 0.00170787081937
2268 7.22118474532e-05
2269 0.000929558288107
2270 0.0
2271 1.20670840044e-07
2272 6.9598692801e-06
2273 3.14656918334e-06
2274 9.99216254156e-06
2275 5.46906288001e-07
2276 5.81797018391e-06
2277 3.79500827876e-06
2278 2.24883078438e-06
2279 4.05403877623e-05
2280 0.000103487420992
2281 4.19405616825e-06
2282 2.42456445314e-07
2283 0.000208381673729
2284 0.000538212098255
2285 7.38769407597e-05
2286 1.25160389156e-05
2287 2.28169110779e-06
2288 3.70950020462e-06
2289 4.2032589785e-06
2290 0.00108305911488
2291 4.68875110771e-06
2292 1.13700073177e-06
2293 0.000293971122541
2294 1.22851932514e-05
2295 0.000105128950022
2296 4.30996772146e-06
2297 4.68095024026e-06
2298 1.85190151633e-06
2299 2.05968497451e-05
2300 3.84745072492e-06
2301 1.77979426649e-05
2302 5.30775133898e-07
2303 0.000265761559057
2304 9.84054768513e-07
2305 8.23892573629e-06
2306 1.30027230946e-07
2307 8.84193368393e-07
2308 2.0063733407e-06
2309 2.74206592716e-06
2310 2.56381119317e-05
2311 8.84750558596e-07
2312 1.05342908465e-06
2313 1.70465500878e-07
2314 0.000134117821213
2315 8.27089717369e-07
2316 6.18775054539e-06
2317 1.21428277993e-06
2318 9.63242016549e-06
2319 5.6197066893e-06
2320 0.00013386886991
2321 2.21286412255e-07
2322 6.48205845966e-07
2323 1.8437867248e-05
2324 5.85621386413e-06
2325 5.11391126804e-05
2326 0.000274855919245
2327 6.33137563619e-06
2328 0.000225072487213
2329 0.00034724303081
2330 5.53069120862e-06
2331 1.90007959498e-05
2332 1.00365713303e-05
2333 3.28393863311e-05
2334 0.000312939633429
2335 1.46245962982e-05
2336 7.41361452017e-06
2337 0.000245484205736
2338 2.58694362858e-05
2339 8.52429005341e-06
2340 1.03743872217e-05
2341 9.2216392547e-06
2342 6.75756908395e-06
2343 6.32724739674e-06
2344 3.82189405581e-05
2345 0.000138232248901
2346 1.67745651524e-05
2347 1.32784976319e-06
2348 0.00319998173365
2349 7.40305307265e-06
2350 6.70419494488e-07
2351 5.02576286417e-06
2352 2.50324431112e-05
2353 4.11260904788e-06
2354 1.0855505759e-06
2355 4.84681980959e-06
2356 2.93252760348e-05
2357 3.4412122356e-06
2358 1.92849939675e-06
2359 1.12464736682e-07
2360 1.91524219575e-06
2361 8.57343107615e-07
2362 1.49007626083e-05
2363 3.8075686443e-07
2364 4.23600002047e-06
2365 9.00874095699e-05
2366 3.5034049948e-06
2367 4.84720930321e-06
2368 7.0223289734e-06
2369 0.000153651136657
2370 1.01168627264e-05
2371 2.87441931522e-06
2372 6.05563881542e-06
2373 3.38719829066e-05
2374 8.70272424604e-07
2375 3.22611377805e-06
2376 0.0
2377 1.60892194798e-05
2378 3.29695460438e-05
2379 4.30085543181e-05
2380 3.48568056216e-06
2381 0.0
2382 5.53723316888e-06
2383 0.0
2384 6.17696474503e-07
2385 0.000441728229348
2386 6.77835200391e-05
2387 3.04895159582e-06
2388 7.92322895308e-06
2389 2.06526152816e-07
2390 9.67471232796e-05
2391 1.48674008891e-06
2392 1.02730902156e-05
2393 6.61587730871e-06
2394 2.44292730183e-06
2395 0.000107642062196
2396 1.88060285255e-05
2397 7.93831644959e-06
2398 9.26504456074e-06
2399 0.000214169185389
2400 0.000149953558888
2401 4.03969353517e-07
2402 3.57267787748e-06
2403 5.48568097485e-07
2404 9.34958049917e-07
2405 1.13961849016e-05
2406 2.69330216391e-06
2407 5.29473887727e-06
2408 1.07647519295e-06
2409 2.57233921428e-06
2410 7.51910760246e-06
2411 2.082504202e-05
2412 7.17495771434e-06
2413 8.87971229111e-06
2414 1.89160765784e-05
2415 8.14021508305e-06
2416 1.36707345027e-06
2417 3.25889747716e-06
2418 0.000157690307473
2419 1.1100376309e-06
2420 0.000222146847836
2421 7.80258128937e-06
2422 8.48597558599e-07
2423 3.06722009132e-08
2424 4.25469936963e-06
2425 3.80650666438e-07
2426 6.8597897211e-06
2427 2.19034433882e-06
2428 1.19771828643e-06
2429 1.39735588522e-05
2430 1.21995142978e-05
2431 4.81575815391e-06
2432 0.0
2433 2.30691239069e-06
2434 8.22932515979e-06
2435 1.40058179275e-05
2436 3.99536133194e-07
2437 4.12303426002e-05
2438 8.17925357686e-08
2439 9.91589148744e-06
2440 3.47618277017e-07
2441 4.85507115477e-06
2442 0.0
2443 1.46058099587e-09
2444 6.77279282691e-06
2445 1.07608950747e-07
2446 4.04160850573e-05
2447 3.70167954675e-06
2448 4.84333194291e-05
2449 5.5573775677e-06
2450 5.4869385466e-06
2451 5.79850655359e-07
2452 0.000171122335816
2453 2.34770293387e-07
2454 4.39821873274e-06
2455 5.81933663033e-07
2456 1.62955806798e-06
2457 8.00451497772e-07
2458 0.0
2459 0.000100063134193
2460 6.06343999315e-05
2461 5.02326960561e-06
2462 0.000138781347552
2463 1.26234459226e-05
2464 7.00690447001e-05
2465 8.21709111078e-06
2466 5.01404493533e-06
2467 2.76791554254e-07
2468 1.80528357796e-06
2469 0.00121291842913
2470 1.51164578176e-06
2471 0.0
2472 0.000128204802839
2473 0.000221336518941
2474 6.24953944778e-06
2475 4.50367911777e-06
2476 8.14115399353e-05
2477 2.2060217494e-06
2478 1.26885230034e-06
2479 1.8992108836e-05
2480 5.30919015535e-07
2481 3.03542495589e-06
2482 1.75269719504e-08
2483 5.31691013491e-06
2484 0.0
2485 2.34022691329e-06
2486 2.56334207035e-06
2487 1.24024082701e-06
2488 2.42456445314e-07
2489 7.17966971349e-06
2490 2.33309008766e-06
2491 8.57414156611e-07
2492 0.000189242755082
2493 5.16148166806e-06
2494 3.39585081539e-08
2495 4.20698578834e-05
2496 3.05091502785e-06
2497 4.24164640929e-08
2498 3.31966379242e-06
2499 0.000236482013252
2500 1.1486000705e-05
2501 5.50803876858e-06
2502 0.000144523351406
2503 5.8106591608e-05
2504 1.58189313234e-07
2505 3.87697408477e-06
2506 0.0
2507 7.79065698738e-06
2508 1.28954239116e-05
2509 7.90167413049e-05
2510 0.000202822486404
2511 0.000242839810819
2512 0.000219233867363
2513 0.000440617416603
2514 3.73965812357e-07
2515 1.73301110336e-07
2516 7.10430561768e-07
2517 1.7853028599e-05
2518 0.0
2519 7.17924821751e-06
2520 1.97308353365e-06
2521 6.78052462702e-06
2522 4.99758954945e-06
2523 3.98221338053e-07
2524 1.90577746358e-06
2525 3.36606215715e-07
2526 2.41299727556e-06
2527 5.28434681871e-05
2528 1.22688803653e-07
2529 7.97477223744e-08
2530 0.000105056275861
2531 2.1199807614e-05
2532 2.68980292348e-06
2533 1.06437752875e-06
2534 8.56108374777e-05
2535 1.58671055624e-06
2536 1.06943740517e-06
2537 5.66757849932e-06
2538 9.78826515382e-06
2539 6.58794258216e-05
2540 2.27456467469e-06
2541 1.10750901705e-05
2542 0.0
2543 0.00135707239825
2544 0.0075923332057
2545 1.55773625076e-05
2546 5.49665314778e-07
2547 4.21396528932e-06
2548 7.76455726113e-05
2549 4.08962678843e-08
2550 2.78499684211e-06
2551 1.60973456229e-05
2552 1.01131553941e-05
2553 1.56934722628e-06
2554 1.16274767282e-05
2555 1.06679853662e-06
2556 6.03898759869e-05
2557 2.7663959624e-06
2558 3.38509214838e-06
2559 5.5507920167e-06
2560 3.43172909066e-06
2561 4.74972828974e-05
2562 6.91393914514e-06
2563 1.38824772977e-06
2564 1.49737355054e-06
2565 9.51281941338e-06
2566 2.45377607306e-08
2567 2.21148770746e-06
2568 5.72821607595e-05
2569 3.52234337811e-08
2570 0.0
2571 4.04844766427e-06
2572 2.25344106816e-05
2573 8.79612209689e-07
2574 4.62242817501e-06
2575 1.56227351534e-06
2576 9.69592033949e-06
2577 2.68712470894e-06
2578 1.76349748091e-06
2579 3.23683315489e-06
2580 9.26712073056e-07
2581 2.73297174804e-08
2582 6.97529671867e-06
2583 1.38308921284e-05
2584 4.47635482644e-05
2585 2.40919172539e-07
2586 9.82687750837e-07
2587 4.79632607387e-06
2588 1.77452515782e-06
2589 6.04856064751e-05
2590 4.73361384986e-05
2591 9.81435838498e-06
2592 7.67081810301e-07
2593 7.17365002788e-05
2594 4.94871059328e-06
2595 9.5655336043e-05
2596 0.0
2597 0.0
2598 6.69569279901e-05
2599 0.0002141054021
2600 2.71945022898e-08
2601 8.14174406872e-06
2602 7.50472290814e-06
2603 1.72023878338e-05
2604 1.19485413582e-05
2605 1.5016353473e-05
2606 1.2759014298e-05
2607 3.1988592928e-07
2608 9.46244608376e-06
2609 7.64638290894e-05
2610 1.86761484566e-07
2611 1.76391470028e-05
2612 3.77013674173e-05
2613 2.2631188995e-06
2614 1.07440705234e-07
2615 2.44829043285e-06
2616 6.94763615736e-06
2617 9.67267876416e-05
2618 0.000167239256953
2619 3.76087356321e-06
2620 4.3706051298e-06
2621 2.93582216687e-06
2622 2.45377607306e-08
2623 3.29479142786e-06
2624 5.83219159682e-06
2625 2.74205750045e-05
2626 5.58770137542e-06
2627 2.0571180002e-06
2628 1.24664348332e-06
2629 1.99632141582e-06
2630 0.000159546835572
2631 4.98101841216e-06
2632 4.37280067311e-06
2633 3.27170143074e-08
2634 1.05646863878e-06
2635 3.06722009132e-07
2636 2.84454412847e-05
2637 3.63346564007e-05
2638 3.27537764766e-06
2639 3.15992220927e-06
2640 1.09118618326e-06
2641 6.49477105338e-05
2642 1.26997937989e-06
2643 0.000554251733138
2644 6.80217497796e-05
2645 4.6362352414e-06
2646 2.9622989914e-06
2647 7.68755998818e-06
2648 5.56643336655e-05
2649 2.78801882503e-06
2650 9.20027663214e-05
2651 3.79861248376e-07
2652 3.03995591273e-07
2653 5.71678357559e-07
2654 3.35414934901e-05
2655 2.17473338519e-06
2656 3.77121532141e-06
2657 1.97568807908e-06
2658 2.01770457372e-06
2659 9.16421728365e-07
2660 4.05893795814e-05
2661 3.76886499233e-05
2662 4.49968974224e-05
2663 9.5654623892e-06
2664 3.59126760084e-06
2665 1.65547323417e-05
2666 2.32770664187e-05
2667 5.14704220838e-06
2668 4.3113567723e-06
2669 1.50031850212e-05
2670 2.39760380764e-05
2671 6.04292405871e-07
2672 0.0
2673 3.80243639104e-06
2674 1.86075143244e-06
2675 1.87188214916e-05
2676 7.78991945443e-06
2677 1.18491098203e-05
2678 2.24325104184e-05
2679 4.54119446849e-07
2680 3.22686468066e-05
2681 3.87371954982e-06
2682 6.37794967025e-06
2683 9.26365773523e-07
2684 3.84181839019e-05
2685 1.85065066174e-06
2686 9.17216486915e-07
2687 3.39325545002e-06
2688 3.69380887967e-07
2689 1.50030879896e-06
2690 6.05854685513e-06
2691 1.28044100478e-05
2692 0.0
2693 1.84033205479e-08
2694 3.28856334014e-05
2695 4.14999568236e-05
2696 7.63497236458e-08
2697 3.74000834858e-06
2698 1.91706566911e-06
2699 5.11446697951e-06
2700 5.50240695171e-08
2701 3.98753217682e-06
2702 3.84699714137e-07
2703 5.1358251243e-06
2704 2.9348076995e-07
2705 0.0
2706 8.20431390144e-07
2707 2.32839108045e-05
2708 2.71694054172e-05
2709 8.81823162441e-06
2710 1.61861585962e-06
2711 9.71453699212e-07
2712 1.06314184223e-05
2713 4.7986025574e-06
2714 5.36508134443e-06
2715 6.13444018264e-08
2716 1.02824773665e-05
2717 0.000116099028546
2718 1.14176415949e-06
2719 1.25572242095e-05
2720 5.13043267662e-05
2721 1.03630179766e-05
2722 0.0
2723 0.0
2724 1.00283933777e-06
2725 8.06602055571e-05
2726 3.69368677231e-06
2727 1.42945512965e-06
2728 1.84942885284e-06
2729 7.9688967179e-06
2730 3.00594435513e-05
2731 9.90715276819e-05
2732 1.50326179681e-06
2733 1.75269719504e-08
2734 1.30540647133e-06
2735 2.33749208653e-05
2736 4.69348960501e-06
2737 0.0
2738 2.8992401676e-06
2739 5.64936611235e-05
2740 9.15925422646e-06
2741 0.0
2742 1.67981469389e-05
2743 7.394423075e-05
2744 7.05395505583e-06
2745 2.54059915179e-06
2746 6.9381508895e-06
2747 9.86219354107e-08
2748 7.3475287115e-07
2749 3.49491170076e-05
2750 4.72024412697e-06
2751 1.32681356193e-05
2752 1.15931152073e-05
2753 3.62467959741e-06
2754 5.89090470479e-06
2755 9.63129609694e-05
2756 1.59016018503e-05
2757 6.34733200815e-06
2758 1.09609026111e-05
2759 1.86944066926e-05
2760 6.9266095198e-06
2761 2.63774057955e-06
2762 1.61388583054e-06
2763 3.78669864318e-06
2764 2.64755615745e-05
2765 3.76752531935e-05
2766 8.26834797492e-06
2767 8.71910370028e-07
2768 0.0
2769 7.97554127541e-06
2770 7.13983340426e-07
2771 5.52761819351e-07
2772 7.40372932808e-07
2773 1.76639917124e-05
2774 9.684240918e-06
2775 2.45377607306e-08
2776 9.35496243683e-06
2777 1.09738318823e-07
2778 1.13578306288e-05
2779 5.91881610199e-05
2780 4.60951942577e-07
2781 3.74565965713e-05
2782 2.84599509305e-05
2783 2.8260841367e-05
2784 9.65890979653e-06
2785 9.13020471831e-06
2786 1.55413636151e-05
2787 3.4595739638e-05
2788 2.05226179205e-05
2789 0.0
2790 2.42352349128e-06
2791 6.51326178094e-07
2792 1.9048092156e-06
2793 0.0
2794 5.56316989191e-05
2795 4.15898985532e-07
2796 7.30754433895e-06
2797 1.81050358645e-05
2798 1.59174145261e-06
2799 1.02240669711e-08
2800 1.36320892948e-08
2801 2.03421486621e-05
2802 1.79273429763e-07
2803 2.88865690838e-07
2804 5.696892674e-06
2805 5.84659337407e-07
2806 8.09746104109e-07
2807 1.92415425893e-05
2808 3.82627693525e-06
2809 0.0
2810 2.19839143051e-06
2811 1.97084291191e-05
2812 3.41970697166e-07
2813 1.04405828845e-05
2814 2.59294732574e-05
2815 0.0
2816 2.90787674789e-06
2817 3.181145409e-07
2818 0.0
2819 4.16113589672e-06
2820 6.50042942165e-06
2821 1.83362666022e-06
2822 7.88343561566e-07
2823 8.04963252345e-06
2824 1.00053041572e-05
2825 0.0
2826 1.19670158395e-05
2827 1.00001484862e-05
2828 7.59319435049e-06
2829 0.00494533802419
2830 1.62352019385e-06
2831 1.69321366958e-06
2832 2.230763059e-06
2833 1.04314956132e-05
2834 2.76956352633e-05
2835 4.29410812785e-07
2836 6.19352575432e-06
2837 1.26678060909e-05
2838 7.89039559683e-07
2839 0.0
2840 9.80208595859e-05
2841 6.84098443545e-06
2842 1.36379816666e-05
2843 0.0
2844 2.69414908971e-06
2845 8.21105321397e-06
2846 3.44006723414e-06
2847 1.43475015087e-06
2848 1.95805488306e-06
2849 6.03075107014e-06
2850 2.00549355421e-05
2851 3.48492197862e-06
2852 2.42458169653e-06
2853 3.52268348287e-08
2854 5.34767934897e-06
2855 6.12684294253e-06
2856 0.0
2857 3.49780379491e-06
2858 0.0
2859 3.47492135931e-06
2860 2.64685415617e-06
2861 0.0
2862 5.98107917808e-07
2863 0.00308066843108
2864 9.39343916096e-05
2865 1.78560330988e-05
2866 1.54090961285e-05
2867 1.02033404093e-05
2868 2.07717037153e-05
2869 5.31173831655e-06
2870 0.000267968004307
2871 6.42828580452e-06
2872 1.17338479457e-05
2873 1.8559682473e-05
2874 1.93810990915e-05
2875 7.95675835979e-06
2876 2.47743496539e-05
2877 1.03870721227e-06
2878 3.35313440166e-05
2879 1.01401159077e-06
2880 8.83253162228e-08
2881 0.00231251132948
2882 2.48057064592e-05
2883 1.19636189372e-06
2884 3.0188677647e-05
2885 3.32189230497e-07
2886 0.0
2887 2.97666406958e-07
2888 8.93157559748e-06
2889 6.23088556585e-07
2890 2.75622256327e-06
2891 3.64907713349e-05
2892 6.98135487467e-07
2893 1.5676681222e-05
2894 8.96796731463e-07
2895 1.87180071081e-05
2896 9.79157048118e-07
2897 9.09896884226e-06
2898 5.08779439334e-06
2899 4.62074715056e-08
2900 8.76348597521e-09
2901 8.11839603536e-08
2902 7.11741464891e-05
2903 0.0
2904 7.28736970875e-07
2905 4.36500851257e-05
2906 1.12513735937e-05
2907 2.70162272106e-05
2908 2.38006055193e-06
2909 1.18735693733e-06
2910 2.14533283993e-05
2911 2.16881813099e-05
2912 4.41187927357e-06
2913 8.22038877914e-06
2914 2.26622447339e-05
2915 1.30573219091e-05
2916 4.55814286139e-05
2917 1.04289773129e-05
2918 1.99640178477e-07
2919 1.12055313115e-06
2920 1.49372271718e-05
2921 1.66457561045e-05
2922 1.60229645535e-05
2923 0.0
2924 3.71372833218e-06
2925 7.77391774615e-06
2926 1.67842528421e-05
2927 4.34522846271e-07
2928 3.03405375758e-05
2929 3.61879456372e-05
2930 5.22638767279e-06
2931 1.75269719504e-08
2932 6.83253863342e-06
2933 8.61862420298e-06
2934 1.0256199753e-06
2935 3.6340516588e-06
2936 6.41048999086e-07
2937 3.18578143523e-05
2938 2.13721830808e-05
2939 9.05121360951e-06
2940 1.49414624751e-05
2941 8.59701148602e-06
2942 1.80114883533e-06
2943 7.25567952714e-07
2944 2.60186584499e-05
2945 5.58964479293e-05
2946 8.35579570935e-06
2947 7.86845110352e-05
2948 4.541274939e-07
2949 1.33063887429e-06
2950 4.05398861213e-06
2951 1.72635618707e-05
2952 0.000121442528424
2953 6.13444018264e-08
2954 1.12972638094e-06
2955 1.51564489941e-06
2956 1.42647799943e-05
2957 2.62633225651e-05
2958 2.41317192137e-06
2959 1.90677184124e-05
2960 2.96295707869e-07
2961 2.85706869931e-05
2962 8.24964064331e-07
2963 1.34663324677e-05
2964 3.27170143074e-08
2965 1.66679462082e-05
2966 2.43305436512e-06
2967 4.88255110084e-05
2968 3.77055776792e-06
2969 1.72209944825e-05
2970 1.26116456157e-05
2971 2.88612453706e-06
2972 1.58623522154e-07
2973 2.55505664058e-07
2974 2.74900694679e-05
2975 5.87436822698e-06
2976 6.13444018264e-08
2977 3.33272784745e-05
2978 1.55089264403e-06
2979 4.0306342338e-06
2980 3.43096013284e-05
2981 0.0
2982 1.5392741663e-06
2983 4.88732871694e-08
2984 1.49388224257e-06
2985 3.70457223479e-06
2986 7.01044383415e-06
2987 2.90305343232e-05
2988 1.1259133838e-06
2989 1.14579555358e-05
2990 3.46238936225e-05
2991 3.91501175688e-07
2992 8.65186129555e-06
2993 3.80987561994e-05
2994 9.13514340238e-06
2995 1.53984184245e-05
2996 2.30917241701e-06
2997 1.3916525439e-05
2998 1.63701918017e-06
2999 4.08962678843e-08
3000 1.97023271067e-05
3001 2.7910161764e-05
3002 2.24703533928e-05
3003 5.19847534146e-05
3004 0.0
3005 5.30737064499e-06
3006 4.20705702872e-05
3007 0.0
3008 3.9990679977e-06
3009 5.70525407463e-08
3010 2.69341997161e-06
3011 8.47801124004e-06
3012 3.99948908179e-05
3013 2.57792545771e-07
3014 1.15088856152e-06
3015 6.54696847277e-06
3016 1.0310812024e-06
3017 6.25069740209e-06
3018 0.000811549073952
3019 7.42483483099e-06
3020 0.000107834522082
3021 0.00011848864933
3022 1.57797604779e-06
3023 2.09695200306e-05
3024 5.6389688315e-06
3025 1.80445287249e-06
3026 1.85523099206e-05
3027 4.47144923159e-05
3028 8.79003560546e-05
3029 1.24222413699e-06
3030 4.57094237722e-06
3031 6.84640182102e-08
3032 0.0
3033 1.33283926627e-06
3034 1.28246290246e-05
3035 3.43149496122e-05
3036 4.49208776675e-05
3037 5.97816971145e-06
3038 0.0
3039 7.73430197673e-05
3040 3.9947869974e-07
3041 1.44093198063e-06
3042 4.04602191863e-06
3043 2.56907925947e-06
3044 2.63780966907e-06
3045 1.63585071537e-07
3046 6.58429912937e-07
3047 9.01621422438e-06
3048 1.28138307943e-06
3049 1.79224170953e-06
3050 2.60530422621e-05
3051 1.89197885106e-06
3052 8.78708420429e-05
3053 9.38635510586e-06
3054 1.57791433587e-07
3055 3.03347748733e-05
3056 2.45377607306e-08
3057 1.4927390434e-05
3058 6.94890647228e-06
3059 5.60361655982e-08
3060 0.0
3061 3.86713898513e-05
3062 1.33648029725e-06
3063 2.19573411691e-05
3064 1.31160173429e-07
3065 8.11559004933e-06
3066 6.70628556027e-06
3067 1.14728637225e-06
3068 2.29681230204e-06
3069 8.98473720711e-07
3070 1.99066986635e-06
3071 4.78478829192e-06
3072 0.0
3073 3.10531852909e-05
3074 2.06976804388e-05
3075 2.45377607306e-08
3076 5.23291273825e-06
3077 6.19952134752e-05
3078 3.77609477643e-05
3079 2.77174945985e-05
3080 2.09254844115e-05
3081 4.57514269067e-06
3082 8.97406168784e-06
3083 7.52480190902e-05
3084 2.62758521157e-07
3085 4.70256862085e-05
3086 7.59258320179e-06
3087 6.76604281201e-06
3088 2.27475499265e-05
3089 8.48615339585e-07
3090 1.66243296644e-05
3091 0.000100321085829
3092 0.0
3093 1.99345093087e-07
3094 1.98605209582e-06
3095 2.4892084671e-08
3096 1.90981541554e-06
3097 5.93415864883e-06
3098 3.42294030104e-05
3099 1.10449188578e-05
3100 4.31601684279e-07
3101 9.30348640165e-05
3102 0.000382446096691
3103 3.61436285892e-06
3104 2.21004885418e-06
3105 4.42336861539e-05
3106 1.85362334186e-06
3107 2.02722752786e-05
3108 3.15743210431e-05
3109 2.43978068744e-06
3110 1.08675182307e-06
3111 2.44853766904e-06
3112 0.00014680862603
3113 9.54129409904e-08
3114 2.95581819273e-05
3115 9.22173857237e-06
3116 2.72497730304e-05
3117 5.83675941523e-05
3118 5.89543393567e-05
3119 1.60726603326e-05
3120 2.24384372212e-05
3121 1.83790221113e-05
3122 1.22688803653e-07
3123 2.89681897514e-08
3124 2.28150723561e-06
3125 1.1311080135e-05
3126 0.0
3127 1.75269719504e-08
3128 2.45377607306e-08
3129 1.83156856882e-07
3130 4.49389551298e-06
3131 6.16405404813e-07
3132 1.75269719504e-08
3133 2.19919008991e-05
3134 4.71621603566e-07
3135 0.0
3136 3.65961867911e-06
3137 4.46402984689e-05
3138 1.25278545113e-05
3139 2.85728285203e-06
3140 2.41955026837e-06
3141 4.98326343816e-05
3142 5.28925064637e-07
3143 2.83429010143e-06
3144 2.04481339421e-08
3145 3.12144577799e-06
3146 1.82993504671e-05
3147 2.15798579961e-05
3148 0.0
3149 2.06704678727e-05
3150 6.13074157169e-06
3151 3.63238195747e-05
3152 1.35467451156e-06
3153 6.0112193886e-05
3154 1.04639211084e-06
3155 8.52151932544e-05
3156 1.10361500048e-06
3157 7.74995731945e-07
3158 2.64075698274e-06
3159 8.50439011057e-06
3160 3.80335291324e-07
3161 3.56186439941e-06
3162 3.85593382909e-07
3163 4.61943369995e-05
3164 6.54836293579e-07
3165 2.60929456349e-06
3166 1.40894860651e-06
3167 2.76657008178e-06
3168 1.29242468907e-06
3169 5.11376677217e-05
3170 8.06790469883e-06
3171 3.97912755918e-06
3172 4.02042293414e-06
3173 3.17443607261e-05
3174 0.000723318431389
3175 1.49650764961e-05
3176 7.66805022831e-09
3177 4.99793651241e-06
3178 1.44817635131e-05
3179 1.73092357533e-05
3180 6.15138067259e-05
3181 1.75269719504e-08
3182 1.75269719504e-08
3183 1.46645944678e-05
3184 0.0
3185 1.53883640763e-05
3186 5.70883315723e-05
3187 5.51947937986e-05
3188 7.96344901678e-06
3189 1.30499066065e-05
3190 1.53256027659e-06
3191 9.3559949992e-07
3192 1.08428934663e-05
3193 9.72609490602e-07
3194 2.61079724976e-06
3195 5.48661409395e-07
3196 1.74612581104e-05
3197 1.26116729741e-05
3198 3.68066410959e-07
3199 5.23237603653e-05
3200 2.53457722497e-06
3201 7.09891050025e-07
3202 6.49124556548e-05
3203 1.42168138952e-07
3204 7.77061199323e-06
3205 1.0081872064e-05
3206 1.19879653532e-05
3207 3.78298231522e-06
3208 7.19428497711e-06
3209 2.70820928254e-06
3210 1.34763400727e-05
3211 1.37294147717e-06
3212 8.5770765168e-06
3213 4.84586739576e-06
3214 6.55497206983e-06
3215 4.85990058105e-05
3216 5.91470444741e-06
3217 3.55797530593e-07
3218 1.91092680293e-07
3219 2.89681897514e-08
3220 9.02546618816e-06
3221 1.08139022976e-05
3222 7.62130108212e-06
3223 1.37553093624e-05
3224 4.30774717232e-06
3225 1.35301388295e-05
3226 5.36667127669e-06
3227 9.14290227429e-06
3228 2.89681897514e-07
3229 3.74445806034e-06
3230 6.79906241427e-07
3231 0.0
3232 4.98521868243e-06
3233 4.0931969032e-05
3234 5.76804554613e-05
3235 3.27543015197e-06
3236 1.77163438313e-07
3237 2.69057435891e-06
3238 2.99665609504e-06
3239 4.26933051525e-06
3240 4.27935487901e-06
3241 2.0250172265e-05
3242 5.71628113415e-07
3243 2.69591462721e-06
3244 5.86373648094e-07
3245 1.1470606461e-06
3246 1.9488053262e-05
3247 1.1090722622e-06
3248 1.00600760719e-05
3249 9.71386106383e-05
3250 1.39575286904e-06
3251 3.00467021381e-07
3252 4.46937784736e-07
3253 2.71623198359e-05
3254 2.27205297754e-05
3255 1.58314722063e-06
3256 8.96760379596e-06
3257 4.93437008136e-05
3258 7.07805318472e-06
3259 0.000137051230548
3260 8.51056814315e-06
3261 3.51348699893e-06
3262 2.46597812885e-05
3263 3.82936774445e-07
3264 0.000295345711215
3265 3.03349882178e-06
3266 0.000117116921042
3267 1.53361004566e-08
3268 1.55674411042e-05
3269 0.0
3270 7.424133202e-07
3271 2.45377607306e-08
3272 1.84033205479e-07
3273 2.76733407434e-05
3274 3.55389607535e-06
3275 4.09007031696e-05
3276 1.24829918361e-05
3277 5.32204874231e-06
3278 2.71082719434e-05
3279 1.91327818936e-05
3280 9.40648258585e-06
3281 9.29918435443e-05
3282 6.40545204482e-08
3283 0.0
3284 1.6513553444e-07
3285 7.58516378162e-06
3286 2.6075291197e-06
3287 9.85923808002e-06
3288 1.36991408784e-05
3289 1.07490747991e-05
3290 3.88110966116e-05
3291 3.08912880626e-07
3292 0.000123420778129
3293 1.74077354291e-06
3294 0.00157240206366
3295 2.74408059572e-06
3296 2.76378381091e-05
3297 1.19425809396e-05
3298 4.30054709928e-06
3299 2.33762196931e-05
3300 2.14483858722e-05
3301 1.77935722422e-06
3302 3.4483746915e-06
3303 6.24755466468e-05
3304 8.24877610637e-06
3305 4.49324162096e-05
3306 1.19767641661e-07
3307 3.10400023345e-06
3308 3.70626283431e-06
3309 7.37593402913e-08
3310 1.10994554664e-06
3311 3.06722009132e-08
3312 1.96616672521e-08
3313 1.36614290885e-06
3314 8.08234463191e-06
3315 2.25513705762e-07
3316 3.01117621231e-07
3317 2.76636496212e-06
3318 0.0
3319 1.36087336173e-06
3320 1.18850170816e-05
3321 9.42049538822e-05
3322 2.17229122491e-05
3323 1.75269719504e-08
3324 1.6417942724e-07
3325 4.78429565188e-05
3326 1.31588746706e-06
3327 3.01301755606e-06
3328 3.57529541253e-05
3329 6.84961450829e-06
3330 3.85027677007e-06
3331 8.72681397533e-05
3332 4.14491660088e-05
3333 2.01108786959e-05
3334 1.57450631355e-07
3335 6.73814699427e-08
3336 4.35503271664e-05
3337 0.0
3338 2.83958892788e-06
3339 1.21573450892e-07
3340 1.76367463192e-05
3341 4.06524650735e-06
3342 9.57310898059e-06
3343 3.7798668984e-05
3344 2.60144081174e-06
3345 2.90631518618e-05
3346 2.16786672537e-05
3347 1.08831262524e-05
3348 3.20859183583e-05
3349 2.15564568185e-05
3350 8.44605303877e-07
3351 5.16090769771e-05
3352 2.77052841229e-05
3353 2.93015018248e-08
3354 2.93828095959e-05
3355 2.89681897514e-08
3356 1.90063658585e-05
3357 6.15561735275e-07
3358 1.41627178019e-06
3359 7.62170927576e-07
3360 1.73498511202e-06
3361 3.76167212613e-05
3362 1.3241399343e-05
3363 3.26852219148e-05
3364 8.94554290819e-05
3365 4.93114092315e-06
3366 2.19978306253e-05
3367 5.39986409231e-05
3368 4.2447658916e-08
3369 5.52099616438e-08
3370 1.54056138328e-05
3371 4.52337508417e-08
3372 1.74783540096e-07
3373 0.0
3374 3.49304659956e-06
3375 2.52300761226e-06
3376 3.06722009132e-08
3377 0.0
3378 1.46436999183e-05
3379 1.98336758293e-05
3380 2.40516921807e-06
3381 2.68319453738e-06
3382 6.28934813197e-06
3383 1.28435117417e-07
3384 3.02315616712e-06
3385 6.10298842825e-06
3386 0.00016906625841
3387 3.67266888298e-05
3388 2.7882744125e-05
3389 4.10075194316e-07
3390 7.36132821917e-08
3391 2.36330438669e-06
3392 8.64143856241e-06
3393 1.35678284974e-06
3394 3.81092876922e-06
3395 1.42962587244e-05
3396 1.00171520706e-05
3397 4.552752072e-05
3398 0.000125666619502
3399 5.5502077843e-08
3400 1.21878854884e-06
3401 4.54790266952e-06
3402 0.0
3403 1.38875115994e-06
3404 2.11432811036e-05
3405 1.74746746299e-05
3406 1.78517520519e-06
3407 0.00012452194975
3408 0.0
3409 0.0
3410 9.52007288509e-06
3411 5.11713665437e-06
3412 5.13683597995e-05
3413 2.66338401604e-05
3414 0.0
3415 3.44672081806e-07
3416 7.67348697816e-06
3417 9.28773782478e-06
3418 2.38096951482e-05
3419 5.1597900581e-07
3420 1.01932161239e-05
3421 9.59251380862e-06
3422 2.30663019811e-06
3423 6.92952596868e-06
3424 1.44013286193e-07
3425 1.53361004566e-08
3426 5.37104318214e-07
3427 6.62229277064e-05
3428 1.21573450892e-07
3429 3.93387574223e-07
3430 3.06722009132e-08
3431 2.19016711981e-06
3432 7.00649498383e-06
3433 1.72124311102e-06
3434 1.03329178945e-05
3435 5.23394494138e-05
3436 7.96816291597e-06
3437 1.14846663973e-07
3438 0.237139114875
3439 3.05645235313e-06
3440 3.14901262709e-07
3441 0.000572080660112
3442 3.05699602435e-07
3443 2.12385096853e-05
3444 3.57581606347e-06
3445 3.06722009132e-08
3446 0.0
3447 3.27754375473e-07
3448 1.7307884801e-07
3449 8.71378500783e-06
3450 6.67385244142e-06
3451 2.9947941217e-07
3452 0.0
3453 4.27731468764e-07
3454 0.0
3455 0.000735717576088
3456 8.93082881464e-06
3457 0.00113774784209
3458 1.18565655333e-07
3459 9.22494822624e-07
3460 2.19472654243e-06
3461 5.40645930727e-06
3462 1.7429599884e-07
3463 7.46576620237e-07
3464 2.31474025274e-06
3465 8.40872077477e-06
3466 6.85349544215e-08
3467 5.11555140692e-06
3468 0.0
3469 7.89478653229e-06
3470 4.18129213476e-06
3471 2.32128135993e-06
3472 2.41749570265e-06
3473 2.1880831119e-07
3474 3.4023127798e-07
3475 1.80910575235e-06
3476 4.56545099542e-06
3477 8.26576491277e-07
3478 2.59691301065e-07
3479 5.47979007628e-07
3480 8.40497973077e-08
3481 2.02535194194e-06
3482 7.52863113325e-08
3483 1.28234585434e-06
3484 1.57773286975e-06
3485 1.54453086765e-06
3486 1.23388254734e-06
3487 2.34623185712e-06
3488 0.000299218630115
3489 5.22853773453e-06
3490 0.0
3491 1.51506066701e-06
3492 1.39830484669e-06
3493 3.79341653646e-07
3494 5.2588057274e-07
3495 1.06330296499e-07
3496 0.00132054401599
3497 5.5955344812e-06
3498 1.44655986407e-06
3499 1.77497251936e-07
3500 3.02766268935e-06
3501 1.36317794746e-06
3502 0.000601269578251
3503 2.04481339421e-07
3504 9.43799123977e-07
3505 7.09550247793e-07
3506 4.88306885927e-06
3507 1.85943686646e-05
3508 5.91243187127e-07
3509 6.21120256598e-06
3510 8.16157324595e-07
3511 1.62429357034e-06
3512 7.88508507413e-06
3513 1.19556176854e-06
3514 9.20166027397e-08
3515 4.62903168094e-06
3516 1.01715303153e-06
3517 5.1518675127e-08
3518 7.16236115881e-07
3519 1.41722687542e-06
3520 6.24724197648e-07
3521 5.63459343713e-07
3522 5.16860563146e-05
3523 5.59061719185e-07
3524 7.52863113325e-08
3525 1.48104240782e-06
3526 0.000713988294052
3527 1.1573092604e-05
3528 6.18671210112e-07
3529 2.37163111477e-06
3530 9.28818186465e-06
3531 6.8910211385e-07
3532 2.87442339987e-07
3533 1.78809330302e-06
3534 1.20758935159e-06
3535 4.21194267296e-06
3536 2.69556555376e-06
3537 1.47854614212e-06
3538 1.02240669711e-07
3539 1.7387876294e-06
3540 1.48263576891e-06
3541 0.000480615950226
3542 5.1263328799e-08
3543 5.30596652486e-06
3544 8.7025353074e-07
3545 2.8627387519e-07
3546 4.34606853152e-05
3547 2.7929229803e-06
3548 2.33677604513e-06
3549 5.32235714894e-07
3550 1.59539262179e-06
3551 0.000429187558047
3552 6.82967673668e-07
3553 7.60520098545e-08
3554 7.61493558891e-06
3555 2.60021984574e-06
3556 4.58220109028e-06
3557 0.000360601538379
3558 1.34566460326e-06
3559 9.22366770032e-06
3560 4.5670431473e-06
3561 0.0
3562 0.00127836811576
3563 8.40497973077e-08
3564 1.55949474592e-06
3565 2.1813378833e-06
3566 0.0
3567 1.37002497412e-06
3568 9.91261254333e-08
3569 1.15980892434e-05
3570 1.01677183151e-06
3571 0.0
3572 6.76136648702e-07
3573 0.0
3574 3.23003378949e-06
3575 4.08227397576e-07
3576 0.0
3577 6.54386220997e-06
3578 0.000745815953723
3579 8.89600971496e-07
3580 6.85349544215e-08
3581 3.48786741813e-07
3582 1.89875529463e-08
3583 0.0
3584 1.1582863516e-06
3585 2.39019159788e-05
3586 2.40703748119e-07
3587 1.31092947472e-05
3588 3.12289920929e-07
3589 3.06722009132e-08
3590 0.0
3591 3.68757654619e-06
3592 4.80973949619e-07
3593 0.000723255875021
3594 1.6676785176e-05
3595 1.89875529463e-08
3596 1.10279653038e-07
3597 5.12530691359e-05
3598 0.0
3599 1.37002497412e-07
3600 3.13202048053e-06
3601 6.44116219178e-07
3602 2.66801368498e-06
3603 1.71587953901e-06
3604 1.15760406621e-07
3605 6.80249067337e-05
3606 5.99293631028e-06
3607 5.52099616438e-08
3608 2.30041506849e-07
3609 8.49843308563e-07
3610 0.000124665722756
3611 3.71708126242e-06
3612 1.47134143354e-05
3613 5.96277459144e-06
3614 8.40497973077e-08
3615 5.13403072054e-07
3616 2.94576102679e-06
3617 9.59017481887e-07
3618 1.19651526582e-05
3619 4.25793784496e-07
3620 8.17925357686e-08
3621 6.8044352752e-07
3622 1.73132845247e-06
3623 4.32762658917e-07
3624 7.3474056025e-07
3625 1.38390049358e-06
3626 6.51516336065e-06
3627 1.18862081444e-06
3628 4.68648756239e-07
3629 5.26316957243e-06
3630 7.19313078307e-06
3631 8.29281960723e-08
3632 2.0964784679e-07
3633 3.37394210045e-07
3634 0.00128198580181
3635 8.19154524814e-07
3636 1.8798265016e-06
3637 9.99765628874e-07
3638 1.63585071537e-07
3639 6.33892152207e-07
3640 8.76348597521e-09
3641 4.74537090171e-06
3642 2.76049808219e-07
3643 2.81060128899e-06
3644 1.9353352704e-06
3645 3.80335291324e-07
3646 2.93022780776e-06
3647 3.94674229322e-07
3648 7.36132821917e-08
3649 2.56410865525e-06
3650 8.40497973077e-08
3651 0.0
3652 0.000426798298176
3653 3.61931970776e-07
3654 0.0
3655 2.76530665213e-07
3656 1.32191432132e-07
3657 7.07798721722e-07
3658 1.3886141868e-07
3659 5.25134904016e-07
3660 9.99232145306e-07
3661 4.60083013698e-07
3662 1.55990050359e-07
3663 3.01025743248e-06
3664 3.04595244587e-07
3665 9.61062295281e-07
3666 1.22688803653e-07
3667 9.56494421282e-09
3668 1.8207042651e-06
3669 9.43760028099e-09
3670 0.0
3671 1.31467199267e-06
3672 8.72112912633e-07
3673 2.11203580168e-05
3674 1.84033205479e-07
3675 0.000775862905855
3676 1.3437345162e-07
3677 0.0
3678 0.00111135916157
3679 2.8627387519e-07
3680 1.54251958974e-06
3681 2.27165302955e-05
3682 7.84526505966e-08
3683 5.04192559774e-07
3684 1.00240682869e-06
3685 0.00155201578049
3686 2.63254233495e-07
3687 0.0
3688 1.30016394758e-06
3689 0.0
3690 0.0
3691 9.07427241696e-06
3692 0.0
3693 0.000352308779918
3694 3.77974555213e-06
3695 3.06722009132e-07
3696 8.40497973077e-08
3697 2.65290194883e-07
3698 1.15026095968e-06
3699 1.08761499957e-06
3700 0.0
3701 0.0
3702 6.93775973037e-07
3703 4.35538726671e-06
3704 6.6639717292e-07
3705 0.0
3706 2.52683296456e-05
3707 2.1252708889e-06
3708 1.61553962352e-06
3709 3.86492201983e-08
3710 0.0
3711 1.18148511746e-06
3712 2.94250884936e-06
3713 6.25655180346e-08
3714 8.16133768956e-07
3715 2.81759024632e-06
3716 5.61707948283e-08
3717 0.0
3718 0.0
3719 1.50193938931e-06
3720 4.34648611584e-06
3721 9.34479721156e-07
3722 0.000434238228216
3723 6.67254866403e-06
3724 0.000193547716084
3725 2.49467234094e-07
3726 6.34588396527e-07
3727 9.77286199872e-07
3728 2.53556860883e-07
3729 1.97049136195e-06
3730 0.0
3731 1.09125523213e-06
3732 5.13240117135e-06
3733 0.0
3734 0.0
3735 7.77742072223e-06
3736 1.02775255988e-07
3737 4.52612070742e-07
3738 7.62466399324e-06
3739 7.40545744194e-06
3740 2.20889894455e-07
3741 2.16865985923e-06
3742 0.000159768621246
3743 8.17925357686e-08
3744 6.34588396527e-07
3745 0.0
3746 1.99369305936e-07
3747 0.0
3748 4.2702696756e-06
3749 0.0
3750 2.45377607306e-08
3751 0.000452986854271
3752 6.13444018264e-08
3753 1.46287643919e-06
3754 1.36253402531e-06
3755 3.24156035019e-07
3756 6.31944710879e-08
3757 0.00180640255276
3758 2.55489321893e-07
3759 1.74224827951e-05
3760 1.61645869384e-06
3761 2.00302206836e-06
3762 1.04611293003e-06
3763 6.90426930349e-07
3764 1.20084543477e-06
3765 9.57783602368e-06
3766 0.0
3767 1.22688803653e-08
3768 1.06549383649e-06
3769 3.19765712395e-06
3770 4.01245443118e-07
3771 1.03788885566e-06
3772 6.69676386605e-07
3773 4.6056987403e-07
3774 1.98735777021e-07
3775 7.25796402562e-07
3776 1.32299426606e-06
3777 1.11833588651e-06
3778 3.4094080031e-07
3779 2.58950456252e-07
3780 5.15727788029e-06
3781 1.96241496003e-06
3782 1.75269719504e-08
3783 8.20099376322e-06
3784 2.23070552096e-08
3785 1.13104708346e-06
3786 9.55548532534e-07
3787 1.88291252364e-06
3788 7.15684687975e-08
3789 5.74206800561e-08
3790 4.948448414e-07
3791 6.42998958962e-06
3792 3.56480905459e-06
3793 9.81799405901e-07
3794 1.98208396929e-05
3795 6.12355540656e-06
3796 4.2300672688e-08
3797 7.85268484949e-07
3798 0.000479198097377
3799 0.0
3800 2.21657771933e-06
3801 8.99525439008e-06
3802 6.13444018264e-08
3803 9.56568431437e-07
3804 4.74822402918e-06
3805 6.85798035146e-06
3806 2.03020758426e-07
3807 1.13633201479e-07
3808 0.0
3809 0.0
3810 2.06053898294e-06
3811 6.54717367727e-06
3812 0.0
3813 4.0282823866e-07
3814 0.0
3815 1.08521167993e-07
3816 7.22938338294e-08
3817 6.13444018264e-08
3818 7.20816749494e-07
3819 6.50186993009e-07
3820 1.55894040139e-07
3821 0.0
3822 7.43514952351e-06
3823 2.9409761328e-06
3824 2.6425287596e-06
3825 8.35842104125e-06
3826 1.02754055419e-05
3827 4.27132751737e-06
3828 2.06526152816e-07
3829 2.42521442757e-06
3830 1.35167823632e-05
3831 0.00624410343476
3832 4.18262178114e-06
3833 6.47705503348e-07
3834 3.12364000631e-06
3835 6.77266981781e-08
3836 8.58529039949e-07
3837 4.5639111435e-06
3838 4.67273566293e-07
3839 2.00374916729e-05
3840 1.06330296499e-07
3841 7.87872797195e-08
3842 3.17780908094e-06
3843 8.56864753325e-06
3844 2.2848797979e-07
3845 0.0
3846 7.26791484764e-07
3847 0.0
3848 2.38425241765e-06
3849 2.45377607306e-08
3850 3.06722009132e-08
3851 1.22240218268e-06
3852 0.00116158531125
3853 1.79345851185e-06
3854 0.0
3855 0.0
3856 1.40978924404e-06
3857 0.0
3858 2.05911278858e-08
3859 1.92617349881e-06
3860 4.90755214612e-07
3861 2.34228182591e-06
3862 0.000982181959066
3863 8.84517226688e-07
3864 3.66459771863e-07
3865 0.0
3866 1.11535276048e-08
3867 1.44340946601e-06
3868 1.71929310006e-06
3869 4.44274692766e-07
3870 8.68711840683e-06
3871 4.11991143931e-06
3872 8.76348597521e-09
3873 0.000422991729265
3874 5.01086683359e-06
3875 8.42356894344e-08
3876 0.0
3877 1.02240669711e-08
3878 0.00160841731396
3879 5.03941639449e-07
3880 0.0
3881 1.03672039087e-06
3882 2.5472665348e-06
3883 1.05648692034e-07
3884 8.40497973077e-08
3885 3.08729164548e-06
3886 0.0
3887 0.000411123830157
3888 3.47618277017e-07
3889 7.63007512241e-07
3890 6.4484494994e-08
3891 1.62903467072e-07
3892 4.61595604543e-06
3893 7.21098030128e-08
3894 2.63099323389e-07
3895 4.0297429676e-07
3896 1.71076302945e-06
3897 1.41284680507e-06
3898 0.0
3899 6.36149413746e-07
3900 0.0
3901 6.71810139663e-06
3902 6.61643191128e-07
3903 8.62417071511e-06
3904 1.10585635518e-06
3905 6.04149411927e-07
3906 2.58961010567e-07
3907 1.42168730486e-05
3908 3.22400720396e-06
3909 3.98738611872e-07
3910 3.0314148031e-06
3911 0.0
3912 0.0
3913 1.15837350981e-07
3914 2.0634870393e-07
3915 8.20310973312e-07
3916 1.97043178994e-06
3917 4.78486334246e-07
3918 2.40318685856e-07
3919 2.06567049084e-05
3920 8.76348597521e-09
3921 1.99484382014e-07
3922 3.05234426635e-06
3923 0.0
3924 1.1655436347e-07
3925 5.80758264794e-06
3926 2.45377607306e-08
3927 6.60028234138e-06
3928 6.67282055157e-06
3929 7.66805022831e-09
3930 9.29378573304e-07
3931 2.04347973781e-05
3932 5.18343966509e-06
3933 6.95236554033e-08
3934 3.11149339951e-06
3935 2.35505798104e-07
3936 0.0
3937 1.22688803653e-08
3938 1.09869367565e-06
3939 3.80868174159e-05
3940 0.0
3941 3.2400997692e-07
3942 7.77029089802e-07
3943 0.0
3944 0.000286685833172
3945 1.08312735294e-06
3946 8.79098937826e-06
3947 1.75269719504e-08
3948 4.95956592573e-06
3949 0.00112904024584
3950 1.84573620448e-06
3951 3.71424998233e-06
3952 3.54979163725e-06
3953 2.04481339421e-08
3954 3.06722009132e-08
3955 4.08962678843e-08
3956 0.0
3957 4.76676772926e-06
3958 9.50725875926e-07
3959 6.65646901387e-07
3960 0.0
3961 9.8487861752e-07
3962 0.000140075445451
3963 0.00052754690373
3964 9.61062295281e-08
3965 2.16613898894e-06
3966 0.0
3967 9.83362739098e-06
3968 1.6995408988e-06
3969 9.5668474648e-06
3970 1.18146341154e-06
3971 2.34821476621e-07
3972 1.06623085472e-05
3973 3.81876101135e-07
3974 4.36226857432e-08
3975 0.0
3976 3.86492201983e-08
3977 3.05719229055e-07
3978 4.93601475014e-08
3979 1.22688803653e-07
3980 1.05765538514e-06
3981 0.0248200336362
3982 5.5502077843e-08
3983 1.58589884531e-06
3984 0.0
3985 0.0
3986 9.61062295281e-08
3987 3.69234875755e-07
3988 0.0
3989 2.52534454186e-07
3990 0.000488505919878
3991 0.0
3992 2.04481339421e-08
3993 0.0
3994 6.44116219178e-08
3995 6.54924518547e-07
3996 6.39150243792e-07
3997 1.53361004566e-07
3998 3.09351054925e-07
3999 2.20985904675e-06
4000 1.22688803653e-07
4001 6.12421611567e-07
4002 0.0
4003 4.8053114764e-07
4004 0.0
4005 8.72112912633e-07
4006 0.0
4007 0.0
4008 0.0
4009 0.0
4010 2.46838188302e-07
4011 0.0
4012 2.04481339421e-08
4013 0.0
4014 1.02240669711e-07
4015 1.46510879695e-06
4016 0.0
4017 0.0
4018 6.92315392041e-07
4019 2.97958523157e-08
4020 2.07694617612e-07
4021 5.60278870015e-07
4022 6.35060617003e-07
4023 0.0
4024 4.47741104283e-06
4025 0.0
4026 0.0
4027 3.96839856577e-07
4028 5.76637377169e-07
4029 0.0
4030 0.0
4031 4.54211478095e-06
4032 0.00171012242748
4033 0.0
4034 0.0
4035 0.0
4036 0.0
4037 0.0
4038 7.15684687975e-08
4039 6.33892152207e-07
