node,pagerank
1 0.00591144836023
2 0.000288580139057
3 0.000238890949566
4 0.000223846188399
5 0.000238502446238
6 0.000199215832369
7 0.000200452554219
8 0.000232480539368
9 0.000213382698966
10 0.000553171440853
11 0.000134281600201
12 8.03177536613e-05
13 8.77519409496e-05
14 0.000355353445228
15 0.000250270252668
16 8.9420890209e-05
17 0.000129419029793
18 0.000223035144195
19 7.6060640713e-05
20 0.000325468702822
21 0.000240031650554
22 0.000615401546344
23 0.000144596322397
24 0.000354870720289
25 0.00019852943297
26 0.000718308524914
27 0.000576398522171
28 9.26146646713e-05
29 0.000217202847569
30 0.000164208864701
31 0.000170222627559
32 0.000254035253301
33 0.000135455498717
34 7.70135976292e-05
35 9.25956305827e-05
36 6.26868055644e-05
37 0.000166839711614
38 4.41923690466e-05
39 0.000132428538628
40 0.00016672111285
41 0.00049985340674
42 0.000392045919608
43 7.70135976292e-05
44 4.41923690466e-05
45 0.000122565465289
46 0.0001249127218
47 0.00011806081736
48 7.02320591202e-05
49 0.000245517514194
50 0.000138609305048
51 0.000132826806262
52 0.00011965257298
53 7.30630031136e-05
54 0.000383618713172
55 0.00010948245036
56 0.000167989738343
57 0.000707169126838
58 0.000187091071343
59 0.000204936452229
60 0.000192465251305
61 9.93536511552e-05
62 8.66805105085e-05
63 0.000247860793668
64 8.28495340529e-05
65 0.000127792248251
66 0.000136979468722
67 0.000152852353718
68 0.000610492034558
69 0.000189217135432
70 0.000122546676983
71 6.82057381286e-05
72 8.97626846963e-05
73 0.000227935439412
74 0.000134481872362
75 4.69185398229e-05
76 0.000150928924162
77 7.18597770813e-05
78 0.000103490827076
79 0.000171265743966
80 0.000131933296701
81 0.000272698950014
82 9.59141766399e-05
83 0.000337284341173
84 0.00011965257298
85 0.000165265908852
86 0.000156385860461
87 0.000134573422556
88 0.000149071123271
89 0.000239246168419
90 0.000170717621339
91 7.9626956353e-05
92 0.00019935093362
93 0.000246394459573
94 0.000156768715045
95 0.000257894197472
96 0.000133500118056
97 0.00012498648559
98 9.74179733343e-05
99 0.00047715846468
100 0.000268494891
101 0.000154806643967
102 0.000226199483539
103 0.000135032354846
104 0.000155667083026
105 0.000297680184298
106 0.000149855481459
107 0.000107815129461
108 0.00690057479618
109 0.00017233735404
110 0.000418666639584
111 0.000130660689613
112 0.000246650187406
113 8.75976179015e-05
114 0.0003868439662
115 4.69185398229e-05
116 0.000345922038331
117 0.000262601322761
118 9.57788372236e-05
119 0.000336575019827
120 0.000587449458861
121 7.94107327263e-05
122 0.000143204193424
123 0.000520017383837
124 0.000171451799688
125 9.79275947598e-05
126 5.81974614846e-05
127 0.000104889943336
128 0.000210656072379
129 0.000257066861044
130 0.000105897174325
131 0.000192467526155
132 0.000152776859241
133 0.000174828685188
134 0.000193616858889
135 0.000180560207839
136 0.000149876517154
137 0.000615050274821
138 0.000279051302762
139 6.33544256072e-05
140 0.00013591113155
141 0.000184128708111
142 0.000269907180268
143 0.000378776541214
144 0.000258386493167
145 0.000240619806333
146 7.9626956353e-05
147 0.000122068379674
148 0.000131744271815
149 0.0002018278222
150 0.000217338229519
151 0.000171689509716
152 0.00012926003588
153 9.8849948463e-05
154 5.44936897418e-05
155 6.69373011802e-05
156 9.04667172839e-05
157 0.000137752232613
158 9.37217142545e-05
159 0.000245237088869
160 0.000176118978828
161 6.1459803934e-05
162 0.000230459280289
163 0.000141220731415
164 0.000107464884848
165 6.40224877364e-05
166 0.000124359919003
167 9.91055285213e-05
168 0.000145060352131
169 0.000141316573228
170 0.000348578635373
171 0.000428556144989
172 0.00036157126201
173 0.000364345536938
174 0.000203444912818
175 0.000113345705655
176 0.000331845078683
177 0.000146532822765
178 0.000228083535004
179 0.000150324476846
180 0.00011524689562
181 0.000232848931585
182 0.000188363423694
183 0.000102701648344
184 5.60916033698e-05
185 0.000230332204782
186 0.000244462719237
187 0.000393928075151
188 0.000194529033081
189 0.000429750193578
190 0.000127792248251
191 8.95383134709e-05
192 6.58135131258e-05
193 0.000152522698975
194 0.000132926081565
195 0.000220952864691
196 0.000171265743966
197 0.000159103197725
198 0.000210357096132
199 0.000251588120278
200 0.000417833532661
201 0.000493830041549
202 0.000108170252148
203 9.19842645632e-05
204 0.000504446488104
205 0.000249118459997
206 7.30630031136e-05
207 8.2324874989e-05
208 6.12811437547e-05
209 9.24844800667e-05
210 4.69185398229e-05
211 4.69185398229e-05
212 0.000281120787192
213 0.000177849294604
214 0.000377282751664
215 0.000283213103906
216 4.69185398229e-05
217 6.47602226117e-05
218 0.000138021871134
219 0.000171265743966
220 0.000140086677988
221 9.44716140063e-05
222 0.000101537574039
223 0.00013375962557
224 0.000234770942363
225 0.000259433485759
226 0.000207783569612
227 0.000215777084938
228 0.000298848927348
229 7.01502808193e-05
230 9.75912314806e-05
231 0.000223774571849
232 0.000219682502983
233 0.000222873418119
234 8.18452182056e-05
235 5.42065477731e-05
236 8.03257301656e-05
237 0.000346710328833
238 0.00011965257298
239 0.000215237435392
240 0.000521231753168
241 7.41893780162e-05
242 7.65682365567e-05
243 0.000267359583243
244 0.000166568467761
245 8.18452182056e-05
246 0.000125072381393
247 0.000151484219213
248 7.38395222717e-05
249 0.000198002567431
250 0.000272480377725
251 7.67702511237e-05
252 0.000189556016119
253 0.000530393789056
254 9.74179733343e-05
255 0.000204574592806
256 7.65682365567e-05
257 8.18452182056e-05
258 0.000186518212068
259 0.000158693317224
260 0.00019935093362
261 0.000136382713077
262 0.000344170282818
263 9.44716140063e-05
264 0.000153581722146
265 0.000130660689613
266 0.000244804068853
267 0.000214398877775
268 6.38206690676e-05
269 0.000120094277939
270 0.000121150353652
271 8.19785382589e-05
272 0.000605434729366
273 0.000428413902691
274 0.000171265743966
275 0.00015166726937
276 0.000188363423694
277 0.000175412727979
278 0.000583950878451
279 0.00020980403449
280 6.20338613482e-05
281 0.00039953050902
282 0.000208375977322
283 8.18452182056e-05
284 8.96298423517e-05
285 0.000210027322264
286 0.000432698092792
287 7.41987505917e-05
288 4.69185398229e-05
289 6.88076254884e-05
290 9.26435427116e-05
291 0.000144345335173
292 0.000348548611212
293 4.69185398229e-05
294 8.75976179015e-05
295 6.92918378499e-05
296 0.000118127709748
297 0.000153581722146
298 0.000224938376159
299 0.000120757764312
300 0.000233511092972
301 0.000106954498927
302 0.000116390696178
303 0.000230921861159
304 0.000200914118748
305 0.00049453247837
306 6.07694894836e-05
307 0.000171265743966
308 0.000100707944378
309 0.000229341484211
310 0.000149876517154
311 0.000231586598476
312 9.85695682742e-05
313 0.000419524196587
314 0.000347299422764
315 0.00014276434982
316 0.000512347913523
317 5.63560280232e-05
318 0.000100699613225
319 0.00012283546109
320 0.000170717621339
321 0.0002650458942
322 8.22008129386e-05
323 0.000642373995652
324 0.000354519963529
325 0.000284786746829
326 0.00033702830499
327 0.000288869530856
328 0.000102694484318
329 0.000171265743966
330 0.000339574414915
331 0.000193090828727
332 0.000195183196416
333 0.000393958067725
334 0.000136912607696
335 0.000261416328762
336 4.69185398229e-05
337 6.41130810473e-05
338 0.000174760380264
339 9.56428805937e-05
340 0.000295309394465
341 9.17325961563e-05
342 0.000128976430104
343 0.0003018647276
344 0.000278406314455
345 0.000106021247526
346 0.000166267398293
347 0.000305499165453
348 0.000106586940084
349 0.00236881896869
350 8.37164507662e-05
351 0.000221096227933
352 0.000128682725439
353 0.000183658571358
354 0.000633166949025
355 0.000232172122603
356 0.000314687366262
357 8.81240600489e-05
358 0.000206781321234
359 4.58164672547e-05
360 0.000250071089923
361 0.000312064836969
362 0.000229594489686
363 0.000176817326279
364 0.000633834817575
365 0.000205658401792
366 7.46149749721e-05
367 0.000614771825994
368 0.000254557779429
369 0.000248866904256
370 0.00027240019094
371 0.000507132150495
372 7.10241354633e-05
373 0.000182421593258
374 0.000686646658323
375 0.000427486136315
376 0.000144949493188
377 0.000904474660445
378 7.98738277367e-05
379 0.000400725036051
380 6.60354509558e-05
381 0.000148161874447
382 0.000152801647147
383 0.00013461719694
384 7.98738277367e-05
385 9.41595468874e-05
386 8.45981074967e-05
387 9.7431158561e-05
388 0.000258498077597
389 0.00026194556072
390 0.000408737603953
391 7.28100200031e-05
392 0.00040611331834
393 0.000261132186192
394 0.00016278064975
395 0.000258010768245
396 0.00053835116794
397 0.000243412254439
398 0.000388185181053
399 0.000230282374903
400 0.000183497831606
401 0.000490931739153
402 7.36613470095e-05
403 0.000412437298211
404 0.000187475366382
405 0.000358781365748
406 0.000125670640502
407 8.95784638979e-05
408 0.000171366842919
409 0.000375914273013
410 0.000242139210905
411 0.000155059568536
412 9.09393131931e-05
413 0.000680591361722
414 0.000165660502751
415 0.00180488754004
416 0.000206489819373
417 0.0001749093631
418 0.000400707510159
419 0.000199878387762
420 0.000425565969392
421 0.000237641392704
422 0.000210537357481
423 0.000532085919909
424 0.000415619919051
425 0.000202776455075
426 0.000178460233826
427 0.000168753102006
428 0.000128895383798
429 0.000822032354431
430 0.000133557955893
431 0.000262326544631
432 0.000486349342976
433 0.000389557885172
434 0.000133537984216
435 0.000262912574766
436 0.000129681946754
437 0.000427151099797
438 0.000223501802087
439 0.000477376898649
440 0.0003028927102
441 0.00013486651729
442 0.000183497831606
443 0.000124824187832
444 7.03467517866e-05
445 0.000329244725622
446 0.000215129983605
447 0.000159259489026
448 4.58164672547e-05
449 5.95990566475e-05
450 0.000124217971649
451 0.000203246616941
452 0.000195996924327
453 0.00031113656962
454 0.000143488188795
455 8.79645407621e-05
456 0.000327383013488
457 0.000397525262826
458 0.000228149854805
459 0.000220045142445
460 0.000136238118116
461 0.000483639809427
462 0.000358553560058
463 0.000185626145927
464 0.000328323196109
465 0.000112731964781
466 0.000576900940512
467 0.000114642171901
468 0.000106298655446
469 7.03467517866e-05
470 0.000227041485624
471 0.000169723566778
472 0.000221015260843
473 9.65263099384e-05
474 0.000234179549761
475 0.000192479465464
476 0.000804855603137
477 0.000142719839788
478 0.000151847959765
479 0.000108207920482
480 0.000254421533208
481 0.000105828474599
482 0.00024814532634
483 0.0002366116918
484 0.00240320104144
485 0.000588474060853
486 7.9070145646e-05
487 0.000193692208631
488 0.000230079765435
489 0.000210450539275
490 0.000218666423261
491 0.000139238232561
492 0.000123981604102
493 0.000432159108729
494 0.000372565152505
495 0.00018197079919
496 0.000186755647583
497 0.00029270635195
498 0.00059552304103
499 0.000139649165842
500 8.34764970623e-05
501 0.000580233998534
502 0.000183497831606
503 0.000112992183394
504 0.000384793886496
505 0.000383542586614
506 0.000154261391397
507 0.000500240102669
508 0.000431520157122
509 0.000158602891398
510 0.00017491409714
511 0.000233775411309
512 0.00021363236422
513 0.000206260439131
514 0.00057560365899
515 0.000435625935941
516 0.000403535438518
517 0.000217606575051
518 0.000635852179493
519 0.000211033707773
520 0.000211854304263
521 0.000365411773526
522 0.000129312075538
523 0.000132078134165
524 0.000315351077625
525 0.00041508116909
526 0.00044380151682
527 0.000484938035897
528 0.000303310987332
529 0.000135287375803
530 0.00011303042135
531 7.04886939241e-05
532 0.000356394718865
533 0.000236034341502
534 9.49011853797e-05
535 0.000107027458035
536 0.000116292125152
537 0.000168114341274
538 0.000281274413844
539 0.000579114332024
540 0.000211206860519
541 9.55800313626e-05
542 0.00010968402944
543 0.000402392550473
544 0.000191326802101
545 0.000442488470393
546 0.000324546804005
547 0.00024877470862
548 0.000266632862313
549 0.000250679404283
550 0.000109026438476
551 4.58164672547e-05
552 0.000192952797924
553 9.41595468874e-05
554 0.000586942511242
555 0.000200653792676
556 0.000301117536303
557 0.000354729710923
558 0.000280185796348
559 0.000170430799432
560 0.000534212151016
561 0.000219314394282
562 0.000524299649678
563 7.76193557793e-05
564 0.000752922636028
565 0.000209921559871
566 0.000157345193207
567 0.000544134442183
568 0.000483603021325
569 0.000137386565609
570 0.000130695813688
571 0.000262582240179
572 5.89862989672e-05
573 0.000106298655446
574 0.000351183262747
575 0.000146971932869
576 0.00015187466298
577 0.000171365722568
578 0.000248610067231
579 0.000269100144758
580 0.000424211554851
581 0.000563197332604
582 8.15599822825e-05
583 0.000238717606667
584 0.000279966456349
585 0.000194086459568
586 4.68076396243e-05
587 9.07075873757e-05
588 0.000109364773979
589 0.000172055815913
590 0.000238574120531
591 0.000152897260971
592 0.000313380116414
593 0.000452349267161
594 7.29032344305e-05
595 0.000201510981548
596 0.000219283243944
597 0.000371522329361
598 0.000244445055016
599 0.000187676442552
600 0.000259640602335
601 0.000270084369956
602 0.000193620709865
603 4.68076396243e-05
604 0.000209093797713
605 0.00030323453478
606 0.000207598817292
607 0.000563044965585
608 4.68076396243e-05
609 4.68076396243e-05
610 0.00030471544399
611 6.47877259874e-05
612 0.000189835145736
613 0.000179618690949
614 4.68076396243e-05
615 0.000207396281034
616 0.000270246049578
617 0.000245441334206
618 0.00028953978314
619 0.000274716607554
620 0.000285443592773
621 0.000207561878857
622 0.000110986966284
623 0.000171207552122
624 0.000201269416258
625 4.68076396243e-05
626 0.000232588374419
627 0.000172639387325
628 0.000269100144758
629 0.000152990772615
630 0.000106061113826
631 0.000405781917258
632 0.00015257177232
633 0.000249945763187
634 0.000179269205665
635 0.000150150118888
636 0.000244869727965
637 0.000273682849102
638 0.000655644657538
639 4.68076396243e-05
640 0.000138892543568
641 0.000259063355892
642 0.000400486472619
643 8.15599822825e-05
644 0.000270084369956
645 0.000267138777693
646 0.000228355214885
647 0.000128080437097
648 0.000219489111537
649 5.66931227488e-05
650 8.37921193751e-05
651 0.000249788761133
652 0.000473874262854
653 6.45625745836e-05
654 0.000298864763543
655 0.000349548975493
656 9.29246393967e-05
657 5.75146664598e-05
658 0.000109487502639
659 0.000269100144758
660 0.000269100144758
661 6.88746654276e-05
662 0.000270084369956
663 0.000269517914551
664 0.000126871437489
665 0.0002003433273
666 0.00021125628544
667 0.000198426093704
668 7.40753193598e-05
669 4.68076396243e-05
670 0.000239226190788
671 0.000258649993093
672 7.0520183699e-05
673 0.000111059532265
674 6.45625745836e-05
675 4.68076396243e-05
676 0.000259377047559
677 0.000143627603428
678 0.000248643750032
679 0.000291047082219
680 0.000100389885051
681 0.000292193990702
682 0.000260201691648
683 0.000173284454841
684 0.00023442309582
685 0.000231779507883
686 0.000197912098521
687 0.00218400098964
688 0.000291740438593
689 0.000454118103547
690 0.000155539797681
691 0.000116388104326
692 0.000122611435819
693 4.80743845659e-05
694 0.000160623179565
695 0.00053750919483
696 0.000403041605693
697 0.000304746504544
698 0.000538150319933
699 0.0012922304449
700 6.34072693631e-05
701 0.000101132985527
702 0.00022199459746
703 0.000157167354999
704 0.000443173620756
705 8.89219929241e-05
706 0.00068739116515
707 0.000188301924
708 0.000182370986325
709 0.00032736077753
710 0.000189005645327
711 0.000109173422803
712 0.000214701489373
713 0.000228222207193
714 0.000747042506534
715 0.000249713589993
716 0.000122759787817
717 0.000143373438265
718 0.000118479083276
719 0.000308222872121
720 0.000627597886873
721 0.0002229298724
722 8.94591123415e-05
723 0.000165067080427
724 0.000145323633744
725 0.000468914642743
726 0.000154794575776
727 0.000349825197322
728 0.000282230154224
729 0.000385113606201
730 0.000238701853487
731 0.000177921923483
732 0.000258082848059
733 0.000257456255691
734 0.000133112165576
735 0.00026205883974
736 9.00686694441e-05
737 0.000232002580694
738 0.000176837884065
739 0.000263940999975
740 0.000316514559852
741 0.000130590104332
742 0.000192248128104
743 0.000188467967961
744 7.7889852549e-05
745 5.82663594312e-05
746 0.000575454178689
747 0.000162228861452
748 0.000578610569057
749 0.000214298715986
750 7.35968921132e-05
751 5.79846266644e-05
752 0.000141562580098
753 0.000363080524632
754 0.000196218998789
755 0.000300789042499
756 0.000214088854637
757 0.000127003577966
758 0.000120137246937
759 0.000221620116901
760 0.000128198808148
761 0.000294583217179
762 0.000109870451309
763 0.000151139380819
764 0.000176316211116
765 0.000289081791749
766 0.000165962408817
767 0.00034662050635
768 0.000154278121612
769 0.000230522174861
770 0.000221347315925
771 0.00031525983642
772 0.000254906597062
773 0.000206676155981
774 0.000350272445409
775 0.000386240959847
776 7.35968921132e-05
777 0.00024084992749
778 0.000202849573854
779 0.000180101216695
780 0.000198495149979
781 0.000333754698568
782 0.000507754570819
783 0.000220607091542
784 0.000201890609415
785 0.000411244773033
786 7.23974852576e-05
787 0.000149541690053
788 0.000306744488218
789 9.3351405544e-05
790 0.000229258948202
791 8.53944834055e-05
792 0.000138975005273
793 0.000246780545696
794 0.000229996876828
795 0.000162925393201
796 0.000211722067472
797 0.000134855740543
798 0.000281737226691
799 0.000161548658181
800 0.000158037865678
801 0.000394480360029
802 4.80743845659e-05
803 0.000107719042107
804 0.000246036635764
805 0.000269727889898
806 0.000645851982612
807 0.000269695800626
808 0.000219225575509
809 0.000123163381114
810 0.000203096610027
811 0.000323572561433
812 0.000147175892664
813 0.000108424054866
814 0.000147544736702
815 0.000268693580729
816 0.000380460280867
817 0.00015975050132
818 0.00025918700101
819 0.00026166685176
820 0.000385831344628
821 0.00037897990609
822 0.000117430453812
823 0.000259421986252
824 0.000553952630136
825 0.000570899290665
826 0.000141962104526
827 0.000135658297652
828 0.000440840132103
829 0.000794086629991
830 0.000365842288731
831 0.000545104518944
832 0.000174597378082
833 8.71878842307e-05
834 0.000269312767521
835 0.000410764193846
836 0.000217715637133
837 0.000149549718689
838 0.000157322248167
839 0.000232517193719
840 0.000262660069791
841 0.000287271288801
842 6.19393382365e-05
843 0.00036568611957
844 0.000153362017186
845 0.000159152071396
846 0.000240578918763
847 0.000103508174102
848 0.000272441266984
849 0.000252112235266
850 0.000316415512255
851 0.00015871492849
852 6.57078054177e-05
853 0.000118479083276
854 0.000428422892236
855 6.57922376078e-05
856 0.000118479083276
857 0.000526002589364
858 0.000205767778188
859 0.000157700595784
860 7.88239379589e-05
861 6.09460372539e-05
862 0.000191700685573
863 0.000296626087249
864 0.000213953691632
865 0.000136206547252
866 0.000100469091795
867 0.000162515444316
868 0.000228375826225
869 0.000100469091795
870 0.000125800387979
871 0.000214304521183
872 0.000201570988779
873 0.00020115111007
874 0.000175590299873
875 0.00020115111007
876 5.38915736294e-05
877 0.000213953691632
878 0.000126273749664
879 0.000196365963465
880 0.000187904445306
881 0.000114438102854
882 0.000213367360276
883 0.00016302469059
884 5.38915736294e-05
885 0.000121932812564
886 0.00026164305645
887 0.00016780595289
888 0.000175590299873
889 0.000178276295019
890 0.000247418481805
891 0.000126665770951
892 5.38915736294e-05
893 5.38915736294e-05
894 0.000114742745235
895 0.000134955777003
896 0.000186038612392
897 0.000598850864923
898 0.00025619940791
899 0.000209579377029
900 6.8421526455e-05
901 0.000127199444454
902 0.000274301243774
903 0.000234529747837
904 0.000272400489087
905 8.56298112029e-05
906 0.000135901641569
907 0.000276929319782
908 8.68263694554e-05
909 0.000291699935185
910 0.000176705143077
911 9.84617196274e-05
912 4.28762894661e-05
913 0.000127635735054
914 0.000263813256309
915 0.000125047181918
916 0.000230293140595
917 0.000445046341852
918 0.000722237904358
919 4.28762894661e-05
920 0.000170358891214
921 0.000100645667434
922 0.000330343653604
923 0.00015035816854
924 0.000102908223497
925 0.000345912833083
926 0.000496335652613
927 0.000103961118629
928 0.000269565493732
929 0.000115201699565
930 8.73090364593e-05
931 0.000334324426025
932 0.000138026654659
933 0.000226702575417
934 0.000159867228089
935 0.000272728278617
936 7.53255402305e-05
937 0.000240200408731
938 9.65386096777e-05
939 0.00023649580837
940 0.000168783034843
941 0.00014155608469
942 0.000299768525321
943 0.000331934681873
944 0.000120729827739
945 0.000287051225235
946 5.81267860511e-05
947 0.000503793413601
948 0.000355270591983
949 0.000247607155303
950 0.000180543844091
951 0.000116270730672
952 0.000168956187291
953 0.000272254389568
954 0.000343309954119
955 0.000292269419037
956 0.000163112404155
957 0.000156880472926
958 0.000319961460363
959 0.000202447785959
960 0.000173122575498
961 0.000327047561551
962 0.000144060119507
963 0.000198739667112
964 0.000265026139947
965 0.000209795741004
966 0.000134826162339
967 0.000336663258147
968 0.000345704590527
969 0.000250284122023
970 0.000183753808365
971 0.000157741962302
972 0.000198068239013
973 9.81319840617e-05
974 0.000146281769926
975 0.000118891209946
976 0.000275009259339
977 0.000169539822019
978 0.000206960707065
979 0.000331103460991
980 0.000160769869435
981 0.000399933173089
982 0.000239489926882
983 0.000248942963135
984 0.000208774191138
985 0.000213802149253
986 9.35373541622e-05
987 0.000108126792241
988 9.19772467768e-05
989 0.000209035601573
990 0.000185905568113
991 0.000271338916453
992 0.000163591694759
993 0.000250824485166
994 0.000451985594056
995 0.000167411898564
996 0.000270329866324
997 7.15955502141e-05
998 0.000319218896369
999 7.99137459317e-05
1000 0.000259493258375
1001 0.000177600572529
1002 0.000241821919534
1003 0.000115326603592
1004 0.000322094252942
1005 0.000353819428629
1006 0.00012878981199
1007 0.000422613369517
1008 0.000116732689394
1009 9.50120935648e-05
1010 0.000292489267069
1011 0.000274942415534
1012 0.00023165860383
1013 0.000199402134903
1014 0.000122964609065
1015 0.000493370205981
1016 0.000189582410761
1017 0.000149168764483
1018 0.000440001852372
1019 0.000263746750562
1020 0.000290822818859
1021 0.00029634148381
1022 0.000301802750123
1023 5.72174007037e-05
1024 0.000110593913301
1025 0.000304464145581
1026 0.000198273881172
1027 0.000286275807533
1028 8.97818552005e-05
1029 0.000221490556936
1030 0.000366316229738
1031 0.000177170481146
1032 6.70657385499e-05
1033 0.000415087032542
1034 0.000175019193526
1035 5.69270762183e-05
1036 0.000196439178776
1037 0.000287217100287
1038 0.000264513315024
1039 7.02830325411e-05
1040 0.000111198105424
1041 0.000225682546875
1042 0.000350776179879
1043 0.000128233690779
1044 0.00018347695517
1045 0.000156180839761
1046 0.00016771308448
1047 9.05365182552e-05
1048 0.000230006763378
1049 0.000339866842678
1050 0.000294255719953
1051 0.000129867108759
1052 0.000312874551508
1053 0.0004141167527
1054 0.000117116861133
1055 0.000200465072615
1056 0.000143815838858
1057 0.000233358831373
1058 9.07803525676e-05
1059 8.61700132722e-05
1060 0.000481565704292
1061 0.000255685501029
1062 0.000123868568253
1063 0.00017621893913
1064 0.000100557328021
1065 0.000240028751695
1066 5.14707669531e-05
1067 0.000345083414717
1068 0.000381156529836
1069 0.000184331898471
1070 9.90362532338e-05
1071 0.000532464816626
1072 8.13467687398e-05
1073 0.000202851075285
1074 0.000114106209625
1075 0.000232905669703
1076 0.00028905113733
1077 0.000411719191528
1078 0.000142084011973
1079 0.000519701095507
1080 0.00035921670263
1081 0.00037006496958
1082 0.000171500867871
1083 0.000283265530533
1084 0.000322883062566
1085 8.75600352582e-05
1086 0.000603450110512
1087 0.0006680916787
1088 0.000106008876424
1089 0.000155760328799
1090 0.000139811956187
1091 0.000132315887952
1092 0.000113429496053
1093 0.000185617984712
1094 9.42162929655e-05
1095 0.000113658084029
1096 0.00016697176334
1097 4.28762894661e-05
1098 0.000290879607074
1099 0.000233884096472
1100 0.000289460773154
1101 0.000314806986037
1102 0.000365854795372
1103 0.000261640271766
1104 8.18220446915e-05
1105 0.000540508504875
1106 0.000115326603592
1107 0.000217064100993
1108 0.000408763294831
1109 0.000218775017058
1110 0.000276195255125
1111 0.000286327632085
1112 0.000146893779005
1113 0.000191328793676
1114 0.000297277592195
1115 0.00025565168301
1116 0.000189219491151
1117 0.000119691288208
1118 0.000365879279535
1119 0.000281671950168
1120 4.28762894661e-05
1121 0.000262586025101
1122 0.000184544709017
1123 0.000308131738218
1124 0.000268278711795
1125 0.000413989548167
1126 0.000344826614791
1127 0.000579892417197
1128 0.000201521590656
1129 0.000341549538367
1130 0.000298929884581
1131 0.000226081241757
1132 0.000243824080646
1133 0.000410616072887
1134 8.44660116282e-05
1135 0.000127920767347
1136 0.00023947669601
1137 0.000313813250897
1138 0.000239932380178
1139 0.000212143391336
1140 0.00018716132746
1141 0.000101386958293
1142 0.000154577426235
1143 0.000219637430853
1144 0.00010229449713
1145 0.000216608148372
1146 4.28762894661e-05
1147 0.000442092120136
1148 6.39368263821e-05
1149 0.000329561238809
1150 0.00031297723927
1151 0.000129145815792
1152 6.76522894907e-05
1153 0.000135891881952
1154 0.000404079078809
1155 0.000107859844252
1156 0.000270217328845
1157 0.000307399441471
1158 7.45974934672e-05
1159 0.000330762092444
1160 0.000397389788484
1161 0.000299492937692
1162 0.00015329672662
1163 9.79703566116e-05
1164 0.000300363554449
1165 0.000112859072066
1166 0.000239160758816
1167 0.000310379637647
1168 0.000205098637469
1169 8.17409092152e-05
1170 0.000158979424559
1171 0.00022869074225
1172 0.000242662896864
1173 0.000337369030746
1174 0.000401157091196
1175 0.000193202830331
1176 0.000406053376542
1177 4.72810704136e-05
1178 0.000207841330623
1179 0.000140200112703
1180 0.000279964699369
1181 0.000165816995681
1182 0.000286663899893
1183 0.000242527562668
1184 0.000236816464275
1185 0.00045692864676
1186 0.000446593622939
1187 0.000153745644903
1188 0.000190938668058
1189 0.000232849798287
1190 0.000276829646312
1191 0.000202123813607
1192 0.0003372495199
1193 0.000458578964731
1194 0.000128116767357
1195 0.000102246828095
1196 0.000183145211594
1197 0.000126551848546
1198 0.000187247463824
1199 0.000269766194121
1200 0.000631542315272
1201 7.3390158019e-05
1202 0.000200524056824
1203 0.000161332991036
1204 0.000108119732164
1205 0.000510729661314
1206 0.000314414984511
1207 4.28762894661e-05
1208 0.000247114519604
1209 9.24087945443e-05
1210 0.000257260044069
1211 0.000268041938465
1212 0.000500502648359
1213 0.000222172759438
1214 0.000173256908072
1215 0.000373142061078
1216 0.000245810360212
1217 0.000286868418566
1218 0.000294575601113
1219 0.000169430928868
1220 0.000190473535751
1221 7.84993582512e-05
1222 0.000385847204613
1223 0.000450339206932
1224 0.000159689763989
1225 6.72601888071e-05
1226 0.000223830130516
1227 0.000250637079892
1228 0.000408671835195
1229 0.000189218214624
1230 0.000246086986231
1231 0.000370765105082
1232 0.000371708754728
1233 0.000238383041598
1234 4.99061474533e-05
1235 0.000143212346161
1236 0.000522332907621
1237 0.000326875896988
1238 0.000365758852313
1239 0.000460607232289
1240 6.50093590164e-05
1241 0.000143768164443
1242 0.000142179836812
1243 0.000301010036986
1244 0.000345959197967
1245 0.000114900735833
1246 0.000214537456169
1247 0.000238362758082
1248 0.000161588880039
1249 9.50411676011e-05
1250 0.000134528847002
1251 0.000402540866196
1252 0.000135539733655
1253 7.2928986894e-05
1254 8.13467687398e-05
1255 0.000113444434018
1256 0.000380346273447
1257 0.000403040681997
1258 0.000274929493248
1259 0.000272653289296
1260 0.000350464438777
1261 0.000287525996705
1262 0.000356072318213
1263 4.54739246274e-05
1264 6.70442619767e-05
1265 8.41761302883e-05
1266 0.000131086334809
1267 0.000144436303262
1268 0.000347524345023
1269 0.000126477585124
1270 0.000375453006687
1271 5.63620540442e-05
1272 0.000308220416342
1273 0.000295424945394
1274 0.000352243610543
1275 0.000229855964734
1276 0.000386805323313
1277 4.54953147759e-05
1278 0.000583977444014
1279 0.000144916254098
1280 0.000222376502963
1281 0.000266266623375
1282 0.000206210465226
1283 0.00035353595009
1284 0.000250761558962
1285 0.000306276077717
1286 0.000191698343681
1287 0.000138394280511
1288 0.000216366743942
1289 0.000296438555971
1290 0.000271627113806
1291 0.00029189024449
1292 0.000334024467313
1293 0.000276245080221
1294 0.000162233345716
1295 0.000160061980637
1296 8.28434350141e-05
1297 0.000186749132588
1298 9.96713668819e-05
1299 0.000347810226135
1300 0.000226696189252
1301 0.000201060488006
1302 8.11263101385e-05
1303 0.000315274864987
1304 0.000254330989499
1305 0.000304304140957
1306 0.000341964998858
1307 0.000195572498837
1308 0.000295626809252
1309 0.000173778459547
1310 0.000222152350062
1311 0.000200387572632
1312 0.000185446267048
1313 0.000288118273179
1314 0.000221833987898
1315 0.000214984203343
1316 0.000224168395416
1317 0.00017912567264
1318 0.000220809926577
1319 0.000243844933561
1320 0.000222968795219
1321 0.000398678778147
1322 0.000167017767124
1323 0.000445013459812
1324 0.000257845675616
1325 0.000220167466094
1326 0.000186068820412
1327 5.81920239072e-05
1328 0.00026024168529
1329 0.000209441491981
1330 0.000415382375002
1331 0.000373164719101
1332 0.000430075277998
1333 0.000263606337716
1334 0.000266267405197
1335 0.000364746925596
1336 0.000372414528134
1337 0.000186133907861
1338 0.000277304999675
1339 0.000458881463099
1340 0.00030636807144
1341 0.000204699396806
1342 0.000362048040199
1343 0.000101911210115
1344 0.000261109640362
1345 0.000299971406331
1346 0.000470418300652
1347 6.48933122364e-05
1348 0.000383620603769
1349 0.000270960590471
1350 0.000254212421729
1351 0.000180055898808
1352 0.000212430132679
1353 0.000686869404288
1354 6.66457224191e-05
1355 7.15172836573e-05
1356 0.000263206685435
1357 0.000187501873255
1358 0.000228307093214
1359 0.000472017531061
1360 0.000281810202794
1361 0.000345845077647
1362 0.000430282228866
1363 5.5493864483e-05
1364 0.000181718908898
1365 0.000101154370758
1366 0.000141874028878
1367 0.000431425241102
1368 0.000486167437941
1369 0.000163112404155
1370 0.000283986410037
1371 0.000333114741045
1372 0.000288810814637
1373 8.788459976e-05
1374 0.000395282815026
1375 0.000256757615939
1376 0.000250391756509
1377 0.000531580734266
1378 0.000566790106191
1379 0.000259374212721
1380 0.000256410807127
1381 0.000273107066432
1382 0.000150716235405
1383 0.000209502852442
1384 6.74707415407e-05
1385 0.000139343356758
1386 0.000130671584868
1387 4.28762894661e-05
1388 0.000128773885637
1389 0.000288168621039
1390 0.000163341330274
1391 0.000553823714206
1392 0.000507813695082
1393 0.000193530100444
1394 0.000209562549408
1395 6.03779311345e-05
1396 4.82939498871e-05
1397 0.000280359476208
1398 0.000119762999202
1399 0.000163065598331
1400 0.00050966703923
1401 0.000157697565432
1402 7.77509637203e-05
1403 0.000248342484067
1404 0.000149168764483
1405 0.000245817685472
1406 0.000278816800923
1407 0.000181450731685
1408 0.000151837058264
1409 0.000226605632642
1410 0.000344590924899
1411 0.000213431270881
1412 7.9161545217e-05
1413 0.000165987002568
1414 0.000293777402022
1415 7.20370491301e-05
1416 0.000235464013636
1417 0.00033344336267
1418 5.10675519273e-05
1419 0.000155556983253
1420 0.000195176398413
1421 0.000450528335918
1422 0.000234832583969
1423 0.000117632787228
1424 0.000298925254725
1425 0.000179944578519
1426 0.000247057157466
1427 0.000310906737898
1428 0.000389127848988
1429 0.000224062373765
1430 0.000225056694193
1431 4.94901854006e-05
1432 0.000673653730041
1433 0.000271596630837
1434 0.000227332435957
1435 0.000139880316907
1436 0.000276390436737
1437 0.000202339196758
1438 0.000219835287173
1439 0.000189294861315
1440 9.28731352343e-05
1441 0.000167769937262
1442 0.000160632280594
1443 7.97556358885e-05
1444 0.00010156615827
1445 0.000215027888746
1446 0.000107026809728
1447 0.000234505328879
1448 0.000437064786009
1449 0.000261899734845
1450 0.000308294950981
1451 0.000206129205194
1452 0.000172367381632
1453 0.000275382126228
1454 0.000220135594998
1455 0.000269535118358
1456 7.04129578282e-05
1457 0.000388997599459
1458 0.000201664723051
1459 0.000149207862136
1460 0.000488548024165
1461 0.000185574736156
1462 9.04784540149e-05
1463 0.000410501538276
1464 6.84914593258e-05
1465 0.000180948883709
1466 0.000374271605342
1467 4.28762894661e-05
1468 0.000387580857167
1469 0.000253233894344
1470 0.000426348545318
1471 0.00025938258053
1472 0.000514040545533
1473 0.000611545449209
1474 0.000343717670921
1475 7.34388750681e-05
1476 0.000359441777676
1477 7.46715243312e-05
1478 0.00010575284268
1479 0.000161337951553
1480 0.000411866422462
1481 0.000333434427595
1482 0.000132971701384
1483 0.000347918623684
1484 0.00032525298364
1485 0.000105594160773
1486 0.000175805982507
1487 9.20818762769e-05
1488 0.000357967281764
1489 0.000400442001578
1490 0.000140410736197
1491 8.75338399819e-05
1492 0.000363935646166
1493 0.000118426485947
1494 0.000216214680213
1495 0.000258490141354
1496 0.000338304699349
1497 0.000331900526538
1498 0.000193060080612
1499 6.37306290907e-05
1500 0.000192342572518
1501 0.000211813664785
1502 0.000109456470912
1503 0.000374624568193
1504 0.000173722097659
1505 0.000388105067202
1506 0.000536231324387
1507 7.53147673757e-05
1508 0.000272075071915
1509 0.000182087617775
1510 0.000402127382617
1511 6.20244348971e-05
1512 0.000280696835167
1513 0.000227618787872
1514 0.00021018744339
1515 0.000227643950997
1516 0.000350114103692
1517 0.000450121756035
1518 0.00013644651562
1519 0.00013260282689
1520 0.000157789290173
1521 0.000363591690751
1522 6.92454838394e-05
1523 0.000458251812202
1524 0.000263689106922
1525 0.000140862654826
1526 0.000364635906961
1527 0.000159008720349
1528 0.000104812156269
1529 0.000430709631048
1530 0.000287554952093
1531 0.000306199046293
1532 0.000184737900521
1533 0.000142373999151
1534 0.000280244484518
1535 0.000287302517316
1536 0.000221555124466
1537 0.000567767136101
1538 0.000167931149772
1539 0.000243812962791
1540 0.000256785639387
1541 0.000314099855471
1542 0.000242377074338
1543 0.000184380255409
1544 0.000224674628706
1545 0.000144707204501
1546 0.000310883017624
1547 6.93924579625e-05
1548 0.000352889482936
1549 0.000309462740924
1550 0.000347398795848
1551 0.000197949696044
1552 0.000495994528907
1553 9.60298568097e-05
1554 0.000241037364683
1555 0.000470635609774
1556 0.000327918046078
1557 0.000107817573461
1558 0.000448262866675
1559 5.08745766388e-05
1560 0.00054125990673
1561 4.28762894661e-05
1562 0.000185376074117
1563 0.000130215354472
1564 0.000345386743394
1565 0.000160337447841
1566 0.000275205152773
1567 0.000176706354569
1568 0.000304396631492
1569 0.000236523853301
1570 0.000311472553047
1571 0.000382274509865
1572 0.000220489723736
1573 0.000155625634851
1574 0.000439700800119
1575 0.000424280166504
1576 0.000142085970755
1577 0.000332731857952
1578 0.000536020070046
1579 0.000190845192013
1580 7.31820670959e-05
1581 0.000271592121971
1582 4.28762894661e-05
1583 0.000211010599328
1584 0.000470498999668
1585 0.000648314728199
1586 0.000187120810958
1587 9.05365182552e-05
1588 0.000260743696972
1589 0.000224760753549
1590 0.000585020518827
1591 0.00033091363657
1592 0.000498828028148
1593 0.000143135744217
1594 0.000301651298019
1595 0.000121836234568
1596 0.000207110313148
1597 0.000383104122128
1598 0.000337006893975
1599 0.00041279913631
1600 0.000116714051893
1601 0.000356943669667
1602 0.000259477708291
1603 0.000103890557112
1604 0.000419401642879
1605 0.000457564367592
1606 0.000293842386155
1607 0.000204156551299
1608 9.7326844605e-05
1609 0.000352926132772
1610 0.000303509515447
1611 0.000512707619408
1612 0.000352786979512
1613 0.000547477465645
1614 0.000525568417324
1615 0.000244491228579
1616 0.000233591009562
1617 0.000315427432123
1618 0.000349480384273
1619 0.000127117052636
1620 0.000340206884647
1621 0.000436871566012
1622 0.000543503703206
1623 0.000515495110432
1624 0.000299631239186
1625 0.000261806018868
1626 0.000177338982832
1627 0.000218010509755
1628 8.97818552005e-05
1629 0.000397778156949
1630 0.0001888592792
1631 0.000426351568738
1632 8.77707714996e-05
1633 0.000257794632813
1634 0.000176419675624
1635 0.000280878792534
1636 0.000184570061467
1637 0.00037025245773
1638 0.000334486204183
1639 0.000186548762649
1640 0.000269143032182
1641 0.000103297078354
1642 0.000147396719325
1643 0.000279167530424
1644 0.000299237307835
1645 0.000232615877945
1646 0.000346935352231
1647 0.00012444744293
1648 0.000250673149363
1649 0.000209424595859
1650 0.000200374816307
1651 0.000171700321069
1652 5.13902164014e-05
1653 0.000261212655082
1654 0.000231289582385
1655 9.09462611904e-05
1656 0.000290070324114
1657 0.000292127031024
1658 9.84617196274e-05
1659 0.000128535740487
1660 0.000267128251051
1661 0.000186734515037
1662 0.000400054490392
1663 0.000421177394812
1664 0.000682933868667
1665 9.42008102755e-05
1666 0.000371983350266
1667 0.000320081608587
1668 0.000227285343907
1669 0.000357649794319
1670 0.000410060885813
1671 0.000102704136248
1672 0.000234812950941
1673 0.000208862424046
1674 0.000259632243987
1675 0.000187026400825
1676 0.000378307169294
1677 0.000179954866899
1678 0.000232041119697
1679 0.000146230361366
1680 0.000185502573005
1681 0.000299334819159
1682 0.000190908635125
1683 0.000198108943623
1684 0.000387689355147
1685 0.00678912276584
1686 0.000304731682134
1687 0.000242657381762
1688 0.000396474660599
1689 0.000353098080765
1690 0.000365130782397
1691 4.85715678077e-05
1692 0.000292307830614
1693 0.000316430065384
1694 8.06700802467e-05
1695 0.000249694984472
1696 0.000204734905178
1697 0.00012089828319
1698 8.20024074762e-05
1699 0.000180854478013
1700 0.000271282787961
1701 9.09572276177e-05
1702 0.000104297778388
1703 0.000264700925173
1704 0.000499704886521
1705 0.000164452775318
1706 0.000264523475152
1707 0.000223940876877
1708 0.000526033200624
1709 0.000118709635719
1710 0.000408932684096
1711 8.67664180765e-05
1712 7.92792351202e-05
1713 0.000314296965383
1714 6.6955758624e-05
1715 0.000528097219119
1716 0.00031219571296
1717 0.000294909011415
1718 0.000411535736573
1719 0.000531397910643
1720 0.000190868269052
1721 0.000256834068001
1722 0.000340647289797
1723 0.000219141713185
1724 0.000168322585444
1725 0.000209819933672
1726 0.000376357100341
1727 0.000196703131804
1728 0.000215374409803
1729 0.000173986161562
1730 0.000405994144045
1731 0.000679319676256
1732 9.6679865501e-05
1733 0.000253637998164
1734 0.000302440269535
1735 0.000175967386614
1736 0.0003281303233
1737 0.000448515764214
1738 0.000243972804679
1739 0.000183638924884
1740 0.000141157744123
1741 0.000237918981894
1742 0.000320644492948
1743 0.000391836615416
1744 0.000207852469275
1745 0.000242881564977
1746 0.000147753062026
1747 0.000579417554282
1748 0.000189819893663
1749 0.000121715217974
1750 0.000137229592896
1751 0.000374987663009
1752 0.000262688589303
1753 0.000340218891351
1754 0.000260746449311
1755 0.000199537618802
1756 4.71520141249e-05
1757 0.000141132347516
1758 0.000383798526187
1759 0.000249234104596
1760 8.59592662517e-05
1761 7.15243301921e-05
1762 0.000420149496154
1763 6.56536067042e-05
1764 0.000212411044067
1765 0.000144093455952
1766 0.000241138759028
1767 0.000258346743604
1768 0.000238732747494
1769 0.000633060552012
1770 0.000116115533755
1771 0.000334863701318
1772 9.65024407436e-05
1773 0.00020567329191
1774 0.000165732682054
1775 0.000176117292358
1776 6.25537186332e-05
1777 9.84617196274e-05
1778 7.00586081037e-05
1779 0.000257186043769
1780 0.000175407307473
1781 0.000133037774448
1782 0.00019079465445
1783 0.000232083366518
1784 0.000676479957541
1785 0.000154870006425
1786 0.000243381553958
1787 0.000480153088498
1788 0.000300934685173
1789 0.000157356946035
1790 0.000309765454206
1791 0.000226137990239
1792 0.000406363710555
1793 8.27661986198e-05
1794 0.000418754659938
1795 0.000345087429448
1796 0.000272460493888
1797 0.000222035966098
1798 7.51855207849e-05
1799 0.000275473965288
1800 0.000439206044926
1801 0.000715842100003
1802 0.000166297883587
1803 0.000119181202952
1804 0.000243450498922
1805 0.000558954942394
1806 0.000124325867121
1807 0.000296282246848
1808 0.000315643860252
1809 0.000160869200093
1810 0.000340429790522
1811 0.000305143168227
1812 0.000213768129456
1813 0.000224878259069
1814 0.000492492448517
1815 0.000112403604826
1816 0.000186780435143
1817 0.000378180883929
1818 0.000115086231383
1819 0.000184448576999
1820 0.000283613194598
1821 0.000357457648698
1822 0.000109215285003
1823 0.000136828792051
1824 0.000374631489761
1825 0.000295769206711
1826 0.000277259213207
1827 0.000303462180849
1828 0.000591324902851
1829 0.000302339629466
1830 0.000146492461879
1831 0.000120692254798
1832 0.000331451445352
1833 0.000163100266745
1834 0.000544112250253
1835 4.28762894661e-05
1836 0.000559749334629
1837 0.000119346953084
1838 0.000305461439417
1839 0.000104671409657
1840 0.000479093035072
1841 0.000130785112973
1842 0.000245638767755
1843 0.000355974705444
1844 0.000155422630147
1845 0.000419652973738
1846 0.000336611536532
1847 0.000174783027191
1848 0.000223595853256
1849 0.000197344346777
1850 0.000345691601774
1851 0.000185720753413
1852 0.000177197781943
1853 0.000147026833497
1854 0.00010249921006
1855 5.56562061537e-05
1856 7.46409178988e-05
1857 5.73489019164e-05
1858 0.000349588668198
1859 0.000209809277284
1860 0.000233600066179
1861 0.000159394693271
1862 0.000349918980724
1863 0.000306298600758
1864 0.000229381717902
1865 0.000331586444596
1866 8.33936018682e-05
1867 0.000289020735828
1868 0.000376770031635
1869 0.000362846432533
1870 0.000130824156608
1871 0.00015937485495
1872 0.000424192541584
1873 0.000257905651564
1874 0.000195137359597
1875 7.56803655169e-05
1876 0.000159867797841
1877 0.000387689117275
1878 0.000212231123274
1879 0.000228978904002
1880 0.000428699062988
1881 0.000260471394126
1882 0.000300886156093
1883 0.000315222726923
1884 0.00012237367918
1885 0.000168531129964
1886 0.000161461520079
1887 0.000325213260314
1888 8.58825368156e-05
1889 0.000730399579132
1890 0.000221969668428
1891 0.000148523875887
1892 0.000236397609031
1893 0.000118669017768
1894 0.000409580661696
1895 0.000327858835023
1896 0.000295754773522
1897 0.000136562185694
1898 0.000227048963424
1899 0.000308317307913
1900 0.000388940820947
1901 0.000116237952791
1902 0.000127099899354
1903 0.000387126673752
1904 0.000209025486148
1905 0.000227759728347
1906 0.000123950089125
1907 0.000172648863295
1908 0.000169106004221
1909 0.000114103993662
1910 0.000254569250576
1911 0.000257465569957
1912 0.000244974840017
1913 0.00482905586812
1914 0.000105908198624
1915 0.000251885694207
1916 0.000129200778659
1917 0.000263863165955
1918 0.00034703945923
1919 0.000298246124626
1920 0.000290670777811
1921 0.000370423069759
1922 0.000225834382791
1923 0.000160752732608
1924 0.000261364672456
1925 7.67043474622e-05
1926 0.000242372727231
1927 0.00046702836603
1928 0.000287727837612
1929 0.000139684003015
1930 0.000279958646493
1931 0.000124719535197
1932 0.000213025956052
1933 0.000302043395788
1934 0.000124526929995
1935 0.000129693302958
1936 0.000264683949369
1937 0.000211174428632
1938 7.47446265888e-05
1939 0.000345159069505
1940 0.000263110632078
1941 0.000300239950931
1942 0.000537995443847
1943 0.000126561415101
1944 0.000353595683736
1945 0.00016680098499
1946 0.000445032418852
1947 0.000347982567622
1948 0.000382962422073
1949 0.000330178462317
1950 9.91634312497e-05
1951 9.58061134034e-05
1952 0.000328916513641
1953 9.27771399932e-05
1954 0.000235298533501
1955 0.000342744007297
1956 0.000300741793575
1957 0.000153616788922
1958 0.000217177320371
1959 0.000193082847844
1960 0.000372680333571
1961 0.000363731676741
1962 0.000115282005415
1963 0.000341379602143
1964 0.00017751859208
1965 0.000556360827373
1966 0.000163484985568
1967 0.000331166340256
1968 4.87306466937e-05
1969 0.000191221493686
1970 5.02031778088e-05
1971 0.000266188112555
1972 0.00032458103597
1973 0.000349138872978
1974 0.000323536774261
1975 8.6773926605e-05
1976 0.000309606369069
1977 0.000215248508287
1978 9.19304724525e-05
1979 0.00014910480392
1980 0.000324706287328
1981 0.000303234191669
1982 0.000196743261293
1983 0.000118539780489
1984 0.00037696151573
1985 0.000330709435996
1986 0.000438432768033
1987 0.000289077297904
1988 0.00014407656848
1989 0.000217235959929
1990 0.000180206926534
1991 0.000190375390935
1992 0.000261237918335
1993 0.000165300225786
1994 0.000376155866801
1995 0.000208195174325
1996 0.00032608897594
1997 8.09734368091e-05
1998 0.000255107473534
1999 0.000283909933097
2000 0.000188468107669
2001 0.000186568803211
2002 0.000307928621996
2003 0.000273892554873
2004 0.0001838023826
2005 0.000263927548893
2006 0.000287870737672
2007 0.000272727579897
2008 0.000494952408844
2009 8.79971122965e-05
2010 0.000230711930525
2011 0.000267148694407
2012 0.000229284277173
2013 0.000104453235753
2014 7.86259848426e-05
2015 8.54586482424e-05
2016 8.56826717645e-05
2017 0.000117886314605
2018 0.000130179754136
2019 0.000287336001127
2020 9.10014164694e-05
2021 0.000292543369051
2022 8.84930737548e-05
2023 0.000263198293669
2024 0.000220494360385
2025 0.000275561771801
2026 0.00017489131853
2027 0.000294643395838
2028 0.000230331142198
2029 0.000330033908923
2030 0.000173992135828
2031 0.000341173925027
2032 0.00026518271342
2033 0.000450716424529
2034 0.000317520087384
2035 0.000150042292066
2036 0.000260338598425
2037 0.000141494376713
2038 0.00034399582097
2039 0.000433752981189
2040 0.000342494900438
2041 0.00029257354709
2042 0.000136488401638
2043 0.000313480273341
2044 0.000319963002888
2045 9.40388950943e-05
2046 0.000321916557828
2047 0.00023547502172
2048 0.000847878634441
2049 9.75728699773e-05
2050 0.000320071447206
2051 0.000141917221297
2052 0.000123759763087
2053 0.000327965721627
2054 0.000353281073643
2055 0.000513772158012
2056 0.000158623204934
2057 0.000250893246121
2058 0.000151682127691
2059 0.00017611401416
2060 0.000349053848174
2061 0.000222762224822
2062 0.000259882687549
2063 0.000250271325954
2064 0.000268168415489
2065 0.000341489914303
2066 0.00010452304289
2067 8.3142546774e-05
2068 0.000117509848659
2069 0.000435855436295
2070 0.000322380715759
2071 0.000135850420747
2072 0.000371093004514
2073 0.000400886252583
2074 0.000355674271901
2075 0.00029739347428
2076 0.000177223497009
2077 0.000179351545288
2078 0.000239701794162
2079 0.000372486232715
2080 4.18337374624e-05
2081 0.00010061457142
2082 0.000522794560358
2083 0.000171589091092
2084 0.000276130015011
2085 0.000284682275373
2086 0.000196641939288
2087 0.000257858880143
2088 0.00049367074855
2089 0.000363735507365
2090 0.000212702473335
2091 0.000343499878343
2092 0.000295282412744
2093 0.000136758118472
2094 0.000330893317746
2095 0.000139914763367
2096 0.000287842538261
2097 0.000104825564745
2098 0.00021094940946
2099 0.000227024986757
2100 0.000120623342085
2101 9.7728175635e-05
2102 0.000244237704612
2103 0.000415698537485
2104 0.000341166643421
2105 0.000329492071258
2106 0.000125435735441
2107 0.000105917994859
2108 0.000320723313417
2109 0.000300741982987
2110 0.000254772894161
2111 0.000160611523912
2112 0.00056518115891
2113 0.000298509834215
2114 0.000147060545353
2115 0.000150407721304
2116 0.00025747674793
2117 0.000316709442037
2118 0.000491342334929
2119 0.00034255234545
2120 0.000155988840841
2121 0.000232217854641
2122 0.000294229919225
2123 0.00027178882527
2124 0.000369996177799
2125 0.000310880075838
2126 0.000374233330879
2127 0.000469662221444
2128 0.000358531798027
2129 0.000322271063233
2130 0.000346059061778
2131 0.00011904310788
2132 0.000363124546076
2133 0.0003074975375
2134 0.000583837730622
2135 0.000272519344047
2136 0.000278993514181
2137 0.000158328272714
2138 0.000163447002769
2139 0.000422343320391
2140 0.000324909089649
2141 0.000313912505475
2142 0.00013757040695
2143 0.000429831218006
2144 0.000344868609497
2145 0.000255452791262
2146 0.000248282782005
2147 0.000227295633548
2148 0.000125200622211
2149 0.000285318005462
2150 0.000399890719735
2151 0.000354812628738
2152 0.000271205077264
2153 0.000193270314971
2154 0.000417681904788
2155 0.000298407054269
2156 0.000175357329245
2157 0.000277547714479
2158 0.000212029262484
2159 0.000109714689709
2160 0.000256474759307
2161 0.00023618877632
2162 0.000270872486799
2163 0.00014598596314
2164 0.00012459713472
2165 0.000188879634021
2166 0.000248198844365
2167 9.7285158429e-05
2168 0.000106980812917
2169 8.38685855506e-05
2170 0.000339642733289
2171 0.000186530066284
2172 0.000337398327507
2173 0.000354806969998
2174 0.00027602015688
2175 0.00038925428863
2176 7.27870460692e-05
2177 0.000426699077976
2178 7.28237049855e-05
2179 6.71695266011e-05
2180 0.000190856836767
2181 0.000349434805042
2182 0.000177452051974
2183 7.4313736527e-05
2184 0.000404154286659
2185 0.00034306094412
2186 9.52201552542e-05
2187 0.00011851544179
2188 0.000446823098959
2189 0.000354389375218
2190 0.000336189924603
2191 0.000308050096082
2192 0.000274316916472
2193 0.000218107873335
2194 0.000145329299861
2195 0.000336499963823
2196 4.18337374624e-05
2197 0.000336321612847
2198 0.000196394750743
2199 0.000191922759322
2200 0.000568205413523
2201 0.000319251856008
2202 0.000345184502853
2203 0.000259403155415
2204 0.000329106144444
2205 9.80652968455e-05
2206 9.29199015186e-05
2207 0.000382203473216
2208 0.000200611186548
2209 9.36388731843e-05
2210 0.000181828204389
2211 0.000203147230234
2212 0.000277933497292
2213 0.000262942800015
2214 0.000203928218282
2215 0.000188542474236
2216 0.000199251733521
2217 0.00025336694238
2218 0.000179100394965
2219 0.000376321188711
2220 6.15484089336e-05
2221 0.000353460459744
2222 0.000163565320067
2223 0.000187181494657
2224 0.000364045210792
2225 0.000395241871
2226 0.000224122078984
2227 0.000229495393637
2228 9.87833590892e-05
2229 0.000277581184416
2230 0.000389699030441
2231 6.99055075103e-05
2232 0.000307714454645
2233 0.000294701303859
2234 0.000423012576299
2235 0.000107622777864
2236 0.000258647097041
2237 0.000325625103341
2238 0.000238447802445
2239 0.000145582016224
2240 0.000156807884143
2241 0.000367447619938
2242 0.000364836317658
2243 0.000197868605142
2244 0.000207012343492
2245 0.000363300353604
2246 0.000138235997096
2247 0.000305224376602
2248 0.000392741673798
2249 0.000173788413406
2250 0.00010392726885
2251 0.000352983469092
2252 0.000110333445769
2253 6.89859711279e-05
2254 0.000292020974029
2255 0.00029191769982
2256 0.00012210456388
2257 7.87262244214e-05
2258 0.000289774420536
2259 0.000120547599866
2260 0.000223674643105
2261 0.0001899688447
2262 0.000245398961273
2263 7.97575040794e-05
2264 0.000118147429927
2265 0.000247014133394
2266 0.000102140761246
2267 0.000457018824745
2268 0.000272218711437
2269 0.000448211353237
2270 4.18337374624e-05
2271 0.000102925925132
2272 0.000331174425617
2273 0.000154803107873
2274 0.000289035588356
2275 0.000142009139341
2276 0.000336921815801
2277 0.00028721661849
2278 0.000152567127881
2279 0.000329147008688
2280 0.00039188341419
2281 0.000209870355817
2282 0.000171374136679
2283 0.000479039317271
2284 0.000547099756407
2285 0.000295751433381
2286 0.000187884214717
2287 0.000217017791728
2288 0.000153221556958
2289 0.000102270415648
2290 0.000568363189843
2291 0.000333495056524
2292 0.000125241860604
2293 0.000435850475821
2294 0.00018021896249
2295 0.000385525998828
2296 0.000103130723006
2297 0.00018910862368
2298 0.000212477306546
2299 9.85973239192e-05
2300 0.00028747462801
2301 0.000261084355906
2302 0.000171322801845
2303 0.000388570908837
2304 0.000102316995898
2305 0.000236188010686
2306 8.58436086521e-05
2307 0.00021946595353
2308 0.000263278987093
2309 0.000288634533134
2310 0.000371611962545
2311 0.000124462315317
2312 0.000125043731963
2313 9.75869645757e-05
2314 0.000758969912898
2315 0.000178821904677
2316 0.000235004448833
2317 0.000121759973068
2318 0.00032751299568
2319 0.000199482429954
2320 0.000377791645158
2321 0.000173769380523
2322 0.000121919265542
2323 0.000297189873476
2324 0.0003342278985
2325 0.000370520789639
2326 0.000341335515235
2327 0.000329113486179
2328 0.000395191869233
2329 0.000514309680204
2330 0.000239379424575
2331 0.000169200246256
2332 0.000348248375036
2333 0.000320142067365
2334 0.000491653606222
2335 0.00027472199963
2336 0.000296320879364
2337 0.000455783175167
2338 0.000195927653086
2339 0.000331008341375
2340 0.000336869896373
2341 0.000360063223382
2342 0.000253535740436
2343 0.000272022213934
2344 0.000253233330525
2345 0.000384046913248
2346 0.000231181065337
2347 0.000201549918096
2348 0.000633653089568
2349 0.000282889948323
2350 0.000187800727347
2351 0.000105088254439
2352 0.000336136097259
2353 0.000308117750038
2354 0.000177968449921
2355 0.000324313198986
2356 0.000140233427696
2357 0.000313757679002
2358 0.000150313573587
2359 7.83987520083e-05
2360 0.000272512228087
2361 0.000136277549878
2362 0.000373530529644
2363 0.00013952502952
2364 0.000307152496334
2365 0.000337123341362
2366 0.000287080703559
2367 0.000199513511873
2368 0.000213468683824
2369 0.000271986305376
2370 0.000359444220256
2371 0.00029215306352
2372 0.000310412639192
2373 0.000329127605652
2374 0.000133413446986
2375 0.000307592874548
2376 9.97728820365e-05
2377 0.000336606774138
2378 0.00029974920352
2379 0.000262391976805
2380 0.000163544542243
2381 5.7248047377e-05
2382 0.000322014868869
2383 5.64532086666e-05
2384 8.6057480508e-05
2385 0.000585386822564
2386 0.000204828846487
2387 0.000261617422583
2388 0.000155056891582
2389 8.49856235996e-05
2390 0.00014472973707
2391 0.000180285332083
2392 0.000183455871624
2393 0.00018959800817
2394 0.000116656505459
2395 0.000307858687894
2396 0.000332751635791
2397 0.00024752218811
2398 0.000310505186142
2399 0.000347653973684
2400 0.000271027744701
2401 0.000104747497344
2402 0.000191525187326
2403 0.000154292783361
2404 0.000164230015905
2405 0.000320904238099
2406 0.000195615347702
2407 0.0002140343035
2408 0.000182706270747
2409 0.000283835595949
2410 0.000327892458798
2411 0.000384172868653
2412 0.00028812412001
2413 0.000303076821089
2414 0.000100629425671
2415 0.000335377685877
2416 0.000155671087346
2417 0.00019180338187
2418 0.000255236158696
2419 0.000225096847082
2420 0.00037786752277
2421 0.000249853594427
2422 0.000179519299599
2423 8.93899954944e-05
2424 0.000304327339136
2425 0.000122323472339
2426 0.000193174778854
2427 0.000170031083379
2428 9.30481487081e-05
2429 0.000354878397046
2430 0.000197776400206
2431 0.000276605948572
2432 9.02676253152e-05
2433 0.000129010944493
2434 0.000280029377219
2435 0.000303274473837
2436 0.000160187562375
2437 0.000295399066051
2438 0.000121048520799
2439 0.000242322631973
2440 0.000154830429362
2441 0.00028323979996
2442 7.65046098032e-05
2443 4.54651765259e-05
2444 0.000141631985467
2445 0.000172476073377
2446 0.000231598521889
2447 0.000297656962944
2448 0.000257492371416
2449 0.00029790605213
2450 0.000140181091805
2451 0.000168563190038
2452 0.000340482690463
2453 8.12413810286e-05
2454 0.000127858966517
2455 7.74509857451e-05
2456 0.000167983466056
2457 0.000136782160009
2458 4.18337374624e-05
2459 0.000311752714466
2460 0.000239551465392
2461 0.000312109209931
2462 0.000386091361335
2463 0.000205355297382
2464 0.000384277413836
2465 0.000365560020671
2466 0.000199937770523
2467 0.000124373739143
2468 0.000247132221171
2469 0.000368694073257
2470 0.000254913061653
2471 4.18337374624e-05
2472 0.000400110003175
2473 0.000272424144451
2474 0.000201806613134
2475 0.000229033386746
2476 0.00030720382847
2477 0.000116173692544
2478 0.000219188178156
2479 0.000237902393244
2480 0.000171195498055
2481 0.000151229915128
2482 7.34997134118e-05
2483 0.000299137137774
2484 8.75028616782e-05
2485 0.000241738331674
2486 0.00025927225192
2487 0.000187196882179
2488 0.000171374136679
2489 0.000340997559853
2490 0.000214730869553
2491 0.000150375284757
2492 0.000376740130947
2493 0.000325452632354
2494 6.09012878158e-05
2495 0.00021740426039
2496 0.000271822398535
2497 9.68965520615e-05
2498 0.000230364688836
2499 0.000314817085921
2500 0.000214197014736
2501 0.000329646091617
2502 0.000253164850125
2503 0.000165102303127
2504 0.000156225799418
2505 0.000281360581524
2506 7.55783166496e-05
2507 0.000245220270497
2508 0.000368518902732
2509 0.000308087979123
2510 0.000420597729219
2511 0.000426485339266
2512 0.000425875135667
2513 0.000321764008307
2514 0.000159133715467
2515 8.57115402507e-05
2516 0.000143460827501
2517 0.000281756768746
2518 7.009868192e-05
2519 0.000173785776663
2520 0.000135402692404
2521 0.000306097110092
2522 0.000267558869945
2523 7.929650978e-05
2524 0.000159844565828
2525 6.36894516585e-05
2526 0.00017703451119
2527 0.000380151094645
2528 9.69686562775e-05
2529 0.000119219052988
2530 0.00015701782022
2531 0.000118740012422
2532 0.000122608700166
2533 0.000207990265171
2534 0.000307292624349
2535 0.000174030174613
2536 0.000193782292039
2537 0.000146188071419
2538 0.00030862964974
2539 0.000288880182653
2540 0.000263062037235
2541 0.000252617729551
2542 5.64532086666e-05
2543 0.000371827375054
2544 0.000683446380911
2545 0.000125026995724
2546 7.19874852456e-05
2547 0.000271749639211
2548 0.000184850568955
2549 0.000125284309696
2550 0.000295499769786
2551 0.000313281821442
2552 0.000295642435427
2553 0.000218891094706
2554 0.000322706300978
2555 0.000187422371156
2556 0.000412030960005
2557 0.000250867859261
2558 0.000163371011529
2559 0.000299691106845
2560 0.000303577633158
2561 0.000381061854942
2562 0.000292307990806
2563 0.000146932850262
2564 0.000216050893694
2565 0.000345561620573
2566 8.09734368091e-05
2567 0.000161961829171
2568 0.000350808945202
2569 7.37012626055e-05
2570 4.18337374624e-05
2571 0.000225447573371
2572 0.000133378135023
2573 9.13681763634e-05
2574 0.000284142803493
2575 0.000205097374223
2576 0.000270015900357
2577 0.000121057958828
2578 0.000195251534782
2579 0.000301981092973
2580 0.000224239999729
2581 7.59902793515e-05
2582 0.000165737371681
2583 0.000318374172518
2584 0.000244467087389
2585 8.1594456772e-05
2586 0.000218513756959
2587 0.000339064249634
2588 0.000198961776871
2589 0.000294768009407
2590 0.000260632193735
2591 0.000359454411835
2592 0.00019247471443
2593 0.000381051538775
2594 0.000335603140574
2595 0.000317689035402
2596 8.75028616782e-05
2597 4.18337374624e-05
2598 0.00032859743393
2599 0.000495946684057
2600 7.59666615872e-05
2601 0.00033525647981
2602 0.000346719967941
2603 0.000365883672871
2604 0.000250415320453
2605 0.000363051907713
2606 8.92344742515e-05
2607 0.000159498272469
2608 0.000355590751199
2609 0.000325399574692
2610 0.000168089132008
2611 0.000255986270225
2612 0.000394963635509
2613 0.00016638582491
2614 8.95575566618e-05
2615 0.000187297875756
2616 0.000338389926724
2617 0.000327828835229
2618 0.000356516189779
2619 0.000219700518126
2620 0.000304166236549
2621 0.000285487997033
2622 0.000103564163431
2623 0.000194740412065
2624 0.000251313110532
2625 0.000349918321253
2626 0.000338331886042
2627 0.000198678815994
2628 0.000215710446624
2629 0.000245175869912
2630 0.000389390295327
2631 0.000318055720271
2632 0.000231194987565
2633 0.000102863108837
2634 0.000219541550551
2635 9.92643034188e-05
2636 0.000101315979091
2637 0.000208259087164
2638 0.000179675486544
2639 0.000303840719782
2640 0.000203201812977
2641 0.000287281809252
2642 0.000115864884862
2643 0.000456132338504
2644 0.000311638018981
2645 0.000246786925788
2646 0.000284163231676
2647 0.000262066661787
2648 0.000256181470068
2649 0.000258670504422
2650 0.000377515111372
2651 0.000192721420903
2652 8.61014602791e-05
2653 0.000179335809239
2654 0.000235749714086
2655 0.000279502090829
2656 0.000307604329599
2657 0.000158627992142
2658 0.000275614852961
2659 0.000200273228552
2660 0.000357159400123
2661 0.000206911283247
2662 0.00052241704654
2663 0.000257920631046
2664 0.000206915841343
2665 0.000377356044745
2666 0.000345530838928
2667 0.000279277253855
2668 0.000178045121373
2669 0.000283085117833
2670 0.000434818108852
2671 0.000257916830133
2672 0.000106240308482
2673 0.000232251229656
2674 0.000168836611905
2675 0.000380209157433
2676 0.000275309556321
2677 0.000381594401169
2678 0.000169682979117
2679 0.000114635861428
2680 0.000430491927111
2681 0.000255335351462
2682 0.000225157810692
2683 0.000153140302251
2684 0.000391510128496
2685 0.00018597984556
2686 0.000126270790265
2687 0.000192759796253
2688 0.000147539342558
2689 0.000127487596455
2690 0.000311697522072
2691 0.000255309602144
2692 0.000103081633815
2693 7.07481723396e-05
2694 0.00019422651671
2695 0.000426189867959
2696 8.93388137991e-05
2697 0.000172487819233
2698 0.000156801577993
2699 0.000318706665985
2700 0.000183920187947
2701 0.00015584269513
2702 0.000174131305528
2703 0.000195663076258
2704 0.000243447884675
2705 5.82836474698e-05
2706 0.00015106558367
2707 0.000330431595664
2708 0.000133453494385
2709 0.000209849691904
2710 0.000125731062339
2711 0.000125506741979
2712 0.000255036075738
2713 0.000260545640647
2714 0.000224317694327
2715 5.93097394244e-05
2716 0.000246077170301
2717 0.000575200168783
2718 0.000251495389507
2719 0.000279393569872
2720 0.000547946558447
2721 0.000292352403896
2722 0.000106240308482
2723 5.44022279795e-05
2724 0.000114728673953
2725 0.000530401337185
2726 0.00010416481122
2727 0.000156100246897
2728 0.000130210364573
2729 0.000293115091597
2730 0.000329954320552
2731 0.000630890312561
2732 0.000177103084927
2733 0.000178847478818
2734 0.0001649511376
2735 0.000262334874825
2736 0.000168200966204
2737 7.60242634355e-05
2738 0.000160862132466
2739 0.000429601784226
2740 0.000245304059756
2741 5.82836474698e-05
2742 0.000282816280525
2743 0.00062721629778
2744 0.000256837139894
2745 0.00012914890064
2746 0.000207613464938
2747 9.99926974023e-05
2748 0.000123881151294
2749 0.000443688653121
2750 0.000256441345979
2751 0.00038321318707
2752 0.000241514223532
2753 8.76288191747e-05
2754 0.000301782842747
2755 0.000561528517948
2756 0.000397787562853
2757 0.000232323397549
2758 0.000378532796846
2759 0.000347052704372
2760 0.000167202142799
2761 0.00013648808742
2762 0.000170104359803
2763 0.000176913138074
2764 0.000317159345762
2765 0.000241306955355
2766 0.000268515096028
2767 0.000113158711701
2768 0.000101918706678
2769 0.000217292202168
2770 0.000117765222379
2771 0.000228924732538
2772 0.000161051618126
2773 0.000264435165222
2774 0.000275142108261
2775 0.000159749897669
2776 0.000213987559667
2777 0.000135479496497
2778 0.00038097032756
2779 0.000525927462499
2780 0.000165560478814
2781 0.000386418431901
2782 0.000409529824873
2783 0.00044345934311
2784 0.000236455191172
2785 0.000231155429719
2786 0.000295694095305
2787 0.000470817100016
2788 0.000329083475115
2789 6.59695084491e-05
2790 0.000176140988226
2791 9.83704438346e-05
2792 0.000133335190889
2793 0.000103081633815
2794 0.000559649512035
2795 0.000127019705762
2796 0.000205550959568
2797 0.000330432168415
2798 0.000182396188665
2799 5.4009493123e-05
2800 0.000166591173129
2801 0.000372612070578
2802 0.000106515715563
2803 9.27754678822e-05
2804 0.000193137343737
2805 9.12662200462e-05
2806 0.000134753981943
2807 0.000278327214224
2808 0.0001820603957
2809 7.14587630928e-05
2810 0.000165881608654
2811 0.000299725020472
2812 8.18427976816e-05
2813 0.000207819078327
2814 0.000246940759087
2815 5.88181785387e-05
2816 0.000268079252199
2817 0.000109644210834
2818 0.000135895900538
2819 0.000157704821621
2820 0.000188033183935
2821 0.000153760936114
2822 0.000114501267111
2823 0.000156494772935
2824 0.000234310969859
2825 0.000106240308482
2826 0.000171451114244
2827 0.000119879399279
2828 0.000343522410759
2829 0.000419980944679
2830 0.000228617331821
2831 0.000172383179812
2832 0.000161272474
2833 0.000230756308786
2834 0.000446269347317
2835 0.000132411673586
2836 0.000218687667054
2837 0.000274963756483
2838 0.000136277256012
2839 9.27643703516e-05
2840 0.000621877091881
2841 0.000228164754584
2842 0.000266616573095
2843 4.41923690466e-05
2844 0.000236540701611
2845 0.000222373268213
2846 0.000186525118538
2847 0.000194762865986
2848 0.000122037554481
2849 0.000185224936665
2850 0.000419378389395
2851 0.00016830957411
2852 0.000184308874827
2853 8.34806489123e-05
2854 0.00033798470485
2855 0.000213200762344
2856 5.99539787881e-05
2857 0.000165173897416
2858 6.20525389665e-05
2859 0.000168531329063
2860 0.000160999635693
2861 5.684430554e-05
2862 0.000226754377813
2863 0.000331623632321
2864 0.000639305228311
2865 0.000347363786342
2866 0.000324301415957
2867 0.000360760283001
2868 0.000386251290472
2869 0.000177938349122
2870 0.000405409322223
2871 0.000190169497041
2872 0.000296225195179
2873 0.000342880552727
2874 0.000346772699204
2875 0.000240560646063
2876 0.000311789925719
2877 0.000123287492677
2878 0.000490005245804
2879 0.000108939614705
2880 0.000218651320431
2881 0.00030982204611
2882 0.000307345682379
2883 0.000108071972135
2884 0.000140754909297
2885 8.10077559227e-05
2886 9.01849151285e-05
2887 0.000166078671281
2888 0.000214375082888
2889 0.000133726347986
2890 0.000249378736675
2891 0.000420671542097
2892 0.000134851390471
2893 0.000222653172519
2894 0.000112963612764
2895 0.000351838772864
2896 9.95472844655e-05
2897 0.000251143644113
2898 0.000256874478201
2899 9.96262748494e-05
2900 8.28026971893e-05
2901 0.000110245846724
2902 0.000460757976575
2903 0.000159017797143
2904 0.000105654618352
2905 0.000449956689436
2906 0.000339825766155
2907 0.000412145466379
2908 0.000176756502123
2909 0.000146109871156
2910 0.000368555229064
2911 0.000373966875262
2912 0.000316453785257
2913 0.000283783607387
2914 0.000355425406655
2915 0.000268788438429
2916 0.00044168541948
2917 0.000400793536629
2918 0.000112289396315
2919 0.000173540305221
2920 0.000330394990304
2921 0.000347648638503
2922 0.000285243231502
2923 7.10445721033e-05
2924 0.000153487279904
2925 0.000209067962562
2926 0.000365895827354
2927 0.000142996321033
2928 0.000424082781711
2929 0.000405858885205
2930 0.00024178676915
2931 0.000178847478818
2932 0.000267065014471
2933 0.000294541277447
2934 0.000178985328289
2935 0.00018858198495
2936 0.000155896898594
2937 0.000362834840268
2938 0.000358481426332
2939 0.000169269087708
2940 0.00037860464634
2941 0.00029855914766
2942 0.000124237636538
2943 0.000100016841021
2944 0.000380828203045
2945 0.000493357233744
2946 0.000264892922059
2947 0.000342245653001
2948 0.000149554972569
2949 0.00014025734135
2950 0.000278176629326
2951 0.000307889994063
2952 0.000684007079441
2953 6.16493653403e-05
2954 0.000181032590599
2955 0.000135701156487
2956 0.000332580819587
2957 0.00043704916515
2958 0.000146148397393
2959 0.000291120185965
2960 0.000232829564975
2961 0.000417790107598
2962 0.000103617082277
2963 0.000209789391445
2964 5.9961048213e-05
2965 0.000169059061988
2966 0.000140839939498
2967 0.000495332788777
2968 0.000143064234649
2969 0.000137668837523
2970 0.000328828080392
2971 0.000246428490191
2972 6.85981073144e-05
2973 0.000231580881215
2974 0.000401672151517
2975 0.000276922054452
2976 7.01283021826e-05
2977 0.000261162441108
2978 0.000179354452744
2979 0.000216186552616
2980 0.000175810490084
2981 7.00452545572e-05
2982 0.000146216018852
2983 0.000206596833985
2984 0.0002279514557
2985 0.000180351486482
2986 0.000275987520667
2987 0.000445646320319
2988 0.000155827631745
2989 0.000304316696438
2990 0.000342589976846
2991 0.000119673346471
2992 0.000326706511533
2993 0.000406748032557
2994 0.00027425026522
2995 0.000310922684317
2996 0.000130594161665
2997 0.000277242864085
2998 0.000179162476216
2999 5.76216938095e-05
3000 0.000314910740435
3001 0.000415903622731
3002 0.000291664729338
3003 0.000493946681458
3004 9.27643703516e-05
3005 0.000257421480135
3006 0.000307808567697
3007 4.94038935878e-05
3008 0.000174682841611
3009 0.000218359498938
3010 0.000148531366815
3011 0.000232303823872
3012 0.000308847479151
3013 0.000154392405595
3014 0.000179264419241
3015 0.000218315391885
3016 0.00010253857879
3017 0.000205167050402
3018 0.000431820854695
3019 0.000228991573859
3020 0.000503432379334
3021 0.000345902126539
3022 0.000277286188396
3023 0.000362480480728
3024 0.000195808355436
3025 0.000127149798319
3026 0.000293376207229
3027 0.000461959561053
3028 0.000437334141143
3029 0.000174308737349
3030 0.000255201941899
3031 9.01788887958e-05
3032 4.41923690466e-05
3033 0.00018510532463
3034 0.000400910654005
3035 0.000300864973543
3036 0.000510199845438
3037 0.000224926093166
3038 0.000103081633815
3039 0.000522406513166
3040 0.000150891133738
3041 0.000237355233715
3042 0.000192043232627
3043 0.000146812013453
3044 0.000148261498575
3045 7.15146689709e-05
3046 0.000117476630756
3047 0.000247774662783
3048 0.000237043425769
3049 0.000142803284952
3050 0.000434476238111
3051 0.000145588619164
3052 0.000578969991795
3053 0.000265209666786
3054 0.00020238758205
3055 0.000387523420861
3056 0.000159749897669
3057 0.000360179148354
3058 0.000183755623712
3059 0.00012230567221
3060 8.04636981706e-05
3061 0.000444562946542
3062 0.000157592445974
3063 0.0002552334071
3064 0.000152243562903
3065 0.000294492732022
3066 0.000252810384098
3067 0.000205020059741
3068 0.000127702106468
3069 0.000147033130925
3070 0.000146228572208
3071 0.0003402064957
3072 4.41923690466e-05
3073 0.000386612928376
3074 0.000300518555673
3075 0.000159749897669
3076 0.000184292237053
3077 0.000496767159347
3078 0.000466846396256
3079 0.000455679718161
3080 0.000246985829177
3081 0.000211155091212
3082 0.000235152630232
3083 0.000634465085426
3084 0.000155718913402
3085 0.000413350136844
3086 0.000252342518629
3087 0.000289627570469
3088 0.000374491006975
3089 0.00010004686066
3090 0.000322512543563
3091 0.000543265040736
3092 0.000106240308482
3093 9.01189078934e-05
3094 0.000135591084569
3095 7.37215385803e-05
3096 0.00013909107338
3097 0.000344130048754
3098 0.00029324256346
3099 0.000302509198879
3100 0.000111825385081
3101 0.000245192223062
3102 0.000679415740085
3103 0.000271102336449
3104 0.000173718947751
3105 0.000416927541991
3106 0.000229947738642
3107 0.00034397831352
3108 0.000366987262211
3109 0.000288635445217
3110 0.000139354231167
3111 0.000148655286271
3112 0.000330505093755
3113 0.000100707399314
3114 0.000387362944198
3115 0.000266444740548
3116 0.000348069831219
3117 0.000566347637651
3118 0.00034505570258
3119 0.000299017476071
3120 0.000341919598578
3121 0.000376204728781
3122 8.75047490815e-05
3123 0.000184494425149
3124 0.000193185992295
3125 0.000227329390304
3126 5.14362334421e-05
3127 0.000141039229049
3128 0.000159749897669
3129 0.000162707451331
3130 0.000192746588497
3131 0.000127302518254
3132 0.000178847478818
3133 0.000442333842876
3134 0.000104932027291
3135 5.127928202e-05
3136 0.000190782856909
3137 0.00045555856257
3138 0.000295543627549
3139 0.000175451626054
3140 0.000186574869071
3141 0.000458777722982
3142 0.000225422723221
3143 0.000264330353615
3144 6.65537285073e-05
3145 0.000146661805421
3146 0.00039582945976
3147 0.00034211387731
3148 0.000135895900538
3149 0.000209672805668
3150 0.00030759680148
3151 0.000511210139893
3152 0.000126012089854
3153 0.00049267436733
3154 0.000117680074807
3155 0.000586015682729
3156 0.000162892346841
3157 0.000130636510818
3158 0.000146362213532
3159 0.000265150145386
3160 9.20630054527e-05
3161 0.000199364797344
3162 8.09391860313e-05
3163 0.000425293916323
3164 0.000133857514445
3165 0.000120469846434
3166 9.29349755356e-05
3167 0.000206173403861
3168 0.00015343233407
3169 0.000359745401948
3170 0.00033081991634
3171 0.000166605977969
3172 0.000167841336743
3173 0.000414901365799
3174 0.000163888820578
3175 0.000336820139063
3176 7.37981013521e-05
3177 0.000228431631543
3178 0.000306371989813
3179 0.00021751390703
3180 0.000394692818847
3181 0.000178847478818
3182 0.000178847478818
3183 0.000391759769231
3184 4.41923690466e-05
3185 0.00030384267844
3186 0.000483235417999
3187 0.000187955063134
3188 0.000288294092292
3189 0.000318794058788
3190 0.000156873092502
3191 0.000127154641604
3192 0.000273449859059
3193 0.000125992867619
3194 0.000165009757902
3195 0.000136989972539
3196 0.000333656609078
3197 0.000311022233828
3198 9.27783478918e-05
3199 0.000513700740558
3200 0.000156559590883
3201 0.000228449517261
3202 0.000500057077937
3203 8.65654888422e-05
3204 0.000227432991896
3205 0.000285689524941
3206 0.000152695230184
3207 0.000286225274355
3208 0.000310111444652
3209 0.00014275249112
3210 0.000171847383082
3211 0.000127299329494
3212 0.00020783830182
3213 0.000231631273658
3214 0.000202180743639
3215 0.000457601428416
3216 0.000188276300156
3217 0.000144093476575
3218 7.79578475126e-05
3219 0.000184494425149
3220 0.000285881740505
3221 0.000263895925552
3222 0.000229311438106
3223 0.00016535532374
3224 0.000189555618569
3225 0.000327484923681
3226 0.000199479520807
3227 0.000360110007877
3228 7.84162231807e-05
3229 0.000188401425681
3230 0.00013581943363
3231 4.41923690466e-05
3232 0.000228462992998
3233 0.000476301051898
3234 0.000467934465139
3235 0.00019229304694
3236 8.15015103968e-05
3237 0.000176407926458
3238 0.000174142087678
3239 0.000205339742731
3240 0.000336140088004
3241 0.000387829787425
3242 0.000168571995223
3243 0.000142857939265
3244 0.000151123861481
3245 0.000143545204891
3246 0.000146699568619
3247 0.000137891580131
3248 0.000378456626292
3249 0.000278052718774
3250 0.000128835411785
3251 0.000173322460868
3252 0.000195830358161
3253 0.000461156645625
3254 0.000357262695025
3255 0.000119209350407
3256 0.000254471631517
3257 0.000507094982327
3258 0.000223079204209
3259 0.00030230760703
3260 0.000237436088072
3261 0.000205117989793
3262 0.000329943997828
3263 0.000165442922132
3264 0.000479809978917
3265 0.000252065980619
3266 0.000283450146551
3267 0.000107821359366
3268 0.000410967330065
3269 7.70135976292e-05
3270 0.00011056812432
3271 7.70442406771e-05
3272 0.000127101272547
3273 0.000290390495078
3274 0.000215155473799
3275 0.000406304602568
3276 0.000251876422126
3277 0.000167909288358
3278 0.000385272732793
3279 0.000187713951082
3280 0.000214680049241
3281 0.000625771835353
3282 0.000104567682576
3283 5.05582221268e-05
3284 0.000219635807728
3285 0.000318432366783
3286 0.000222762448946
3287 0.000146912118752
3288 0.000309168276092
3289 0.000303047725155
3290 0.00015897066335
3291 0.000100863415174
3292 0.000669955030658
3293 0.000120353886995
3294 0.000292404512912
3295 0.000153349245272
3296 0.000356737127174
3297 0.000258351655613
3298 0.000344086018028
3299 0.000282217943321
3300 0.000388128488877
3301 0.000178002757576
3302 0.000208718995723
3303 0.000467204828876
3304 0.000229956553568
3305 0.000198348832842
3306 7.45501459104e-05
3307 0.000164114754146
3308 0.000167710061488
3309 0.000117120255775
3310 0.000235955314573
3311 8.8617985248e-05
3312 0.00015961120446
3313 0.000154091822471
3314 0.000230655591824
3315 0.000220647226812
3316 0.000106738161733
3317 0.000229313032013
3318 8.56780376732e-05
3319 0.000265577761459
3320 0.000190754915278
3321 0.000631997197027
3322 0.000410804042262
3323 0.000141039229049
3324 7.95418016507e-05
3325 0.000437553178277
3326 0.000252059203053
3327 0.000140259878869
3328 0.000399628789482
3329 0.000163314197293
3330 0.000171345487193
3331 0.000516617573649
3332 0.000282313716372
3333 0.000351176385359
3334 8.43600953473e-05
3335 9.816430404e-05
3336 0.000388269667522
3337 0.000127210921119
3338 0.000186020528811
3339 0.000129749593446
3340 0.000334611088097
3341 0.000151192956585
3342 0.000240427441528
3343 0.00044045689121
3344 0.000142501625653
3345 0.000416398386925
3346 0.000390922289432
3347 0.000271509867838
3348 0.00042509544165
3349 0.000378599629682
3350 0.000120456074486
3351 0.000461288872048
3352 0.000453467673416
3353 0.000111808281311
3354 0.000392174442762
3355 0.000184494425149
3356 0.000307905277386
3357 0.000171688409967
3358 0.000127640628279
3359 0.000110402731914
3360 0.000154439630416
3361 0.000447541222195
3362 0.000152276552879
3363 0.000362165265344
3364 0.000598293323976
3365 0.000242732212219
3366 0.000362094158601
3367 0.000440691826305
3368 9.8245135246e-05
3369 0.000128766502107
3370 0.000335056493759
3371 7.66579225926e-05
3372 0.000139588080653
3373 0.000159017797143
3374 0.000151690085295
3375 0.000164777158961
3376 5.95099046139e-05
3377 0.000122588586133
3378 0.00020057043429
3379 0.000348491519339
3380 0.000191685366542
3381 0.000162651513999
3382 0.000300390957037
3383 0.000230827729172
3384 0.000167261083688
3385 0.000241788095124
3386 0.000386706437736
3387 0.000313402754822
3388 0.000434846177037
3389 9.73219789563e-05
3390 9.53584549679e-05
3391 0.000159009003462
3392 0.0002948245875
3393 0.000161907515307
3394 0.000158890362297
3395 0.000217739884954
3396 0.000275066451298
3397 0.000442307008414
3398 0.000639963784362
3399 0.00010763821327
3400 0.000187037736312
3401 0.000205636261239
3402 0.000122588586133
3403 0.000173537116248
3404 0.000336796700115
3405 0.000153723258338
3406 0.000150353963525
3407 0.000416675352726
3408 7.70135976292e-05
3409 5.14240249497e-05
3410 0.000143457085637
3411 0.00014739908727
3412 0.000377400917729
3413 0.000339827127642
3414 5.9068657247e-05
3415 0.000121398955133
3416 0.000219966174921
3417 0.00029843321397
3418 0.000408084813312
3419 0.000103081247106
3420 0.000353587939288
3421 0.000197503532533
3422 0.000157484774876
3423 0.000252864326444
3424 0.000218808643932
3425 9.39693855874e-05
3426 0.000136445325778
3427 0.000545300600554
3428 0.000129749593446
3429 9.70151348791e-05
3430 7.52065789656e-05
3431 0.000151596240959
3432 0.000191995164879
3433 9.12850780398e-05
3434 0.000308924246047
3435 0.000572948363567
3436 0.000244943473519
3437 7.20648204465e-05
3438 0.0076173441878
3439 0.000247079878425
3440 0.000210100436366
3441 0.000270408311006
3442 0.000135974253506
3443 0.000560680745833
3444 0.000281793369233
3445 0.000125096999685
3446 0.000129107098379
3447 0.000229002274834
3448 0.000142028992537
3449 0.000426348719122
3450 0.000419426686237
3451 0.000184045354474
3452 4.89967784031e-05
3453 0.000171860460574
3454 4.89967784031e-05
3455 0.000196453279771
3456 0.000452364037671
3457 0.00046911165783
3458 9.45704583395e-05
3459 0.000233704114513
3460 0.000208962394611
3461 0.000334585075007
3462 0.000109876095481
3463 0.00020464181558
3464 0.000275161112485
3465 0.000377567389053
3466 0.000252813046528
3467 0.000323424130137
3468 6.89947727782e-05
3469 0.000344756814817
3470 0.000337891600229
3471 0.000212245626194
3472 0.000249849788949
3473 0.000206175954398
3474 0.000268382825907
3475 0.0002289390477
3476 0.000306430885365
3477 0.000237555438798
3478 0.000117958202284
3479 0.000257542436472
3480 0.000232424011466
3481 0.000255379791055
3482 0.000218956566637
3483 0.00018891035386
3484 0.00018825749111
3485 0.000170591093152
3486 0.000196689547634
3487 0.000331372488022
3488 0.000187234017147
3489 0.000419213831604
3490 0.000116418529716
3491 0.000304096822216
3492 0.000230455142203
3493 0.000122562210676
3494 0.000224044543467
3495 8.40899695217e-05
3496 0.000551289982093
3497 0.000250959384256
3498 0.000237770638304
3499 0.00022346797593
3500 0.000271185873977
3501 0.000294971356361
3502 0.000458097048047
3503 0.000161838491184
3504 0.000164523306175
3505 0.000157871042541
3506 0.000325100248658
3507 0.000530648440014
3508 0.000140907447461
3509 0.000326389111589
3510 0.000249751137437
3511 0.000249633799106
3512 0.000300029820941
3513 0.000156880895086
3514 0.000148351166483
3515 0.000370870561311
3516 0.00015946859177
3517 0.000218698802262
3518 0.000188107612859
3519 0.000295724341701
3520 0.000262891022776
3521 0.000132822685443
3522 0.000662907623611
3523 0.000137430686036
3524 0.000218956566637
3525 0.000207022680099
3526 0.000362900798238
3527 0.000353578604112
3528 0.000221746026485
3529 0.000329472353675
3530 0.000406742545
3531 0.00016569314515
3532 0.000191224148843
3533 0.000208338233852
3534 0.000188694218075
3535 0.00028272902135
3536 0.000249712553052
3537 0.000249014283546
3538 0.000101552395533
3539 0.00031732408236
3540 0.00017489491792
3541 0.000330095858018
3542 0.000197360585077
3543 0.000315849434561
3544 0.000125468997979
3545 0.000117065156901
3546 0.000727984359725
3547 0.00033558911765
3548 0.00018470882657
3549 0.00013791217523
3550 0.00030250689482
3551 0.000218977439525
3552 0.000172956801199
3553 0.000102220267336
3554 0.000404502467726
3555 0.000262312172784
3556 0.000255872508858
3557 0.000170149804884
3558 0.000285228820803
3559 0.000417296008766
3560 0.000272684945281
3561 8.14021726219e-05
3562 0.000202012856041
3563 0.000232424011466
3564 0.000187777174641
3565 0.000232710283456
3566 9.22067461874e-05
3567 0.000167323303571
3568 0.000225058730849
3569 0.000409141345605
3570 0.000287712427959
3571 4.89967784031e-05
3572 0.000274029056445
3573 0.000115746743603
3574 0.000229891137102
3575 0.000163465180324
3576 6.92025597371e-05
3577 0.000388693028368
3578 0.000474959466139
3579 0.000229995948257
3580 0.000252813046528
3581 0.000197837128764
3582 0.000195280883587
3583 7.10313031001e-05
3584 0.000159548837042
3585 0.000554279154317
3586 0.000175436670796
3587 0.000438215033787
3588 0.000257183702954
3589 8.3743342517e-05
3590 6.27554944976e-05
3591 0.000317792006696
3592 0.000221317640104
3593 0.000209856924693
3594 0.000508901563305
3595 0.000191542586581
3596 0.000225358818275
3597 0.000766506896303
3598 6.9302787386e-05
3599 0.00016466724099
3600 0.000388460084256
3601 0.000121279784146
3602 0.000256070705068
3603 0.000217776003192
3604 0.000113219883018
3605 0.000699065021937
3606 0.000344021002666
3607 0.000127737105655
3608 0.000133316631231
3609 0.000241131698851
3610 0.000264820865895
3611 0.000248094189141
3612 0.000506790559836
3613 0.000270077593175
3614 0.000232424011466
3615 0.000149276774496
3616 0.000254922604372
3617 0.00026748414567
3618 0.00040593713549
3619 0.000203558314763
3620 8.70903417008e-05
3621 0.000195484039597
3622 0.000161921891965
3623 0.000171608158332
3624 0.000229606292839
3625 0.000289733183984
3626 0.000367226443338
3627 0.000155643409174
3628 0.00019291291371
3629 0.000337180134086
3630 0.000438772335855
3631 0.000173651257091
3632 0.00013790457231
3633 0.000129616310109
3634 0.000596008535423
3635 0.000269800665905
3636 0.000265567105605
3637 0.00030092921303
3638 0.000107485380305
3639 0.00024412155021
3640 0.000190984557323
3641 0.000381467315113
3642 0.000162130898224
3643 0.000237478541348
3644 0.000276242011414
3645 0.000189399386817
3646 0.000230894017886
3647 0.000205781400987
3648 0.000179585390084
3649 0.000263186353799
3650 0.000232424011466
3651 4.89967784031e-05
3652 0.000310524604033
3653 0.000142227343248
3654 0.000104348199522
3655 0.000142455906063
3656 0.000229537388178
3657 0.000226194600551
3658 0.00021226340168
3659 0.000171498597786
3660 0.000163871909365
3661 0.000113380734299
3662 0.000115723613348
3663 0.000345732533275
3664 0.0001876225037
3665 0.000176444510744
3666 0.000129015930473
3667 0.000129811633301
3668 0.000237173978684
3669 0.000152323251026
3670 0.000147770395176
3671 0.000226590740798
3672 0.000144879666782
3673 0.000467167605836
3674 9.07331062575e-05
3675 0.000380535731286
3676 0.000225676673258
3677 0.000116418529716
3678 0.000505193506325
3679 9.89996144351e-05
3680 0.000282288252037
3681 0.00049467236389
3682 0.000121231346642
3683 0.000196872634649
3684 0.000184024883515
3685 0.000629268601678
3686 0.000206211405653
3687 7.35888110522e-05
3688 0.000300129122173
3689 6.0108204155e-05
3690 7.0084391745e-05
3691 0.000358620003366
3692 8.14021726219e-05
3693 0.000355659705203
3694 0.000292717008965
3695 0.000103132282
3696 0.000232424011466
3697 0.000231579300688
3698 0.000217040771733
3699 0.000243000087267
3700 8.81049862183e-05
3701 0.000147770395176
3702 0.000248190438056
3703 0.000347575133273
3704 0.000173734441751
3705 5.8446947408e-05
3706 0.000437917987857
3707 0.000286702942347
3708 0.000237746660899
3709 0.000238617168453
3710 4.89967784031e-05
3711 0.000312293707084
3712 0.000326283304759
3713 0.00010520807809
3714 0.000308449976006
3715 0.000294680575953
3716 0.000182922080367
3717 0.000163780791785
3718 8.14021726219e-05
3719 0.000299452023369
3720 0.000277739152051
3721 0.000222900015385
3722 0.00030294579139
3723 0.000392071571924
3724 0.000155513870391
3725 0.000108616174432
3726 0.000298097373298
3727 0.000198780303235
3728 0.000147656094917
3729 0.000334501645683
3730 4.89967784031e-05
3731 0.00026467551146
3732 0.000367364749821
3733 6.30952802406e-05
3734 8.77405911998e-05
3735 0.000448602387589
3736 0.000203760124025
3737 0.000140075949955
3738 0.000364801579783
3739 0.000365250286655
3740 0.000240197327966
3741 0.000329951521161
3742 0.000188458574965
3743 0.000130495972696
3744 0.000298097373298
3745 8.14021726219e-05
3746 0.000146878197559
3747 8.53655233499e-05
3748 0.00031680528043
3749 4.89967784031e-05
3750 0.000146915088011
3751 0.000297767477257
3752 0.000153121705096
3753 0.000249163807952
3754 0.000302896787371
3755 0.000127014195007
3756 0.00011013315762
3757 0.000588068836761
3758 0.000268626946778
3759 0.000495475789572
3760 0.000294149798673
3761 0.000200646669056
3762 0.00025880309896
3763 0.00017886210366
3764 0.000168164465937
3765 0.000353602521928
3766 7.51568117567e-05
3767 0.000164142375608
3768 0.000148158452191
3769 0.000278481904827
3770 0.000177630446646
3771 0.00014680013754
3772 0.000146057893633
3773 0.000131357050156
3774 0.000186651396052
3775 0.000287610945868
3776 0.000167103018236
3777 0.000281116068446
3778 0.00014283353119
3779 0.000180921785261
3780 0.000245960550787
3781 0.000187796000839
3782 9.35006114277e-05
3783 0.000376647450772
3784 0.000203242917359
3785 0.00015640590116
3786 0.000196185682302
3787 0.000247240908388
3788 0.000129106017395
3789 0.000128904494069
3790 0.000198895581274
3791 0.000406617416838
3792 0.000317086025474
3793 0.000194410242042
3794 0.000537305704277
3795 0.00038429381687
3796 8.76480347662e-05
3797 0.000137362581454
3798 0.000415924092002
3799 4.89967784031e-05
3800 0.000287320999069
3801 0.000437949663932
3802 9.13076605394e-05
3803 0.000211530509054
3804 0.000267289638492
3805 0.000439799664511
3806 9.42295360541e-05
3807 0.000144500751422
3808 7.0273286969e-05
3809 6.89407424913e-05
3810 0.000253442871707
3811 0.000389647714528
3812 8.56709489954e-05
3813 0.000154555157755
3814 0.000147770395176
3815 0.000174053352758
3816 0.000192688311782
3817 7.71722991595e-05
3818 0.000146192857724
3819 0.000178053038574
3820 0.000212827577139
3821 4.89967784031e-05
3822 0.000329616334838
3823 0.000332370131127
3824 0.000211978015681
3825 0.000442534447922
3826 0.000378053899652
3827 0.0003552044865
3828 0.000130038421279
3829 0.000267018700955
3830 0.000434308348649
3831 0.00118489809541
3832 0.000266073550633
3833 0.000140825647744
3834 0.000350762047088
3835 0.000112247422541
3836 0.000308600191724
3837 0.000338704429436
3838 0.000265088024312
3839 0.00054730692573
3840 9.94855236947e-05
3841 0.000170116593246
3842 0.000319575240141
3843 0.000397024271858
3844 0.000123797192605
3845 0.000124827634108
3846 0.00020100124965
3847 8.53655233499e-05
3848 0.000223171782919
3849 0.000141061735988
3850 0.000125096999685
3851 0.000258396754873
3852 0.000532626877086
3853 0.000219837477723
3854 4.89967784031e-05
3855 6.39888092919e-05
3856 0.000193750522834
3857 4.89967784031e-05
3858 0.000183614139428
3859 0.000295173607288
3860 0.000106909584591
3861 0.000334424063352
3862 0.000281134313235
3863 0.000241704276582
3864 0.000229292180316
3865 0.000147770395176
3866 7.99859508088e-05
3867 0.000234775731494
3868 0.000315194766978
3869 0.000282892658617
3870 0.000359422761685
3871 0.00030185136046
3872 0.000142528575475
3873 0.000193885328152
3874 0.000354955363227
3875 0.000225012173812
3876 7.03079225931e-05
3877 0.000132999999275
3878 0.000495901736528
3879 0.000148222488115
3880 6.39888092919e-05
3881 0.000152194935662
3882 0.000227263778943
3883 8.34453116826e-05
3884 0.000232424011466
3885 0.000311145282038
3886 7.48933346803e-05
3887 0.00028798923748
3888 0.000125157574565
3889 0.000166034872851
3890 0.000158957488168
3891 9.54403796415e-05
3892 0.00026755770345
3893 0.000211129788944
3894 0.000110037314324
3895 0.00020151380462
3896 0.000186204953796
3897 0.000244906418762
3898 9.58591790463e-05
3899 0.000249618536142
3900 0.000129896593867
3901 0.000372875846834
3902 0.000152021731845
3903 0.000391437592943
3904 0.000217725810365
3905 0.000142843767924
3906 0.000176780601192
3907 0.000478366699813
3908 0.000313637560358
3909 0.000129954808513
3910 0.000256107906084
3911 8.98538245186e-05
3912 0.000147770395176
3913 0.000238858467548
3914 0.000182341314902
3915 0.000126336734531
3916 0.00026862162893
3917 0.000131936754441
3918 0.000240507436452
3919 0.00054360619893
3920 0.000190984557323
3921 0.000243135095515
3922 0.000368413698704
3923 6.83579512887e-05
3924 0.000169259683138
3925 0.000438400315366
3926 0.000116243425883
3927 0.000392128949159
3928 0.000319417686625
3929 6.51858910285e-05
3930 0.00017574533277
3931 0.000465489413688
3932 0.000286502804328
3933 0.000185165321438
3934 0.000325275173024
3935 0.000126709811911
3936 4.89967784031e-05
3937 0.0001035193173
3938 0.000186127473604
3939 0.00072715046762
3940 0.000106647268846
3941 0.000135111300499
3942 0.000117603870994
3943 6.1272901379e-05
3944 0.000239244692728
3945 0.000153145441892
3946 0.000402526643843
3947 9.35006114277e-05
3948 0.000356083817099
3949 0.000553622667144
3950 0.000262559370421
3951 0.000233791153177
3952 0.000379826668342
3953 0.000106770510808
3954 9.35638792573e-05
3955 0.000111258846228
3956 7.04934589557e-05
3957 0.000304366789392
3958 0.000278243146387
3959 0.000134692051004
3960 5.97283207791e-05
3961 0.000255681021384
3962 0.000140313732893
3963 0.000367304000645
3964 0.000148083287003
3965 0.00022675104937
3966 9.00480810183e-05
3967 0.000426820731323
3968 0.000240668884887
3969 0.000435611047108
3970 0.0002802768868
3971 0.000106877215334
3972 0.000442001912701
3973 0.000227494582671
3974 0.000116869979031
3975 4.89967784031e-05
3976 0.000238959339314
3977 0.000182938278268
3978 0.000103055975822
3979 7.91820074465e-05
3980 0.000193196402845
3981 0.00217029816634
3982 0.000250936334536
3983 0.000416261986843
3984 9.7070832754e-05
3985 6.8372484697e-05
3986 0.000205444370374
3987 0.000289100098263
3988 0.000119229141804
3989 0.000229492718044
3990 0.000214974450898
3991 0.000190595543054
3992 0.00012656382777
3993 0.000125338357383
3994 0.000204311854815
3995 0.000337363879466
3996 0.000287751979536
3997 0.000168820329079
3998 0.00032812649786
3999 0.000433728621146
4000 0.000177661862247
4001 0.000299620497767
4002 0.000119229141804
4003 0.000245107400249
4004 0.000169616449277
4005 0.0003177754508
4006 0.000132422713093
4007 0.000101024158323
4008 0.000190595543054
4009 6.8372484697e-05
4010 0.000303592463882
4011 6.8372484697e-05
4012 0.000148053991948
4013 0.000119229141804
4014 0.000207076155807
4015 0.00036790927844
4016 6.8372484697e-05
4017 0.000190595543054
4018 0.000304273799338
4019 0.000222954031353
4020 0.000249937645046
4021 0.00027004479798
4022 0.00033484602792
4023 6.8372484697e-05
4024 0.000539812003358
4025 6.8372484697e-05
4026 0.000190595543054
4027 0.000282221615741
4028 0.000269121866742
4029 0.000104216630267
4030 0.000119229141804
4031 0.000554143025056
4032 0.000358723526873
4033 0.000101024158323
4034 0.000123934852999
4035 9.38268925116e-05
4036 6.8372484697e-05
4037 0.000106113766239
4038 0.00014840517378
4039 0.00029591392814
